1995-01-17T01:00:00,0.77,1.08,0.12,1.34,0.32,-0.17,1.59,-0.43,-0.13,0,0,-29.00
1995-01-17T02:00:00,0.7,0.92,-0.57,1.31,0.12,-0.7,1.22,-0.47,-0.15,1,0,-29.00
1995-01-17T03:00:00,0.9,0.97,-0.26,1.34,0.18,-0.43,1.27,-0.44,-0.14,1,0,-29.00
1995-01-17T04:00:00,0.64,0.66,-0.88,1.17,-0.34,-0.94,1.38,-0.46,-0.15,1,0,-28.00
1995-01-17T05:00:00,0.45,-0.14,-1.18,1.03,-0.58,-0.29,1.37,-0.5,-0.16,1,0,-30.00
1995-01-17T06:00:00,0.26,-0.76,-0.48,0.93,-0.05,0.47,2.85,-0.43,-0.03,1,0,-31.00
1995-01-17T07:00:00,0.46,-0.83,-0.82,0.91,-0.24,0.82,3.12,-0.41,-0.09,1,0,-37.00
1995-01-17T08:00:00,0.46,0.17,-1.51,0.95,-0.07,-0.18,1.41,-0.52,-0.18,1,0,-40.00
1995-01-17T09:00:00,0.78,0.18,-1.43,1.03,-0.09,-0.21,1.61,-0.52,-0.17,1,0,-37.00
1995-01-17T10:00:00,1.18,0.31,-0.9,1.1,0.24,0.31,2.33,-0.51,-0.16,1,0,-44.00
1995-01-17T11:00:00,0.95,-1.3,-0.32,1.01,-0.16,0.66,2.89,-0.46,-0.14,1,0,-47.00
1995-01-17T12:00:00,0.92,-1.12,-0.59,1.05,-0.22,0.5,2.75,-0.44,-0.13,1,0,-54.00
1995-01-17T13:00:00,0.95,-1.25,-0.53,1.04,-0.36,0.45,2.48,-0.46,-0.15,1,0,-51.00
1995-01-17T14:00:00,1.66,-1.1,0.03,1.15,-0.39,0.71,2.49,-0.45,-0.15,1,0,-47.00
1995-01-17T15:00:00,1.48,-0.9,-1.12,1.04,-0.49,-0.08,2.3,-0.53,-0.18,1,0,-48.00
1995-01-17T16:00:00,1.06,-1.13,-1.41,0.97,-0.71,-0.25,2.33,-0.53,-0.18,1,0,-46.00
1995-01-17T17:00:00,1.85,-0.75,-0.99,1.13,-0.54,0.09,2.56,-0.54,-0.18,1,0,-43.00
1995-01-17T18:00:00,1.85,-0.52,-1.22,1.15,-0.52,-0.15,2.19,-0.54,-0.18,1,0,-49.00
1995-01-17T19:00:00,1.5,-0.53,-1.47,1.07,-0.62,-0.22,3.42,-0.5,-0.17,1,0,-63.00
1995-01-17T20:00:00,0.04,-1.09,-1.7,0.86,-0.91,-0.25,4.6,-0.46,-0.15,1,0,-73.00
1995-01-17T21:00:00,0.62,-0.98,-1.56,0.88,-0.96,-0.22,4.72,-0.42,-0.14,1,0,-74.00
1995-01-17T22:00:00,1.09,-1.6,-1.37,0.95,-1.07,0.24,4.89,-0.47,-0.16,1,0,-65.00
1995-01-17T23:00:00,1.16,-1.92,-1.88,0.94,-0.94,0.25,4.66,-0.45,-0.17,1,0,-81.00
1995-01-18T00:00:00,0.09,-1.66,-2.11,0.91,-0.99,0.22,4.71,-0.43,-0.16,1,0,-77.00
1995-01-18T01:00:00,-0.72,-1.28,-2.27,0.94,-0.64,0.46,2.5,-0.46,-0.18,1,0,-75.00
1995-01-18T02:00:00,-0.63,-1.01,-2.12,0.98,-0.53,0.24,2.18,-0.47,-0.18,1,0,-80.00
1995-01-18T03:00:00,-1.74,-0.25,-1.65,0.84,-0.22,0.42,3.21,-0.4,-0.16,1,0,-87.00
1995-01-18T04:00:00,-1.62,-0.21,-1.79,0.83,0.15,0.38,2.62,-0.38,-0.16,1,0,-88.00
1995-01-18T05:00:00,-0.98,-1.48,-1.11,0.84,-0.3,0.72,3.5,-0.27,-0.12,1,0,-90.00
1995-01-18T06:00:00,1.72,-1.03,1.21,0.92,-0.13,0.75,3.08,-0.3,-0.14,1,0,-91.00
1995-01-18T07:00:00,1.26,-2.09,-0.0,0.76,0.85,0.5,1.41,-0.0,-0.14,1,0,-95.00
1995-01-18T08:00:00,0.74,-1.89,-0.09,0.68,0.8,0.21,1.4,-0.04,-0.12,1,0,-85.00
1995-01-18T09:00:00,0.15,-1.3,-0.12,0.52,0.52,-0.39,1.43,0.07,0.02,1,0,-78.00
1995-01-18T10:00:00,0.59,0.37,-0.23,0.38,0.5,-0.47,1.9,0.15,0.6,1,0,-74.00
1995-01-18T11:00:00,0.15,-0.6,-0.23,0.2,0.18,-1.11,1.33,0.08,0.53,1,0,-70.00
1995-01-18T12:00:00,-0.18,0.02,-0.02,0.19,0.75,-1.03,0.69,-0.1,3.84,1,0,-60.00
1995-01-18T13:00:00,0.52,0.55,0.22,0.21,1.03,-1.14,0.51,-0.04,0.12,1,0,-57.00
1995-01-18T14:00:00,1.2,-0.38,0.44,0.11,1.15,-1.51,0.05,0.03,-0.1,1,0,-53.00
1995-01-18T15:00:00,0.35,-0.78,0.31,0.05,1.36,-1.84,-0.12,0.54,0.09,1,0,-51.00
1995-01-18T16:00:00,0.26,-0.74,0.03,-0.1,1.27,-1.92,-0.23,0.43,0.11,1,0,-54.00
1995-01-18T17:00:00,0.32,-0.69,0.1,-0.31,0.77,-0.4,-0.46,0.16,-0.03,1,0,-55.00
1995-01-18T18:00:00,0.64,-0.31,0.08,-0.21,0.88,-0.34,-0.37,0.22,0.06,1,0,-53.00
1995-01-18T19:00:00,-0.13,-0.27,0.16,-0.44,1.34,-0.42,-0.44,-0.01,0.6,1,0,-55.00
1995-01-18T20:00:00,-0.63,-0.63,-0.09,-0.39,1.69,-1.03,-0.55,0.26,-0.08,1,0,-55.00
1995-01-18T21:00:00,-0.05,-0.77,0.15,-0.29,1.62,-0.88,-0.49,0.18,-0.04,0,0,-48.00
1995-01-18T22:00:00,-0.14,-0.77,-0.04,-0.34,1.95,-0.97,-0.5,0.13,-0.06,0,0,-46.00
1995-01-18T23:00:00,-0.14,-0.88,-0.06,-0.18,1.98,-1.26,-0.46,0.09,-0.09,0,0,-46.00
1995-01-19T00:00:00,0.06,-0.93,-0.01,-0.07,1.96,-1.6,-0.43,-0.01,-0.1,0,0,-43.00
1995-01-19T01:00:00,0.2,-0.95,0.04,0.15,1.26,-1.32,-0.43,-0.13,-0.12,0,0,-40.00
1995-01-19T02:00:00,0.43,-0.99,0.14,0.22,1.07,-1.25,-0.53,0.06,-0.13,0,0,-38.00
1995-01-19T03:00:00,-0.17,-0.99,0.1,0.3,1.08,-1.34,-0.58,-0.12,-0.15,0,0,-38.00
1995-01-19T04:00:00,0.04,-0.9,0.18,0.4,1.04,-1.56,-0.5,-0.17,-0.13,0,0,-38.00
1995-01-19T05:00:00,0.09,-0.86,0.18,0.48,0.47,-1.44,-0.42,-0.23,-0.12,0,0,-34.00
1995-01-19T06:00:00,0.22,-0.89,0.25,0.49,0.31,-1.48,-0.39,-0.3,-0.14,0,0,-31.00
1995-01-19T07:00:00,0.47,-0.73,0.31,0.58,0.21,-1.38,-0.31,-0.21,-0.11,0,0,-29.00
1995-01-19T08:00:00,0.24,-0.74,0.3,0.55,0.07,-1.38,-0.36,-0.19,-0.1,0,0,-27.00
1995-01-20T02:00:00,0.8,0.52,0.26,0.72,0.07,-0.19,0.17,-0.25,-0.09,0,0,-11.00
1995-01-20T03:00:00,0.97,0.37,0.32,0.64,0.0,-0.25,-0.0,-0.26,-0.12,0,0,-5.00
1995-01-20T04:00:00,0.8,0.43,0.29,0.61,0.1,-0.34,0.07,-0.27,-0.09,0,0,-8.00
1995-01-20T05:00:00,0.65,-0.04,0.25,0.59,-0.24,-0.42,0.3,-0.19,0.09,0,0,-10.00
1995-01-20T06:00:00,0.68,-0.01,0.26,0.63,-0.37,-0.55,0.32,-0.15,0.09,0,0,-10.00
1995-01-20T07:00:00,0.08,-0.24,0.16,0.63,-0.36,-0.36,0.34,-0.22,1.67,0,0,-11.00
1995-01-20T08:00:00,-0.34,-0.58,-0.18,0.74,-0.4,-0.2,0.31,-0.3,-0.01,0,0,-11.00
1995-01-20T09:00:00,-0.19,-0.87,0.14,0.81,-0.74,-0.12,0.34,-0.37,-0.09,0,0,-10.00
1995-01-20T10:00:00,0.96,-0.26,0.35,1.06,-0.26,0.25,0.47,-0.32,-0.1,0,0,-9.00
1995-01-20T11:00:00,0.92,0.09,0.42,1.03,-0.14,0.18,0.36,-0.31,-0.1,0,0,-13.00
1995-01-20T12:00:00,0.69,0.08,0.72,0.91,-0.14,0.18,0.6,-0.3,-0.08,0,0,-15.00
1995-01-20T13:00:00,0.07,-0.41,-0.21,0.87,-0.26,-0.24,1.14,-0.33,0.35,0,0,-17.00
1995-01-20T14:00:00,0.29,-0.55,0.13,0.94,-0.37,0.11,1.17,-0.34,0.19,0,0,-16.00
1995-01-20T15:00:00,0.45,-0.52,-0.07,0.98,-0.43,0.11,1.02,-0.36,0.06,0,0,-11.00
1995-01-20T16:00:00,-0.14,-0.86,0.07,0.93,-0.59,0.18,0.87,-0.4,-0.06,0,0,-14.00
1995-01-20T17:00:00,0.22,-0.89,0.0,1.02,-0.62,-0.03,0.94,-0.4,-0.07,0,0,-17.00
1995-01-20T18:00:00,-0.71,-0.4,-0.57,0.97,-0.4,-0.21,0.54,-0.43,-0.14,0,0,-22.00
1995-01-20T19:00:00,0.14,-0.63,-0.33,1.04,-0.56,0.01,1.01,-0.42,-0.04,0,0,-25.00
1995-01-20T20:00:00,0.7,-0.53,-0.32,1.16,-0.59,0.34,1.53,-0.43,-0.07,0,0,-27.00
1995-01-20T21:00:00,0.52,-0.3,-0.33,1.14,-0.36,0.23,1.45,-0.34,0.08,0,0,-25.00
1995-01-20T22:00:00,-0.3,-0.16,-0.43,1.04,-0.08,0.25,0.94,-0.37,0.05,0,0,-22.00
1995-01-20T23:00:00,0.19,-0.62,-0.56,1.11,-0.32,0.22,0.56,-0.41,-0.11,0,0,-20.00
1995-01-21T00:00:00,-0.06,-0.73,-0.49,1.02,-0.26,0.15,0.67,-0.43,-0.11,0,0,-24.00
1995-01-21T01:00:00,-0.46,-0.38,-0.57,1.0,-0.16,0.11,0.91,-0.47,-0.11,0,0,-26.00
1995-01-21T02:00:00,-0.84,-0.01,-0.33,1.02,-0.24,0.11,0.97,-0.49,-0.12,0,0,-20.00
1995-01-21T03:00:00,-0.86,0.07,-0.27,1.06,-0.32,-0.04,1.07,-0.5,-0.12,0,0,-17.00
1995-01-21T04:00:00,-0.84,0.14,-0.28,1.09,-0.27,-0.09,0.97,-0.54,-0.14,0,0,-15.00
1995-01-21T05:00:00,-0.32,-0.54,0.34,1.01,-0.33,-0.13,0.71,-0.5,-0.09,0,0,-12.00
1995-01-21T09:00:00,-0.79,-0.43,0.05,1.09,-0.07,-0.12,0.54,-0.5,-0.14,0,0,-3.00
1995-01-21T10:00:00,-0.94,-0.17,0.25,1.15,-0.16,-0.32,0.5,-0.52,-0.15,0,0,-6.00
1995-01-21T11:00:00,-1.07,-0.1,-0.08,1.15,-0.22,-0.1,0.48,-0.54,-0.16,0,0,-10.00
1995-01-21T12:00:00,-1.02,-0.01,-0.23,1.17,-0.22,0.02,0.72,-0.52,-0.15,0,0,-13.00
1995-01-21T13:00:00,-0.92,-0.01,-0.31,1.19,-0.19,0.05,0.91,-0.52,-0.15,0,0,-14.00
1995-01-21T14:00:00,-0.73,0.32,-0.38,1.2,-0.32,0.15,1.01,-0.53,-0.14,0,0,-17.00
1995-01-21T15:00:00,-0.58,0.34,0.01,1.2,-0.28,-0.09,1.16,-0.51,-0.07,0,0,-17.00
1995-01-21T16:00:00,-0.6,0.29,0.75,1.14,-0.27,-0.46,0.95,-0.42,-0.11,0,0,-13.00
1995-01-21T17:00:00,-0.85,0.81,0.15,1.11,-0.68,-0.11,1.73,-0.45,-0.11,0,0,-13.00
1995-01-21T18:00:00,-0.68,0.29,0.2,1.07,-0.52,0.02,1.93,-0.36,0.11,0,0,-8.00
1995-01-21T19:00:00,-0.88,0.33,-0.18,1.15,-0.59,0.24,1.74,-0.36,-0.03,0,0,-4.00
1995-01-21T20:00:00,-0.36,0.7,-0.35,1.09,-0.79,0.21,1.87,-0.38,-0.02,0,0,-9.00
1995-01-21T21:00:00,-0.27,-0.2,-0.69,1.09,-0.29,0.37,1.87,-0.4,-0.03,0,0,-12.00
1995-01-21T22:00:00,-0.54,-0.15,-0.37,1.16,-0.37,0.05,1.9,-0.33,0.13,0,0,-13.00
1995-01-21T23:00:00,-0.74,0.23,-0.32,1.21,-0.53,-0.03,1.56,-0.33,0.02,0,0,-13.00
1995-01-22T00:00:00,-0.62,0.22,0.05,1.24,-0.48,-0.25,1.63,-0.3,0.24,0,0,-19.00
1995-01-22T01:00:00,-0.62,0.16,-0.1,1.26,-0.42,-0.08,1.53,-0.34,0.16,0,0,-21.00
1995-01-22T02:00:00,-0.58,0.18,0.34,1.25,-0.4,-0.44,1.37,-0.33,0.14,0,0,-18.00
1995-01-22T03:00:00,0.03,0.3,0.7,1.2,-0.53,-0.7,1.43,-0.38,0.01,0,0,-13.00
1995-01-22T04:00:00,-0.53,0.41,0.4,1.29,-0.6,-0.41,1.5,-0.33,0.08,0,0,-6.00
1995-01-22T05:00:00,-0.8,0.42,0.1,1.28,-0.74,-0.2,1.72,-0.3,0.05,0,0,-4.00
1995-01-22T06:00:00,-0.54,0.18,0.89,1.23,-0.66,-0.69,1.9,-0.38,-0.06,1,0,-5.00
1995-01-22T07:00:00,-0.44,-0.14,1.01,1.2,-0.38,-0.84,2.1,-0.37,-0.07,1,0,-4.00
1995-01-22T08:00:00,-0.1,-0.86,0.72,1.17,-0.1,-0.4,2.11,-0.4,-0.07,1,0,0.00
1995-01-22T09:00:00,-0.3,-0.77,0.18,1.16,-0.38,0.0,2.34,-0.31,0.16,1,0,4.00
1995-01-22T10:00:00,-0.98,-0.45,0.21,1.23,-0.42,0.08,2.22,-0.22,0.05,1,0,7.00
1995-01-22T11:00:00,-0.87,0.07,-0.72,1.13,-0.19,0.39,2.2,-0.22,-0.02,1,0,6.00
1995-01-22T12:00:00,-0.67,0.28,-0.65,1.02,-0.05,0.61,2.39,-0.23,0.05,1,0,0.00
1995-01-22T13:00:00,-0.08,0.19,0.64,0.85,0.24,0.41,2.62,-0.17,0.52,1,0,-5.00
1995-01-22T14:00:00,0.3,-0.16,1.18,0.73,0.84,0.09,2.34,-0.21,-0.03,1,0,-8.00
1995-01-22T15:00:00,0.16,0.3,1.19,0.68,0.89,-0.01,1.65,-0.06,-0.02,1,0,-9.00
1995-01-22T16:00:00,-0.36,1.09,0.89,0.57,1.16,-0.44,0.68,0.17,-0.07,1,0,-2.00
1995-01-22T17:00:00,-0.65,1.51,0.61,0.59,1.17,0.19,0.22,0.31,-0.11,1,0,-5.00
1995-01-22T18:00:00,-0.42,1.61,0.44,0.54,0.7,0.16,0.24,0.14,-0.12,1,0,-11.00
1995-01-22T19:00:00,-0.17,1.35,0.36,0.53,0.82,0.04,0.43,0.23,-0.06,1,0,-13.00
1995-01-22T20:00:00,-0.43,1.07,0.64,0.63,0.82,-0.13,0.45,0.2,-0.05,1,0,-12.00
1995-01-22T21:00:00,-0.33,1.34,0.31,0.6,0.34,-0.01,0.35,0.09,-0.09,1,0,-12.00
1995-01-22T22:00:00,-0.05,0.88,0.43,0.54,0.51,-0.35,0.45,0.05,0.02,1,0,-12.00
1995-01-22T23:00:00,-0.4,0.67,0.25,0.58,0.43,-0.28,0.51,0.09,0.15,1,0,-14.00
1995-01-23T00:00:00,-0.35,0.53,0.24,0.51,0.2,-0.4,0.35,-0.03,0.18,1,0,-14.00
1995-01-23T01:00:00,-0.53,0.32,-0.29,0.46,0.24,0.06,0.28,-0.06,0.08,0,0,-12.00
1995-01-23T02:00:00,-0.78,-0.23,0.24,0.54,0.57,-0.61,0.21,-0.11,0.01,0,0,-11.00
1995-01-23T03:00:00,-0.78,-0.26,0.01,0.55,0.66,-0.07,0.12,-0.12,-0.01,0,0,-14.00
1995-01-23T04:00:00,-0.5,0.51,-0.06,0.48,-0.27,0.09,0.08,-0.1,0.03,0,0,-11.00
1995-01-23T05:00:00,-0.35,0.48,0.04,0.42,-0.18,-0.08,0.02,-0.11,0.12,0,0,-13.00
1995-01-23T06:00:00,-0.49,-0.08,0.45,0.44,0.24,-0.4,0.02,-0.11,0.06,0,0,-11.00
1995-01-23T07:00:00,-0.62,-0.47,0.15,0.5,0.57,-0.08,-0.03,-0.16,-0.02,0,0,-8.00
1995-01-23T08:00:00,-0.53,-0.42,0.34,0.48,0.55,-0.27,-0.04,-0.18,-0.02,0,0,-6.00
1995-01-23T09:00:00,-0.29,-0.08,0.51,0.43,0.32,-0.63,-0.05,-0.21,0.05,0,0,-6.00
1995-01-23T10:00:00,-0.66,-0.17,0.26,0.55,0.47,-0.02,-0.01,-0.13,0.02,0,0,-5.00
1995-01-23T11:00:00,-0.31,0.22,0.37,0.52,0.17,-0.22,-0.1,-0.28,0.05,0,0,-6.00
1995-01-23T12:00:00,0.38,0.33,0.23,0.33,-0.16,-0.01,-0.15,-0.33,0.0,0,0,-7.00
1995-01-23T13:00:00,0.17,0.26,0.47,0.39,-0.22,-0.38,-0.12,-0.34,-0.02,0,0,-8.00
1995-01-23T14:00:00,-0.58,-0.18,0.36,0.64,0.27,-0.39,-0.03,-0.25,-0.02,0,0,-12.00
1995-01-23T15:00:00,0.01,0.56,0.54,0.49,-0.45,-0.33,-0.1,-0.42,-0.13,0,0,-14.00
1995-01-23T16:00:00,-0.23,-0.04,0.57,0.54,-0.01,-0.53,-0.04,-0.38,-0.06,0,0,-13.00
1995-01-23T17:00:00,-0.61,-0.61,0.03,0.64,0.48,0.18,0.06,-0.33,-0.09,0,0,-11.00
1995-01-23T18:00:00,-0.51,-0.78,-0.02,0.63,0.58,0.06,0.01,-0.36,-0.12,0,0,-11.00
1995-01-23T19:00:00,-0.34,-0.94,-0.02,0.59,0.95,-0.08,-0.07,-0.43,-0.15,0,0,-14.00
1995-01-23T20:00:00,-0.54,-0.51,-0.2,0.7,0.49,0.19,-0.01,-0.31,-0.08,0,0,-15.00
1995-01-23T21:00:00,-0.68,-0.22,-0.18,0.75,0.18,0.28,0.01,-0.19,-0.03,0,0,-13.00
1995-01-23T22:00:00,-0.66,0.17,0.0,0.77,-0.44,-0.16,-0.01,-0.27,-0.03,0,0,-10.00
1995-01-23T23:00:00,-0.34,0.28,0.07,0.7,-0.4,-0.25,0.03,-0.18,0.3,0,0,-10.00
1995-01-24T00:00:00,-0.09,0.37,0.22,0.65,-0.25,-0.3,0.02,-0.24,0.26,0,0,-10.00
1995-01-24T01:00:00,-0.66,0.03,0.17,0.79,-0.08,-0.25,0.03,-0.14,0.06,0,0,-9.00
1995-01-24T02:00:00,0.28,0.15,0.48,0.65,-0.06,-0.48,-0.03,-0.27,0.03,0,0,-10.00
1995-01-24T03:00:00,-0.01,0.3,0.36,0.74,-0.28,-0.37,-0.08,-0.26,0.14,0,0,-12.00
1995-01-24T04:00:00,-0.62,0.25,-0.05,0.86,-0.42,-0.12,-0.01,-0.19,0.01,0,0,-6.00
1995-01-24T05:00:00,-0.52,0.43,0.31,0.86,-0.55,-0.52,-0.06,-0.26,-0.05,0,0,-4.00
1995-01-24T06:00:00,-0.23,0.74,0.29,0.84,-0.57,-0.58,-0.04,-0.34,-0.11,0,0,-3.00
1995-01-24T07:00:00,-0.24,0.61,0.51,0.87,-0.5,-0.68,-0.01,-0.35,-0.11,0,0,-2.00
1995-01-24T08:00:00,-0.49,0.72,0.17,0.91,-0.67,-0.09,0.05,-0.32,-0.1,0,0,-3.00
1995-01-24T09:00:00,-0.71,0.43,-0.34,0.94,-0.59,0.25,0.03,-0.28,-0.11,0,0,-3.00
1995-01-24T10:00:00,-0.69,0.25,-0.41,1.01,-0.38,0.57,0.0,-0.34,-0.12,0,0,-1.00
1995-01-24T11:00:00,-0.75,0.3,-0.27,1.06,-0.44,0.51,0.0,-0.36,-0.12,0,0,-6.00
1995-01-24T12:00:00,-0.84,0.4,0.16,1.13,-0.59,-0.09,0.03,-0.36,-0.12,0,0,-12.00
1995-01-24T13:00:00,-0.42,0.34,0.63,1.0,-0.43,-0.46,0.11,-0.46,-0.14,0,0,-14.00
1995-01-24T14:00:00,-0.57,0.51,0.64,1.05,-0.59,-0.41,0.05,-0.5,-0.16,0,0,-11.00
1995-01-24T15:00:00,-0.17,0.81,0.33,0.98,-0.81,-0.14,0.12,-0.5,-0.15,0,0,-8.00
1995-01-24T16:00:00,0.24,0.82,0.09,0.94,-0.72,-0.02,0.2,-0.5,-0.15,0,0,-8.00
1995-01-24T17:00:00,-0.21,0.38,0.35,1.04,-0.54,-0.27,0.13,-0.51,-0.09,0,0,-9.00
1995-01-24T18:00:00,-0.36,0.41,0.66,1.11,-0.53,-0.7,0.1,-0.52,-0.16,0,0,-10.00
1995-01-24T19:00:00,-0.52,0.49,0.56,1.15,-0.55,-0.67,0.1,-0.52,-0.16,0,0,-11.00
1995-01-24T20:00:00,-0.58,0.42,0.65,1.18,-0.51,-0.75,0.1,-0.52,-0.16,0,0,-9.00
1995-01-24T21:00:00,-0.59,0.75,0.31,1.19,-0.79,-0.35,0.15,-0.5,-0.16,0,0,-8.00
1995-01-24T22:00:00,-0.67,0.65,0.09,1.21,-0.93,-0.52,0.28,-0.45,-0.13,0,0,-7.00
1995-01-24T23:00:00,-0.72,0.47,-0.35,1.26,-0.62,0.03,0.32,-0.44,-0.14,0,0,-7.00
1995-01-25T00:00:00,-0.76,0.37,-0.02,1.28,-0.53,-0.08,0.34,-0.44,-0.11,0,0,-7.00
1995-01-25T01:00:00,-1.04,0.15,-0.07,1.34,-0.46,-0.08,0.31,-0.47,-0.15,0,0,-8.00
1995-01-25T02:00:00,-1.14,0.18,-0.1,1.42,-0.49,-0.07,0.15,-0.5,-0.17,0,0,-11.00
1995-01-25T03:00:00,-1.04,0.27,-0.17,1.44,-0.55,0.04,0.22,-0.5,-0.16,0,0,-8.00
1995-01-25T04:00:00,-0.47,0.86,-0.16,1.24,-1.01,-0.17,0.39,-0.47,-0.15,0,0,-7.00
1995-01-25T05:00:00,-0.04,0.88,-0.12,1.11,-0.71,-0.39,0.55,-0.49,-0.13,0,0,-5.00
1995-01-25T06:00:00,-0.35,0.51,-0.17,1.16,-0.46,-0.37,0.79,-0.44,-0.03,0,0,-3.00
1995-01-25T07:00:00,-0.69,0.17,-0.32,1.29,-0.32,-0.05,0.78,-0.42,-0.07,0,0,1.00
1995-01-25T08:00:00,-0.46,0.42,0.02,1.26,-0.68,-0.43,0.59,-0.44,-0.03,0,0,2.00
1995-01-25T09:00:00,-0.52,0.52,-0.35,1.31,-0.75,-0.19,0.46,-0.48,-0.13,0,0,1.00
1995-01-25T10:00:00,-0.25,0.57,-0.5,1.27,-0.81,-0.13,0.58,-0.49,-0.13,0,0,-2.00
1995-01-25T11:00:00,-0.73,0.58,0.05,1.34,-0.86,-0.64,0.66,-0.42,-0.11,0,0,-6.00
1995-01-25T12:00:00,-0.95,0.05,0.35,1.4,-0.48,-0.97,0.71,-0.43,-0.11,0,0,-6.00
1995-01-25T13:00:00,-1.0,0.19,0.15,1.45,-0.5,-0.87,0.51,-0.48,-0.14,0,0,-6.00
1995-01-25T14:00:00,-1.02,0.14,0.11,1.5,-0.47,-0.88,0.36,-0.49,-0.15,0,0,-7.00
1995-01-25T15:00:00,-0.82,0.12,0.25,1.49,-0.36,-1.05,0.42,-0.49,-0.13,0,0,-7.00
1995-01-25T16:00:00,-0.77,0.35,0.14,1.51,-0.57,-1.04,0.49,-0.5,-0.13,0,0,-2.00
1995-01-25T17:00:00,-0.23,0.66,0.17,1.43,-0.42,-1.17,0.73,-0.55,-0.13,0,0,2.00
1995-01-25T18:00:00,-0.21,0.84,-0.02,1.44,-0.05,-0.81,0.35,-0.5,-0.14,0,0,5.00
1995-01-25T19:00:00,-0.32,0.84,0.09,1.43,0.25,-0.67,0.01,-0.42,-0.13,0,0,3.00
1995-01-25T20:00:00,-0.38,0.89,-0.0,1.39,0.43,-0.4,-0.06,-0.45,-0.15,0,0,-3.00
1995-01-25T21:00:00,-0.5,0.83,0.04,1.42,0.47,-0.38,-0.14,-0.49,-0.16,0,0,-8.00
1995-01-25T22:00:00,-0.59,0.78,0.09,1.43,0.39,-0.23,-0.2,-0.49,-0.17,0,0,-9.00
1995-01-25T23:00:00,-0.33,0.77,0.09,1.52,0.39,-0.11,0.03,-0.49,-0.15,0,0,-11.00
1995-01-26T00:00:00,0.18,0.64,0.25,1.54,-0.11,-0.12,0.38,-0.54,-0.13,0,0,-10.00
1995-01-26T01:00:00,0.32,0.56,0.3,1.53,-0.16,-0.14,0.53,-0.55,-0.13,0,0,-10.00
1995-01-26T02:00:00,0.23,0.51,0.3,1.59,-0.1,-0.1,0.56,-0.54,-0.11,0,0,-8.00
1995-01-26T03:00:00,-0.02,0.52,0.22,1.59,-0.09,-0.18,0.46,-0.53,-0.08,0,0,-6.00
1995-01-26T04:00:00,-0.49,0.22,-0.05,1.64,0.01,-0.0,0.34,-0.53,-0.09,0,0,-4.00
1995-01-26T05:00:00,-0.42,0.29,-0.02,1.62,-0.04,-0.01,0.36,-0.5,-0.04,0,0,-1.00
1995-01-26T06:00:00,-0.45,0.42,0.07,1.66,-0.18,0.06,0.32,-0.52,-0.11,0,0,0.00
1995-01-26T07:00:00,-0.38,0.42,0.04,1.62,-0.19,0.05,0.33,-0.52,-0.1,0,0,0.00
1995-01-26T08:00:00,-0.38,0.38,-0.05,1.62,-0.17,0.22,0.43,-0.52,-0.08,0,0,-2.00
1995-01-26T09:00:00,-0.36,0.45,0.14,1.6,-0.23,0.11,0.71,-0.53,-0.09,0,0,-3.00
1995-01-26T10:00:00,-0.3,0.56,0.09,1.54,-0.26,0.06,1.07,-0.55,-0.1,0,0,-4.00
1995-01-26T11:00:00,-0.34,0.57,0.19,1.52,-0.26,-0.13,1.48,-0.56,-0.11,0,0,1.00
1995-01-26T12:00:00,-0.25,0.69,-0.17,1.52,-0.3,-0.23,1.64,-0.56,-0.12,0,0,5.00
1995-01-26T13:00:00,-0.22,0.65,-0.13,1.52,-0.36,-0.21,1.83,-0.57,-0.11,0,0,4.00
1995-01-26T14:00:00,-0.22,0.5,-0.1,1.55,-0.54,-0.28,2.24,-0.56,-0.03,0,0,3.00
1995-01-26T15:00:00,-0.53,0.68,0.1,1.58,-0.46,-0.43,1.67,-0.5,-0.09,0,0,6.00
1995-01-26T16:00:00,-0.28,0.29,0.56,1.51,-0.1,-0.53,1.86,-0.5,-0.02,0,0,5.00
1995-01-26T22:00:00,-0.05,1.02,0.72,1.44,-0.25,-0.49,1.33,-0.48,-0.15,0,0,6.00
1995-01-26T23:00:00,-0.18,0.8,0.75,1.49,-0.18,-0.41,1.23,-0.48,-0.14,0,0,6.00
1995-01-27T00:00:00,-0.43,0.69,0.34,1.48,-0.02,-0.31,1.4,-0.42,-0.05,0,0,3.00
1995-01-27T01:00:00,-0.45,0.27,0.08,1.45,0.19,-0.23,1.58,-0.29,0.48,0,0,1.00
1995-01-27T02:00:00,-0.78,0.13,0.29,1.49,0.13,-0.33,1.6,-0.37,0.03,0,0,0.00
1995-01-27T03:00:00,-0.67,-0.29,0.49,1.46,0.25,-0.45,1.5,-0.35,0.01,0,0,-1.00
1995-01-27T04:00:00,-0.67,0.17,0.38,1.49,0.12,-0.38,1.47,-0.3,0.1,0,0,0.00
1995-01-27T05:00:00,-0.52,0.47,0.21,1.49,0.03,-0.28,1.39,-0.35,0.08,0,0,4.00
1995-01-27T06:00:00,-0.16,0.81,0.09,1.46,-0.13,-0.16,1.36,-0.44,-0.06,0,0,8.00
1995-01-27T07:00:00,0.23,0.79,-0.19,1.38,-0.15,0.05,1.27,-0.43,-0.07,0,0,9.00
1995-01-27T08:00:00,0.16,0.55,-0.36,1.36,-0.09,0.28,1.74,-0.39,0.05,0,0,8.00
1995-01-27T09:00:00,0.04,0.79,-0.12,1.39,-0.06,-0.15,1.48,-0.43,-0.04,0,0,6.00
1995-01-27T10:00:00,0.03,0.89,0.41,1.41,-0.19,-0.55,1.21,-0.45,-0.1,0,0,5.00
1995-01-27T11:00:00,-0.34,0.43,-0.02,1.44,-0.01,-0.29,1.33,-0.42,0.14,0,0,3.00
1995-01-27T12:00:00,-0.04,0.29,-0.28,1.41,-0.07,0.06,1.33,-0.42,0.21,0,0,4.00
1995-01-27T13:00:00,-0.64,0.2,0.01,1.39,-0.4,0.0,1.79,-0.4,0.11,0,0,7.00
1995-01-27T14:00:00,-0.49,0.5,0.03,1.49,-0.15,-0.02,1.27,-0.49,-0.05,0,0,3.00
1995-01-27T18:00:00,-0.51,0.39,0.36,1.61,-0.09,0.15,1.28,-0.47,-0.04,0,0,2.00
1995-01-28T04:00:00,-0.14,0.34,-0.03,1.57,-0.16,0.58,1.63,-0.49,0.32,0,0,-1.00
1995-01-28T05:00:00,-0.23,0.53,0.24,1.64,-0.23,0.58,1.95,-0.52,0.0,0,0,-2.00
1995-01-28T07:00:00,-0.42,0.44,-0.16,1.72,-0.15,0.79,2.19,-0.51,-0.01,0,0,-1.00
1995-01-28T08:00:00,-0.33,0.35,-0.13,1.74,-0.0,0.7,2.46,-0.54,0.06,0,0,1.00
1995-01-28T09:00:00,-0.47,0.36,0.31,1.76,0.01,0.5,2.44,-0.54,-0.03,0,0,4.00
1995-01-28T10:00:00,-0.4,0.44,0.23,1.77,-0.12,0.42,2.4,-0.54,-0.02,0,0,5.00
1995-01-28T11:00:00,-0.29,0.45,0.32,1.76,-0.14,0.39,2.54,-0.54,-0.01,0,0,8.00
1995-01-28T12:00:00,-0.23,0.29,0.3,1.72,0.07,0.61,2.96,-0.57,0.09,0,0,10.00
1995-01-28T13:00:00,-0.31,0.37,0.13,1.75,0.13,0.6,2.83,-0.57,0.05,0,0,11.00
1995-01-28T14:00:00,-0.47,0.35,0.29,1.78,0.15,0.51,2.69,-0.56,-0.04,0,0,9.00
1995-01-28T15:00:00,-0.42,0.25,0.36,1.77,0.18,0.49,2.74,-0.56,-0.02,0,0,8.00
1995-01-28T16:00:00,-0.39,0.26,0.35,1.75,0.14,0.36,2.84,-0.57,-0.02,0,0,8.00
1995-01-28T17:00:00,-0.59,-0.01,0.4,1.74,0.04,0.25,3.62,-0.56,-0.03,0,0,11.00
1995-01-28T18:00:00,-0.48,0.85,0.65,1.47,-0.77,0.39,4.63,-0.46,-0.05,1,0,15.00
1995-01-28T19:00:00,-0.45,0.78,0.54,1.48,-0.97,0.66,5.97,-0.48,0.01,1,0,21.00
1995-01-28T20:00:00,-0.55,0.91,0.01,1.53,-0.67,0.51,5.9,-0.54,-0.07,1,0,27.00
1995-01-28T21:00:00,-0.64,0.72,0.4,1.54,-0.86,0.75,6.67,-0.53,-0.03,1,0,28.00
1995-01-28T22:00:00,-0.08,-0.26,1.11,1.53,-1.08,0.98,5.83,-0.49,-0.06,1,0,23.00
1995-01-28T23:00:00,0.89,-0.98,0.21,1.55,-1.11,0.66,5.57,-0.47,-0.05,1,0,21.00
1995-01-29T00:00:00,1.03,-1.2,0.09,1.49,-1.0,0.38,4.93,-0.45,-0.09,1,0,22.00
1995-01-29T01:00:00,0.91,-0.99,-0.2,1.5,-1.17,0.68,4.85,-0.43,-0.05,1,0,22.00
1995-01-29T02:00:00,0.83,-1.37,-1.57,1.36,-1.25,0.54,4.84,-0.43,-0.15,1,0,18.00
1995-01-29T03:00:00,0.9,-1.42,-1.75,1.15,-0.8,0.06,2.54,-0.39,-0.17,1,0,18.00
1995-01-29T04:00:00,2.01,-1.32,-0.16,1.05,-0.85,0.03,3.29,-0.12,-0.11,1,0,8.00
1995-01-29T05:00:00,2.32,-1.6,0.46,0.74,-0.04,-0.03,1.89,-0.05,-0.15,1,0,-11.00
1995-01-29T06:00:00,2.2,-1.52,0.17,0.77,-0.12,0.4,2.71,0.0,-0.12,1,0,-10.00
1995-01-29T07:00:00,2.06,-1.43,0.91,0.76,-0.05,0.77,2.79,0.08,-0.11,1,0,-6.00
1995-01-29T08:00:00,2.18,-0.8,1.24,0.32,0.16,-0.17,1.78,0.46,-0.1,1,0,1.00
1995-01-29T09:00:00,1.51,-1.34,0.0,0.09,0.87,-0.38,1.9,0.65,0.01,1,0,-1.00
1995-01-29T10:00:00,0.78,-1.82,-0.58,0.11,0.73,-0.05,1.68,0.9,0.01,1,0,6.00
1995-01-29T11:00:00,0.08,-0.99,0.02,-0.16,0.02,-1.04,1.76,0.98,0.79,1,0,2.00
1995-01-29T12:00:00,1.79,-1.51,-0.35,-0.24,0.24,-1.06,2.09,0.9,-0.01,1,0,-6.00
1995-01-29T13:00:00,1.9,-1.59,-0.59,-0.19,0.55,-1.48,2.29,0.96,-0.02,1,0,-3.00
1995-01-29T14:00:00,1.91,-1.06,1.0,-0.25,1.27,0.15,2.12,0.84,-0.02,1,0,-14.00
1995-01-29T15:00:00,2.31,-2.13,-0.22,-0.27,0.72,-0.97,1.91,0.57,-0.12,1,0,-30.00
1995-01-29T16:00:00,2.0,-2.26,0.03,-0.34,0.67,-0.45,1.56,0.51,-0.12,1,0,-25.00
1995-01-29T17:00:00,1.52,-1.67,-0.48,-0.59,0.53,-0.64,1.57,0.78,-0.05,1,0,-25.00
1995-01-29T18:00:00,1.46,-0.69,0.81,-0.72,0.02,1.21,0.96,0.49,-0.05,1,0,-26.00
1995-01-29T19:00:00,1.31,-1.24,0.1,-0.79,-0.41,0.39,0.8,0.53,-0.05,1,0,-42.00
1995-01-29T20:00:00,1.22,-1.19,-0.82,-0.96,0.23,-0.63,0.63,0.79,-0.07,1,0,-43.00
1995-01-29T21:00:00,1.34,-0.86,-0.06,-1.24,1.0,0.21,0.81,1.26,0.1,1,0,-42.00
1995-01-29T22:00:00,1.48,-0.56,-0.39,-1.42,1.48,-0.01,0.59,1.23,0.04,1,0,-53.00
1995-01-29T23:00:00,1.04,-0.68,-0.13,-1.73,1.41,-0.13,0.25,1.01,0.1,1,0,-51.00
1995-01-30T00:00:00,1.19,-0.96,-0.04,-1.8,0.64,0.73,0.07,0.82,-0.04,1,0,-56.00
1995-01-30T01:00:00,1.22,-0.46,-0.05,-1.87,1.08,0.36,0.03,0.72,-0.01,1,0,-52.00
1995-01-30T02:00:00,1.13,0.24,-0.15,-1.92,1.8,0.32,0.08,0.72,0.04,1,0,-52.00
1995-01-30T03:00:00,1.37,-0.11,-0.46,-1.84,1.35,-0.47,0.12,0.63,-0.05,1,0,-55.00
1995-01-30T04:00:00,1.32,-0.64,-0.28,-1.76,0.56,-0.39,0.08,0.74,-0.05,1,0,-52.00
1995-01-30T05:00:00,1.41,-0.86,-0.15,-1.61,0.45,-0.44,-0.02,0.4,-0.11,1,0,-50.00
1995-01-30T06:00:00,1.53,-0.72,0.15,-1.48,0.88,-0.05,-0.1,0.31,-0.13,1,0,-44.00
1995-01-30T07:00:00,1.28,-0.86,0.32,-1.53,0.71,-0.05,-0.04,0.58,-0.09,1,0,-49.00
1995-01-30T08:00:00,1.13,-0.75,-0.27,-1.62,0.92,-1.6,0.03,0.76,-0.03,1,0,-44.00
1995-01-30T09:00:00,0.9,-1.42,0.03,-1.78,0.25,-0.23,-0.09,0.86,-0.09,1,0,-41.00
1995-01-30T10:00:00,0.42,-0.79,-0.04,-2.19,0.31,-0.18,-0.25,0.83,0.11,1,0,-42.00
1995-01-30T11:00:00,0.75,-0.37,0.04,-2.07,0.84,0.25,-0.32,0.56,0.07,1,0,-45.00
1995-01-30T12:00:00,0.94,0.2,0.37,-2.01,1.55,0.93,-0.28,0.52,-0.02,0,0,-39.00
1995-01-30T13:00:00,0.91,-0.41,0.21,-1.96,0.48,0.54,-0.31,0.37,-0.04,0,0,-27.00
1995-01-30T14:00:00,0.8,-0.2,0.21,-1.99,0.88,0.82,-0.34,0.35,0.02,0,0,-27.00
1995-01-30T15:00:00,0.59,-0.43,0.05,-2.01,0.18,0.53,-0.38,0.5,0.11,0,0,-32.00
1995-01-30T16:00:00,0.75,-0.19,-0.49,-1.96,0.24,-0.45,-0.42,0.24,-0.08,0,0,-32.00
1995-01-30T17:00:00,0.7,-0.22,-0.37,-1.89,0.07,-0.47,-0.46,0.16,-0.07,0,0,-27.00
1995-01-30T18:00:00,0.24,-0.27,-0.64,-2.0,-0.24,-1.02,-0.42,0.4,-0.03,0,0,-38.00
1995-01-30T19:00:00,0.41,-0.05,-0.44,-1.89,0.11,-0.83,-0.4,0.38,0.06,0,0,-39.00
1995-01-30T20:00:00,0.65,-0.2,-0.21,-1.75,-0.16,-0.37,-0.35,0.49,0.09,0,0,-53.00
1995-01-30T21:00:00,0.45,-0.37,0.49,-1.86,-0.37,1.22,-0.36,0.6,0.11,0,0,-49.00
1995-01-30T22:00:00,0.59,-0.3,0.54,-1.77,-0.21,1.21,-0.39,0.46,0.01,0,0,-43.00
1995-01-30T23:00:00,0.5,-0.64,-0.07,-1.82,-0.51,-0.42,-0.43,0.33,-0.01,0,0,-37.00
1995-01-31T00:00:00,0.76,0.1,-0.64,-1.79,0.61,-1.43,-0.47,0.14,-0.12,0,0,-33.00
1995-01-31T01:00:00,0.75,-0.01,-0.65,-1.84,0.61,-1.45,-0.44,0.15,-0.12,0,0,-32.00
1995-01-31T02:00:00,0.96,-0.08,-0.37,-1.73,0.68,-0.85,-0.43,0.17,-0.11,0,0,-37.00
1995-01-31T03:00:00,0.79,-0.12,-0.23,-1.89,0.47,-0.45,-0.4,0.59,0.02,0,0,-42.00
1995-01-31T04:00:00,0.63,0.03,-0.14,-2.02,0.62,-0.24,-0.42,0.81,0.22,0,0,-43.00
1995-01-31T05:00:00,0.43,-0.43,-0.12,-2.06,-0.0,-0.7,-0.41,0.9,0.3,0,0,-42.00
1995-01-31T06:00:00,0.42,-0.1,0.3,-2.05,0.65,0.27,-0.39,1.05,0.7,0,0,-44.00
1995-01-31T07:00:00,0.55,0.4,0.25,-1.97,1.2,0.13,-0.38,0.82,0.18,0,0,-36.00
1995-01-31T08:00:00,0.64,0.21,0.27,-1.91,0.91,0.27,-0.38,0.55,0.13,0,0,-35.00
1995-01-31T09:00:00,0.58,0.33,0.24,-1.83,1.18,0.11,-0.41,0.6,0.13,0,0,-36.00
1995-01-31T10:00:00,0.55,0.32,0.3,-1.8,1.15,0.34,-0.42,0.69,0.16,0,0,-33.00
1995-01-31T11:00:00,0.47,0.03,0.33,-1.69,0.82,0.73,-0.46,0.63,0.28,0,0,-30.00
1995-01-31T12:00:00,0.56,-0.25,-0.11,-1.63,0.45,-0.18,-0.45,0.59,0.17,0,0,-30.00
1995-01-31T13:00:00,0.77,-0.36,-0.12,-1.49,0.36,0.19,-0.42,0.43,-0.01,0,0,-26.00
1995-01-31T14:00:00,0.25,-0.69,-0.0,-1.74,-0.46,0.4,-0.44,0.49,0.07,0,0,-24.00
1995-01-31T15:00:00,0.75,-0.47,-0.33,-1.36,-0.36,-0.16,-0.5,0.08,-0.11,0,0,-25.00
1995-01-31T16:00:00,0.83,-0.12,0.17,-1.29,0.26,0.92,-0.48,0.05,-0.08,0,0,-25.00
1995-01-31T17:00:00,0.64,-0.34,-0.02,-1.39,-0.15,0.48,-0.52,0.17,-0.03,0,0,-31.00
1995-01-31T18:00:00,0.35,-0.68,-0.6,-1.54,-0.69,-0.79,-0.48,0.35,-0.1,0,0,-29.00
1995-01-31T19:00:00,0.62,-0.3,-0.23,-1.39,0.31,0.15,-0.46,0.36,0.01,0,0,-35.00
1995-01-31T20:00:00,0.41,-0.6,-0.33,-1.5,-0.35,-0.28,-0.45,0.39,-0.02,0,0,-40.00
1995-01-31T21:00:00,0.44,-0.79,0.09,-1.4,-0.7,0.58,-0.48,0.34,-0.05,0,0,-41.00
1995-01-31T22:00:00,0.75,-0.59,0.07,-1.23,-0.58,0.28,-0.48,0.14,-0.09,0,0,-37.00
1995-01-31T23:00:00,0.76,-0.54,-0.1,-1.21,-0.61,-0.09,-0.52,0.02,-0.11,0,0,-34.00
1995-02-01T00:00:00,0.88,-0.35,-0.07,-1.21,-0.29,-0.07,-0.53,0.04,-0.11,0,0,---
1995-02-01T01:00:00,0.51,-0.44,-0.25,-1.47,-0.41,-0.48,-0.52,0.37,-0.01,0,0,-31.00
1995-02-01T02:00:00,0.64,-0.38,0.03,-1.41,-0.25,0.29,-0.52,0.37,0.01,0,0,-30.00
1995-02-01T03:00:00,0.67,-0.14,0.13,-1.43,0.12,0.28,-0.5,0.49,0.08,0,0,-31.00
1995-02-01T04:00:00,0.45,-0.57,-0.25,-1.54,-0.49,-0.87,-0.5,0.65,0.03,0,0,-32.00
1995-02-01T05:00:00,0.73,-0.54,0.09,-1.37,-0.46,0.17,-0.51,0.47,-0.04,0,0,-29.00
1995-02-01T06:00:00,0.68,-0.58,0.31,-1.38,-0.58,0.42,-0.48,0.59,-0.03,0,0,-28.00
1995-02-01T07:00:00,0.82,-0.33,0.3,-1.29,-0.09,0.16,-0.45,0.52,-0.02,0,0,-27.00
1995-02-01T08:00:00,0.67,-0.02,0.45,-1.35,0.58,0.22,-0.44,0.51,0.03,0,0,-27.00
1995-02-01T09:00:00,0.71,-0.3,0.26,-1.31,-0.18,-0.28,-0.47,0.28,-0.02,0,0,-24.00
1995-02-01T10:00:00,0.82,-0.49,0.46,-1.12,-0.43,0.62,-0.44,0.21,-0.1,0,0,-24.00
1995-02-01T11:00:00,0.79,-0.68,0.4,-1.1,-0.86,0.28,-0.44,0.11,-0.12,0,0,-27.00
1995-02-01T12:00:00,0.64,-0.58,0.19,-1.15,-0.5,-0.3,-0.4,0.2,-0.04,0,0,-29.00
1995-02-01T13:00:00,0.52,-0.63,0.38,-1.19,-0.76,0.17,-0.33,0.41,0.0,0,0,-27.00
1995-02-01T14:00:00,0.99,-0.12,0.29,-0.96,0.25,0.03,-0.28,0.34,-0.04,0,0,-30.00
1995-02-01T15:00:00,0.5,-0.55,-0.14,-1.24,-0.49,-1.05,-0.33,0.34,0.05,0,0,-26.00
1995-02-01T16:00:00,0.81,-0.4,-0.08,-1.27,-0.13,-0.81,-0.32,0.62,0.04,0,0,-23.00
1995-02-01T17:00:00,0.5,-0.65,-0.01,-1.43,-0.24,-0.41,-0.32,0.58,0.08,0,0,-22.00
1995-02-01T18:00:00,0.4,-0.82,0.33,-1.47,-0.58,0.57,-0.37,0.54,-0.01,0,0,-28.00
1995-02-01T19:00:00,0.73,-0.26,0.2,-1.33,0.09,0.33,-0.34,0.41,0.06,0,0,-30.00
1995-02-01T20:00:00,-0.02,-0.85,0.24,-1.68,-1.01,0.21,-0.39,0.36,-0.02,0,0,-31.00
1995-02-01T21:00:00,0.4,-0.06,0.88,-1.51,0.45,1.42,-0.38,0.21,-0.09,0,0,-29.00
1995-02-01T22:00:00,0.55,-0.22,0.78,-1.43,0.27,0.92,-0.34,0.16,-0.08,0,0,-24.00
1995-02-01T23:00:00,0.31,-0.06,1.03,-1.49,0.37,1.5,-0.31,0.2,-0.1,0,0,-20.00
1995-02-02T00:00:00,0.68,-0.35,-0.05,-1.22,-0.19,-0.48,-0.39,0.23,0.01,0,0,-18.00
1995-02-02T01:00:00,0.89,-0.39,0.35,-1.06,-0.51,0.53,-0.44,0.05,-0.11,0,0,-18.00
1995-02-02T02:00:00,0.78,-0.91,0.27,-1.15,-1.09,0.55,-0.42,0.14,-0.12,0,0,-25.00
1995-02-02T03:00:00,0.77,-0.67,-0.05,-1.1,-0.8,-0.02,-0.41,0.3,-0.07,0,0,-22.00
1995-02-02T04:00:00,0.3,-0.43,-0.52,-1.33,-0.57,-1.09,-0.41,0.49,0.0,0,0,-20.00
1995-02-02T05:00:00,0.82,-0.42,0.13,-1.01,-0.59,0.44,-0.42,0.39,-0.03,0,0,-25.00
1995-02-02T06:00:00,0.42,-0.4,0.12,-1.27,-0.24,0.53,-0.39,0.45,0.26,0,0,-20.00
1995-02-02T07:00:00,0.16,-0.66,-0.33,-1.47,-0.55,-0.44,-0.28,0.43,0.06,0,0,-16.00
1995-02-02T08:00:00,0.34,-0.53,-0.24,-1.46,-0.23,-0.31,-0.26,0.35,0.12,0,0,-15.00
1995-02-02T09:00:00,0.72,-0.3,0.29,-1.38,-0.01,0.47,-0.26,0.32,0.05,0,0,-24.00
1995-02-02T10:00:00,0.53,-0.46,0.15,-1.42,-0.37,0.02,-0.3,0.45,0.16,0,0,-26.00
1995-02-02T11:00:00,0.46,-0.58,0.36,-1.46,-0.49,0.65,-0.35,0.47,0.05,0,0,-28.00
1995-02-02T12:00:00,0.48,-0.35,-0.23,-1.44,-0.16,-0.32,-0.33,0.57,0.19,0,0,-28.00
1995-02-02T13:00:00,0.66,-0.28,0.41,-1.37,0.03,0.87,-0.46,0.24,-0.03,0,0,-26.00
1995-02-02T14:00:00,0.03,-0.59,-0.52,-1.73,0.03,-0.42,-0.46,0.51,-0.03,0,0,-32.00
1995-02-02T15:00:00,0.56,-0.62,-0.38,-1.49,-0.3,-0.18,-0.43,0.45,-0.05,0,0,-30.00
1995-02-02T16:00:00,0.67,-0.57,0.05,-1.43,-0.17,0.41,-0.4,0.29,-0.03,0,0,-32.00
1995-02-02T17:00:00,-0.04,-0.41,-0.38,-1.62,-0.36,-0.35,-0.49,0.48,0.08,0,0,-32.00
1995-02-02T18:00:00,0.64,-0.12,-0.32,-1.35,0.18,-0.33,-0.43,0.59,0.05,0,0,-32.00
1995-02-02T19:00:00,0.69,-0.4,-0.01,-1.3,-0.19,0.22,-0.43,0.36,0.01,0,0,-35.00
1995-02-02T20:00:00,0.62,-0.5,0.01,-1.33,-0.26,0.08,-0.44,0.26,-0.01,0,0,-36.00
1995-02-02T21:00:00,0.49,-0.54,-0.29,-1.35,-0.69,-0.28,-0.51,0.3,-0.04,0,0,-36.00
1995-02-02T22:00:00,0.73,-0.28,-0.3,-1.19,-0.14,-0.35,-0.47,0.19,-0.07,0,0,-33.00
1995-02-02T23:00:00,0.34,0.15,-0.35,-1.18,0.51,-0.69,-0.48,0.3,0.08,0,0,-33.00
1995-02-03T00:00:00,-0.04,0.46,-0.55,-1.26,0.7,-1.06,-0.45,0.25,-0.05,0,0,-29.00
1995-02-03T01:00:00,0.32,0.06,-0.4,-1.14,0.22,-0.76,-0.42,0.35,0.11,0,0,-30.00
1995-02-03T02:00:00,0.5,-0.18,-0.37,-1.04,-0.28,-0.85,-0.34,0.42,0.09,0,0,-37.00
1995-02-03T03:00:00,0.59,-0.18,-0.24,-0.99,-0.29,-0.64,-0.35,0.22,0.06,0,0,-40.00
1995-02-03T04:00:00,0.56,-0.08,-0.27,-1.02,0.01,-0.69,-0.35,0.27,0.08,0,0,-38.00
1995-02-03T05:00:00,0.44,0.34,-0.33,-1.05,0.76,-0.66,-0.4,0.2,0.01,0,0,-34.00
1995-02-03T06:00:00,0.7,0.52,-0.25,-0.93,0.94,-0.4,-0.4,0.15,-0.08,0,0,-36.00
1995-02-03T07:00:00,0.96,0.31,-0.03,-0.78,0.71,0.02,-0.4,-0.07,-0.12,0,0,-37.00
1995-02-03T08:00:00,1.0,-0.1,-0.08,-0.68,-0.09,-0.2,-0.46,-0.22,-0.14,0,0,-40.00
1995-02-03T09:00:00,0.92,-0.16,-0.04,-0.74,-0.23,-0.1,-0.41,-0.13,-0.11,0,0,-33.00
1995-02-03T10:00:00,0.68,-0.44,-0.28,-0.91,-0.62,-0.87,-0.4,0.21,-0.05,0,0,-32.00
1995-02-03T11:00:00,0.51,-0.49,-0.3,-1.17,-0.45,-0.75,-0.37,0.43,0.03,0,0,-33.00
1995-02-03T12:00:00,0.47,-0.49,-0.16,-1.33,-0.1,-0.6,-0.35,0.5,0.12,0,0,-36.00
1995-02-03T13:00:00,0.67,-0.36,-0.02,-1.26,-0.0,0.07,-0.34,0.39,0.07,0,0,-32.00
1995-02-03T14:00:00,0.53,-0.24,0.1,-1.3,0.17,0.11,-0.34,0.36,0.26,0,0,-33.00
1995-02-03T15:00:00,0.66,0.35,0.11,-1.19,1.27,0.27,-0.33,0.46,0.1,0,0,-35.00
1995-02-03T16:00:00,0.36,-0.15,-0.36,-1.31,0.22,-0.59,-0.35,0.46,0.2,0,0,-32.00
1995-02-03T17:00:00,0.14,-0.18,-0.45,-1.38,0.08,-0.92,-0.36,0.46,0.17,0,0,-30.00
1995-02-03T18:00:00,0.34,-0.13,-0.18,-1.25,0.12,0.16,-0.35,0.5,0.58,0,0,-30.00
1995-02-03T19:00:00,0.41,-0.26,-0.63,-1.29,-0.14,-0.57,-0.47,0.18,-0.09,0,0,-38.00
1995-02-03T20:00:00,0.43,-0.36,-0.54,-1.25,-0.17,-0.8,-0.48,0.27,-0.07,0,0,-39.00
1995-02-03T21:00:00,0.87,-0.3,0.11,-1.15,-0.24,0.42,-0.47,0.13,-0.08,0,0,-44.00
1995-02-03T22:00:00,0.89,-0.28,0.07,-1.19,0.02,0.07,-0.42,0.09,-0.08,0,0,-44.00
1995-02-03T23:00:00,0.82,-0.06,0.16,-1.21,0.54,0.47,-0.45,0.13,-0.05,0,0,-40.00
1995-02-04T00:00:00,-0.11,0.02,-0.58,-1.62,0.22,-0.52,-0.52,0.23,-0.05,0,0,-37.00
1995-02-04T01:00:00,0.5,-0.23,-0.4,-1.27,0.04,-0.19,-0.55,0.22,-0.05,0,0,-38.00
1995-02-04T02:00:00,0.62,-0.37,-0.05,-1.25,0.03,0.48,-0.52,0.45,0.03,0,0,-43.00
1995-02-04T03:00:00,0.6,-0.36,-0.32,-1.21,-0.17,-0.06,-0.51,0.39,-0.03,0,0,-39.00
1995-02-04T04:00:00,0.59,-0.22,-0.33,-1.17,0.15,-0.03,-0.5,0.28,-0.02,0,0,-34.00
1995-02-04T05:00:00,0.5,-0.41,-0.21,-1.24,-0.17,-0.09,-0.49,0.47,0.05,0,0,-33.00
1995-02-04T06:00:00,0.15,-0.76,-0.08,-1.26,0.17,0.46,-0.52,0.2,-0.05,0,0,-32.00
1995-02-04T07:00:00,0.47,-0.63,-0.19,-1.17,0.12,0.2,-0.42,0.31,-0.02,0,0,-32.00
1995-02-04T08:00:00,0.96,-0.07,-0.4,-1.07,0.37,0.0,-0.39,0.34,-0.08,0,0,-30.00
1995-02-04T09:00:00,0.97,0.26,-0.12,-1.02,0.81,0.27,-0.41,0.63,-0.03,0,0,-26.00
1995-02-04T10:00:00,0.64,-0.47,0.33,-1.16,-0.18,0.61,-0.46,0.31,-0.03,0,0,-29.00
1995-02-04T11:00:00,0.59,-0.43,0.18,-1.11,-0.15,0.11,-0.41,0.49,0.09,0,0,-37.00
1995-02-04T12:00:00,0.55,-0.61,0.25,-1.03,-0.36,-0.1,-0.38,0.26,-0.02,0,0,-38.00
1995-02-04T13:00:00,-0.13,-0.39,-0.28,-1.07,0.12,-0.69,-0.29,0.18,0.18,0,0,-35.00
1995-02-04T14:00:00,-0.11,0.09,-0.59,-0.99,0.86,-0.51,-0.34,0.09,-0.03,0,0,-31.00
1995-02-04T15:00:00,0.13,-0.47,-0.28,-0.87,0.62,-0.28,-0.44,0.08,0.03,0,0,-29.00
1995-02-04T16:00:00,0.24,-0.67,-0.25,-0.88,0.57,-0.39,-0.48,0.04,-0.07,0,0,-32.00
1995-02-04T17:00:00,-0.21,-0.56,-0.09,-0.84,0.3,-0.25,-0.46,0.04,0.01,0,0,-38.00
1995-02-04T18:00:00,-0.4,-0.58,-0.19,-0.86,0.43,-0.47,-0.49,0.06,-0.06,0,0,-37.00
1995-02-04T19:00:00,-0.7,-0.27,-0.22,-0.9,0.47,-0.39,-0.57,0.06,-0.09,0,0,-31.00
1995-02-04T20:00:00,-0.1,-0.65,-0.26,-0.84,0.21,-0.4,-0.61,-0.17,-0.12,0,0,-31.00
1995-02-04T21:00:00,-0.44,-0.45,-0.19,-0.91,0.48,-0.37,-0.63,-0.11,-0.1,0,0,-34.00
1995-02-04T22:00:00,-0.43,-0.3,0.02,-0.65,0.53,-0.33,-0.58,-0.11,-0.01,0,0,-34.00
1995-02-04T23:00:00,-0.67,-0.0,0.1,-0.6,0.7,-0.09,-0.51,-0.38,-0.13,0,0,-38.00
1995-02-05T00:00:00,-0.66,0.12,0.03,-0.52,0.89,-0.16,-0.5,-0.34,-0.12,0,0,-37.00
1995-02-05T01:00:00,-0.14,-0.17,0.05,-0.2,0.27,-0.14,-0.46,-0.2,0.94,0,0,-31.00
1995-02-05T02:00:00,0.29,-0.44,-0.08,0.05,-0.15,-0.53,-0.44,-0.18,0.0,0,0,-31.00
1995-02-05T03:00:00,0.52,-0.28,-0.13,0.14,-0.19,-0.58,-0.36,-0.19,-0.03,0,0,-28.00
1995-02-05T04:00:00,0.57,-0.32,0.12,0.24,-0.28,-0.4,-0.35,-0.16,-0.03,0,0,-26.00
1995-02-05T05:00:00,0.59,-0.33,-0.13,0.26,-0.1,-0.72,-0.37,-0.26,-0.08,0,0,-23.00
1995-02-05T06:00:00,0.32,-0.55,-0.02,0.24,-0.32,-0.69,-0.36,-0.28,-0.07,0,0,-21.00
1995-02-05T07:00:00,0.06,-0.36,-0.03,0.21,-0.32,-0.48,-0.3,-0.32,0.16,0,0,-19.00
1995-02-05T08:00:00,-0.4,-0.53,-0.18,0.12,-0.5,-0.89,-0.3,-0.4,-0.12,0,0,-18.00
1995-02-05T09:00:00,-0.27,-0.53,-0.2,0.23,-0.43,-0.88,-0.25,-0.39,-0.1,0,0,-18.00
1995-02-05T10:00:00,-0.12,-0.56,-0.0,0.29,-0.47,-0.62,-0.25,-0.39,-0.07,0,0,-20.00
1995-02-05T11:00:00,-0.05,-0.68,0.15,0.36,-0.58,-0.45,-0.26,-0.42,-0.11,0,0,-23.00
1995-02-05T12:00:00,0.06,-0.4,0.17,0.45,-0.44,-0.68,0.02,-0.45,0.06,0,0,-27.00
1995-02-05T13:00:00,-0.18,-0.13,0.28,0.48,-0.11,-0.85,0.54,-0.47,0.31,0,0,-27.00
1995-02-05T14:00:00,-0.39,-0.11,0.26,0.46,-0.02,-0.49,0.42,-0.46,0.05,0,0,-22.00
1995-02-05T15:00:00,0.0,0.1,0.24,0.48,0.0,-0.45,0.67,-0.45,0.99,0,0,-16.00
1995-02-05T16:00:00,-0.02,-0.07,-0.09,0.52,0.01,-0.48,0.59,-0.46,1.3,0,0,-16.00
1995-02-05T17:00:00,-0.25,-0.0,-0.18,0.51,-0.01,-0.42,0.51,-0.46,0.17,0,0,-14.00
1995-02-05T18:00:00,-0.39,0.3,0.33,0.53,0.03,-0.32,0.56,-0.52,-0.08,0,0,-16.00
1995-02-05T19:00:00,-0.35,0.3,0.29,0.55,0.0,-0.36,0.57,-0.5,-0.04,0,0,-17.00
1995-02-05T20:00:00,-0.39,0.21,0.22,0.59,-0.11,-0.34,0.73,-0.44,0.11,0,0,-17.00
1995-02-05T21:00:00,-0.25,0.02,0.26,0.64,-0.11,-0.53,0.95,-0.48,0.4,0,0,-13.00
1995-02-05T22:00:00,0.55,-0.43,-0.01,0.76,-0.36,-0.65,0.48,-0.46,-0.07,0,0,-11.00
1995-02-05T23:00:00,0.55,-0.31,-0.05,0.84,-0.41,-0.67,0.37,-0.46,-0.06,0,0,-11.00
1995-02-06T00:00:00,-0.36,0.21,0.31,0.76,-0.11,-0.57,0.61,-0.45,0.05,0,0,-19.00
1995-02-06T01:00:00,0.33,-0.28,0.0,0.91,-0.59,-0.96,0.73,-0.46,0.19,0,0,-17.00
1995-02-06T02:00:00,0.46,-0.39,-0.18,0.91,-0.92,-1.14,0.92,-0.43,0.01,0,0,-16.00
1995-02-06T03:00:00,0.73,-0.3,0.12,0.96,-1.01,-0.45,1.22,-0.41,-0.0,0,0,-16.00
1995-02-06T04:00:00,0.29,-0.65,0.04,0.88,-0.67,-0.53,1.66,-0.49,-0.01,0,0,-12.00
1995-02-06T05:00:00,-0.47,-0.2,0.32,0.8,-0.33,-0.59,1.77,-0.45,0.14,0,0,-6.00
1995-02-06T06:00:00,-0.52,-0.18,0.47,0.79,-0.28,-0.7,1.35,-0.41,0.03,0,0,0.00
1995-02-06T07:00:00,-0.57,-0.03,0.49,0.81,-0.39,-0.7,1.23,-0.4,0.01,0,0,-1.00
1995-02-06T08:00:00,-0.72,0.34,0.51,0.8,-0.6,-0.67,1.47,-0.39,-0.05,0,0,-1.00
1995-02-06T09:00:00,-0.84,0.67,-0.09,0.83,-0.79,-0.35,1.93,-0.36,-0.05,0,0,1.00
1995-02-06T10:00:00,-0.72,0.46,-0.42,0.87,-0.64,-0.19,1.95,-0.36,-0.03,0,0,4.00
1995-02-06T11:00:00,-0.49,0.43,-0.39,0.84,-0.47,-0.3,1.62,-0.37,0.01,0,0,3.00
1995-02-06T12:00:00,-1.05,0.39,0.22,0.83,-0.3,-0.76,1.52,-0.34,-0.07,0,0,-7.00
1995-02-06T13:00:00,-1.1,0.12,0.48,0.8,-0.25,-1.01,1.83,-0.35,-0.07,0,0,-17.00
1995-02-06T14:00:00,-0.54,0.59,0.08,0.74,-0.52,-1.07,1.85,-0.36,0.06,0,0,-16.00
1995-02-06T15:00:00,-0.1,1.35,-0.19,0.69,-0.54,-1.06,1.72,-0.41,-0.12,0,0,-12.00
1995-02-06T16:00:00,-0.67,1.16,0.5,0.8,-0.23,-1.3,1.71,-0.36,-0.11,0,0,-8.00
1995-02-06T17:00:00,-0.97,0.22,0.91,0.87,0.04,-1.16,1.69,-0.31,-0.1,0,0,-9.00
1995-02-06T18:00:00,-0.83,0.16,0.28,0.82,-0.08,-0.96,1.45,-0.22,0.09,0,0,-9.00
1995-02-06T19:00:00,0.08,0.62,-0.2,0.75,0.13,-0.67,0.86,-0.01,0.28,0,0,-9.00
1995-02-06T20:00:00,-0.54,0.85,-0.03,0.79,-0.23,-0.9,0.69,0.0,0.02,0,0,-9.00
1995-02-06T21:00:00,-0.51,0.65,0.06,0.79,-0.18,-0.64,0.58,-0.09,0.06,0,0,-11.00
1995-02-06T22:00:00,-0.49,0.94,-0.01,0.76,-0.26,-0.58,0.48,-0.11,-0.05,0,0,-14.00
1995-02-06T23:00:00,-0.17,1.35,-0.17,0.66,-0.25,-0.52,0.22,-0.27,-0.14,0,0,-14.00
1995-02-07T00:00:00,-0.38,1.1,-0.35,0.68,0.09,-0.29,0.24,-0.26,-0.13,0,0,-20.00
1995-02-07T01:00:00,-0.87,1.09,0.33,0.73,-0.07,-0.92,0.16,-0.22,-0.14,0,0,-20.00
1995-02-07T02:00:00,-0.51,1.27,-0.03,0.73,-0.03,-0.5,0.06,-0.45,-0.17,0,0,-22.00
1995-02-07T03:00:00,-0.12,1.38,-0.38,0.68,0.03,-0.28,0.08,-0.5,-0.18,0,0,-25.00
1995-02-07T04:00:00,-0.65,1.45,-0.05,0.83,-0.02,-0.54,0.13,-0.49,-0.18,0,0,-24.00
1995-02-07T05:00:00,-0.9,1.24,0.22,0.89,0.16,-0.44,0.11,-0.49,-0.18,0,0,-26.00
1995-02-07T06:00:00,-0.25,0.87,0.19,0.82,0.52,-0.39,-0.16,-0.36,-0.14,0,0,-24.00
1995-02-07T07:00:00,-0.37,1.06,-0.04,0.82,0.6,-0.42,-0.34,-0.23,-0.15,0,0,-22.00
1995-02-07T08:00:00,-0.64,0.71,-0.12,0.88,0.59,-0.34,-0.33,-0.08,-0.11,0,0,-17.00
1995-02-07T09:00:00,-0.58,0.7,-0.02,0.9,0.63,-0.34,-0.37,-0.11,-0.11,0,0,-18.00
1995-02-07T10:00:00,-0.74,0.45,0.0,0.92,0.83,-0.28,-0.33,-0.18,-0.11,0,0,-18.00
1995-02-07T11:00:00,-0.83,0.29,-0.04,0.92,0.7,-0.32,-0.34,-0.23,-0.12,0,0,-22.00
1995-02-07T12:00:00,-0.87,0.38,0.04,0.94,0.61,-0.41,-0.3,-0.28,-0.13,0,0,-19.00
1995-02-07T13:00:00,-0.92,0.44,0.18,0.94,0.35,-0.44,-0.23,-0.33,-0.14,0,0,-17.00
1995-02-07T14:00:00,-0.9,0.7,0.05,0.91,0.28,-0.23,-0.3,-0.34,-0.16,0,0,-16.00
1995-02-07T15:00:00,-0.45,0.94,-0.33,0.9,0.31,0.07,-0.38,-0.42,-0.17,0,0,-17.00
1995-02-07T16:00:00,-0.78,0.74,-0.01,1.02,0.47,-0.48,-0.36,-0.36,-0.16,0,0,-18.00
1995-02-07T17:00:00,-1.04,0.27,0.21,0.99,0.98,-0.63,-0.4,-0.47,-0.17,0,0,-23.00
1995-02-07T18:00:00,-1.02,0.26,0.12,0.98,0.76,-0.47,-0.39,-0.39,-0.16,0,0,-27.00
1995-02-07T19:00:00,-0.92,0.71,0.08,0.67,-0.13,-0.33,-0.18,-0.31,-0.15,0,0,-26.00
1995-02-07T20:00:00,-0.26,1.09,-0.43,0.34,-0.04,0.46,-0.23,-0.25,-0.15,0,0,-20.00
1995-02-07T21:00:00,0.22,0.89,-0.99,0.07,0.63,1.05,-0.17,-0.24,-0.16,0,0,-13.00
1995-02-07T22:00:00,0.21,1.26,-0.54,0.08,0.67,1.32,0.18,-0.34,-0.16,0,0,-17.00
1995-02-07T23:00:00,0.14,1.49,-0.17,0.31,0.88,1.94,0.32,-0.42,-0.17,0,0,-32.00
1995-02-08T00:00:00,0.52,1.49,-0.29,0.3,0.65,1.22,0.53,-0.43,-0.17,0,0,-41.00
1995-02-08T01:00:00,0.5,1.22,-0.67,0.36,0.74,1.62,1.43,-0.47,-0.16,0,0,-37.00
1995-02-08T02:00:00,0.76,1.41,0.03,0.35,0.29,1.63,1.42,-0.42,-0.15,0,0,-33.00
1995-02-08T03:00:00,0.1,0.85,-1.16,0.39,0.51,1.15,0.88,-0.47,-0.17,0,0,-36.00
1995-02-08T04:00:00,-0.21,0.54,-1.51,0.39,0.18,0.45,-0.19,-0.49,-0.19,0,1,-41.00
1995-02-08T05:00:00,-0.39,0.18,-1.55,0.42,0.38,0.37,-0.05,-0.47,-0.18,0,1,-45.00
1995-02-08T06:00:00,-0.32,0.89,-1.44,0.4,-0.21,0.18,-0.1,-0.46,-0.18,0,1,-51.00
1995-02-08T07:00:00,-0.2,1.02,-1.41,0.4,-0.48,-0.08,-0.09,-0.47,-0.18,0,1,-60.00
1995-02-08T08:00:00,-0.05,1.39,-1.24,0.45,-0.52,-0.23,0.11,-0.51,-0.19,0,1,-69.00
1995-02-08T09:00:00,0.34,1.79,-0.83,0.51,-0.25,-0.18,0.23,-0.54,-0.19,0,1,-75.00
1995-02-08T10:00:00,0.54,1.88,-0.77,0.56,-0.17,-0.24,0.15,-0.55,-0.19,0,1,-80.00
