2004-11-02T19:00:00,0.28,-0.63,0.32,0.98,0.41,-0.75,1.17,-0.4,0.01,1,0,0.00
2004-11-02T20:00:00,-0.07,-0.97,0.39,0.92,0.32,-1.07,0.74,-0.37,-0.1,1,0,3.00
2004-11-02T21:00:00,0.25,-1.3,0.39,0.97,-0.23,-0.94,-0.06,-0.4,-0.17,1,0,2.00
2004-11-02T22:00:00,0.31,-1.46,0.39,1.0,-0.48,-0.68,-0.19,-0.43,-0.18,1,0,1.00
2004-11-02T23:00:00,0.29,-1.44,0.44,1.04,-0.52,-0.66,-0.17,-0.44,-0.18,1,0,-1.00
2004-11-03T00:00:00,0.3,-1.35,0.39,1.06,-0.4,-0.79,-0.05,-0.43,-0.17,1,0,0.00
2004-11-03T01:00:00,0.64,-1.18,0.1,1.15,-0.24,-0.76,0.21,-0.28,-0.14,1,0,2.00
2004-11-03T02:00:00,0.85,-0.98,0.38,1.19,-0.32,-0.25,0.2,-0.27,-0.14,1,0,3.00
2004-11-03T03:00:00,0.81,-0.84,0.47,1.17,-0.01,-0.11,0.33,-0.18,-0.11,1,0,3.00
2004-11-03T04:00:00,1.08,-0.45,0.53,1.24,0.26,0.17,0.41,-0.16,-0.1,1,0,3.00
2004-11-03T05:00:00,1.21,-0.33,0.47,1.26,-0.0,0.12,0.45,-0.2,-0.11,1,0,4.00
2004-11-03T06:00:00,1.14,0.13,0.37,1.25,0.47,-0.68,0.62,-0.23,-0.09,1,0,6.00
2004-11-03T07:00:00,0.74,0.29,0.47,1.22,-0.08,0.11,1.05,-0.38,-0.06,1,0,8.00
2004-11-03T08:00:00,0.4,-0.01,0.05,1.2,-0.36,0.12,1.38,-0.35,0.81,1,0,8.00
2004-11-03T09:00:00,0.27,0.73,-0.3,1.15,0.11,-0.0,1.5,-0.35,-0.01,1,0,8.00
2004-11-03T10:00:00,-0.08,0.35,-0.05,1.18,-0.0,0.37,1.32,-0.42,0.45,1,0,7.00
2004-11-03T11:00:00,0.91,-0.6,0.82,1.31,-0.01,0.77,1.32,-0.37,-0.12,1,0,4.00
2004-11-03T12:00:00,0.72,-0.8,0.57,1.23,-0.4,0.58,1.73,-0.36,-0.08,1,0,3.00
2004-11-03T13:00:00,0.52,-0.49,0.67,1.21,-0.45,0.3,1.67,-0.32,-0.01,1,0,1.00
2004-11-03T14:00:00,0.06,0.29,0.93,1.0,0.12,0.55,1.51,-0.35,-0.06,1,0,7.00
2004-11-03T15:00:00,-0.4,0.65,-0.45,0.9,0.36,-0.02,1.69,-0.37,-0.04,1,0,12.00
2004-11-03T16:00:00,-0.41,0.53,-0.58,0.83,0.25,-0.19,1.61,-0.33,-0.03,1,0,14.00
2004-11-03T17:00:00,0.12,0.79,0.03,0.83,0.23,-0.39,1.08,-0.29,0.04,1,0,14.00
2004-11-03T18:00:00,-0.23,0.33,-0.79,0.77,-0.08,-0.6,1.17,-0.28,-0.06,1,0,7.00
2004-11-03T19:00:00,-0.23,0.11,-1.02,0.75,-0.2,-0.6,1.11,-0.34,-0.11,1,0,3.00
2004-11-03T20:00:00,-0.38,0.13,-0.69,0.63,0.09,-0.35,1.26,-0.35,-0.05,1,0,3.00
2004-11-03T21:00:00,0.03,1.05,0.72,0.68,0.45,0.47,1.89,-0.39,-0.1,1,0,-7.00
2004-11-03T22:00:00,0.86,0.16,1.04,0.77,-0.31,0.67,1.83,-0.42,-0.13,1,0,-19.00
2004-11-03T23:00:00,1.01,-0.23,1.01,0.73,-0.38,0.74,2.5,-0.4,-0.11,1,0,-17.00
2004-11-04T00:00:00,0.66,0.23,0.61,0.66,-0.04,0.95,2.3,-0.27,0.1,1,0,-12.00
2004-11-04T01:00:00,0.26,-0.99,0.14,0.53,0.55,-0.13,0.76,0.13,0.08,1,0,-3.00
2004-11-04T02:00:00,-0.06,-0.5,-0.38,0.41,0.53,-0.39,0.61,0.1,0.29,1,0,-3.00
2004-11-04T03:00:00,-0.28,-1.09,-0.23,0.31,0.01,-0.26,0.63,0.03,-0.02,1,0,-7.00
2004-11-04T04:00:00,0.08,-0.77,-0.36,0.22,0.16,-0.63,0.7,-0.04,0.07,1,0,-9.00
2004-11-04T05:00:00,0.64,-0.49,0.2,0.27,0.37,-0.27,0.65,-0.11,0.1,1,0,-8.00
2004-11-04T06:00:00,0.92,-0.32,0.31,0.34,0.45,0.04,0.62,-0.13,-0.01,1,0,-9.00
2004-11-04T07:00:00,0.88,-0.48,0.31,0.36,0.18,-0.08,0.59,-0.11,-0.02,1,0,-11.00
2004-11-04T08:00:00,0.25,-0.3,0.33,0.27,0.11,0.02,0.56,-0.08,0.6,1,0,-13.00
2004-11-04T09:00:00,0.04,-0.52,0.32,0.21,-0.1,0.15,0.49,-0.22,0.18,1,0,-10.00
2004-11-04T10:00:00,0.77,-0.3,0.64,0.29,0.25,0.07,0.62,-0.18,-0.05,1,0,-5.00
2004-11-04T11:00:00,0.6,-0.55,0.55,0.38,0.22,0.13,0.52,-0.06,0.0,1,0,-2.00
2004-11-04T12:00:00,0.21,-0.52,-0.12,0.4,0.24,-0.35,0.4,-0.03,0.33,1,0,0.00
2004-11-04T13:00:00,0.32,-0.33,-0.06,0.4,0.36,-0.49,0.3,0.04,0.67,1,0,1.00
2004-11-04T14:00:00,-0.12,-0.65,0.43,0.35,0.13,-0.02,0.28,-0.18,0.02,1,0,-1.00
2004-11-04T15:00:00,0.79,-0.02,-0.18,0.57,0.57,-0.97,0.69,0.02,0.16,1,0,-2.00
2004-11-04T16:00:00,-0.17,-0.64,-0.06,0.36,0.14,-0.89,0.49,-0.14,0.17,1,0,0.00
2004-11-04T17:00:00,0.24,-0.77,-0.01,0.37,0.42,-1.15,0.39,-0.0,0.11,1,0,-1.00
2004-11-04T18:00:00,-0.03,-0.73,0.27,0.35,0.16,-1.24,0.36,-0.03,0.12,1,0,-9.00
2004-11-04T19:00:00,0.28,-0.54,0.51,0.43,0.21,-1.26,0.27,0.07,0.11,1,0,-13.00
2004-11-04T20:00:00,0.37,-0.26,0.35,0.48,0.3,-1.47,0.21,0.1,0.45,1,0,-12.00
2004-11-04T21:00:00,0.49,-0.42,-0.14,0.48,0.42,-1.82,0.33,0.04,0.24,1,0,-7.00
2004-11-04T22:00:00,0.26,-0.56,-0.3,0.52,0.36,-1.45,0.21,-0.09,0.07,1,0,-4.00
2004-11-04T23:00:00,0.67,-0.59,0.43,0.65,0.1,-0.98,0.16,-0.06,-0.04,1,0,-1.00
2004-11-05T00:00:00,0.34,-0.55,0.44,0.65,0.19,-1.4,0.04,-0.08,0.02,1,0,-5.00
2004-11-05T01:00:00,0.05,-0.49,0.11,0.58,0.03,-2.04,0.0,-0.1,0.3,1,0,-8.00
2004-11-05T02:00:00,0.05,-0.13,0.72,0.64,0.12,-1.17,-0.07,-0.19,-0.05,1,0,-6.00
2004-11-05T03:00:00,0.03,-0.59,0.64,0.67,-0.26,-1.06,-0.11,-0.27,-0.1,1,0,-5.00
2004-11-05T04:00:00,0.14,-0.84,0.18,0.73,-0.53,-1.32,-0.1,-0.27,-0.09,0,0,-6.00
2004-11-05T05:00:00,0.09,-0.19,0.7,0.79,-0.28,-0.64,-0.33,-0.35,-0.12,0,0,-5.00
2004-11-05T06:00:00,0.21,-0.27,0.55,0.92,0.01,-0.28,-0.33,-0.36,-0.1,0,0,-4.00
2004-11-05T07:00:00,0.24,-0.41,0.49,1.0,-0.06,0.26,-0.22,-0.39,-0.1,0,0,-4.00
2004-11-05T08:00:00,0.28,-0.58,0.3,1.0,-0.18,0.16,-0.22,-0.4,-0.11,0,0,-3.00
2004-11-05T09:00:00,0.27,-0.55,0.38,1.02,-0.28,0.35,-0.24,-0.43,-0.12,0,0,-2.00
2004-11-05T10:00:00,-0.06,-0.24,0.43,0.93,-0.04,0.4,-0.23,-0.44,-0.06,0,0,0.00
2004-11-05T11:00:00,-0.31,-0.27,0.35,0.84,-0.2,0.33,-0.31,-0.47,-0.1,0,0,1.00
2004-11-05T12:00:00,0.01,-0.18,0.49,0.93,-0.17,0.6,-0.26,-0.47,-0.09,0,0,0.00
2004-11-05T13:00:00,0.07,-0.26,0.39,0.96,-0.22,0.6,-0.23,-0.42,-0.02,0,0,-3.00
2004-11-05T14:00:00,-0.31,-0.32,0.4,0.88,-0.2,0.61,-0.3,-0.47,-0.11,0,0,-3.00
2004-11-05T15:00:00,0.29,-0.12,0.19,1.01,-0.14,0.47,-0.14,-0.4,0.23,0,0,-3.00
2004-11-05T16:00:00,0.21,-0.28,0.24,0.96,-0.26,0.59,-0.08,-0.37,0.17,0,0,-2.00
2004-11-05T17:00:00,0.13,-0.21,0.15,0.98,-0.1,0.46,-0.13,-0.36,0.67,0,0,0.00
2004-11-05T18:00:00,-0.31,-0.3,0.42,0.97,-0.18,0.6,-0.12,-0.45,-0.09,0,0,-1.00
2004-11-05T19:00:00,-0.28,-0.35,0.41,0.99,-0.24,0.61,-0.12,-0.47,-0.1,0,0,-1.00
2004-11-05T20:00:00,-0.28,-0.51,0.26,1.0,-0.38,0.47,-0.14,-0.48,-0.11,0,0,1.00
2004-11-05T21:00:00,-0.12,-0.54,0.34,1.07,-0.42,0.46,-0.1,-0.48,-0.11,0,0,2.00
2004-11-05T22:00:00,0.53,-0.07,0.27,1.25,-0.12,0.4,-0.03,-0.38,-0.02,0,0,4.00
2004-11-05T23:00:00,0.47,-0.27,0.32,1.26,-0.25,0.45,-0.02,-0.44,-0.07,0,0,4.00
2004-11-06T00:00:00,0.34,-0.58,0.21,1.27,-0.5,0.34,-0.08,-0.5,-0.13,0,0,5.00
2004-11-06T01:00:00,0.3,-0.62,0.04,1.28,-0.48,0.23,-0.07,-0.49,-0.13,0,0,6.00
2004-11-06T02:00:00,0.32,-0.59,0.14,1.3,-0.46,0.35,-0.11,-0.49,-0.12,0,0,6.00
2004-11-06T03:00:00,0.3,-0.6,0.21,1.31,-0.41,0.42,-0.11,-0.49,-0.13,0,0,6.00
2004-11-06T04:00:00,0.24,-0.65,0.16,1.3,-0.46,0.41,-0.1,-0.5,-0.14,0,0,5.00
2004-11-06T05:00:00,0.03,-0.63,0.26,1.27,-0.07,0.15,-0.13,-0.51,-0.14,0,0,4.00
2004-11-06T06:00:00,-0.23,-0.59,0.26,1.22,-0.28,0.36,-0.2,-0.52,-0.15,0,0,6.00
2004-11-06T07:00:00,-0.52,-0.46,0.34,1.18,-0.13,0.39,-0.26,-0.55,-0.17,0,0,7.00
2004-11-06T08:00:00,-0.45,-0.63,0.26,1.2,-0.23,0.33,-0.15,-0.54,-0.16,0,0,7.00
2004-11-06T09:00:00,-0.49,-0.36,0.39,1.21,-0.08,0.51,-0.38,-0.57,-0.17,0,0,6.00
2004-11-06T10:00:00,-0.35,-0.41,0.37,1.26,-0.17,0.46,-0.27,-0.55,-0.16,0,0,6.00
2004-11-06T11:00:00,0.07,-0.77,0.31,1.34,-0.52,0.53,-0.05,-0.54,-0.16,0,0,6.00
2004-11-06T12:00:00,0.48,-0.32,0.17,1.43,-0.04,0.26,0.06,-0.42,-0.04,0,0,6.00
2004-11-06T13:00:00,0.09,-0.34,0.37,1.46,0.3,1.55,1.92,-0.5,0.18,0,0,7.00
2004-11-06T14:00:00,0.14,-0.0,0.52,0.92,0.73,6.23,7.01,-0.58,0.18,0,0,7.00
2004-11-06T15:00:00,0.5,-0.25,0.41,1.5,-1.04,0.09,0.13,-0.47,-0.1,0,0,5.00
2004-11-06T16:00:00,0.39,-0.48,0.29,1.45,-0.18,0.52,0.01,-0.48,-0.11,0,0,5.00
2004-11-06T17:00:00,0.03,-0.46,-0.31,1.42,-0.25,0.18,-0.1,-0.5,-0.12,0,0,4.00
2004-11-06T18:00:00,-0.04,-0.27,-0.03,1.4,-0.14,0.33,-0.21,-0.47,0.16,0,0,5.00
2004-11-06T19:00:00,-0.42,-0.35,-0.02,1.35,-0.22,0.31,-0.24,-0.49,-0.11,0,0,6.00
2004-11-06T20:00:00,0.01,-0.38,0.21,1.43,-0.25,0.47,-0.19,-0.47,-0.01,0,0,1.00
2004-11-06T21:00:00,0.1,-0.37,0.27,1.45,-0.31,0.54,-0.19,-0.48,-0.04,0,0,2.00
2004-11-06T22:00:00,-0.27,-0.4,-0.1,1.4,-0.27,0.28,-0.18,-0.51,-0.1,0,0,5.00
2004-11-06T23:00:00,-0.29,-0.37,-0.19,1.41,-0.27,0.12,-0.19,-0.51,-0.12,0,0,7.00
2004-11-07T00:00:00,0.22,-0.18,0.29,1.51,-0.21,0.56,-0.18,-0.48,0.02,0,0,10.00
2004-11-07T01:00:00,0.39,-0.45,0.29,1.53,-0.46,0.46,-0.07,-0.46,-0.1,0,0,12.00
2004-11-07T02:00:00,0.86,-0.86,-0.58,1.13,-1.54,-0.14,1.4,-0.27,-0.1,0,0,9.00
2004-11-07T03:00:00,0.37,-1.05,0.52,1.1,-1.28,-0.03,1.6,-0.32,-0.07,0,0,8.00
2004-11-07T04:00:00,0.39,-1.06,0.65,1.13,-1.37,-0.07,1.68,-0.41,-0.12,0,0,19.00
2004-11-07T05:00:00,0.24,-1.03,0.92,1.16,-1.4,0.09,1.68,-0.44,-0.14,0,0,14.00
2004-11-07T06:00:00,0.53,-0.79,0.85,1.22,-1.46,0.22,1.8,-0.46,-0.13,0,0,16.00
2004-11-07T07:00:00,-0.11,-0.17,1.05,1.25,-1.32,0.07,2.12,-0.49,-0.12,0,0,17.00
2004-11-07T08:00:00,-0.24,-0.23,0.98,1.29,-1.47,0.29,2.39,-0.5,-0.11,0,0,16.00
2004-11-07T09:00:00,0.29,-0.55,0.59,1.26,-1.46,0.59,3.38,-0.53,-0.06,0,0,17.00
2004-11-07T10:00:00,1.1,-1.21,1.19,0.68,-2.59,0.84,9.78,-0.41,-0.07,0,0,16.00
2004-11-07T11:00:00,-0.01,0.59,0.11,0.71,-2.36,0.79,15.21,-0.43,1.68,0,0,25.00
2004-11-07T12:00:00,0.49,-1.56,1.58,0.7,-1.64,0.61,12.22,-0.33,-0.04,0,0,50.00
2004-11-07T13:00:00,-0.09,0.41,1.85,0.69,-1.51,0.36,8.97,-0.16,0.02,0,0,55.00
2004-11-07T14:00:00,-1.53,2.27,-1.39,0.55,-0.77,0.7,3.97,0.3,-0.1,0,0,44.00
2004-11-07T15:00:00,-1.93,2.56,-0.8,0.27,0.57,0.61,2.27,0.79,-0.11,0,0,43.00
2004-11-07T16:00:00,-1.9,2.83,1.64,0.08,1.02,-0.22,1.99,1.23,-0.11,0,0,30.00
2004-11-07T17:00:00,-0.72,1.93,2.41,0.12,0.79,0.35,2.3,1.72,-0.06,0,0,8.00
2004-11-07T18:00:00,-0.94,4.69,4.23,-1.54,0.48,0.3,8.05,4.08,-0.0,0,0,-15.00
2004-11-07T19:00:00,1.34,-1.37,2.39,-1.86,-0.49,-1.21,6.59,5.26,0.65,0,0,18.00
2004-11-07T20:00:00,-1.46,4.16,-2.42,-1.78,-0.49,-1.51,3.02,9.3,0.1,0,0,61.00
2004-11-07T21:00:00,-4.04,6.73,-0.69,-1.69,-0.24,-2.38,1.33,5.25,-0.15,0,0,22.00
2004-11-07T22:00:00,-0.33,2.1,-4.17,-2.04,1.84,0.54,3.4,1.07,-0.14,0,0,-74.00
2004-11-07T23:00:00,3.68,-3.86,-5.14,-1.5,1.42,2.11,2.16,-0.42,-0.19,0,0,-77.00
2004-11-08T00:00:00,2.91,-3.49,-5.66,-1.43,1.56,1.22,1.81,-0.51,-0.19,0,0,-117.00
2004-11-08T01:00:00,1.46,-2.4,-6.21,-1.47,1.96,1.07,0.78,-0.49,-0.19,0,0,-179.00
2004-11-08T02:00:00,-0.16,0.02,-6.81,-1.68,2.59,0.73,2.07,-0.5,-0.19,0,0,-186.00
2004-11-08T03:00:00,-1.19,0.69,-6.42,-1.62,2.19,0.29,1.12,-0.25,-0.19,0,0,-224.00
2004-11-08T04:00:00,0.22,1.41,-5.06,-1.98,1.55,1.08,0.58,-0.29,-0.19,0,0,-272.00
2004-11-08T05:00:00,0.95,1.57,-3.57,-2.38,1.14,1.5,0.08,-0.52,-0.19,0,1,-342.00
2004-11-08T06:00:00,0.94,1.74,-3.24,-2.23,0.86,1.3,-0.05,-0.5,-0.19,0,1,-368.00
2004-11-08T07:00:00,1.57,1.95,-2.67,-2.24,0.46,1.21,-0.39,-0.5,-0.19,0,1,-374.00
2004-11-08T08:00:00,1.16,2.29,-2.01,-2.03,0.04,0.95,-0.37,-0.47,-0.19,0,1,-343.00
2004-11-08T09:00:00,0.76,1.87,-1.98,-1.96,0.16,1.02,-0.55,-0.45,-0.19,0,1,-320.00
2004-11-08T10:00:00,1.22,2.14,-1.18,-1.9,0.09,1.22,-0.85,-0.48,-0.19,0,1,-299.00
2004-11-08T11:00:00,1.17,2.11,-0.26,-1.95,0.17,0.04,-0.8,-0.5,-0.19,0,1,-234.00
2004-11-08T12:00:00,0.81,1.87,0.23,-1.83,-0.55,-0.48,-0.71,-0.42,-0.19,0,1,-215.00
2004-11-08T13:00:00,0.55,1.48,0.73,-1.74,-0.01,-1.02,-0.74,-0.35,-0.19,0,1,-181.00
2004-11-08T14:00:00,0.32,1.42,0.72,-1.62,-0.51,-1.82,-0.75,-0.44,-0.19,0,1,-168.00
2004-11-08T15:00:00,0.15,1.3,0.65,-1.52,-0.64,-1.06,-0.74,-0.5,-0.19,0,1,-160.00
2004-11-08T16:00:00,0.03,0.83,0.87,-1.48,0.26,-0.86,-0.85,-0.5,-0.19,0,1,-149.00
2004-11-08T17:00:00,0.17,0.65,-0.36,-1.43,0.95,0.45,-0.73,-0.47,-0.18,0,1,-145.00
2004-11-08T18:00:00,0.03,0.58,-0.61,-1.45,0.94,0.61,-0.71,-0.44,-0.18,0,1,-135.00
2004-11-08T19:00:00,-0.34,0.61,-0.67,-1.15,1.31,0.48,-0.7,-0.49,-0.18,0,1,-128.00
2004-11-08T20:00:00,-0.38,0.73,-0.68,-1.17,1.24,0.43,-0.67,-0.5,-0.19,0,1,-125.00
2004-11-08T21:00:00,-0.2,0.74,-0.77,-1.23,1.05,0.52,-0.69,-0.5,-0.19,0,1,-125.00
2004-11-08T22:00:00,-0.2,0.8,-0.72,-1.02,0.93,-0.04,-0.83,-0.51,-0.19,0,1,-118.00
2004-11-08T23:00:00,0.14,0.72,-0.77,-1.1,1.28,-0.03,-0.73,-0.48,-0.19,0,1,-122.00
2004-11-09T00:00:00,-0.3,0.69,-0.62,-1.01,1.12,0.31,-0.72,-0.38,-0.18,0,1,-126.00
2004-11-09T01:00:00,-0.33,0.72,-0.61,-1.04,0.83,0.08,-0.81,-0.42,-0.18,0,1,-127.00
2004-11-09T02:00:00,-0.44,0.77,-0.51,-0.96,0.92,0.14,-0.81,-0.42,-0.19,0,1,-129.00
2004-11-09T03:00:00,-0.63,0.6,-0.49,-1.11,0.64,-0.07,-0.82,-0.35,-0.18,0,1,-129.00
2004-11-09T04:00:00,-0.42,0.72,-0.52,-1.02,0.35,-0.0,-0.76,-0.46,-0.18,0,1,-122.00
2004-11-09T05:00:00,-0.56,0.37,-0.45,-1.12,0.81,-0.01,-0.78,-0.43,-0.18,0,1,-125.00
2004-11-09T06:00:00,-0.59,0.4,-0.47,-1.1,0.8,-0.34,-0.8,-0.39,-0.18,0,1,-118.00
2004-11-09T07:00:00,-0.36,0.26,-0.32,-1.07,0.4,-0.13,-0.72,-0.42,-0.16,0,1,-116.00
2004-11-09T08:00:00,-0.36,0.48,-0.31,-0.95,-0.22,-0.74,-0.78,-0.43,-0.17,0,1,-103.00
2004-11-09T09:00:00,-0.3,1.52,-0.39,-1.95,-1.64,-4.39,-0.21,1.85,-0.04,0,1,-104.00
2004-11-09T10:00:00,-0.13,1.02,-0.49,-2.48,-0.42,-5.46,0.07,4.9,0.62,0,1,-93.00
2004-11-09T11:00:00,0.77,0.94,-0.82,-2.63,-0.24,-4.66,0.22,3.4,0.21,0,0,-78.00
2004-11-09T12:00:00,-0.86,0.6,-0.96,-2.09,0.13,-3.65,0.44,2.73,0.2,0,0,-70.00
2004-11-09T13:00:00,-0.17,0.32,-1.11,-2.21,0.17,-2.6,0.89,3.19,0.53,0,0,-92.00
2004-11-09T14:00:00,-0.24,0.03,-0.9,-1.88,0.39,-2.19,0.58,2.18,0.49,0,0,-106.00
2004-11-09T15:00:00,-0.35,-0.7,-0.46,-1.74,0.41,-2.12,0.5,1.75,0.57,0,0,-118.00
2004-11-09T16:00:00,-0.01,-0.76,-0.32,-1.82,0.32,-1.69,0.82,1.21,0.74,0,0,-138.00
2004-11-09T17:00:00,-0.11,-0.28,-0.1,-1.72,-0.25,-1.29,0.95,0.96,5.12,0,0,-139.00
2004-11-09T18:00:00,-0.58,0.96,-0.89,-2.28,-1.37,-0.63,2.93,2.16,0.7,0,0,-129.00
2004-11-09T19:00:00,0.32,0.82,-3.33,-3.1,-0.43,0.19,2.98,2.88,-0.02,0,0,-110.00
2004-11-09T20:00:00,-1.9,-0.3,2.19,-3.07,-0.79,0.11,1.93,1.25,-0.07,0,0,-106.00
2004-11-09T21:00:00,-1.61,-0.96,5.91,-3.09,-1.52,0.34,0.29,-0.14,-0.19,0,1,-181.00
2004-11-09T22:00:00,-1.26,-0.59,5.39,-3.16,0.3,0.16,2.02,-0.15,-0.18,0,1,-214.00
2004-11-09T23:00:00,-0.7,-4.22,4.23,-3.15,0.88,0.51,1.14,-0.19,-0.19,0,1,-182.00
2004-11-10T00:00:00,-1.06,-5.17,3.12,-3.06,1.25,-0.14,1.97,-0.27,-0.19,0,1,-173.00
2004-11-10T01:00:00,0.23,-5.16,-1.48,-2.85,0.53,-0.64,1.95,-0.22,-0.18,0,1,-151.00
2004-11-10T02:00:00,-1.02,-5.12,-0.35,-2.91,-0.38,-0.25,1.93,-0.31,-0.18,0,1,-135.00
2004-11-10T03:00:00,-1.08,-5.27,-1.49,-2.85,-1.17,-0.08,1.17,-0.47,-0.19,0,1,-148.00
2004-11-10T04:00:00,-0.91,-3.56,-3.32,-2.65,-0.83,-0.47,0.92,-0.51,-0.19,0,1,-155.00
2004-11-10T05:00:00,-0.51,-2.31,-3.51,-2.52,-0.31,-0.22,0.36,-0.5,-0.19,0,1,-152.00
2004-11-10T06:00:00,-0.38,-1.3,-3.66,-2.33,-0.31,-0.42,0.01,-0.5,-0.19,0,1,-197.00
2004-11-10T07:00:00,-0.32,-0.32,-3.43,-2.29,-0.14,-0.29,0.34,-0.52,-0.19,0,1,-240.00
2004-11-10T08:00:00,-0.34,-0.13,-3.14,-2.24,-0.57,-0.06,1.19,-0.53,-0.19,0,1,-259.00
2004-11-10T09:00:00,-0.51,1.13,-2.63,-2.16,0.0,0.46,0.24,-0.5,-0.19,0,1,-258.00
2004-11-10T10:00:00,-0.99,1.78,-1.82,-2.0,0.2,0.71,-0.23,-0.49,-0.19,0,1,-258.00
2004-11-10T11:00:00,-0.82,2.25,-1.25,-1.83,0.33,1.34,-0.37,-0.44,-0.19,0,1,-263.00
2004-11-10T12:00:00,-0.17,2.3,-1.0,-1.76,0.01,1.48,-0.47,-0.49,-0.19,0,1,-232.00
2004-11-10T13:00:00,-0.77,1.91,-1.02,-1.56,0.32,1.46,-0.39,-0.5,-0.19,0,1,-234.00
2004-11-10T14:00:00,-0.49,1.83,-0.86,-1.22,0.5,2.71,-0.59,-0.49,-0.19,0,1,-206.00
2004-11-10T15:00:00,-0.33,1.75,-0.61,-1.18,1.06,2.81,-0.7,-0.53,-0.19,0,1,-176.00
2004-11-10T16:00:00,0.39,1.58,-0.08,-1.55,0.21,0.04,-0.38,-0.49,-0.19,0,1,-171.00
2004-11-10T17:00:00,-0.29,0.97,-0.57,-1.51,0.2,-0.41,0.71,-0.45,-0.15,0,0,-164.00
2004-11-10T18:00:00,0.37,0.85,0.03,-1.47,0.48,-0.75,0.78,-0.37,-0.08,0,0,-135.00
2004-11-10T19:00:00,-0.25,1.0,-0.23,-1.46,0.42,-0.8,0.12,-0.43,-0.15,0,0,-118.00
2004-11-10T20:00:00,0.14,1.14,0.07,-1.34,0.25,-0.38,-0.2,-0.48,-0.17,0,0,-122.00
2004-11-10T21:00:00,0.26,1.12,0.29,-1.24,0.2,-0.23,-0.29,-0.41,-0.17,0,0,-120.00
2004-11-10T22:00:00,0.27,1.2,0.19,-1.04,-0.01,-0.11,-0.42,-0.5,-0.18,0,0,-118.00
2004-11-10T23:00:00,-0.08,1.15,-0.0,-0.98,0.12,-0.05,-0.51,-0.51,-0.18,0,0,-112.00
2004-11-11T00:00:00,-0.16,1.03,-0.0,-1.36,0.73,-0.9,-0.43,-0.44,-0.17,0,0,-109.00
2004-11-11T01:00:00,-0.4,1.05,-0.16,-1.27,0.3,-0.33,-0.54,-0.47,-0.18,0,0,-105.00
2004-11-11T02:00:00,-0.15,0.98,0.19,-1.18,0.26,0.08,-0.52,-0.44,-0.17,0,0,-97.00
2004-11-11T03:00:00,-0.57,0.75,-0.3,-1.12,-0.26,-0.3,-0.64,-0.46,-0.18,0,0,-97.00
2004-11-11T04:00:00,-0.73,0.47,-0.57,-0.96,-0.66,-0.22,-0.72,-0.46,-0.18,0,0,-97.00
2004-11-11T05:00:00,-0.78,0.26,-0.52,-1.06,0.05,-0.62,-0.27,-0.43,-0.16,0,0,-103.00
2004-11-11T06:00:00,-0.52,0.31,0.61,-1.14,0.29,-0.15,1.47,-0.51,-0.11,0,0,-106.00
2004-11-11T07:00:00,-0.41,0.29,0.4,-1.07,0.23,-0.16,1.73,-0.51,-0.02,0,0,-103.00
2004-11-11T08:00:00,-0.56,0.22,0.01,-1.05,-0.05,-0.59,1.06,-0.48,-0.01,0,0,-99.00
2004-11-11T09:00:00,-0.8,0.18,0.09,-1.09,-0.08,-0.18,0.36,-0.51,-0.14,0,0,-90.00
2004-11-11T10:00:00,-0.74,0.43,0.2,-1.04,0.0,0.02,0.33,-0.53,-0.15,0,0,-80.00
2004-11-11T11:00:00,-0.62,0.4,0.24,-0.95,0.07,0.11,0.58,-0.54,-0.14,0,0,-85.00
2004-11-11T12:00:00,-0.64,0.3,0.01,-0.88,0.08,0.27,0.1,-0.53,-0.14,0,0,-82.00
2004-11-11T13:00:00,-0.65,0.29,0.07,-0.88,0.23,0.11,-0.19,-0.54,-0.16,0,0,-76.00
2004-11-11T14:00:00,-0.58,0.29,0.17,-0.87,0.18,-0.06,0.3,-0.54,-0.13,0,0,-77.00
2004-11-11T15:00:00,-0.52,0.34,0.3,-0.8,0.07,-0.09,0.2,-0.54,-0.14,0,0,-81.00
2004-11-11T16:00:00,-0.84,0.37,0.33,-0.8,-0.02,-0.6,0.13,-0.5,-0.16,0,0,-75.00
2004-11-11T17:00:00,-1.48,0.82,0.55,-0.87,-0.33,-2.74,1.28,-0.44,-0.16,0,0,-73.00
2004-11-11T18:00:00,-1.54,0.7,0.43,-0.83,-0.37,-2.07,0.78,-0.35,-0.15,0,0,-58.00
2004-11-11T19:00:00,-1.25,0.39,0.63,-0.97,0.13,-2.32,-0.11,0.22,-0.12,0,0,-52.00
2004-11-11T20:00:00,-0.95,0.5,0.79,-1.1,-0.04,-3.69,0.01,0.29,-0.08,0,0,-61.00
2004-11-11T21:00:00,-0.93,0.83,0.28,-1.09,-0.99,-1.75,3.25,-0.14,0.08,0,0,-59.00
2004-11-11T22:00:00,0.5,-0.08,-0.19,-1.3,-1.12,-1.49,1.25,0.72,1.74,0,0,-44.00
2004-11-11T23:00:00,1.9,-1.2,-0.25,-1.19,-1.26,-1.53,0.6,0.93,-0.09,0,0,-40.00
2004-11-12T00:00:00,1.83,-1.37,-0.16,-1.27,-0.92,-0.65,0.33,0.74,-0.12,0,0,-46.00
2004-11-12T01:00:00,0.89,0.29,-0.53,-1.71,1.05,-0.2,0.47,1.35,0.27,0,0,-60.00
2004-11-12T02:00:00,-0.13,1.66,0.07,-1.86,2.19,-0.45,1.2,0.92,0.06,0,0,-64.00
2004-11-12T03:00:00,-0.68,1.35,0.07,-1.84,2.11,-0.4,1.41,0.59,0.08,0,0,-68.00
2004-11-12T04:00:00,-0.34,0.95,0.41,-1.61,2.29,-1.2,1.11,0.35,0.16,0,0,-82.00
2004-11-12T05:00:00,0.32,0.18,1.32,-1.49,1.87,-2.79,1.38,-0.03,-0.06,0,0,-80.00
2004-11-12T06:00:00,0.26,-0.87,0.65,-1.38,1.88,-2.19,2.49,-0.17,0.08,0,0,-73.00
2004-11-12T07:00:00,0.1,-0.98,-0.09,-1.32,1.56,-1.94,2.66,-0.25,0.12,0,0,-62.00
2004-11-12T08:00:00,-0.13,-0.61,-0.4,-1.19,1.32,-1.75,0.72,-0.29,-0.01,0,0,-51.00
2004-11-12T09:00:00,0.88,-1.25,1.26,-1.12,1.52,-1.09,-0.63,-0.37,-0.19,0,1,-62.00
2004-11-12T10:00:00,0.95,-1.46,0.99,-1.01,1.21,-0.96,-0.88,-0.35,-0.19,0,1,-83.00
2004-11-12T11:00:00,0.96,-1.41,0.79,-1.07,1.34,-0.72,-0.75,-0.3,-0.19,0,1,-92.00
2004-11-12T12:00:00,0.82,-1.42,0.74,-1.06,1.39,-0.42,-0.66,-0.27,-0.18,0,1,-87.00
2004-11-12T13:00:00,0.45,-0.78,0.15,-0.96,1.74,-0.62,-0.1,-0.0,-0.04,0,1,-80.00
2004-11-12T14:00:00,0.65,-1.53,0.03,-1.01,1.14,-0.04,0.77,-0.47,-0.17,0,1,-74.00
2004-11-12T15:00:00,0.81,-1.19,-0.52,-0.96,1.14,-0.0,0.38,-0.38,-0.16,0,1,-63.00
2004-11-12T16:00:00,0.43,-0.98,-0.36,-0.89,1.11,0.08,0.28,-0.3,-0.12,0,1,-61.00
2004-11-12T17:00:00,0.87,-0.73,-0.52,-0.88,0.69,0.68,0.54,-0.44,-0.15,0,1,-71.00
2004-11-12T18:00:00,1.21,0.23,-0.44,-0.96,0.11,0.96,0.14,-0.5,-0.17,0,1,-71.00
2004-11-12T19:00:00,1.24,0.17,-0.29,-0.95,-0.3,0.66,-0.02,-0.52,-0.18,0,1,-69.00
2004-11-12T20:00:00,1.22,-0.23,-0.26,-0.89,0.15,1.03,-0.2,-0.53,-0.18,0,1,-78.00
2004-11-12T21:00:00,1.18,-0.12,-0.15,-0.82,-0.08,0.92,-0.24,-0.54,-0.18,0,1,-81.00
2004-11-12T22:00:00,1.12,-0.07,-0.13,-0.75,-0.09,0.73,-0.26,-0.54,-0.18,0,1,-80.00
2004-11-12T23:00:00,1.08,-0.06,-0.12,-0.68,-0.14,0.69,-0.35,-0.53,-0.18,0,1,-71.00
2004-11-13T00:00:00,1.03,-0.11,-0.16,-0.6,0.01,0.44,-0.3,-0.54,-0.18,0,1,-67.00
2004-11-13T01:00:00,0.96,-0.07,-0.16,-0.57,-0.24,0.82,-0.45,-0.51,-0.18,0,1,-64.00
2004-11-13T02:00:00,0.94,-0.13,-0.12,-0.5,-0.06,0.89,-0.34,-0.53,-0.18,0,1,-64.00
2004-11-13T03:00:00,0.87,-0.03,-0.12,-0.33,0.13,0.76,-0.1,-0.53,-0.16,0,1,-64.00
2004-11-13T04:00:00,0.81,-0.06,-0.12,-0.23,0.01,0.89,0.02,-0.53,-0.16,0,1,-64.00
2004-11-13T05:00:00,0.77,-0.08,-0.14,-0.19,0.11,0.93,-0.04,-0.52,-0.15,0,1,-61.00
2004-11-13T06:00:00,0.71,-0.15,-0.23,-0.21,0.14,1.14,-0.38,-0.45,-0.15,0,1,-59.00
2004-11-13T07:00:00,0.68,-0.17,-0.22,-0.14,0.26,0.98,-0.44,-0.5,-0.16,0,1,-59.00
2004-11-13T08:00:00,0.48,-0.13,-0.14,0.06,0.09,0.48,-0.07,-0.53,-0.11,0,1,-58.00
2004-11-13T09:00:00,0.52,-0.25,-0.15,0.07,0.06,0.22,0.11,-0.54,-0.13,0,0,-60.00
2004-11-13T10:00:00,0.5,-0.18,-0.15,0.03,0.02,0.47,-0.09,-0.44,-0.07,0,0,-58.00
2004-11-13T11:00:00,0.05,0.2,0.08,-0.15,-0.21,0.91,-0.05,-0.4,0.78,0,0,-55.00
2004-11-13T12:00:00,-0.04,-0.64,0.19,-0.04,-0.15,0.67,-0.1,-0.45,-0.1,0,0,-51.00
2004-11-13T13:00:00,0.25,-0.54,0.19,0.02,-0.42,0.6,0.07,-0.47,-0.08,0,0,-51.00
2004-11-13T14:00:00,0.56,-0.61,0.11,0.04,-0.41,0.32,-0.15,-0.49,-0.15,0,0,-49.00
2004-11-13T15:00:00,0.73,-0.58,-0.06,0.11,-0.27,-0.05,-0.27,-0.47,-0.16,0,0,-48.00
2004-11-13T16:00:00,0.75,-0.61,0.13,0.15,-0.44,0.06,-0.22,-0.46,-0.16,0,0,-48.00
2004-11-13T17:00:00,0.64,-0.64,0.24,0.1,-0.67,0.43,-0.14,-0.43,-0.15,0,0,-51.00
2004-11-13T18:00:00,0.19,-0.77,0.34,-0.04,-0.81,0.31,-0.14,-0.4,-0.13,0,0,-50.00
2004-11-13T19:00:00,0.84,-0.65,-0.05,0.12,-1.02,-0.1,-0.18,-0.46,-0.16,0,0,-48.00
2004-11-13T20:00:00,0.28,-0.89,0.61,-0.12,-0.89,0.73,-0.33,-0.46,-0.17,0,0,-48.00
2004-11-13T21:00:00,0.55,-0.45,0.24,-0.12,-0.63,0.28,-0.35,-0.13,-0.06,0,0,-51.00
2004-11-13T22:00:00,0.73,-0.12,-0.38,-0.2,-0.09,-0.64,-0.24,0.11,-0.04,0,0,-52.00
2004-11-13T23:00:00,0.8,-0.19,-0.39,-0.25,-0.07,-0.64,-0.15,0.02,-0.06,0,0,-49.00
2004-11-14T00:00:00,0.91,-0.07,-0.43,-0.28,0.14,-0.88,-0.2,-0.14,-0.12,0,0,-44.00
2004-11-14T01:00:00,0.9,-0.28,-0.41,-0.29,-0.08,-1.05,-0.25,-0.16,-0.13,0,0,-48.00
2004-11-14T02:00:00,1.0,-0.15,-0.19,-0.27,0.02,-0.6,-0.26,-0.26,-0.14,0,0,-58.00
2004-11-14T03:00:00,0.72,0.4,0.16,-0.31,0.77,-0.13,-0.28,-0.14,-0.08,0,0,-58.00
2004-11-14T04:00:00,0.55,-0.3,0.64,-0.33,-0.31,0.8,-0.25,-0.2,-0.11,0,0,-58.00
2004-11-14T05:00:00,0.3,0.3,0.59,-0.35,0.21,0.51,-0.26,-0.13,-0.05,0,0,-56.00
2004-11-14T06:00:00,0.33,0.17,0.11,-0.32,-0.09,-0.53,-0.33,-0.08,0.38,0,0,-53.00
2004-11-14T07:00:00,0.48,-0.11,0.35,-0.18,-0.61,-0.06,-0.31,-0.13,0.03,0,0,-52.00
2004-11-14T08:00:00,0.66,-0.06,0.3,-0.07,-0.6,0.13,-0.37,-0.3,-0.1,0,0,-57.00
2004-11-14T09:00:00,-0.61,0.06,0.51,-0.69,-0.24,0.93,-0.52,-0.29,-0.14,0,0,-57.00
2004-11-14T10:00:00,-0.01,0.09,0.38,-0.34,-0.07,0.24,-0.48,-0.24,0.12,0,0,-54.00
2004-11-14T11:00:00,0.77,-0.01,-0.07,0.08,-0.25,-0.6,-0.49,-0.4,-0.15,0,0,-54.00
2004-11-14T12:00:00,0.79,-0.2,-0.04,0.05,-0.48,-0.26,-0.43,-0.37,-0.14,0,0,-53.00
2004-11-14T13:00:00,0.25,-0.14,0.62,-0.24,-0.33,0.74,-0.4,-0.11,-0.05,0,0,-52.00
2004-11-14T14:00:00,0.54,-0.15,0.54,-0.08,0.66,1.01,-0.28,-0.12,-0.06,0,0,-51.00
2004-11-14T15:00:00,-0.13,-0.1,0.8,-0.39,-0.01,1.14,-0.36,-0.23,-0.12,0,0,-48.00
2004-11-14T16:00:00,0.54,-0.4,0.61,-0.02,-0.36,0.69,-0.31,-0.23,-0.12,0,0,-45.00
2004-11-14T17:00:00,0.69,-0.4,0.36,0.08,-0.26,0.24,-0.27,-0.23,-0.1,0,0,-44.00
2004-11-14T18:00:00,0.6,-0.38,0.53,0.11,-0.37,0.53,-0.33,-0.25,-0.12,0,0,-41.00
2004-11-14T19:00:00,0.58,-0.58,0.44,0.13,-0.64,0.34,-0.4,-0.37,-0.15,0,0,-43.00
2004-11-14T20:00:00,0.71,-0.54,0.38,0.28,-0.55,0.18,-0.39,-0.35,-0.15,0,0,-44.00
2004-11-14T21:00:00,0.61,-0.6,0.49,0.23,-0.71,0.52,-0.4,-0.36,-0.15,0,0,-44.00
2004-11-14T22:00:00,0.52,-0.5,0.43,0.17,-0.42,0.41,-0.27,-0.3,-0.11,0,0,-42.00
2004-11-14T23:00:00,0.41,-0.66,0.61,0.1,-0.74,0.83,-0.37,-0.31,-0.15,0,0,-41.00
2004-11-15T00:00:00,0.59,-0.49,0.44,0.21,-0.42,0.37,-0.33,-0.32,-0.13,0,0,-40.00
2004-11-15T01:00:00,0.89,0.04,0.22,0.35,0.57,-0.09,-0.32,-0.38,-0.14,0,0,-39.00
2004-11-15T02:00:00,0.79,-0.51,0.4,0.28,-0.36,0.3,-0.29,-0.32,-0.14,0,0,-39.00
2004-11-15T03:00:00,0.83,-0.4,0.22,0.33,-0.15,-0.14,-0.29,-0.34,-0.14,0,0,-41.00
2004-11-15T04:00:00,0.69,-0.62,0.27,0.29,-0.61,-0.09,-0.31,-0.29,-0.13,0,0,-39.00
2004-11-15T05:00:00,0.04,-0.52,0.58,-0.01,0.23,0.19,-0.32,-0.18,-0.08,0,0,-40.00
2004-11-15T06:00:00,0.01,-0.62,0.68,-0.02,-0.54,0.52,-0.32,-0.14,-0.11,0,0,-41.00
2004-11-15T07:00:00,0.33,-0.62,0.46,0.16,-0.52,0.03,-0.33,-0.18,-0.1,0,0,-38.00
2004-11-15T08:00:00,-0.03,-0.61,0.6,0.01,-0.46,0.22,-0.3,-0.12,-0.09,0,0,-38.00
2004-11-15T09:00:00,0.44,-0.51,0.46,0.22,-0.19,0.06,-0.27,-0.13,-0.07,0,0,-38.00
2004-11-15T10:00:00,0.52,-0.41,0.5,0.29,-0.12,0.25,-0.27,-0.11,-0.07,0,0,-36.00
2004-11-15T11:00:00,0.81,-0.42,0.3,0.43,-0.18,-0.12,-0.25,-0.2,-0.11,0,0,-37.00
2004-11-15T12:00:00,0.51,-0.4,0.46,0.32,-0.28,0.04,-0.24,-0.25,-0.09,0,0,-39.00
2004-11-15T13:00:00,0.79,-0.38,0.37,0.52,-0.26,0.26,-0.24,-0.33,-0.13,0,0,-41.00
2004-11-15T14:00:00,0.73,-0.52,0.38,0.51,-0.46,0.43,-0.3,-0.34,-0.14,0,0,-41.00
2004-11-15T15:00:00,0.46,-0.52,0.58,0.39,-0.19,0.55,-0.25,-0.27,-0.12,0,0,-40.00
2004-11-15T16:00:00,0.55,-0.7,0.35,0.45,-0.46,0.3,-0.27,-0.3,-0.13,0,0,-40.00
2004-11-15T17:00:00,0.67,-0.57,0.43,0.59,-0.44,0.22,-0.24,-0.36,-0.14,0,0,-41.00
2004-11-15T18:00:00,0.63,-0.56,0.41,0.69,-0.33,0.18,-0.21,-0.31,-0.13,0,0,-41.00
2004-11-15T19:00:00,0.71,-0.46,0.41,0.71,-0.18,0.36,-0.21,-0.35,-0.13,0,0,-41.00
2004-11-15T20:00:00,0.55,-0.46,0.36,0.74,-0.22,0.46,-0.17,-0.32,-0.1,0,0,-38.00
2004-11-15T21:00:00,0.62,-0.44,0.33,0.84,-0.31,0.62,-0.15,-0.32,-0.1,0,0,-36.00
2004-11-15T22:00:00,0.64,-0.41,0.34,0.83,-0.21,0.58,-0.13,-0.3,-0.09,0,0,-31.00
2004-11-15T23:00:00,0.39,-0.4,0.47,0.89,-0.58,1.01,0.04,-0.4,-0.09,0,0,-28.00
2004-11-16T00:00:00,0.03,-0.12,0.4,0.77,-0.76,0.71,0.3,-0.34,0.33,0,0,-27.00
2004-11-16T01:00:00,0.3,-0.07,0.11,0.78,-0.43,0.38,0.39,-0.2,1.23,0,0,-24.00
2004-11-16T02:00:00,0.18,0.11,0.05,0.74,-0.2,0.35,0.6,-0.19,3.17,0,0,-23.00
2004-11-16T03:00:00,-0.24,0.27,0.25,0.69,-0.31,0.43,0.81,-0.26,0.58,0,0,-23.00
2004-11-16T04:00:00,0.01,0.35,-0.02,0.65,0.0,0.21,1.01,-0.2,1.02,0,0,-20.00
2004-11-16T05:00:00,0.75,0.19,-0.05,0.67,0.25,0.19,1.27,-0.12,0.23,0,0,-21.00
2004-11-16T06:00:00,0.59,-0.56,-0.15,0.67,0.0,0.2,0.74,-0.1,0.1,0,0,-22.00
2004-11-16T07:00:00,0.27,0.44,-0.64,0.53,0.8,0.26,0.44,-0.02,0.0,0,0,-23.00
2004-11-16T08:00:00,0.73,-0.88,0.17,0.62,0.1,0.58,0.16,0.17,-0.04,0,0,-29.00
2004-11-16T09:00:00,0.68,-0.7,0.31,0.54,0.67,0.43,0.07,0.24,0.01,0,0,-34.00
2004-11-16T10:00:00,0.77,-1.12,0.35,0.49,0.46,0.37,0.14,0.12,-0.09,0,0,-41.00
2004-11-16T11:00:00,0.83,-1.07,0.25,0.48,0.35,0.54,-0.01,0.08,-0.11,0,0,-38.00
2004-11-16T12:00:00,0.66,-1.06,0.29,0.43,0.56,0.55,0.03,0.09,-0.09,0,0,-37.00
2004-11-16T13:00:00,0.49,-1.1,0.2,0.43,0.66,0.16,0.2,0.26,-0.03,0,0,-35.00
2004-11-16T14:00:00,-0.36,-0.72,0.92,0.28,0.93,0.91,0.23,0.21,-0.06,0,0,-35.00
2004-11-16T15:00:00,0.54,-0.86,0.51,0.54,0.77,0.68,0.23,0.27,-0.0,0,0,-36.00
2004-11-16T16:00:00,0.21,-0.9,0.23,0.47,0.69,0.4,0.27,0.22,0.08,0,0,-36.00
2004-11-16T17:00:00,0.55,-0.86,-0.17,0.54,0.68,0.18,0.37,0.12,0.01,0,0,-34.00
2004-11-16T18:00:00,0.46,-1.26,0.54,0.6,0.2,0.85,0.31,0.03,-0.1,0,0,-33.00
2004-11-16T19:00:00,0.42,-1.1,-0.45,0.61,0.25,0.01,0.27,-0.02,-0.09,0,0,-32.00
2004-11-16T20:00:00,0.38,-1.11,0.48,0.59,-0.0,0.64,0.27,-0.03,-0.09,0,0,-34.00
2004-11-16T21:00:00,0.49,-1.18,0.45,0.65,-0.12,0.41,0.18,-0.2,-0.13,0,0,-32.00
2004-11-16T22:00:00,0.44,-0.99,0.02,0.59,-0.17,0.03,0.3,-0.19,-0.08,0,0,-35.00
2004-11-16T23:00:00,0.51,-1.01,0.37,0.57,-0.48,0.41,0.12,-0.26,-0.13,0,0,-35.00
2004-11-17T00:00:00,0.26,-0.61,0.51,0.4,-0.29,0.29,0.04,-0.25,-0.07,0,0,-31.00
2004-11-17T01:00:00,0.73,-0.09,-0.48,0.52,0.15,-0.76,-0.04,-0.29,-0.12,0,0,-29.00
2004-11-17T02:00:00,0.78,0.1,-0.14,0.53,0.24,-0.14,0.08,-0.23,-0.05,0,0,-27.00
2004-11-17T03:00:00,0.44,-0.68,0.13,0.44,-0.36,0.02,-0.02,-0.32,-0.09,0,0,-30.00
2004-11-17T04:00:00,0.78,-0.23,-0.15,0.59,0.04,-0.5,-0.04,-0.27,-0.08,0,0,-31.00
2004-11-17T05:00:00,0.61,0.18,0.05,0.41,0.54,-0.15,-0.01,-0.18,0.06,0,0,-31.00
2004-11-17T06:00:00,0.54,-0.25,-0.48,0.39,0.15,-0.73,-0.03,-0.22,-0.08,0,0,-34.00
2004-11-17T07:00:00,0.75,-0.2,-0.38,0.51,0.33,-0.67,-0.07,-0.31,-0.12,0,0,-35.00
2004-11-17T08:00:00,0.74,-0.22,-0.32,0.5,0.13,-0.67,-0.11,-0.27,-0.1,0,0,-40.00
2004-11-17T09:00:00,0.51,-0.37,0.24,0.47,0.16,-0.01,-0.11,-0.3,-0.03,0,0,-40.00
2004-11-17T10:00:00,0.53,-0.57,0.35,0.53,-0.13,0.34,-0.09,-0.2,-0.07,0,0,-43.00
2004-11-17T11:00:00,0.42,-0.55,0.3,0.5,-0.04,0.13,-0.05,-0.21,-0.03,0,0,-46.00
2004-11-17T12:00:00,0.43,-0.63,0.17,0.52,-0.11,0.15,-0.09,-0.23,-0.05,0,0,-46.00
2004-11-17T13:00:00,0.76,-0.38,0.17,0.67,0.0,0.1,-0.04,-0.23,-0.07,0,0,-41.00
2004-11-17T14:00:00,0.87,-0.25,0.07,0.7,0.07,-0.14,-0.04,-0.27,-0.09,0,0,-37.00
2004-11-17T15:00:00,0.87,-0.14,0.15,0.71,0.2,0.05,0.03,-0.22,-0.07,0,0,-34.00
2004-11-17T16:00:00,0.86,-0.06,0.2,0.7,0.24,0.15,0.08,-0.16,-0.04,0,0,-33.00
2004-11-17T17:00:00,0.85,-0.09,0.19,0.71,0.13,0.22,0.07,-0.17,-0.04,0,0,-33.00
2004-11-17T18:00:00,0.85,-0.21,0.07,0.71,-0.33,0.02,1.25,-0.18,0.11,0,0,-31.00
2004-11-17T19:00:00,0.86,-0.16,0.03,0.74,0.04,0.02,0.03,-0.24,-0.07,0,0,-29.00
2004-11-17T20:00:00,0.84,-0.18,-0.02,0.74,0.17,0.02,0.08,-0.23,-0.06,0,0,-29.00
2004-11-17T21:00:00,0.8,-0.34,0.05,0.76,-0.12,0.1,-0.0,-0.27,-0.08,0,0,-30.00
2004-11-17T22:00:00,0.05,-0.5,0.33,0.67,-0.17,0.34,-0.13,-0.42,-0.07,0,0,-30.00
2004-11-17T23:00:00,0.36,-0.61,0.03,0.86,-0.35,-0.14,-0.1,-0.42,-0.1,0,0,-30.00
2004-11-18T00:00:00,0.33,-0.32,0.39,0.92,-0.27,0.15,-0.04,-0.42,-0.06,0,0,-29.00
2004-11-18T01:00:00,0.68,-0.33,0.12,0.98,-0.23,-0.06,0.02,-0.37,-0.08,0,0,-27.00
2004-11-18T02:00:00,0.69,-0.39,0.02,0.95,-0.29,-0.1,-0.09,-0.33,-0.09,0,0,-24.00
2004-11-18T03:00:00,0.51,-0.24,0.25,0.93,-0.24,0.08,-0.07,-0.34,-0.02,0,0,-23.00
2004-11-18T04:00:00,0.61,-0.3,0.18,1.02,-0.29,0.08,0.01,-0.33,-0.04,0,0,-24.00
2004-11-18T05:00:00,0.59,-0.47,0.29,1.04,-0.4,0.24,0.01,-0.41,-0.11,0,0,-24.00
2004-11-18T06:00:00,0.67,-0.42,0.07,1.08,-0.43,-0.03,0.05,-0.38,-0.09,0,0,-24.00
2004-11-18T07:00:00,0.21,-0.67,0.25,1.0,-0.58,0.18,-0.03,-0.49,-0.13,0,0,-23.00
2004-11-18T08:00:00,0.26,-0.51,0.33,1.04,-0.49,0.26,-0.02,-0.44,-0.09,0,0,-24.00
2004-11-18T09:00:00,0.79,-0.28,0.12,1.04,-0.25,0.16,-0.02,-0.43,-0.13,0,0,-24.00
2004-11-18T10:00:00,0.85,-0.33,0.04,1.05,-0.27,0.14,0.02,-0.41,-0.13,0,0,-25.00
2004-11-18T11:00:00,0.75,-0.35,-0.06,1.14,-0.3,0.09,-0.02,-0.42,-0.12,0,0,-25.00
2004-11-18T12:00:00,0.72,-0.27,0.14,1.2,-0.36,0.2,0.05,-0.43,-0.11,0,0,-28.00
2004-11-18T13:00:00,0.72,-0.25,0.08,1.21,-0.33,0.18,0.08,-0.42,-0.1,0,0,-30.00
2004-11-18T14:00:00,0.87,-0.16,0.04,1.11,-0.05,0.25,0.06,-0.37,-0.11,0,0,-31.00
2004-11-18T15:00:00,0.89,-0.08,0.1,1.14,-0.26,0.4,0.07,-0.42,-0.12,0,0,-30.00
2004-11-18T16:00:00,0.76,-0.03,0.27,1.21,-0.19,0.28,0.17,-0.43,-0.11,0,0,-26.00
2004-11-18T17:00:00,0.82,-0.03,0.04,1.28,-0.08,0.12,0.13,-0.44,-0.12,0,0,-26.00
2004-11-18T18:00:00,0.81,-0.18,0.09,1.25,-0.25,0.2,0.1,-0.43,-0.12,0,0,-23.00
2004-11-18T19:00:00,0.67,-0.28,0.33,1.33,-0.37,0.38,0.17,-0.42,-0.1,0,0,-23.00
2004-11-18T20:00:00,0.67,-0.39,0.29,1.35,-0.4,0.41,0.24,-0.4,-0.09,0,0,-23.00
2004-11-18T21:00:00,0.63,-0.57,0.22,1.34,-0.58,0.21,0.2,-0.47,-0.13,0,0,-23.00
2004-11-18T22:00:00,0.55,-0.39,0.32,1.32,-0.46,0.22,0.38,-0.47,-0.09,0,0,-22.00
2004-11-18T23:00:00,0.51,-0.41,0.56,1.31,-0.47,0.54,0.58,-0.5,-0.13,0,0,-20.00
2004-11-19T00:00:00,0.75,-0.66,0.12,1.38,-0.6,0.03,0.69,-0.49,-0.13,0,0,-17.00
2004-11-19T01:00:00,0.84,-0.62,-0.04,1.41,-0.65,-0.05,0.65,-0.49,-0.14,0,0,-15.00
2004-11-19T02:00:00,0.96,-0.43,-0.18,1.4,-0.42,-0.24,0.48,-0.5,-0.15,0,0,-13.00
2004-11-19T03:00:00,0.88,-0.32,-0.27,1.41,-0.45,-0.4,0.54,-0.51,-0.15,0,0,-11.00
2004-11-19T04:00:00,-0.45,-0.17,0.58,1.27,-0.46,0.05,0.68,-0.53,-0.12,0,0,-14.00
2004-11-19T05:00:00,-0.54,-0.17,0.55,1.21,-0.18,0.21,0.76,-0.52,-0.12,0,0,-17.00
2004-11-19T06:00:00,-0.25,-0.81,0.5,1.22,-0.5,0.39,0.88,-0.53,-0.15,0,0,-16.00
2004-11-19T07:00:00,-0.15,-0.87,0.31,1.23,-0.43,0.21,0.8,-0.52,-0.14,0,0,-15.00
2004-11-19T08:00:00,-0.17,-0.6,0.3,1.23,-0.31,0.18,1.04,-0.51,-0.07,0,0,-14.00
2004-11-19T09:00:00,-0.25,-0.56,0.18,1.22,-0.32,0.13,1.07,-0.5,-0.03,0,0,-14.00
2004-11-19T10:00:00,-0.29,-0.59,0.27,1.22,-0.27,0.34,1.06,-0.48,-0.05,0,0,-15.00
2004-11-19T11:00:00,-0.04,-0.79,0.22,1.24,-0.33,0.4,0.85,-0.5,-0.11,0,0,-14.00
2004-11-19T12:00:00,0.17,-0.72,0.17,1.25,-0.46,0.46,1.23,-0.49,-0.06,1,0,-11.00
2004-11-19T13:00:00,0.66,-0.86,0.3,1.23,-0.91,0.75,2.04,-0.5,-0.11,1,0,-11.00
2004-11-19T14:00:00,1.24,-1.12,0.36,1.21,-1.32,1.3,2.82,-0.5,-0.15,1,0,-10.00
2004-11-19T15:00:00,1.1,-0.97,0.54,1.22,-1.35,1.48,3.69,-0.5,-0.14,1,0,-7.00
2004-11-19T16:00:00,0.28,-0.71,0.54,1.18,-1.16,1.83,6.41,-0.46,0.13,1,0,-4.00
2004-11-19T17:00:00,-0.04,0.1,0.8,1.15,-1.42,2.11,8.48,-0.43,0.34,1,0,-2.00
2004-11-19T18:00:00,1.45,-0.46,1.36,1.15,-1.68,1.81,6.35,-0.46,-0.13,1,0,4.00
2004-11-19T19:00:00,2.36,-1.53,1.0,1.05,-1.07,1.27,3.01,-0.42,-0.17,1,0,10.00
2004-11-19T20:00:00,1.79,-2.36,0.57,0.94,-0.73,1.18,2.3,-0.34,-0.17,1,0,8.00
2004-11-19T21:00:00,0.95,-2.22,-0.52,0.76,-0.2,0.8,1.24,-0.01,-0.14,1,0,1.00
2004-11-19T22:00:00,0.25,-1.78,-0.57,0.68,-0.44,0.47,1.69,0.03,-0.09,1,0,-1.00
2004-11-19T23:00:00,1.57,-0.72,1.01,0.32,0.41,-0.04,0.98,0.37,-0.09,1,0,-5.00
2004-11-20T00:00:00,1.23,-1.92,-0.3,0.11,0.86,0.68,0.93,0.5,-0.1,1,0,-8.00
2004-11-20T01:00:00,0.65,-1.99,-0.81,0.01,1.06,0.33,0.65,0.45,-0.12,1,0,-15.00
2004-11-20T02:00:00,0.58,-1.56,-0.69,0.15,0.92,0.44,0.57,0.31,-0.1,1,0,-16.00
2004-11-20T03:00:00,0.78,-0.92,-0.49,0.37,1.09,0.38,0.83,0.39,0.02,1,0,-18.00
2004-11-20T04:00:00,0.02,-0.51,-0.79,0.41,1.49,0.12,0.89,0.34,0.11,1,0,-21.00
2004-11-20T05:00:00,-1.07,-0.58,-0.16,0.37,0.75,-0.61,0.64,0.08,-0.03,1,0,-26.00
2004-11-20T06:00:00,-0.41,-0.68,-0.02,0.22,0.98,-0.12,0.56,0.09,0.19,1,0,-29.00
2004-11-20T07:00:00,-0.16,-1.2,0.16,0.1,0.87,-0.4,0.62,-0.02,-0.05,1,0,-33.00
2004-11-20T08:00:00,-0.15,-0.73,-0.78,0.1,0.53,-0.72,0.76,0.17,0.0,1,0,-40.00
2004-11-20T09:00:00,-0.37,0.18,-0.81,0.19,0.3,-0.57,0.96,-0.02,0.01,1,0,-36.00
2004-11-20T10:00:00,0.01,-0.73,-1.07,0.3,-0.32,-0.33,1.19,-0.07,-0.08,1,0,-33.00
2004-11-20T11:00:00,0.9,-1.8,-0.25,0.33,-0.57,-0.88,1.03,-0.28,-0.15,1,0,-35.00
2004-11-20T12:00:00,1.09,-1.23,-0.11,0.26,-0.41,-1.0,1.34,-0.2,-0.11,1,0,-36.00
2004-11-20T13:00:00,1.78,-0.65,0.53,0.32,-0.5,-0.22,0.99,0.12,-0.11,1,0,-44.00
2004-11-20T14:00:00,1.27,0.26,0.5,0.4,-0.22,-0.48,1.17,-0.03,-0.04,1,0,-34.00
2004-11-20T15:00:00,0.95,0.29,0.57,0.42,0.27,-1.05,2.35,-0.14,0.08,1,0,-36.00
2004-11-20T16:00:00,0.51,-0.72,0.18,-0.12,0.49,-1.47,2.18,0.2,0.55,1,0,-37.00
2004-11-20T17:00:00,1.33,-1.19,0.29,-0.39,1.45,-1.78,0.29,0.98,-0.05,1,0,-29.00
2004-11-20T18:00:00,1.37,-0.47,0.77,-0.4,1.94,-0.99,0.36,1.11,-0.0,1,0,-21.00
2004-11-20T19:00:00,1.25,-1.09,0.48,-0.43,1.24,-1.47,0.39,1.25,0.0,1,0,-40.00
2004-11-20T20:00:00,1.2,-1.37,0.51,-0.35,0.96,-1.81,0.52,1.53,0.01,1,0,-44.00
2004-11-20T21:00:00,0.83,-1.5,-0.02,-0.37,2.16,-1.98,0.53,1.38,0.04,1,0,-34.00
2004-11-20T22:00:00,0.89,-0.12,1.15,-0.25,2.18,-0.77,0.71,1.41,0.12,1,0,-29.00
2004-11-20T23:00:00,1.01,-1.35,0.82,-0.26,0.95,-1.09,0.66,1.35,0.01,1,0,-25.00
2004-11-21T00:00:00,0.75,-0.9,0.97,-0.65,0.6,-0.49,0.1,0.82,-0.05,1,0,-21.00
2004-11-21T01:00:00,0.57,0.06,0.53,-1.33,0.25,0.92,-0.41,0.12,-0.03,1,0,-17.00
2004-11-21T02:00:00,0.49,-0.13,0.56,-1.37,0.15,1.04,-0.34,0.12,-0.0,0,0,-19.00
2004-11-21T03:00:00,0.58,0.32,0.05,-1.3,0.87,0.17,-0.35,0.15,0.06,0,0,-28.00
2004-11-21T04:00:00,0.3,-0.85,0.3,-1.38,-0.67,0.68,-0.3,0.03,-0.07,0,0,-28.00
2004-11-21T05:00:00,0.94,-0.44,0.21,-1.02,-0.02,0.62,-0.22,-0.08,-0.1,0,0,-28.00
2004-11-21T06:00:00,0.96,-0.41,0.34,-0.97,0.09,1.0,-0.2,-0.11,-0.11,0,0,-26.00
2004-11-21T07:00:00,0.74,-0.53,0.12,-1.04,0.08,0.3,-0.14,-0.03,-0.05,0,0,-30.00
2004-11-21T08:00:00,0.63,-0.31,0.13,-1.09,0.26,0.31,-0.05,0.23,0.19,0,0,-30.00
2004-11-21T09:00:00,0.69,-0.16,-0.15,-1.09,0.46,-0.24,0.02,0.15,0.12,0,0,-30.00
2004-11-21T10:00:00,0.46,0.27,-0.21,-1.17,0.97,-0.1,0.1,0.28,0.36,0,0,-28.00
2004-11-21T11:00:00,0.75,-0.01,0.01,-1.03,0.64,0.32,0.21,0.2,0.21,0,0,-30.00
2004-11-21T12:00:00,0.47,0.15,-0.31,-1.15,0.65,-0.21,0.16,0.35,0.36,0,0,-32.00
2004-11-21T13:00:00,0.7,-0.53,0.01,-1.14,-0.17,0.21,-0.0,0.2,0.05,0,0,-31.00
2004-11-21T14:00:00,0.14,0.39,0.08,-1.37,1.02,0.1,-0.13,0.21,0.68,0,0,-31.00
2004-11-21T15:00:00,0.19,-0.05,0.53,-1.32,0.49,0.91,-0.16,0.16,0.23,0,0,-44.00
2004-11-21T16:00:00,0.35,-0.28,0.11,-1.23,0.31,0.29,-0.19,0.16,0.55,0,0,-41.00
2004-11-21T17:00:00,0.43,0.14,0.11,-1.22,0.81,0.28,-0.22,0.27,0.58,0,0,-40.00
2004-11-21T18:00:00,0.65,0.41,-0.09,-1.11,1.13,0.02,-0.25,0.18,0.02,0,0,-36.00
2004-11-21T19:00:00,0.49,-0.03,0.03,-1.13,0.58,0.34,-0.27,0.18,0.36,0,0,-34.00
2004-11-21T20:00:00,0.34,-0.45,0.22,-1.13,0.15,0.63,-0.33,0.1,0.12,0,0,-32.00
2004-11-21T21:00:00,0.23,-0.63,0.13,-1.15,-0.19,0.4,-0.37,0.03,0.01,0,0,-31.00
2004-11-21T22:00:00,0.33,-0.51,0.14,-1.08,-0.12,0.37,-0.33,-0.0,0.06,0,0,-28.00
2004-11-21T23:00:00,0.77,-0.38,0.1,-0.94,-0.03,0.23,-0.33,-0.16,-0.09,0,0,-25.00
2004-11-22T00:00:00,0.72,-0.34,0.35,-0.94,-0.06,0.68,-0.34,-0.15,-0.09,0,0,-22.00
2004-11-22T01:00:00,1.05,0.01,0.14,-0.79,0.31,0.35,-0.37,-0.3,-0.15,0,0,-19.00
2004-11-22T02:00:00,0.95,0.2,0.0,-0.69,0.39,0.43,0.39,-0.21,-0.05,0,0,-23.00
2004-11-22T03:00:00,1.12,-0.13,-0.13,-0.71,-0.02,0.26,-0.42,-0.36,-0.16,0,0,-27.00
2004-11-22T04:00:00,1.06,0.12,-0.31,-0.76,0.51,0.12,-0.36,-0.32,-0.16,0,0,-29.00
2004-11-22T05:00:00,0.1,-0.75,0.1,-1.15,-0.17,0.84,-0.25,-0.02,-0.01,0,0,-32.00
2004-11-22T06:00:00,0.4,-0.69,-0.03,-1.03,-0.07,0.48,-0.23,0.03,-0.02,0,0,-34.00
2004-11-22T07:00:00,0.45,-0.41,-0.49,-0.94,0.3,-0.3,-0.32,-0.03,-0.08,0,0,-30.00
2004-11-22T08:00:00,0.47,-0.63,-0.02,-0.86,0.1,0.29,-0.31,0.04,-0.02,0,0,-34.00
2004-11-22T09:00:00,0.8,-0.17,0.06,-0.68,0.65,0.17,-0.28,-0.08,-0.05,0,0,-34.00
2004-11-22T10:00:00,0.8,-0.28,0.09,-0.62,0.4,0.12,-0.29,-0.13,-0.08,0,0,-35.00
2004-11-22T11:00:00,0.73,-0.38,0.26,-0.56,0.2,0.3,-0.37,-0.21,-0.11,0,0,-31.00
2004-11-22T12:00:00,0.82,-0.18,0.19,-0.53,0.48,0.07,-0.37,-0.12,-0.09,0,0,-28.00
2004-11-22T13:00:00,0.77,-0.34,-0.01,-0.5,0.38,-0.06,-0.45,-0.02,-0.08,0,0,-27.00
2004-11-22T14:00:00,0.65,-0.34,0.17,-0.41,0.17,0.17,-0.45,0.06,-0.03,0,0,-27.00
2004-11-22T15:00:00,0.64,-0.28,0.22,-0.39,0.16,0.36,-0.42,-0.0,-0.03,0,0,-28.00
2004-11-22T16:00:00,0.51,-0.28,0.27,-0.34,0.04,0.23,-0.41,-0.08,0.0,0,0,-29.00
2004-11-22T17:00:00,0.36,-0.29,0.03,-0.26,-0.08,0.1,-0.42,-0.11,0.14,0,0,-30.00
2004-11-22T18:00:00,-0.43,-0.35,0.19,-0.38,0.02,0.24,-0.39,-0.31,-0.05,0,0,-29.00
2004-11-22T19:00:00,-0.53,-0.33,0.05,-0.37,-0.08,0.26,-0.34,-0.32,-0.07,0,0,-27.00
2004-11-22T20:00:00,-0.3,-0.54,0.26,-0.29,-0.3,0.53,-0.35,-0.33,-0.09,0,0,-23.00
2004-11-22T21:00:00,0.06,-0.41,-0.27,-0.18,-0.21,-0.1,-0.31,-0.21,0.0,0,0,-24.00
2004-11-22T22:00:00,-0.24,-0.41,-0.02,-0.21,-0.12,0.02,-0.32,-0.2,0.09,0,0,-24.00
2004-11-22T23:00:00,0.12,-0.3,-0.13,-0.12,0.17,0.1,-0.37,-0.16,0.24,0,0,-25.00
2004-11-23T00:00:00,-0.08,-0.3,-0.33,-0.09,0.09,-0.21,-0.47,-0.22,-0.03,0,0,-27.00
2004-11-23T01:00:00,0.1,-0.39,-0.11,-0.02,-0.05,-0.09,-0.46,-0.19,0.08,0,0,-24.00
2004-11-23T02:00:00,0.22,-0.26,-0.06,0.02,-0.12,0.03,-0.46,-0.17,0.24,0,0,-23.00
2004-11-23T03:00:00,0.29,-0.15,-0.1,0.06,0.04,0.12,-0.46,-0.15,0.23,0,0,-26.00
2004-11-23T04:00:00,0.24,-0.27,-0.02,0.15,-0.08,0.16,-0.46,-0.16,0.24,0,0,-29.00
2004-11-23T05:00:00,0.34,-0.4,0.15,0.32,-0.53,0.47,-0.43,-0.38,-0.07,0,0,-29.00
2004-11-23T06:00:00,0.49,-0.24,0.2,0.41,-0.42,0.61,-0.23,-0.38,-0.05,0,0,-27.00
2004-11-23T07:00:00,0.37,-0.36,0.45,0.43,-0.49,1.04,-0.13,-0.44,-0.11,0,0,-28.00
2004-11-23T08:00:00,0.48,-0.53,0.25,0.47,-0.49,0.79,-0.08,-0.43,-0.11,0,0,-29.00
2004-11-23T09:00:00,0.53,-0.49,0.22,0.49,-0.51,0.75,0.12,-0.41,-0.09,0,0,-26.00
2004-11-23T10:00:00,0.3,-0.42,0.12,0.39,-0.26,0.67,0.47,-0.42,0.08,0,0,-22.00
2004-11-23T11:00:00,0.15,-0.22,0.0,0.35,-0.03,0.27,1.16,-0.46,1.06,0,0,-19.00
2004-11-23T12:00:00,0.22,-0.18,0.03,0.37,-0.22,0.24,1.34,-0.5,0.78,0,0,-13.00
2004-11-23T13:00:00,0.31,-0.06,0.11,0.38,-0.34,0.44,1.39,-0.5,0.62,0,0,-9.00
2004-11-23T14:00:00,0.05,0.07,0.22,0.48,-0.42,0.36,1.54,-0.5,1.66,0,0,-7.00
