2005-05-20T12:00:00,1.09,1.02,1.32,0.04,-1.1,1.87,-0.15,-0.54,-0.19,0,1,-63.00
2005-05-20T13:00:00,1.07,0.79,1.47,-0.03,-1.12,1.0,0.31,-0.51,-0.18,0,1,-65.00
2005-05-20T14:00:00,0.72,-0.09,1.58,-0.03,-0.9,0.22,1.51,-0.51,-0.17,0,1,-63.00
2005-05-20T15:00:00,0.58,0.41,1.48,-0.04,0.11,-0.1,1.01,-0.44,-0.17,0,1,-49.00
2005-05-20T16:00:00,0.86,-0.23,1.91,-0.05,0.25,-0.51,0.36,-0.47,-0.18,0,1,-39.00
2005-05-20T17:00:00,0.65,-1.11,1.92,0.08,0.47,-0.37,0.47,-0.48,-0.18,0,1,-36.00
2005-05-20T18:00:00,0.18,-2.12,1.36,0.14,0.61,-0.14,0.12,-0.48,-0.19,0,1,-36.00
2005-05-20T19:00:00,-0.31,-2.27,1.25,0.19,0.21,-0.12,-0.11,-0.55,-0.19,0,1,-34.00
2005-05-20T20:00:00,-0.45,-2.48,0.76,0.26,0.3,0.05,-0.1,-0.51,-0.19,0,1,-38.00
2005-05-20T21:00:00,-0.69,-2.43,-0.11,0.27,0.46,-0.26,-0.19,-0.5,-0.19,0,1,-41.00
2005-05-20T22:00:00,-0.49,-2.23,-0.19,0.33,0.36,-0.66,-0.41,-0.52,-0.19,0,1,-39.00
2005-05-20T23:00:00,-0.31,-2.22,0.15,0.4,0.18,-0.46,-0.56,-0.56,-0.19,0,1,-43.00
2005-05-21T00:00:00,-0.23,-2.17,0.06,0.46,0.17,0.11,-0.59,-0.57,-0.19,0,1,-49.00
2005-05-21T01:00:00,-0.2,-1.82,-0.66,0.46,0.31,-0.02,-0.31,-0.56,-0.19,0,1,-47.00
2005-05-21T02:00:00,-0.4,-1.42,-0.99,0.4,0.19,0.18,-0.51,-0.56,-0.19,0,1,-41.00
2005-05-21T03:00:00,-0.3,-1.23,-0.96,0.41,-0.03,-0.16,-0.46,-0.54,-0.19,0,1,-36.00
2005-05-21T04:00:00,-0.43,-0.95,-0.88,0.56,-0.38,-0.45,-0.24,-0.5,-0.18,0,1,-44.00
2005-05-21T05:00:00,-0.29,-0.95,-0.63,0.55,-0.41,-0.7,0.03,-0.46,-0.17,0,1,-51.00
2005-05-21T06:00:00,-0.48,-0.7,-0.29,0.53,-0.47,-0.56,1.05,-0.47,-0.11,0,0,-61.00
2005-05-21T07:00:00,-0.84,-0.14,-0.29,0.61,-0.45,-0.2,0.98,-0.47,-0.11,0,0,-63.00
2005-05-21T08:00:00,-0.83,0.12,-0.33,0.65,-0.06,0.0,0.62,-0.49,-0.13,0,0,-59.00
2005-05-21T09:00:00,-0.3,0.35,-0.4,0.56,-0.08,0.05,0.45,-0.49,-0.11,0,0,-57.00
2005-05-21T10:00:00,-0.87,-0.53,-0.29,0.56,0.08,-0.32,-0.19,-0.55,-0.18,0,0,-58.00
2005-05-21T11:00:00,-0.9,-0.63,-0.24,0.52,0.13,-0.17,-0.15,-0.54,-0.18,0,0,-56.00
2005-05-21T12:00:00,-0.96,-0.58,-0.35,0.54,0.22,0.0,-0.25,-0.57,-0.18,0,0,-56.00
2005-05-21T13:00:00,-0.98,-0.39,-0.49,0.6,0.09,0.04,-0.34,-0.55,-0.18,0,0,-55.00
2005-05-21T14:00:00,-0.92,0.08,-0.57,0.67,0.04,0.08,-0.4,-0.56,-0.19,0,0,-49.00
2005-05-21T15:00:00,0.07,0.29,-0.67,0.65,-0.12,0.41,0.17,-0.54,-0.16,0,0,-48.00
2005-05-21T16:00:00,-0.35,0.12,-0.39,0.73,-0.0,0.28,-0.12,-0.54,-0.15,0,0,-50.00
2005-05-21T17:00:00,-0.72,0.24,-0.48,0.74,-0.09,0.36,-0.35,-0.54,-0.18,0,0,-48.00
2005-05-21T18:00:00,-0.51,0.37,-0.46,0.83,-0.2,0.66,-0.01,-0.53,-0.16,0,0,-52.00
2005-05-21T19:00:00,-0.58,0.52,-0.36,0.89,-0.37,0.55,-0.07,-0.55,-0.17,0,0,-56.00
2005-05-21T20:00:00,-0.62,0.66,-0.15,0.93,-0.51,0.2,-0.04,-0.53,-0.17,0,0,-56.00
2005-05-21T21:00:00,-0.7,0.45,-0.16,0.92,-0.4,0.23,0.16,-0.49,-0.14,0,0,-48.00
2005-05-21T22:00:00,-0.27,0.33,-0.39,0.83,-0.1,0.77,0.28,-0.5,-0.11,0,0,-44.00
2005-05-21T23:00:00,0.11,0.97,-0.23,0.76,-0.64,0.81,0.13,-0.51,-0.16,0,0,-38.00
2005-05-22T00:00:00,-0.62,0.65,-0.58,0.75,-0.7,0.79,-0.17,-0.49,-0.17,0,0,-34.00
2005-05-22T01:00:00,-0.72,0.65,-0.41,0.76,-0.86,0.69,-0.11,-0.48,-0.17,0,0,-36.00
2005-05-22T02:00:00,-0.76,0.05,-0.58,0.73,-0.37,0.79,-0.22,-0.27,-0.14,0,0,-38.00
2005-05-22T03:00:00,-1.03,-0.36,-0.29,0.86,0.24,0.45,-0.43,-0.15,-0.15,0,0,-33.00
2005-05-22T04:00:00,-0.83,0.24,-0.08,0.75,-1.16,-0.1,-0.29,0.16,-0.03,0,0,-35.00
2005-05-22T05:00:00,-0.85,-0.25,-0.47,0.72,-0.16,0.62,-0.26,-0.01,-0.11,0,0,-35.00
2005-05-22T06:00:00,-0.85,-0.0,-0.24,0.74,-0.44,0.25,-0.18,-0.06,-0.07,0,0,-38.00
2005-05-22T07:00:00,-1.08,-0.1,0.13,0.88,-0.2,-0.33,-0.16,-0.14,-0.11,0,0,-38.00
2005-05-22T08:00:00,-1.18,-0.06,0.04,0.94,-0.14,0.08,-0.15,-0.22,-0.14,0,0,-37.00
2005-05-22T09:00:00,-1.17,-0.04,-0.07,0.97,-0.2,0.36,-0.12,-0.25,-0.14,0,0,-39.00
2005-05-22T10:00:00,-0.91,-0.49,0.25,0.85,0.39,-0.32,-0.02,-0.17,-0.1,0,0,-41.00
2005-05-22T11:00:00,-0.87,-0.78,0.07,0.83,0.83,0.21,-0.04,-0.12,-0.11,0,0,-40.00
2005-05-22T12:00:00,-1.01,-0.48,0.13,0.89,0.34,0.37,-0.04,-0.14,-0.11,0,0,-38.00
2005-05-22T13:00:00,-0.93,-0.58,0.37,0.88,0.33,0.09,-0.07,-0.13,-0.11,0,0,-34.00
2005-05-22T14:00:00,-0.97,0.08,0.18,0.96,-1.08,0.76,-0.07,-0.11,-0.08,0,0,-30.00
2005-05-22T15:00:00,-0.59,0.01,0.23,0.78,-0.77,0.52,0.03,0.01,0.19,0,0,-28.00
2005-05-22T16:00:00,-0.83,0.28,0.14,0.94,-1.14,0.81,-0.06,-0.08,-0.05,0,0,-28.00
2005-05-22T17:00:00,-0.67,-0.28,0.33,0.88,-0.09,0.35,-0.07,-0.06,-0.0,0,0,-29.00
2005-05-22T18:00:00,-0.21,0.53,0.13,0.63,-1.18,0.52,0.06,0.02,0.22,0,0,-28.00
2005-05-22T19:00:00,-0.65,-0.21,0.69,0.76,-0.33,-0.66,0.15,0.13,-0.0,0,0,-28.00
2005-05-22T20:00:00,0.11,-0.7,0.21,0.57,0.39,-0.09,-0.02,0.14,0.13,0,0,-29.00
2005-05-22T21:00:00,-0.0,-0.34,0.43,0.63,0.15,-0.43,-0.11,0.09,0.29,0,0,-31.00
2005-05-22T22:00:00,-0.49,-0.21,-0.1,0.81,0.07,0.2,-0.13,0.31,0.36,0,0,-29.00
2005-05-22T23:00:00,-0.43,0.12,0.19,0.65,-0.22,-0.09,-0.11,0.36,0.64,0,0,-27.00
2005-05-23T00:00:00,-0.1,0.73,0.38,0.56,-0.46,-0.47,-0.13,0.24,0.04,0,0,-25.00
2005-05-23T01:00:00,-0.36,0.35,0.53,0.61,-0.18,-1.1,-0.08,0.3,0.13,0,0,-22.00
2005-05-23T02:00:00,-0.23,-0.42,0.49,0.59,0.58,-0.66,-0.14,0.23,0.15,0,0,-18.00
2005-05-23T03:00:00,-0.35,0.86,0.15,0.55,-0.43,0.04,-0.16,0.09,-0.05,0,0,-18.00
2005-05-23T04:00:00,-0.42,0.79,0.45,0.48,-0.5,-0.14,-0.19,0.05,-0.07,0,0,-18.00
2005-05-23T05:00:00,-0.66,0.77,0.31,0.47,-0.46,-0.21,-0.18,0.05,-0.09,0,0,-18.00
2005-05-23T06:00:00,-0.58,0.9,0.19,0.4,-0.12,-0.07,-0.25,-0.07,-0.12,0,0,-19.00
2005-05-23T07:00:00,-0.58,0.81,0.42,0.41,-0.06,-0.49,-0.31,-0.08,-0.12,0,0,-18.00
2005-05-23T08:00:00,-0.68,0.81,0.1,0.46,-0.21,0.06,-0.32,-0.03,-0.12,0,0,-18.00
2005-05-23T09:00:00,-0.67,0.68,0.48,0.46,-0.21,-0.25,-0.34,-0.08,-0.12,0,0,-17.00
2005-05-23T10:00:00,-0.66,0.62,0.23,0.32,-0.49,-0.48,-0.36,-0.06,-0.1,0,0,-16.00
2005-05-23T11:00:00,-0.77,0.08,-0.44,0.43,0.23,0.56,-0.32,-0.07,-0.11,0,0,-16.00
2005-05-23T12:00:00,-0.94,-0.3,-0.23,0.35,0.58,-0.29,-0.2,-0.03,-0.09,0,0,-13.00
2005-05-23T13:00:00,-0.96,-0.11,-0.38,0.44,0.21,0.49,-0.22,-0.04,-0.11,0,0,-11.00
2005-05-23T14:00:00,-1.1,0.31,-0.04,0.52,-0.05,-0.16,-0.36,-0.22,-0.15,0,0,-13.00
2005-05-23T15:00:00,-0.95,0.71,0.12,0.44,-0.38,-0.24,-0.26,-0.09,-0.13,0,0,-22.00
2005-05-23T16:00:00,-1.01,0.65,0.27,0.48,-0.23,-0.26,-0.28,-0.2,-0.15,0,0,-27.00
2005-05-23T17:00:00,-0.76,0.81,0.36,0.43,-0.51,-0.35,-0.29,-0.12,-0.14,0,0,-27.00
2005-05-23T18:00:00,-0.6,0.89,0.37,0.36,-0.64,-0.34,-0.31,-0.11,-0.13,0,0,-23.00
2005-05-23T19:00:00,-0.59,0.74,0.52,0.38,-0.67,-0.76,-0.39,-0.13,-0.14,0,0,-21.00
2005-05-23T20:00:00,-0.79,0.44,0.02,0.37,-0.41,-0.01,-0.34,-0.0,-0.08,0,0,-22.00
2005-05-23T21:00:00,-0.64,0.68,0.23,0.39,-0.72,-0.26,-0.38,-0.05,-0.11,0,0,-25.00
2005-05-23T22:00:00,-0.2,0.86,0.34,0.32,-0.69,-0.51,-0.29,-0.08,-0.1,0,0,-24.00
2005-05-23T23:00:00,-0.31,0.76,0.46,0.44,-0.72,-0.41,-0.3,-0.07,-0.1,0,0,-24.00
2005-05-24T00:00:00,-0.24,0.55,0.68,0.51,-0.43,-0.58,-0.36,-0.0,-0.1,0,0,-21.00
2005-05-24T01:00:00,-0.07,0.5,0.71,0.41,-0.47,-0.62,-0.39,-0.11,-0.11,0,0,-16.00
2005-05-24T02:00:00,-0.28,0.6,0.6,0.49,-0.75,-0.44,-0.42,-0.16,-0.12,0,0,-11.00
2005-05-24T03:00:00,-0.46,0.5,0.56,0.52,-0.61,-0.48,-0.44,-0.23,-0.13,0,0,-9.00
2005-05-24T04:00:00,-0.4,0.51,0.49,0.51,-0.67,-0.36,-0.41,-0.22,-0.11,0,0,-11.00
2005-05-24T05:00:00,-0.37,0.57,0.51,0.46,-0.72,-0.6,-0.44,-0.27,-0.13,0,0,-11.00
2005-05-24T06:00:00,-0.36,0.69,0.37,0.42,-0.81,-0.35,-0.46,-0.3,-0.14,0,0,-11.00
2005-05-24T07:00:00,-0.3,0.78,0.31,0.38,-0.93,-0.35,-0.49,-0.3,-0.15,0,0,-10.00
2005-05-24T08:00:00,-0.14,0.82,0.33,0.33,-0.81,-0.27,-0.46,-0.44,-0.16,0,0,-9.00
2005-05-24T09:00:00,0.06,0.89,0.37,0.32,-0.63,-0.37,-0.41,-0.53,-0.18,0,0,-9.00
2005-05-24T10:00:00,0.42,0.83,0.36,0.27,-0.56,-0.36,-0.4,-0.53,-0.18,0,0,-7.00
2005-05-24T11:00:00,0.36,0.89,0.4,0.25,-0.56,-0.36,-0.4,-0.52,-0.18,0,0,-7.00
2005-05-24T12:00:00,0.19,0.99,0.3,0.26,-0.68,-0.32,-0.38,-0.5,-0.18,0,0,-7.00
2005-05-24T13:00:00,-0.12,1.02,0.27,0.41,-0.99,-0.37,-0.46,-0.48,-0.18,0,0,-6.00
2005-05-24T14:00:00,-0.23,0.99,0.28,0.51,-0.9,-0.37,-0.42,-0.46,-0.17,0,0,-4.00
2005-05-24T15:00:00,-0.76,0.35,0.04,0.74,0.03,0.04,-0.49,-0.45,-0.16,0,0,-5.00
2005-05-24T16:00:00,-1.06,0.17,0.08,0.92,0.34,-0.03,-0.5,-0.45,-0.17,0,0,-7.00
2005-05-24T17:00:00,-0.81,0.42,0.48,0.8,0.0,-0.96,-0.46,-0.43,-0.17,0,0,-7.00
2005-05-24T18:00:00,-0.42,0.83,0.57,0.59,-0.46,-0.73,-0.39,-0.47,-0.17,0,0,-10.00
2005-05-24T19:00:00,-0.74,1.03,0.08,0.72,-0.73,0.09,-0.38,-0.44,-0.18,0,0,-11.00
2005-05-24T20:00:00,-0.77,0.6,-0.1,0.62,0.02,0.11,-0.21,-0.33,-0.14,0,0,-7.00
2005-05-24T21:00:00,-0.76,0.52,-0.09,0.67,0.31,-0.18,0.92,-0.11,0.05,0,0,-6.00
2005-05-24T22:00:00,-0.7,0.5,-0.25,0.66,0.25,0.42,0.2,-0.13,-0.05,0,0,-6.00
2005-05-24T23:00:00,-0.57,0.35,-0.36,0.66,0.43,0.44,0.3,-0.15,-0.0,0,0,-6.00
2005-05-25T00:00:00,-1.03,0.12,0.28,0.77,0.6,0.09,0.28,-0.08,-0.06,0,0,-5.00
2005-05-25T01:00:00,-1.02,0.03,0.06,0.84,0.53,0.34,0.2,-0.19,-0.08,0,0,-6.00
2005-05-25T02:00:00,-0.94,0.27,0.45,0.72,0.32,-0.05,0.12,-0.14,-0.09,0,0,-4.00
2005-05-25T03:00:00,-0.88,0.39,0.09,0.74,0.19,-0.01,0.19,-0.09,-0.04,0,0,-3.00
2005-05-25T04:00:00,-0.76,0.37,-0.03,0.74,0.21,-0.04,0.17,-0.14,-0.02,0,0,-2.00
2005-05-25T05:00:00,-0.8,0.45,0.25,0.78,-0.09,-0.32,0.17,-0.18,-0.06,0,0,-1.00
2005-05-25T06:00:00,-0.84,0.32,0.21,0.79,-0.22,-0.35,0.13,-0.16,-0.05,0,0,-2.00
2005-05-25T07:00:00,-0.67,0.36,0.28,0.81,-0.16,-0.53,0.03,-0.2,-0.04,0,0,-4.00
2005-05-25T08:00:00,-0.77,0.42,0.06,0.87,-0.22,-0.36,-0.06,-0.23,-0.09,0,0,-6.00
2005-05-25T09:00:00,0.2,0.15,0.14,0.69,-0.41,-0.19,0.1,-0.3,0.92,0,0,-4.00
2005-05-25T10:00:00,-0.23,0.64,0.05,0.92,-0.39,-0.25,-0.0,-0.36,-0.07,0,0,-2.00
2005-05-25T11:00:00,0.18,0.66,0.03,0.8,-0.34,-0.29,0.05,-0.41,-0.09,0,0,-2.00
2005-05-25T12:00:00,0.5,0.67,0.2,0.78,-0.49,-0.58,-0.0,-0.39,-0.12,0,0,-3.00
2005-05-25T13:00:00,-0.04,0.66,0.19,0.9,-0.39,-0.54,0.09,-0.41,-0.08,0,0,-5.00
2005-05-25T14:00:00,-0.52,0.56,-0.07,1.07,-0.43,-0.24,0.06,-0.37,-0.1,0,0,-5.00
2005-05-25T15:00:00,0.23,0.54,0.16,0.9,-0.27,-0.31,0.16,-0.45,-0.07,0,0,-4.00
2005-05-25T16:00:00,-0.52,0.35,0.21,1.11,-0.05,-0.39,-0.01,-0.38,-0.07,0,0,-5.00
2005-05-25T17:00:00,-0.71,0.18,0.07,1.17,0.01,-0.23,0.05,-0.28,-0.04,0,0,-4.00
2005-05-25T18:00:00,-0.69,0.04,0.13,1.17,0.26,-0.26,-0.03,-0.36,-0.07,0,0,-7.00
2005-05-25T19:00:00,-0.65,0.2,0.13,1.28,0.03,-0.12,-0.11,-0.27,-0.05,0,0,-7.00
2005-05-25T20:00:00,-0.58,0.33,0.15,1.31,-0.19,-0.23,-0.17,-0.26,-0.05,0,0,-7.00
2005-05-25T21:00:00,-0.51,0.35,0.24,1.3,-0.21,-0.33,-0.2,-0.28,-0.05,0,0,-7.00
2005-05-25T22:00:00,-0.56,0.27,0.15,1.31,-0.16,-0.17,-0.23,-0.2,-0.02,0,0,-7.00
2005-05-25T23:00:00,-0.58,0.23,0.12,1.29,-0.11,-0.27,-0.24,-0.19,-0.01,0,0,-7.00
2005-05-26T00:00:00,-0.52,0.27,0.21,1.23,0.11,-0.4,-0.22,-0.27,-0.03,0,0,-7.00
2005-05-26T01:00:00,-0.52,0.35,0.12,1.25,-0.07,-0.3,-0.27,-0.36,-0.09,0,0,-7.00
2005-05-26T02:00:00,-0.61,0.2,0.09,1.29,-0.08,-0.37,-0.24,-0.33,-0.07,0,0,-6.00
2005-05-26T03:00:00,-0.63,0.19,0.03,1.32,0.02,-0.39,-0.22,-0.36,-0.09,0,0,-3.00
2005-05-26T04:00:00,-0.53,0.38,0.07,1.34,0.03,-0.37,-0.18,-0.44,-0.11,0,0,-2.00
2005-05-26T05:00:00,-0.58,0.18,-0.01,1.34,0.0,-0.42,-0.05,-0.28,-0.01,0,0,-1.00
2005-05-26T06:00:00,-0.6,0.17,0.01,1.32,-0.03,-0.55,-0.02,-0.3,-0.01,0,0,-1.00
2005-05-26T07:00:00,-0.52,0.28,0.1,1.32,-0.08,-0.54,0.06,-0.4,-0.04,0,0,0.00
2005-05-26T08:00:00,-0.58,0.16,0.21,1.35,-0.11,-0.49,0.03,-0.37,-0.04,0,0,-2.00
2005-05-26T09:00:00,-0.63,-0.16,0.06,1.44,-0.05,-0.36,0.02,-0.49,-0.11,0,0,-2.00
2005-05-26T10:00:00,-0.16,0.44,0.19,1.32,-0.35,-0.4,0.14,-0.51,-0.07,0,0,-2.00
2005-05-26T11:00:00,-0.51,0.27,0.14,1.42,-0.08,-0.2,0.21,-0.47,-0.07,0,0,-3.00
2005-05-26T12:00:00,-0.56,0.15,0.18,1.45,-0.11,-0.28,0.09,-0.49,-0.09,0,0,-2.00
2005-05-26T13:00:00,-0.55,0.12,0.19,1.47,-0.11,-0.29,0.12,-0.49,-0.09,0,0,-2.00
2005-05-26T14:00:00,-0.56,0.08,0.1,1.46,-0.1,-0.18,0.14,-0.5,-0.09,0,0,-1.00
2005-05-26T15:00:00,-0.56,0.13,0.19,1.46,-0.17,-0.29,0.21,-0.5,-0.09,0,0,1.00
2005-05-26T16:00:00,-0.21,0.41,0.31,1.47,-0.23,-0.37,0.14,-0.54,-0.12,0,0,4.00
2005-05-26T17:00:00,-0.01,0.5,0.29,1.45,-0.27,-0.45,0.09,-0.57,-0.14,0,0,3.00
2005-05-26T18:00:00,0.14,0.47,0.3,1.43,-0.26,-0.46,0.04,-0.57,-0.15,0,0,3.00
2005-05-26T19:00:00,0.2,0.46,0.26,1.45,-0.18,-0.42,-0.01,-0.58,-0.15,0,0,1.00
2005-05-26T20:00:00,0.36,0.33,0.31,1.41,-0.13,-0.47,-0.0,-0.57,-0.15,0,0,-2.00
2005-05-26T21:00:00,0.17,0.33,0.45,1.47,-0.18,-0.58,0.02,-0.58,-0.15,0,0,0.00
2005-05-26T22:00:00,0.06,0.34,0.38,1.5,-0.17,-0.42,0.07,-0.58,-0.14,0,0,1.00
2005-05-26T23:00:00,0.03,0.13,0.39,1.52,0.03,-0.37,0.18,-0.56,-0.06,0,0,2.00
2005-05-27T00:00:00,0.02,0.1,0.42,1.51,0.05,-0.41,0.26,-0.56,-0.07,0,0,1.00
2005-05-27T01:00:00,-0.0,0.34,0.35,1.51,-0.12,-0.45,0.3,-0.56,-0.1,0,0,-1.00
2005-05-27T02:00:00,-0.15,0.27,0.14,1.55,-0.11,-0.32,0.28,-0.55,0.01,0,0,-1.00
2005-05-27T03:00:00,-0.31,0.22,-0.13,1.59,-0.1,-0.18,0.3,-0.55,-0.07,0,0,0.00
2005-05-27T04:00:00,-0.01,0.19,0.29,1.54,-0.07,-0.58,0.39,-0.56,0.04,0,0,1.00
2005-05-27T05:00:00,0.06,0.23,0.32,1.57,-0.03,-0.53,0.4,-0.57,-0.04,0,0,3.00
2005-05-27T06:00:00,0.03,0.25,0.2,1.6,-0.05,-0.41,0.42,-0.55,0.1,0,0,3.00
2005-05-27T07:00:00,-0.39,-0.28,0.07,1.64,0.12,-0.34,0.33,-0.56,-0.08,0,0,3.00
2005-05-27T08:00:00,-0.44,-0.28,0.24,1.66,0.04,-0.44,0.31,-0.56,-0.12,0,0,2.00
2005-05-27T09:00:00,-0.36,-0.1,0.34,1.67,-0.02,-0.5,0.3,-0.56,-0.09,0,0,1.00
2005-05-27T10:00:00,-0.35,-0.25,0.24,1.68,-0.0,-0.45,0.33,-0.56,-0.08,0,0,-1.00
2005-05-27T11:00:00,-0.26,-0.1,0.38,1.68,-0.04,-0.6,0.38,-0.56,-0.08,0,0,-3.00
2005-05-27T12:00:00,-0.32,0.07,0.35,1.68,-0.07,-0.59,0.38,-0.56,-0.09,0,0,-3.00
2005-05-27T13:00:00,-0.43,0.07,0.15,1.71,-0.05,-0.51,0.42,-0.56,-0.06,0,0,-2.00
2005-05-27T14:00:00,-0.45,0.07,0.17,1.73,-0.03,-0.53,0.49,-0.56,-0.07,0,0,1.00
2005-05-27T15:00:00,-0.47,0.12,0.18,1.73,-0.02,-0.61,0.59,-0.56,-0.08,0,0,2.00
2005-05-27T16:00:00,-0.41,0.31,0.2,1.7,-0.04,-0.87,0.94,-0.55,-0.07,0,0,1.00
2005-05-27T17:00:00,-0.37,0.25,0.31,1.7,-0.07,-0.92,0.96,-0.56,-0.08,0,0,2.00
2005-05-27T18:00:00,-0.36,0.39,0.18,1.72,-0.17,-0.83,0.93,-0.57,-0.1,0,0,6.00
2005-05-27T19:00:00,-0.43,0.37,0.09,1.77,-0.2,-0.69,0.71,-0.56,-0.1,0,0,7.00
2005-05-27T20:00:00,-0.33,0.32,0.18,1.77,-0.11,-0.7,0.64,-0.56,-0.08,0,0,5.00
2005-05-27T21:00:00,-0.26,0.38,0.2,1.79,-0.23,-0.74,0.6,-0.57,-0.09,0,0,4.00
2005-05-27T22:00:00,-0.26,0.4,0.1,1.81,-0.19,-0.67,0.54,-0.56,-0.09,0,0,3.00
2005-05-27T23:00:00,-0.31,0.37,0.11,1.84,-0.17,-0.71,0.52,-0.57,-0.09,0,0,3.00
2005-05-28T00:00:00,-0.27,0.34,0.14,1.84,-0.14,-0.75,0.53,-0.57,-0.08,0,0,1.00
2005-05-28T01:00:00,-0.19,0.38,0.25,1.84,-0.16,-0.84,0.61,-0.57,-0.09,0,0,1.00
2005-05-28T02:00:00,-0.4,0.12,0.22,1.87,-0.03,-0.85,0.71,-0.57,-0.07,0,0,2.00
2005-05-28T03:00:00,-0.33,0.69,0.36,1.65,-0.2,-1.48,2.21,-0.55,-0.11,0,0,4.00
2005-05-28T04:00:00,-0.33,1.06,0.2,1.54,-0.43,-1.79,3.93,-0.53,-0.1,1,0,4.00
2005-05-28T05:00:00,-0.76,0.02,0.58,1.45,-0.43,-1.78,7.12,-0.53,0.01,1,0,11.00
2005-05-28T06:00:00,-0.33,0.43,0.2,1.28,-0.72,-1.5,9.13,-0.5,0.72,1,0,23.00
2005-05-28T07:00:00,0.6,-0.76,0.03,1.31,-1.18,-1.3,7.12,-0.48,0.12,1,0,29.00
2005-05-28T08:00:00,-0.01,-1.04,0.47,1.24,-0.94,-0.95,5.0,-0.39,0.06,1,0,39.00
2005-05-28T09:00:00,-1.32,-0.07,1.05,0.99,-0.64,-0.39,3.0,-0.32,-0.1,1,0,36.00
2005-05-28T10:00:00,-0.68,-1.29,1.02,0.87,-0.68,0.09,2.99,-0.28,-0.1,1,0,28.00
2005-05-28T11:00:00,-1.05,-0.93,1.04,0.9,-0.62,0.2,2.65,-0.34,-0.12,1,0,24.00
2005-05-28T12:00:00,-0.62,-1.13,0.8,0.76,0.23,0.59,2.05,-0.15,-0.06,1,0,26.00
2005-05-28T13:00:00,0.75,-1.55,0.25,0.72,0.74,0.64,1.5,0.28,-0.03,1,0,21.00
2005-05-28T14:00:00,1.46,-1.39,-0.7,0.57,0.91,1.13,0.73,0.44,-0.11,1,0,21.00
2005-05-28T15:00:00,1.04,-1.18,-0.85,0.4,1.38,1.81,0.7,0.79,-0.05,1,0,17.00
2005-05-28T16:00:00,1.04,-1.24,-0.84,0.33,2.01,1.54,0.8,0.63,-0.06,1,0,15.00
2005-05-28T17:00:00,1.27,-1.51,-0.48,0.32,1.64,1.98,0.4,0.51,-0.11,1,0,1.00
2005-05-28T18:00:00,1.19,-1.12,-0.92,0.38,2.43,0.89,0.28,0.31,-0.13,1,0,-11.00
2005-05-28T19:00:00,1.59,-1.11,-0.2,0.64,2.56,2.3,0.27,0.14,-0.14,1,0,-20.00
2005-05-28T20:00:00,1.04,-1.28,-0.65,0.39,1.96,1.5,0.38,0.28,-0.11,1,0,-30.00
2005-05-28T21:00:00,1.24,-1.56,0.01,0.38,1.89,2.44,0.44,0.23,-0.12,1,0,-33.00
2005-05-28T22:00:00,1.11,-1.75,-0.48,0.43,1.51,2.03,0.16,-0.03,-0.16,1,0,-33.00
2005-05-28T23:00:00,1.18,-1.66,0.05,0.59,1.1,2.14,0.32,-0.12,-0.16,1,0,-24.00
2005-05-29T00:00:00,1.03,-1.43,-0.55,0.7,0.82,0.89,0.83,-0.07,-0.13,1,1,-21.00
2005-05-29T01:00:00,0.88,-1.44,-0.15,0.72,0.61,1.31,1.04,-0.17,-0.12,1,1,-25.00
2005-05-29T02:00:00,0.96,-1.23,-0.59,0.75,0.77,1.01,0.89,-0.22,-0.13,1,1,-25.00
2005-05-29T03:00:00,1.19,-1.13,-0.61,0.93,0.99,0.89,0.55,-0.4,-0.17,1,1,-23.00
2005-05-29T04:00:00,1.29,-1.21,-0.51,1.0,0.76,1.08,0.47,-0.52,-0.18,0,1,-21.00
2005-05-29T05:00:00,1.22,-1.12,-0.69,0.9,0.91,0.71,0.8,-0.49,-0.18,0,1,-21.00
2005-05-29T06:00:00,0.26,-0.53,0.32,0.94,0.55,0.65,0.85,-0.52,-0.08,0,1,-30.00
2005-05-29T07:00:00,-0.77,0.52,1.59,1.01,0.18,0.69,0.02,-0.58,-0.19,0,1,-27.00
2005-05-29T08:00:00,-0.8,0.74,1.42,0.98,0.17,0.58,0.38,-0.56,-0.19,0,1,-26.00
2005-05-29T09:00:00,-0.21,-0.15,3.15,0.08,-0.15,-0.38,0.2,-0.41,-0.19,0,1,-32.00
2005-05-29T10:00:00,0.19,-0.72,2.59,-0.3,0.67,-0.09,-0.01,-0.46,-0.19,0,1,-24.00
2005-05-29T11:00:00,0.21,-0.74,2.4,-0.24,0.94,0.38,-0.03,-0.5,-0.19,0,1,-11.00
2005-05-29T12:00:00,0.53,-1.4,2.02,-0.34,1.38,0.98,0.2,-0.5,-0.19,0,1,-10.00
2005-05-29T13:00:00,0.34,-1.45,1.7,-0.28,1.24,1.15,0.79,-0.49,-0.18,0,1,-9.00
2005-05-29T14:00:00,0.86,-1.8,1.12,-0.07,0.67,0.89,0.82,-0.31,-0.17,0,1,-4.00
2005-05-29T15:00:00,0.54,-2.8,0.83,-0.43,-0.08,1.01,1.07,-0.15,-0.17,0,0,4.00
2005-05-29T16:00:00,0.4,-2.39,1.47,-0.48,0.23,2.06,1.35,0.12,-0.15,0,0,10.00
2005-05-29T17:00:00,0.17,-2.24,1.2,-0.55,-0.5,1.64,2.14,0.27,-0.1,0,0,7.00
2005-05-29T18:00:00,-0.06,-2.94,0.99,-0.57,-0.86,1.59,1.48,0.2,-0.15,0,0,4.00
2005-05-29T19:00:00,-0.27,-3.09,1.33,-0.55,-0.47,0.81,0.71,-0.05,-0.17,0,0,4.00
2005-05-29T20:00:00,0.0,-3.01,1.2,-0.47,-0.6,0.08,1.34,-0.07,-0.17,0,0,-3.00
2005-05-29T21:00:00,0.83,-2.64,-0.06,-0.5,-0.84,-0.88,3.44,-0.2,-0.14,0,0,0.00
2005-05-29T22:00:00,-0.42,-2.46,-1.32,-0.37,-1.1,-0.3,1.99,-0.21,-0.16,0,0,19.00
2005-05-29T23:00:00,0.05,-3.16,0.16,-0.29,-1.49,-0.55,1.14,-0.03,-0.16,0,0,23.00
2005-05-30T00:00:00,0.17,-2.99,0.69,-0.27,-1.32,0.01,0.75,0.04,-0.16,0,0,-26.00
2005-05-30T01:00:00,0.15,-3.28,-0.38,-0.17,-0.79,-3.27,2.23,-0.5,-0.18,0,0,-42.00
2005-05-30T02:00:00,0.32,-3.3,0.35,-0.15,-0.23,-0.02,-0.4,-0.55,-0.19,0,1,-37.00
2005-05-30T03:00:00,0.27,-3.14,0.84,-0.14,0.62,0.93,-0.54,-0.52,-0.19,0,1,-30.00
2005-05-30T04:00:00,0.3,-3.14,0.76,-0.08,0.85,1.1,-0.35,-0.53,-0.19,0,1,-29.00
2005-05-30T05:00:00,0.46,-2.44,-1.0,0.04,-0.2,0.67,0.44,-0.56,-0.19,0,1,-31.00
2005-05-30T06:00:00,0.36,-0.83,-2.37,0.11,-0.98,0.97,0.4,-0.46,-0.19,0,1,-22.00
2005-05-30T07:00:00,0.18,-0.96,-2.35,0.12,-0.28,0.61,0.22,-0.33,-0.18,0,1,-18.00
2005-05-30T08:00:00,-0.11,-1.25,-2.24,0.03,0.04,0.55,0.07,-0.32,-0.18,0,1,-36.00
2005-05-30T09:00:00,0.11,-1.14,-2.12,0.17,0.41,0.61,0.56,-0.3,-0.18,0,1,-60.00
2005-05-30T10:00:00,0.08,-1.32,-1.94,0.23,0.61,0.44,1.08,-0.3,-0.17,0,1,-78.00
2005-05-30T11:00:00,-0.38,-1.73,-1.67,0.28,0.19,0.01,0.54,-0.35,-0.18,0,1,-94.00
2005-05-30T12:00:00,-0.55,-1.67,-1.75,0.23,-0.29,-0.38,0.58,-0.49,-0.19,0,1,-107.00
2005-05-30T13:00:00,-0.78,-1.48,-1.8,0.19,-0.64,-0.48,0.37,-0.47,-0.19,0,1,-111.00
2005-05-30T14:00:00,-0.35,-1.17,-2.09,0.17,-0.96,-0.43,0.84,-0.46,-0.18,0,1,-113.00
2005-05-30T15:00:00,-1.09,-0.9,-1.64,0.22,-0.97,-0.54,0.98,-0.42,-0.18,0,1,-105.00
2005-05-30T16:00:00,-2.46,-0.31,-1.01,0.08,-0.88,-0.71,1.22,-0.4,-0.18,0,0,-91.00
2005-05-30T17:00:00,-1.42,0.22,-1.7,0.13,-0.54,-1.25,1.11,-0.43,-0.18,0,0,-86.00
2005-05-30T18:00:00,-1.23,1.45,-1.02,0.17,0.06,-1.13,0.62,-0.45,-0.18,0,0,-96.00
2005-05-30T19:00:00,-0.75,1.61,-1.2,0.27,0.44,-0.42,0.48,-0.55,-0.19,0,0,-102.00
2005-05-30T20:00:00,-0.39,2.07,-0.5,0.37,0.68,-0.33,0.35,-0.53,-0.19,0,0,-108.00
2005-05-30T21:00:00,-0.63,1.51,0.35,0.17,0.92,-0.13,-0.25,-0.52,-0.19,0,0,-99.00
2005-05-30T22:00:00,-0.23,1.41,-0.07,0.01,0.56,0.5,-0.37,-0.42,-0.18,0,0,-95.00
2005-05-30T23:00:00,0.48,0.72,-0.52,-0.13,0.04,1.23,-0.18,-0.2,-0.13,0,0,-85.00
2005-05-31T00:00:00,0.7,0.04,-0.69,-0.08,-0.37,0.23,-0.32,-0.18,-0.14,0,0,-76.00
2005-05-31T01:00:00,0.84,-0.06,-0.58,-0.01,0.31,0.47,-0.41,-0.02,-0.13,0,0,-72.00
2005-05-31T02:00:00,0.9,-0.45,-0.18,-0.09,0.62,0.35,-0.19,-0.18,-0.11,0,0,-73.00
2005-05-31T03:00:00,0.97,-0.41,-0.31,-0.07,0.68,0.0,-0.22,-0.5,-0.17,0,1,-78.00
2005-05-31T04:00:00,0.88,-0.57,-0.19,-0.09,0.42,-0.18,-0.35,-0.51,-0.18,0,1,-77.00
2005-05-31T05:00:00,0.79,-0.61,0.03,-0.11,0.65,-0.38,-0.14,-0.53,-0.17,0,1,-71.00
2005-05-31T06:00:00,0.69,-0.49,0.15,-0.08,0.36,-0.32,0.25,-0.52,-0.15,0,1,-61.00
2005-05-31T07:00:00,0.41,-0.27,0.33,-0.02,0.07,-0.25,0.56,-0.49,-0.04,0,1,-59.00
2005-05-31T08:00:00,0.65,-0.36,0.59,-0.0,0.02,-0.14,-0.02,-0.47,-0.15,0,1,-51.00
2005-05-31T09:00:00,0.67,-0.32,-0.32,0.07,-0.15,-0.19,0.54,-0.56,-0.15,0,1,-42.00
2005-05-31T10:00:00,0.42,0.18,-0.66,0.07,-0.65,-0.84,1.16,-0.56,-0.15,0,1,-38.00
2005-05-31T11:00:00,0.49,0.47,-0.32,0.03,-0.35,-0.4,1.11,-0.52,-0.11,0,1,-35.00
2005-05-31T12:00:00,0.39,0.25,-0.59,0.08,-0.19,-0.19,0.22,-0.54,-0.16,0,1,-24.00
2005-05-31T13:00:00,0.1,0.76,0.14,0.16,0.06,-0.38,0.81,-0.51,-0.11,0,1,-27.00
2005-05-31T14:00:00,-0.17,0.83,0.22,0.17,0.06,-0.27,0.55,-0.51,-0.14,0,1,-39.00
2005-05-31T15:00:00,-0.2,0.77,0.24,0.17,0.14,-0.26,0.87,-0.51,-0.12,0,1,-33.00
2005-05-31T16:00:00,0.26,0.67,0.0,0.11,-0.09,0.06,0.37,-0.46,-0.09,0,1,-31.00
2005-05-31T17:00:00,0.26,0.49,-0.17,0.11,0.03,0.52,0.44,-0.4,-0.01,0,1,-26.00
2005-05-31T18:00:00,-0.13,-0.06,0.3,0.09,-0.14,0.59,0.94,-0.45,0.66,0,1,-32.00
2005-05-31T19:00:00,0.04,0.43,0.26,0.08,0.04,0.08,0.9,-0.47,0.08,0,1,-32.00
2005-05-31T20:00:00,-0.34,-0.31,0.57,0.04,0.01,0.22,1.13,-0.5,-0.08,0,1,-30.00
2005-05-31T21:00:00,-0.49,-0.53,0.05,0.08,0.04,0.36,1.03,-0.51,-0.08,0,1,-25.00
2005-05-31T22:00:00,-0.53,-0.05,-0.31,0.12,-0.05,0.32,1.02,-0.53,-0.1,0,1,-19.00
2005-05-31T23:00:00,-0.32,0.24,-0.29,0.13,-0.11,0.25,0.99,-0.55,-0.08,0,1,-22.00
2005-06-01T00:00:00,-0.11,-0.03,-0.22,0.15,-0.06,0.19,0.85,-0.5,0.24,0,1,---
2005-06-01T01:00:00,-0.02,0.1,-0.19,0.21,-0.02,0.18,1.0,-0.49,0.41,0,1,-33.00
2005-06-01T02:00:00,0.27,0.15,0.1,0.29,0.06,0.17,0.85,-0.48,0.49,0,1,-34.00
2005-06-01T03:00:00,-0.35,0.39,-0.13,0.46,-0.5,0.51,-0.08,-0.35,-0.02,0,1,-33.00
2005-06-01T04:00:00,-0.04,0.52,-0.16,0.39,-0.65,0.56,-0.18,-0.4,-0.08,0,0,-31.00
2005-06-01T05:00:00,0.34,0.37,0.09,0.29,-0.45,0.11,0.01,-0.31,0.08,0,0,-35.00
2005-06-01T06:00:00,-0.2,0.31,-0.15,0.52,-0.3,0.47,-0.04,-0.31,0.12,0,0,-33.00
2005-06-01T07:00:00,-0.45,0.24,-0.26,0.63,-0.31,0.84,-0.29,-0.38,-0.1,0,0,-34.00
2005-06-01T08:00:00,-0.36,0.2,0.46,0.61,-0.38,-0.52,-0.2,-0.41,-0.09,0,0,-36.00
2005-06-01T09:00:00,-0.36,0.15,0.53,0.59,-0.27,-0.68,-0.13,-0.37,-0.08,0,0,-33.00
2005-06-01T10:00:00,-0.36,0.42,0.41,0.61,-0.67,-0.25,-0.08,-0.38,-0.09,0,0,-29.00
2005-06-01T11:00:00,-0.06,0.45,0.46,0.52,-0.69,-0.29,-0.14,-0.42,-0.1,0,0,-29.00
2005-06-01T12:00:00,-0.61,0.39,0.25,0.79,-0.73,0.15,-0.16,-0.45,-0.14,0,0,-29.00
2005-06-01T13:00:00,-0.36,0.79,0.12,0.7,-1.21,0.39,-0.21,-0.42,-0.15,0,0,-28.00
2005-06-01T14:00:00,-0.42,0.68,-0.12,0.76,-1.16,0.76,-0.2,-0.43,-0.14,0,0,-24.00
2005-06-01T15:00:00,-0.32,0.69,0.02,0.73,-1.08,0.52,-0.23,-0.41,-0.13,0,0,-24.00
2005-06-01T16:00:00,-0.79,-0.0,0.04,0.93,-0.22,0.51,-0.09,-0.35,-0.1,0,0,-25.00
2005-06-01T17:00:00,-0.77,-0.05,0.13,0.94,-0.09,0.21,-0.09,-0.35,-0.1,0,0,-26.00
2005-06-01T18:00:00,-0.71,0.2,-0.09,0.91,-0.48,0.63,-0.14,-0.31,-0.09,0,0,-30.00
2005-06-01T19:00:00,-0.57,0.4,0.08,0.87,-0.61,0.26,-0.1,-0.29,-0.06,0,0,-30.00
2005-06-01T20:00:00,-0.63,0.29,0.28,0.92,-0.66,-0.07,-0.11,-0.33,-0.08,0,0,-29.00
2005-06-01T21:00:00,-0.54,0.2,0.5,0.93,-0.55,-0.63,-0.18,-0.36,-0.11,0,0,-27.00
2005-06-01T22:00:00,-0.53,0.5,0.33,0.93,-0.9,-0.41,-0.2,-0.4,-0.13,0,0,-27.00
2005-06-01T23:00:00,-0.45,0.63,0.24,0.93,-0.99,-0.34,-0.13,-0.43,-0.14,0,0,-24.00
2005-06-02T00:00:00,-0.47,0.69,-0.09,0.92,-0.93,-0.0,-0.07,-0.44,-0.14,0,0,-23.00
2005-06-02T01:00:00,-0.43,0.58,0.15,0.88,-1.09,-0.12,0.14,-0.42,-0.09,0,0,-23.00
2005-06-02T02:00:00,0.06,0.22,0.46,0.82,-0.89,-0.49,0.28,-0.48,-0.03,0,0,-22.00
2005-06-02T03:00:00,-0.24,0.41,0.52,0.88,-0.77,-0.64,0.07,-0.51,-0.14,0,0,-22.00
2005-06-02T04:00:00,-0.52,0.73,0.19,0.95,-1.0,-0.24,-0.03,-0.5,-0.16,0,0,-21.00
2005-06-02T05:00:00,-0.41,0.7,-0.08,0.96,-0.96,0.03,-0.06,-0.49,-0.15,0,0,-19.00
2005-06-02T06:00:00,-0.18,0.78,0.21,0.9,-0.9,-0.22,-0.05,-0.49,-0.15,0,0,-17.00
2005-06-02T07:00:00,-0.59,0.53,0.05,0.98,-0.97,-0.1,0.08,-0.35,-0.09,0,0,-17.00
2005-06-02T08:00:00,-0.36,0.69,-0.02,0.95,-0.93,-0.06,0.01,-0.43,-0.12,0,0,-19.00
2005-06-02T09:00:00,-0.52,0.49,-0.22,0.99,-0.94,0.2,0.05,-0.39,-0.11,0,0,-18.00
2005-06-02T10:00:00,-0.57,0.55,0.2,1.01,-0.96,-0.19,0.07,-0.39,-0.11,0,0,-17.00
2005-06-02T11:00:00,-0.52,0.87,0.15,0.95,-1.19,-0.03,0.13,-0.42,-0.14,0,0,-16.00
2005-06-02T12:00:00,-0.6,0.89,0.29,0.93,-1.2,-0.44,0.22,-0.45,-0.15,0,0,-18.00
2005-06-02T13:00:00,-0.54,0.84,0.49,0.85,-1.08,-0.72,0.27,-0.47,-0.16,0,0,-13.00
2005-06-02T14:00:00,-0.41,0.39,0.07,0.75,-0.58,-0.08,0.57,-0.32,0.13,0,0,-8.00
2005-06-02T15:00:00,-0.74,0.42,0.53,0.83,-0.66,-0.82,0.51,-0.34,-0.1,0,0,-4.00
2005-06-02T16:00:00,-0.45,-0.21,0.83,0.78,-0.14,-1.19,0.53,-0.32,-0.09,0,0,-7.00
2005-06-02T17:00:00,-0.13,0.25,0.95,0.71,-0.51,-1.04,0.46,-0.32,-0.11,0,0,-5.00
2005-06-02T18:00:00,-0.22,-0.35,0.71,0.75,-0.27,-1.18,0.58,-0.23,-0.01,0,0,-8.00
2005-06-02T19:00:00,-0.62,0.7,0.44,0.58,-0.03,-0.39,-0.15,-0.08,-0.1,0,0,-10.00
2005-06-02T20:00:00,0.01,0.54,-0.52,0.58,-0.33,0.02,-0.0,-0.09,-0.05,0,0,-11.00
2005-06-02T21:00:00,-0.34,1.07,-0.33,0.58,-0.12,-0.22,-0.23,-0.1,-0.13,0,0,-16.00
2005-06-02T22:00:00,-0.49,0.91,-0.09,0.37,0.1,0.14,-0.2,-0.02,-0.1,0,0,-16.00
2005-06-02T23:00:00,-0.69,0.56,0.37,0.32,0.38,-0.3,-0.29,-0.12,-0.11,0,0,-23.00
2005-06-03T00:00:00,-0.73,0.45,0.22,0.34,0.51,0.13,-0.29,-0.12,-0.09,0,0,-26.00
2005-06-03T01:00:00,-0.59,0.65,0.15,0.29,0.15,0.16,-0.27,-0.05,-0.08,0,0,-22.00
2005-06-03T02:00:00,-0.36,0.84,-0.05,0.15,-0.19,0.62,-0.32,-0.13,-0.11,0,0,-19.00
2005-06-03T03:00:00,-0.8,0.44,0.35,0.32,0.34,-0.26,-0.27,-0.18,-0.11,0,0,-16.00
2005-06-03T04:00:00,-0.37,0.86,-0.24,0.16,-0.21,0.99,-0.33,-0.19,-0.13,0,0,-17.00
2005-06-03T05:00:00,-0.47,0.81,0.2,0.19,-0.06,0.25,-0.3,-0.13,-0.11,0,0,-17.00
2005-06-03T06:00:00,-0.26,0.82,0.07,0.1,-0.08,0.66,-0.3,-0.2,-0.11,0,0,-18.00
2005-06-03T07:00:00,-0.27,0.47,0.6,0.13,0.52,-0.31,-0.26,-0.14,-0.08,0,0,-21.00
2005-06-03T08:00:00,-0.61,0.55,0.32,0.31,0.16,0.15,-0.21,-0.1,-0.07,0,0,-19.00
2005-06-03T09:00:00,-0.38,0.56,0.05,0.27,0.33,0.58,-0.18,-0.16,-0.02,0,0,-18.00
2005-06-03T10:00:00,-0.39,0.67,0.1,0.32,0.15,0.47,-0.23,-0.18,-0.07,0,0,-13.00
2005-06-03T11:00:00,-0.82,0.37,0.13,0.56,0.41,0.29,-0.15,-0.25,-0.11,0,0,-11.00
2005-06-03T12:00:00,-0.55,0.42,0.4,0.47,0.17,-0.19,-0.14,-0.22,-0.07,0,0,-13.00
2005-06-03T13:00:00,-0.82,0.01,0.32,0.6,0.67,-0.03,-0.13,-0.26,-0.1,0,0,-15.00
2005-06-03T14:00:00,-0.58,0.45,0.36,0.53,0.13,-0.03,-0.16,-0.27,-0.1,0,0,-14.00
2005-06-03T15:00:00,0.02,0.73,0.34,0.39,-0.36,-0.15,-0.16,-0.31,-0.11,0,0,-13.00
2005-06-03T16:00:00,-0.85,0.37,0.19,0.73,-0.17,0.21,-0.16,-0.33,-0.13,0,0,-15.00
2005-06-03T17:00:00,-0.4,0.5,0.17,0.64,-0.33,0.1,-0.17,-0.24,-0.03,0,0,-14.00
2005-06-03T18:00:00,-0.06,0.67,0.17,0.49,-0.36,-0.18,-0.19,-0.26,-0.06,0,0,-16.00
2005-06-03T19:00:00,-0.33,0.82,0.11,0.57,-0.56,-0.12,-0.24,-0.36,-0.14,0,0,-17.00
2005-06-03T20:00:00,-0.45,0.77,-0.09,0.66,-0.4,-0.08,-0.22,-0.36,-0.14,0,0,-15.00
2005-06-03T21:00:00,-0.08,0.6,-0.12,0.67,-0.35,-0.12,-0.04,-0.34,-0.05,0,0,-11.00
2005-06-03T22:00:00,0.17,0.28,-0.07,0.64,-0.23,-0.37,-0.02,-0.27,0.35,0,0,-11.00
2005-06-03T23:00:00,-0.12,0.17,0.37,0.74,-0.26,-0.82,-0.04,-0.33,0.17,0,0,-8.00
2005-06-04T00:00:00,-0.27,0.57,-0.04,0.81,-0.67,-0.21,-0.02,-0.38,-0.07,0,0,-5.00
2005-06-04T01:00:00,0.09,0.72,-0.02,0.74,-0.81,-0.47,-0.03,-0.38,-0.1,0,0,-4.00
2005-06-04T02:00:00,-0.21,0.45,0.24,0.83,-0.57,-0.73,0.09,-0.37,0.01,0,0,-4.00
2005-06-04T03:00:00,-0.11,0.29,0.19,0.8,-0.65,-0.77,0.16,-0.41,0.24,1,0,-5.00
2005-06-04T04:00:00,-0.35,-0.05,0.23,0.8,-0.74,-0.53,0.54,-0.3,0.5,1,0,-5.00
2005-06-04T05:00:00,-0.82,0.43,-0.12,0.84,-1.09,-0.4,0.87,-0.24,-0.02,1,0,-6.00
2005-06-04T06:00:00,-0.57,0.63,-0.41,0.85,-1.07,-0.63,0.83,-0.33,-0.08,1,0,-4.00
2005-06-04T07:00:00,-0.69,0.52,-0.13,0.93,-1.23,-0.75,0.97,-0.26,0.0,1,0,-4.00
2005-06-04T08:00:00,-0.52,0.81,-0.17,0.95,-1.56,-0.66,0.85,-0.32,-0.07,1,0,-3.00
2005-06-04T09:00:00,-0.49,0.69,0.05,0.98,-1.49,-0.67,1.05,-0.36,-0.03,1,0,-2.00
2005-06-04T10:00:00,-0.25,0.34,0.51,0.93,-1.36,-0.65,2.22,-0.48,0.04,1,0,-1.00
2005-06-04T11:00:00,0.79,-0.92,0.17,0.75,-1.15,-0.78,3.12,-0.46,-0.08,1,0,-1.00
2005-06-04T12:00:00,0.76,-0.8,-0.46,0.55,-0.99,-1.0,6.11,-0.31,0.12,1,0,3.00
2005-06-04T13:00:00,1.44,-0.66,-0.41,0.52,-0.8,-1.22,3.36,-0.16,-0.03,1,0,18.00
2005-06-04T14:00:00,0.42,0.82,-0.97,0.3,-0.67,-1.36,2.93,-0.17,-0.03,1,0,33.00
2005-06-04T15:00:00,1.48,-0.92,-0.3,0.05,-0.05,-1.16,1.78,0.03,-0.06,1,0,27.00
2005-06-04T16:00:00,1.59,-0.83,-0.88,-0.44,1.44,-1.15,0.46,0.28,-0.13,1,0,17.00
2005-06-04T17:00:00,1.14,-0.64,-1.0,-0.37,2.08,-1.74,0.79,0.51,-0.06,1,0,6.00
2005-06-04T18:00:00,1.3,-0.2,-0.39,-0.05,2.81,-1.04,1.03,1.0,0.17,1,0,-11.00
2005-06-04T19:00:00,0.71,-0.41,0.8,-0.14,1.95,0.22,0.98,1.12,0.34,1,0,-18.00
2005-06-04T20:00:00,0.92,-1.36,-0.21,-0.08,1.24,-0.54,0.61,0.93,0.0,1,0,-21.00
2005-06-04T21:00:00,1.53,-2.15,-0.37,-0.07,1.54,-0.81,-0.02,0.2,-0.17,1,0,-30.00
2005-06-04T22:00:00,1.27,-2.02,-0.24,-0.35,1.59,-0.05,-0.11,1.29,-0.13,1,0,-25.00
2005-06-04T23:00:00,0.78,-1.64,0.25,-0.62,1.89,1.37,-0.2,1.38,-0.09,1,0,-28.00
2005-06-05T00:00:00,0.87,-1.31,-0.24,-0.74,1.7,0.77,-0.07,1.13,-0.05,1,0,-27.00
2005-06-05T01:00:00,0.59,-1.45,-0.29,-1.0,1.13,0.82,-0.14,0.7,-0.1,1,0,-28.00
2005-06-05T02:00:00,0.87,-1.41,0.28,-0.9,1.26,1.3,-0.13,0.72,-0.1,1,0,-26.00
2005-06-05T03:00:00,1.2,-1.35,0.24,-0.86,1.22,1.39,-0.25,0.52,-0.13,1,0,-25.00
2005-06-05T04:00:00,1.49,-0.68,-0.12,-0.69,2.23,0.79,-0.26,0.39,-0.13,1,0,-28.00
2005-06-05T05:00:00,0.86,-1.2,-0.21,-1.06,1.13,0.45,-0.47,0.64,-0.13,1,0,-25.00
2005-06-05T06:00:00,1.07,-1.25,-0.2,-0.9,0.95,0.63,-0.59,0.62,-0.15,1,0,-25.00
2005-06-05T07:00:00,0.56,-1.02,-0.39,-1.3,1.79,-0.48,-0.5,1.41,-0.06,1,0,-33.00
2005-06-05T08:00:00,0.7,-1.24,-0.09,-1.21,1.0,-0.63,-0.5,1.14,-0.1,1,0,-33.00
2005-06-05T09:00:00,1.02,-1.0,0.38,-0.98,1.49,-0.05,-0.54,0.67,-0.13,1,0,-32.00
2005-06-05T10:00:00,0.51,-0.93,0.35,-1.15,0.78,-0.16,-0.5,1.27,-0.02,1,0,-32.00
2005-06-05T11:00:00,0.51,-0.63,0.29,-1.16,1.08,-0.01,-0.5,1.38,0.12,1,0,-33.00
2005-06-05T12:00:00,0.32,-0.37,0.38,-1.43,1.24,0.4,-0.56,1.27,0.32,1,0,-30.00
2005-06-05T13:00:00,0.62,0.04,0.52,-1.38,1.98,0.9,-0.59,0.82,0.01,1,0,-28.00
2005-06-05T14:00:00,0.52,-0.73,0.21,-1.38,0.31,0.29,-0.64,0.67,-0.06,1,0,-26.00
2005-06-05T15:00:00,-0.07,-0.8,0.31,-1.73,0.31,0.76,-0.64,0.97,-0.01,0,0,-25.00
2005-06-05T16:00:00,0.24,-0.78,0.1,-1.56,0.52,0.49,-0.62,0.82,-0.0,0,0,-26.00
2005-06-05T17:00:00,0.38,-0.2,0.22,-1.52,1.83,1.15,-0.61,1.1,0.55,0,0,-28.00
2005-06-05T18:00:00,0.57,-0.02,-0.13,-1.44,2.59,0.52,-0.61,0.96,0.19,0,0,-30.00
2005-06-05T19:00:00,0.41,-0.72,0.35,-1.57,0.24,1.55,-0.66,0.67,-0.06,0,0,-30.00
2005-06-05T20:00:00,0.32,-0.7,-0.09,-1.53,0.28,-0.14,-0.66,0.62,-0.04,0,0,-27.00
2005-06-05T21:00:00,0.44,-0.5,-0.31,-1.4,0.67,-0.73,-0.67,0.51,-0.06,0,0,-29.00
2005-06-05T22:00:00,0.58,-0.65,-0.27,-1.21,0.21,-0.47,-0.68,0.44,-0.11,0,0,-28.00
2005-06-05T23:00:00,0.53,-0.62,-0.09,-1.22,0.27,0.24,-0.66,0.42,-0.07,0,0,-25.00
2005-06-06T00:00:00,0.61,-0.43,0.04,-1.15,0.78,0.81,-0.64,0.47,-0.03,0,0,-32.00
2005-06-06T01:00:00,0.68,-0.32,-0.33,-1.06,0.95,-0.21,-0.66,0.29,-0.1,0,0,-26.00
2005-06-06T02:00:00,0.49,-0.57,-0.05,-1.1,0.46,0.55,-0.63,0.31,-0.05,0,0,-20.00
2005-06-06T03:00:00,0.62,-0.61,-0.03,-0.95,0.18,0.63,-0.63,0.2,-0.1,0,0,-18.00
2005-06-06T04:00:00,0.21,-0.51,0.1,-1.18,0.26,0.25,-0.64,0.17,0.03,0,0,-18.00
2005-06-06T05:00:00,-0.17,-0.63,0.01,-1.4,-0.27,-0.74,-0.71,0.1,-0.08,0,0,-18.00
2005-06-06T06:00:00,0.36,-0.24,0.12,-0.98,-0.26,-0.36,-0.72,-0.06,0.0,0,0,-19.00
2005-06-06T07:00:00,0.58,-0.22,0.25,-0.82,0.48,-0.31,-0.74,-0.13,-0.12,0,0,-24.00
2005-06-06T08:00:00,0.51,-0.32,0.23,-0.79,0.34,-0.24,-0.71,-0.06,-0.09,0,0,-25.00
2005-06-06T09:00:00,0.43,-0.32,0.24,-0.8,0.37,-0.41,-0.73,0.07,-0.06,0,0,-25.00
2005-06-06T10:00:00,0.49,-0.43,0.25,-0.73,0.27,-0.36,-0.73,0.06,-0.1,0,0,-22.00
2005-06-06T11:00:00,0.37,-0.5,0.21,-0.6,0.18,-0.19,-0.74,-0.07,-0.11,0,0,-20.00
2005-06-06T12:00:00,0.13,-0.3,0.07,-0.45,0.22,0.04,-0.73,0.06,0.23,0,0,-21.00
2005-06-06T13:00:00,0.15,-0.33,0.23,-0.2,0.14,0.75,-0.73,-0.07,0.03,0,0,-23.00
2005-06-06T14:00:00,0.28,-0.26,0.31,0.02,0.27,1.1,-0.69,-0.03,0.0,0,0,-22.00
2005-06-06T15:00:00,0.04,-0.47,-0.12,0.15,-0.43,1.1,-0.67,-0.43,-0.13,0,0,-19.00
2005-06-06T16:00:00,0.06,-0.66,-0.21,0.26,-0.88,0.92,-0.65,-0.47,-0.17,0,0,-18.00
2005-06-06T17:00:00,0.17,-0.78,-0.11,0.26,-1.1,0.8,-0.47,-0.36,-0.14,0,0,-19.00
2005-06-06T18:00:00,0.29,-1.0,-0.13,0.16,-0.98,0.72,-0.16,-0.18,-0.12,0,0,-20.00
2005-06-06T19:00:00,0.12,-0.96,-0.46,0.09,-0.86,0.21,-0.1,-0.21,-0.13,0,0,-19.00
2005-06-06T20:00:00,-0.04,-0.98,-0.52,0.09,-0.57,0.1,-0.08,-0.21,-0.13,0,0,-21.00
2005-06-06T21:00:00,-0.5,-1.0,-0.36,-0.0,-0.13,0.19,0.03,-0.16,-0.12,0,0,-22.00
2005-06-06T22:00:00,-0.58,-1.14,-0.02,-0.02,-0.21,0.37,0.08,-0.18,-0.13,0,0,-29.00
2005-06-06T23:00:00,-0.45,-1.05,-0.36,0.04,-0.16,-0.05,0.15,-0.21,-0.12,0,0,-29.00
2005-06-07T00:00:00,-0.48,-0.93,-0.57,0.02,-0.08,-0.38,0.02,-0.17,-0.13,0,0,-30.00
2005-06-07T01:00:00,-0.34,-0.55,-0.35,0.05,0.37,-0.04,-0.2,0.3,0.06,0,0,-30.00
2005-06-07T02:00:00,0.38,-0.2,-0.83,0.15,0.26,-0.05,-0.42,0.54,-0.08,0,0,-32.00
2005-06-07T03:00:00,-0.15,-0.9,-0.53,0.02,-0.42,0.36,-0.54,0.45,-0.11,0,0,-40.00
2005-06-07T04:00:00,0.07,-0.53,-0.55,0.04,-0.02,0.59,-0.56,0.74,-0.03,0,0,-40.00
2005-06-07T05:00:00,-0.12,-0.72,-0.27,-0.03,-0.23,0.42,-0.55,0.85,0.02,0,0,-40.00
2005-06-07T06:00:00,0.25,-0.6,0.09,0.02,-0.2,0.53,-0.42,0.73,0.24,0,0,-43.00
2005-06-07T07:00:00,-0.19,-0.85,0.09,0.06,-0.37,0.75,-0.41,0.43,-0.01,0,0,-37.00
2005-06-07T08:00:00,-0.3,-0.76,0.03,-0.0,-0.38,0.16,-0.29,0.28,0.02,0,0,-31.00
2005-06-07T09:00:00,-0.39,-0.82,-0.09,-0.18,-0.78,-0.12,-0.11,-0.03,-0.06,0,0,-26.00
2005-06-07T10:00:00,-0.02,-0.77,-0.15,-0.06,-0.77,-0.03,-0.1,0.07,0.02,0,0,-23.00
2005-06-07T11:00:00,0.06,-0.47,-0.21,-0.05,-0.46,-0.03,-0.28,0.1,0.16,0,0,-22.00
2005-06-07T12:00:00,-0.08,-0.76,0.35,0.0,-0.76,0.23,-0.29,0.33,0.02,0,0,-23.00
2005-06-07T13:00:00,0.08,-0.57,0.13,-0.01,-0.57,0.1,-0.28,0.44,0.33,0,0,-20.00
2005-06-07T14:00:00,0.19,0.49,0.29,-0.1,0.82,0.37,-0.46,0.73,0.24,0,0,-21.00
2005-06-07T15:00:00,-0.52,0.29,0.56,-0.34,0.75,0.88,-0.54,0.18,-0.07,0,0,-19.00
2005-06-07T16:00:00,-0.67,-0.29,0.59,-0.31,-0.1,1.13,-0.54,0.13,-0.11,0,0,-20.00
2005-06-07T17:00:00,-0.65,-0.54,0.21,-0.29,-0.84,1.16,-0.6,0.07,-0.11,0,0,-21.00
2005-06-07T18:00:00,-0.43,-0.42,0.41,-0.19,-0.62,1.25,-0.65,0.24,-0.06,0,0,-21.00
2005-06-07T19:00:00,-0.26,-0.7,-0.07,-0.07,-1.05,0.49,-0.64,0.34,-0.06,0,0,-21.00
2005-06-07T20:00:00,-0.06,-0.65,-0.15,0.03,-1.21,0.26,-0.67,0.26,-0.06,0,0,-21.00
2005-06-07T22:00:00,0.46,-0.44,-0.26,0.09,-0.77,-0.07,-0.7,0.21,-0.09,0,0,-24.00
2005-06-07T23:00:00,-0.02,-0.33,-0.32,0.05,-0.53,0.13,-0.69,0.2,-0.01,0,0,-25.00
2005-06-08T00:00:00,-0.47,-0.37,-0.04,-0.03,-0.64,0.38,-0.68,-0.07,-0.08,0,0,-24.00
2005-06-08T01:00:00,-0.38,-0.44,-0.05,0.05,-0.81,0.18,-0.67,-0.02,-0.06,0,0,-27.00
2005-06-08T02:00:00,-0.34,-0.33,-0.12,0.05,-0.66,-0.03,-0.65,-0.06,-0.03,0,0,-23.00
2005-06-08T03:00:00,-0.32,-0.29,0.17,0.05,-0.5,0.53,-0.66,-0.13,0.0,0,0,-19.00
2005-06-08T04:00:00,0.19,-0.36,-0.24,0.23,-0.47,0.02,-0.57,-0.14,-0.03,0,0,-19.00
2005-06-08T05:00:00,0.27,-0.08,-0.26,0.23,-0.43,-0.16,-0.65,-0.18,-0.03,0,0,-17.00
2005-06-08T06:00:00,0.17,-0.28,-0.09,0.25,-0.69,-0.15,-0.65,-0.24,0.04,0,0,-13.00
2005-06-08T07:00:00,0.45,-0.28,0.03,0.37,-0.91,-0.04,-0.6,-0.25,-0.06,0,0,-14.00
2005-06-08T08:00:00,0.45,-0.31,-0.0,0.37,-1.13,-0.2,-0.62,-0.25,-0.08,0,0,-19.00
2005-06-08T09:00:00,0.42,-0.22,-0.01,0.45,-0.98,-0.32,-0.63,-0.09,0.01,0,0,-21.00
2005-06-08T10:00:00,0.37,-0.3,0.05,0.44,-1.03,-0.37,-0.6,-0.21,-0.01,0,0,-19.00
2005-06-08T11:00:00,0.1,-0.48,0.2,0.44,-1.0,-0.22,-0.54,-0.35,-0.08,0,0,-17.00
2005-06-08T12:00:00,0.22,-0.4,0.25,0.48,-1.02,-0.17,-0.53,-0.33,-0.06,0,0,-17.00
2005-06-08T13:00:00,-0.04,-0.32,0.35,0.41,-0.6,-0.13,-0.53,-0.34,-0.04,0,0,-13.00
2005-06-08T14:00:00,-0.4,-0.5,0.2,0.28,-0.92,-0.28,-0.53,-0.41,-0.14,0,0,-11.00
2005-06-08T15:00:00,-0.28,-0.63,0.17,0.37,-0.93,-0.54,-0.54,-0.41,-0.14,0,0,-9.00
2005-06-08T16:00:00,-0.38,-0.59,0.2,0.32,-0.99,-0.51,-0.56,-0.45,-0.16,0,0,-9.00
2005-06-08T17:00:00,-0.46,-0.4,0.06,0.31,-0.76,-0.75,-0.54,-0.44,-0.14,0,0,-12.00
2005-06-08T18:00:00,-0.02,-0.56,0.12,0.5,-0.89,-0.62,-0.56,-0.41,-0.12,0,0,-12.00
2005-06-08T19:00:00,0.21,-0.56,0.18,0.55,-0.57,-0.7,-0.58,-0.39,-0.13,0,0,-14.00
2005-06-08T20:00:00,0.33,-0.45,0.22,0.63,-0.53,-0.56,-0.53,-0.27,-0.08,0,0,-13.00
2005-06-08T21:00:00,0.33,-0.42,0.07,0.65,-0.52,-0.83,-0.49,-0.34,-0.07,0,0,-9.00
2005-06-08T22:00:00,0.2,-0.5,-0.24,0.69,-0.53,-1.32,-0.56,-0.42,-0.14,0,0,-6.00
2005-06-08T23:00:00,0.1,-0.46,-0.17,0.65,-0.5,-1.2,-0.51,-0.42,-0.11,0,0,-7.00
2005-06-09T00:00:00,-0.36,-0.55,-0.04,0.49,-0.72,-0.95,-0.57,-0.46,-0.15,0,0,-8.00
2005-06-09T01:00:00,0.29,-0.27,0.2,0.78,-0.48,-0.42,-0.46,-0.3,0.06,0,0,-10.00
2005-06-09T02:00:00,0.49,-0.03,0.41,0.88,-0.08,0.15,-0.46,-0.28,-0.08,0,0,-10.00
2005-06-09T03:00:00,0.43,-0.07,0.27,0.88,-0.16,-0.1,-0.44,-0.3,-0.01,0,0,-9.00
2005-06-09T04:00:00,0.4,-0.38,0.1,0.89,-0.69,-0.3,-0.37,-0.25,-0.0,0,0,-9.00
2005-06-09T05:00:00,0.55,0.03,0.23,0.91,-0.07,-0.14,-0.38,-0.29,-0.05,0,0,-5.00
2005-06-09T06:00:00,0.6,-0.05,0.26,0.93,-0.2,0.04,-0.36,-0.24,-0.05,0,0,-2.00
2005-06-09T07:00:00,0.57,-0.0,0.26,0.94,-0.25,-0.06,-0.4,-0.28,-0.06,0,0,-4.00
2005-06-09T08:00:00,0.62,-0.09,0.12,0.97,-0.41,-0.19,-0.38,-0.29,-0.07,0,0,-6.00
2005-06-09T09:00:00,0.35,-0.32,-0.04,0.93,-0.65,-0.47,-0.4,-0.32,-0.01,0,0,-7.00
2005-06-09T10:00:00,0.41,-0.29,0.06,1.0,-0.73,-0.28,-0.4,-0.26,0.02,0,0,-6.00
2005-06-09T11:00:00,-0.01,-0.27,0.08,0.79,-0.53,-0.33,-0.4,-0.34,0.43,0,0,-6.00
2005-06-09T12:00:00,-0.42,-0.23,-0.24,0.63,-0.55,-0.98,-0.43,-0.41,-0.11,0,0,-6.00
2005-06-09T13:00:00,-0.16,-0.46,-0.11,0.75,-0.88,-0.67,-0.38,-0.38,-0.06,0,0,-7.00
2005-06-09T14:00:00,-0.07,-0.54,0.11,0.81,-0.96,-0.29,-0.38,-0.36,-0.06,0,0,-7.00
2005-06-09T15:00:00,0.22,-0.19,0.3,0.95,-0.6,0.05,-0.4,-0.32,0.08,0,0,-6.00
2005-06-09T16:00:00,0.3,-0.38,0.09,0.97,-0.81,-0.35,-0.36,-0.32,0.01,0,0,-8.00
2005-06-09T17:00:00,-0.14,-0.39,-0.18,0.86,-0.68,-0.84,-0.34,-0.4,-0.06,0,0,-10.00
2005-06-09T18:00:00,-0.04,-0.47,-0.04,0.93,-0.73,-0.57,-0.33,-0.42,-0.05,0,0,-10.00
2005-06-09T19:00:00,0.13,-0.36,-0.18,0.97,-0.67,-0.71,-0.28,-0.39,-0.02,0,0,-8.00
2005-06-09T20:00:00,-0.05,-0.5,-0.04,0.95,-0.74,-0.62,-0.28,-0.41,-0.05,0,0,-10.00
2005-06-09T21:00:00,-0.07,-0.45,-0.22,0.97,-0.7,-0.81,-0.25,-0.4,-0.07,0,0,-9.00
2005-06-09T22:00:00,0.32,-0.34,0.13,1.1,-0.61,-0.28,-0.25,-0.35,0.04,0,0,-8.00
2005-06-09T23:00:00,0.49,0.08,0.24,1.17,-0.04,0.07,-0.24,-0.33,-0.01,0,0,-9.00
2005-06-10T00:00:00,0.53,-0.13,0.29,1.22,-0.55,0.17,-0.22,-0.31,-0.03,0,0,-11.00
2005-06-10T01:00:00,0.45,-0.3,0.12,1.19,-0.52,0.06,-0.2,-0.31,0.02,0,0,-11.00
2005-06-10T02:00:00,0.2,-0.45,0.13,1.14,-0.59,-0.05,-0.18,-0.34,0.04,0,0,-13.00
2005-06-10T03:00:00,0.4,-0.51,0.05,1.21,-0.81,-0.14,-0.17,-0.33,-0.05,0,0,-10.00
2005-06-10T04:00:00,0.46,-0.5,-0.06,1.27,-0.77,-0.34,-0.14,-0.32,-0.06,0,0,-7.00
2005-06-10T05:00:00,0.34,-0.58,0.0,1.23,-0.89,-0.17,-0.17,-0.37,-0.08,0,0,-4.00
2005-06-10T06:00:00,0.3,-0.57,-0.1,1.22,-0.86,-0.29,-0.14,-0.4,-0.09,0,0,-1.00
2005-06-10T07:00:00,0.34,-0.55,0.03,1.25,-0.74,-0.07,-0.16,-0.39,-0.08,0,0,-2.00
2005-06-10T08:00:00,0.3,-0.6,0.09,1.25,-0.79,0.02,-0.11,-0.42,-0.09,0,0,-4.00
