2005-07-10T11:00:00,-1.7,1.94,-2.91,0.15,1.0,-0.32,0.43,-0.45,-0.19,0,1,7.00
2005-07-10T12:00:00,-1.51,2.43,-2.84,0.15,0.65,-0.02,0.03,-0.42,-0.19,0,1,10.00
2005-07-10T13:00:00,-1.7,2.93,-2.19,-0.04,0.63,-0.26,1.17,-0.45,-0.19,0,1,-48.00
2005-07-10T14:00:00,-2.1,2.63,-1.74,-0.05,1.19,0.18,2.84,-0.46,-0.18,0,1,-63.00
2005-07-10T15:00:00,-1.87,2.6,-1.48,0.07,0.69,-1.07,2.14,-0.48,-0.18,0,1,-62.00
2005-07-10T16:00:00,-1.8,2.08,-1.26,0.05,0.78,0.01,3.91,-0.42,-0.17,0,1,-57.00
2005-07-10T17:00:00,-1.48,0.79,-2.01,0.12,0.19,-0.63,5.33,-0.41,-0.16,0,1,-62.00
2005-07-10T18:00:00,-1.41,0.8,-1.7,0.22,0.6,0.15,6.57,-0.5,-0.16,0,1,-51.00
2005-07-10T19:00:00,-1.25,1.47,-1.52,0.35,0.77,0.29,2.89,-0.55,-0.18,0,1,-55.00
2005-07-10T20:00:00,-1.26,1.78,-0.79,0.37,0.68,0.41,2.8,-0.55,-0.18,0,1,-73.00
2005-07-10T21:00:00,-1.19,1.36,-0.66,0.38,0.59,0.53,2.74,-0.51,-0.17,0,1,-92.00
2005-07-10T22:00:00,-1.01,1.07,-0.61,0.42,-0.26,0.27,3.56,-0.5,-0.14,0,1,-89.00
2005-07-10T23:00:00,-0.85,1.12,-0.49,0.4,-0.22,0.12,2.96,-0.5,-0.15,0,1,-65.00
2005-07-11T00:00:00,-0.42,1.18,-0.45,0.45,-0.38,0.28,1.43,-0.5,-0.16,0,1,-62.00
2005-07-11T01:00:00,0.38,1.57,0.19,0.53,-0.62,0.4,-0.17,-0.52,-0.18,0,1,-70.00
2005-07-11T02:00:00,0.38,1.58,0.29,0.51,-0.81,0.58,-0.36,-0.56,-0.19,0,1,-74.00
2005-07-11T03:00:00,0.19,1.58,-0.09,0.48,-0.58,-0.1,-0.42,-0.56,-0.19,0,1,-75.00
2005-07-11T04:00:00,-0.01,1.4,-0.54,0.62,-0.43,0.04,-0.59,-0.57,-0.19,0,1,-65.00
2005-07-11T05:00:00,0.01,1.26,-0.68,0.57,-0.8,-0.66,-0.62,-0.58,-0.19,0,1,-58.00
2005-07-11T06:00:00,0.18,-0.29,0.1,0.51,-0.53,-1.19,1.93,-0.49,0.71,0,1,-58.00
2005-07-11T07:00:00,0.02,-1.04,0.46,0.56,-0.55,-1.1,1.37,-0.5,-0.14,0,1,-57.00
2005-07-11T08:00:00,-0.36,-1.35,-0.37,0.57,-0.38,-1.08,1.38,-0.5,-0.16,0,1,-40.00
2005-07-11T09:00:00,-0.32,-1.16,-0.38,0.6,-0.43,-1.26,1.53,-0.49,-0.14,0,1,-25.00
2005-07-11T10:00:00,-0.34,-1.13,-0.45,0.67,-0.37,-1.15,0.77,-0.49,-0.16,0,1,-18.00
2005-07-11T11:00:00,-0.23,-0.74,-0.59,0.73,-0.36,-1.05,0.81,-0.43,-0.12,0,1,-18.00
2005-07-11T12:00:00,-0.31,-0.88,-0.43,0.72,-0.27,-0.96,0.75,-0.45,-0.13,0,1,-27.00
2005-07-11T13:00:00,-0.28,-1.09,-0.48,0.73,-0.27,-0.7,0.3,-0.5,-0.17,0,1,-33.00
2005-07-11T14:00:00,-0.05,-1.17,-0.35,0.7,-0.4,-0.33,0.01,-0.5,-0.17,0,1,-30.00
2005-07-11T15:00:00,-0.65,-0.4,-0.51,0.62,-0.46,-0.14,-0.28,-0.45,-0.16,0,1,-35.00
2005-07-11T16:00:00,-0.82,-0.67,-0.97,0.57,0.13,-0.57,-0.42,-0.5,-0.19,0,1,-41.00
2005-07-11T17:00:00,-1.14,-0.59,-1.12,0.52,0.0,-1.13,-0.4,-0.48,-0.19,0,1,-45.00
2005-07-11T18:00:00,-1.55,-0.85,-0.83,0.54,0.42,-1.57,-0.45,-0.5,-0.19,0,1,-45.00
2005-07-11T19:00:00,-1.82,-0.52,-0.59,0.69,0.38,-1.67,-0.44,-0.54,-0.19,0,1,-51.00
2005-07-11T20:00:00,-1.69,-0.33,-0.69,0.75,-0.02,-1.51,-0.45,-0.52,-0.19,0,1,-54.00
2005-07-11T21:00:00,-1.45,-0.53,-0.66,0.7,0.7,-1.12,-0.4,-0.51,-0.19,0,1,-46.00
2005-07-11T22:00:00,-1.33,-0.07,-0.76,0.71,0.24,-0.68,-0.44,-0.51,-0.19,0,1,-39.00
2005-07-11T23:00:00,-0.94,-0.22,-0.98,0.61,0.6,-0.2,-0.47,-0.5,-0.19,0,1,-37.00
2005-07-12T00:00:00,-0.39,0.1,-1.17,0.44,0.25,0.39,-0.18,-0.46,-0.18,0,1,-44.00
2005-07-12T01:00:00,-0.18,0.13,-1.32,0.4,0.34,0.69,-0.23,-0.51,-0.18,0,1,-47.00
2005-07-12T02:00:00,-0.97,0.73,-1.21,0.67,-0.35,0.51,-0.31,-0.54,-0.19,0,1,-53.00
2005-07-12T03:00:00,-1.09,0.81,-1.19,0.68,-0.52,0.41,-0.3,-0.53,-0.19,0,1,-60.00
2005-07-12T04:00:00,-1.06,1.33,-0.66,0.63,-0.77,-0.26,-0.55,-0.37,-0.19,0,1,-67.00
2005-07-12T05:00:00,-0.66,1.98,-0.12,0.37,-1.24,-1.37,-0.57,-0.26,-0.18,0,0,-72.00
2005-07-12T06:00:00,-0.49,1.96,0.39,0.31,-1.3,-3.12,-0.56,-0.26,-0.18,0,0,-78.00
2005-07-12T07:00:00,0.41,2.35,0.39,-0.25,-1.51,-2.07,-0.09,-0.3,-0.18,0,0,-75.00
2005-07-12T08:00:00,-0.08,2.36,0.71,-0.27,-1.27,-2.96,-0.14,-0.06,-0.18,0,0,-67.00
2005-07-12T09:00:00,-0.54,1.91,-1.17,-0.18,-0.98,0.92,-0.37,0.05,-0.18,0,0,-51.00
2005-07-12T10:00:00,-0.67,1.88,-1.2,-0.05,-1.33,1.51,-0.08,-0.16,-0.18,0,0,-44.00
2005-07-12T11:00:00,-0.49,1.63,-0.4,-0.19,-1.22,0.35,-0.12,-0.01,-0.16,0,0,-44.00
2005-07-12T12:00:00,-0.68,-0.1,-1.58,-0.24,0.47,1.34,-0.22,0.02,-0.17,0,0,-53.00
2005-07-12T13:00:00,-0.49,1.0,-1.38,-0.24,-0.38,1.17,-0.18,0.13,-0.16,0,0,-50.00
2005-07-12T14:00:00,-0.5,1.63,-0.26,-0.09,-0.59,0.15,-0.17,0.5,-0.13,0,0,-46.00
2005-07-12T15:00:00,-0.29,0.68,0.11,0.49,-2.9,2.31,0.04,2.33,0.93,0,0,-46.00
2005-07-12T16:00:00,-0.63,1.17,0.46,-0.04,-0.46,-0.4,-0.05,1.77,0.05,0,0,-50.00
2005-07-12T17:00:00,-0.33,0.89,0.72,-0.12,-0.03,-0.79,-0.06,1.3,0.06,0,0,-48.00
2005-07-12T18:00:00,0.17,1.25,0.7,-0.32,-0.38,-0.75,-0.17,0.69,-0.09,0,0,-48.00
2005-07-12T19:00:00,0.26,0.71,1.04,-0.36,0.09,-1.37,-0.23,0.49,-0.1,0,0,-46.00
2005-07-12T20:00:00,-0.11,0.22,1.32,-0.14,0.43,-2.02,-0.26,0.48,-0.11,0,0,-45.00
2005-07-12T21:00:00,0.49,0.48,1.13,-0.44,-0.32,-1.27,-0.28,0.35,-0.12,0,0,-44.00
2005-07-12T22:00:00,0.51,0.2,1.24,-0.45,0.05,-1.45,-0.3,0.2,-0.13,0,0,-37.00
2005-07-12T23:00:00,0.21,-0.84,0.95,-0.39,1.29,-0.67,-0.29,0.16,-0.12,0,0,-30.00
2005-07-13T00:00:00,0.47,-0.33,1.1,-0.51,0.39,-1.17,-0.33,0.25,-0.12,0,0,-25.00
2005-07-13T01:00:00,1.05,0.66,1.08,-0.68,0.01,-1.23,-0.42,-0.23,-0.17,0,0,-26.00
2005-07-13T02:00:00,0.94,0.08,1.32,-0.38,-0.03,-1.3,-0.47,-0.21,-0.18,0,0,-28.00
2005-07-13T03:00:00,0.86,0.81,1.22,-0.31,-0.67,-0.77,-0.44,-0.23,-0.18,0,0,-27.00
2005-07-13T04:00:00,-0.03,1.29,0.3,-0.2,-0.61,-0.1,1.08,-0.42,-0.14,0,0,-29.00
2005-07-13T05:00:00,-0.43,1.19,0.25,-0.2,-0.49,0.13,2.11,-0.5,-0.14,0,0,-28.00
2005-07-13T06:00:00,0.03,1.16,0.55,-0.27,-0.26,-0.28,0.87,-0.42,-0.14,0,0,-11.00
2005-07-13T07:00:00,-0.53,0.47,-0.99,-0.31,-0.39,0.02,-0.19,-0.08,-0.15,0,0,-8.00
2005-07-13T08:00:00,-0.58,0.41,-0.81,-0.3,-0.27,0.29,-0.22,0.38,-0.09,0,0,-14.00
2005-07-13T09:00:00,-0.53,-0.84,-0.87,-0.49,0.93,0.61,-0.1,0.37,-0.1,0,0,-28.00
2005-07-13T10:00:00,-0.48,0.98,-0.14,-0.7,-0.46,-0.3,0.11,0.61,0.04,0,0,-37.00
2005-07-13T11:00:00,-0.45,0.01,-0.23,-1.05,0.98,0.14,0.14,0.66,0.74,0,0,-43.00
2005-07-13T12:00:00,-0.23,-0.25,-0.49,-1.12,1.12,0.02,0.04,0.72,0.35,0,0,-47.00
2005-07-13T13:00:00,-0.45,0.31,-0.07,-1.06,0.89,0.06,-0.02,0.62,0.57,0,0,-34.00
2005-07-13T14:00:00,-0.31,-0.48,-0.09,-1.24,1.23,0.12,-0.21,0.38,0.3,0,0,-36.00
2005-07-13T15:00:00,-0.16,-0.74,-0.14,-1.35,1.03,0.41,-0.43,0.2,-0.02,0,0,-38.00
2005-07-13T16:00:00,-0.52,-0.4,-0.2,-1.25,0.76,0.85,-0.47,0.13,-0.02,0,0,-44.00
2005-07-13T17:00:00,-0.74,-0.18,0.25,-1.25,0.61,0.08,-0.43,0.06,-0.05,0,0,-48.00
2005-07-13T18:00:00,-0.81,0.08,0.13,-1.19,0.32,0.2,-0.37,0.04,-0.05,0,0,-46.00
2005-07-13T19:00:00,-0.82,-0.07,0.11,-1.14,0.76,0.27,-0.4,0.05,-0.06,0,0,-40.00
2005-07-13T20:00:00,-0.79,0.18,0.15,-1.04,0.49,0.23,-0.43,0.04,-0.07,0,0,-39.00
2005-07-13T21:00:00,-0.74,0.15,0.2,-0.95,0.79,0.2,-0.47,-0.06,-0.08,0,0,-34.00
2005-07-13T22:00:00,-0.55,0.39,0.13,-0.89,0.39,0.15,-0.55,-0.15,-0.09,0,0,-33.00
2005-07-13T23:00:00,0.01,0.42,0.52,-0.98,0.0,-0.66,-0.58,-0.21,-0.11,0,0,-28.00
2005-07-14T00:00:00,-0.0,0.49,0.28,-0.89,0.0,-0.15,-0.47,-0.03,0.03,0,0,-25.00
2005-07-14T01:00:00,0.22,0.56,-0.0,-0.96,-0.25,0.12,-0.49,-0.04,-0.03,0,0,-25.00
2005-07-14T02:00:00,-0.15,0.37,-0.08,-0.72,0.17,0.15,-0.52,-0.11,0.06,0,0,-27.00
2005-07-14T03:00:00,-0.21,0.32,-0.14,-0.66,0.11,0.2,-0.52,-0.14,0.04,0,0,-29.00
2005-07-14T04:00:00,-0.27,0.21,-0.22,-0.56,0.31,0.35,-0.55,-0.15,0.0,0,0,-31.00
2005-07-14T05:00:00,-0.3,0.28,0.02,-0.5,0.13,-0.03,-0.5,-0.04,0.16,0,0,-33.00
2005-07-14T06:00:00,-0.27,0.4,-0.16,-0.41,-0.06,0.35,-0.55,-0.19,-0.06,0,0,-32.00
2005-07-14T07:00:00,-0.45,0.41,-0.17,-0.24,-0.38,0.5,-0.6,-0.31,-0.13,0,0,-26.00
2005-07-14T08:00:00,-0.28,0.61,-0.13,-0.25,-0.62,0.52,-0.58,-0.28,-0.13,0,0,-25.00
2005-07-14T09:00:00,-0.2,0.7,-0.1,-0.27,-0.61,0.47,-0.5,-0.27,-0.13,0,0,-28.00
2005-07-14T10:00:00,0.07,0.82,-0.09,-0.36,-0.64,0.63,-0.48,-0.24,-0.13,0,0,-29.00
2005-07-14T11:00:00,0.0,0.58,-0.14,-0.33,-0.21,0.68,-0.47,-0.14,-0.06,0,0,-27.00
2005-07-14T12:00:00,-0.52,0.13,-0.13,-0.11,0.62,0.47,-0.47,0.03,0.02,0,0,-27.00
2005-07-14T13:00:00,-0.56,-0.06,-0.09,-0.15,0.96,0.43,-0.51,0.11,0.04,0,0,-28.00
2005-07-14T14:00:00,-0.58,-0.13,-0.13,-0.12,0.93,0.44,-0.55,0.05,-0.02,0,0,-29.00
2005-07-14T15:00:00,-0.48,0.25,0.09,-0.13,0.34,-0.02,-0.57,0.02,0.01,0,0,-29.00
2005-07-14T16:00:00,-0.47,0.16,0.3,0.01,0.52,-0.48,-0.54,0.0,0.01,0,0,-30.00
2005-07-14T17:00:00,-0.22,0.43,0.37,0.01,0.02,-0.65,-0.54,-0.21,-0.08,0,0,-32.00
2005-07-14T18:00:00,-0.05,0.56,0.34,0.02,-0.19,-1.05,-0.53,-0.39,-0.14,0,0,-30.00
2005-07-14T19:00:00,0.08,0.65,0.23,-0.02,-0.26,-0.43,-0.64,-0.44,-0.16,0,0,-28.00
2005-07-14T20:00:00,0.21,0.56,0.14,-0.02,-0.37,-0.4,-0.59,-0.42,-0.14,0,0,-26.00
2005-07-14T21:00:00,-0.44,0.14,0.32,0.19,0.0,-0.53,-0.47,-0.4,-0.1,0,0,-23.00
2005-07-14T22:00:00,-0.46,0.17,0.27,0.24,0.21,-0.49,-0.47,-0.38,-0.1,0,0,-17.00
2005-07-14T23:00:00,-0.26,0.4,-0.01,0.22,-0.16,-0.14,-0.54,-0.42,-0.11,0,0,-13.00
2005-07-15T00:00:00,-0.18,0.39,0.03,0.34,-0.26,-0.32,-0.5,-0.41,-0.07,0,0,-14.00
2005-07-15T01:00:00,-0.3,0.32,0.18,0.47,-0.65,-0.47,-0.15,-0.44,-0.03,0,0,-18.00
2005-07-15T02:00:00,-0.03,0.35,0.05,0.37,-0.23,-0.6,-0.42,-0.46,-0.03,0,0,-21.00
2005-07-15T03:00:00,-0.14,0.36,0.02,0.43,-0.34,-0.58,-0.47,-0.47,-0.07,0,0,-23.00
2005-07-15T04:00:00,0.08,0.04,-0.14,0.37,0.03,0.06,-0.42,-0.49,0.1,0,0,-18.00
2005-07-15T05:00:00,0.14,0.32,-0.09,0.38,-0.32,0.02,-0.41,-0.49,-0.08,0,0,-17.00
2005-07-15T06:00:00,0.18,0.24,-0.02,0.37,-0.37,-0.04,-0.35,-0.48,0.01,0,0,-16.00
2005-07-15T07:00:00,0.04,0.15,0.21,0.44,-0.25,-0.05,-0.28,-0.49,0.2,0,0,-15.00
2005-07-15T08:00:00,0.14,0.26,-0.07,0.47,-0.14,0.25,-0.21,-0.49,0.02,0,0,-15.00
2005-07-15T09:00:00,-0.19,0.28,-0.03,0.58,-0.21,0.05,-0.22,-0.49,-0.01,0,0,-14.00
2005-07-15T10:00:00,-0.05,0.28,-0.11,0.56,-0.23,0.31,-0.2,-0.49,-0.0,0,0,-12.00
2005-07-15T11:00:00,0.05,0.28,-0.24,0.56,-0.24,0.36,-0.16,-0.5,-0.08,0,0,-12.00
2005-07-15T12:00:00,-0.18,0.2,-0.23,0.68,-0.11,0.42,-0.19,-0.48,-0.06,0,0,-13.00
2005-07-15T13:00:00,-0.51,-0.11,0.02,0.77,0.14,0.28,-0.17,-0.46,-0.08,0,0,-14.00
2005-07-15T14:00:00,-0.51,-0.25,-0.08,0.78,0.28,0.32,-0.1,-0.47,-0.1,0,0,-16.00
2005-07-15T15:00:00,-0.5,-0.39,-0.01,0.82,0.34,0.2,-0.12,-0.48,-0.12,0,0,-18.00
2005-07-15T16:00:00,-0.54,-0.17,0.05,0.83,0.19,0.15,0.02,-0.43,-0.05,0,0,-17.00
2005-07-15T17:00:00,-0.19,0.25,-0.24,0.71,0.01,0.49,0.31,-0.37,0.11,0,0,-20.00
2005-07-15T18:00:00,-0.63,0.23,-0.29,0.77,0.19,0.37,0.01,-0.42,-0.11,0,0,-18.00
2005-07-15T19:00:00,-0.68,-0.08,-0.07,0.79,0.24,0.24,0.14,-0.35,-0.05,0,0,-14.00
2005-07-15T20:00:00,-0.75,-0.07,-0.16,0.83,0.27,0.24,0.26,-0.38,-0.08,0,0,-17.00
2005-07-15T21:00:00,-0.31,0.53,-0.24,0.89,0.1,0.43,0.05,-0.42,-0.1,0,0,-13.00
2005-07-15T22:00:00,0.17,0.46,-0.16,0.92,0.08,0.48,0.09,-0.46,-0.07,0,0,-10.00
2005-07-15T23:00:00,-0.22,0.22,-0.22,0.97,0.32,0.71,0.28,-0.39,0.11,0,0,-11.00
2005-07-16T00:00:00,-0.21,0.34,-0.31,0.95,0.49,0.99,0.61,-0.37,0.05,0,0,-13.00
2005-07-16T01:00:00,0.53,0.58,-0.64,0.74,0.58,0.77,0.78,-0.36,-0.11,0,0,-12.00
2005-07-16T02:00:00,0.83,1.09,-0.64,0.51,0.56,0.36,1.22,-0.32,-0.13,0,0,-11.00
2005-07-16T03:00:00,0.7,1.26,-0.03,0.58,-0.02,-0.19,1.45,-0.23,-0.09,0,0,-7.00
2005-07-16T04:00:00,0.91,1.07,-0.38,0.61,0.09,0.15,1.18,-0.39,-0.14,0,0,-8.00
2005-07-16T05:00:00,0.96,1.06,-0.38,0.65,-0.12,-0.23,0.44,-0.41,-0.16,0,0,-16.00
2005-07-16T06:00:00,0.49,1.16,0.18,0.71,-0.19,-0.76,0.62,-0.35,-0.13,0,0,-17.00
2005-07-16T07:00:00,0.08,0.76,0.21,0.73,0.22,-0.46,0.92,-0.24,0.06,0,0,-21.00
2005-07-16T08:00:00,-0.26,0.57,0.34,0.83,0.42,-0.59,0.95,-0.2,0.15,0,0,-21.00
2005-07-16T09:00:00,-0.48,0.21,0.32,0.82,0.48,-0.88,0.9,-0.19,0.29,0,0,-14.00
2005-07-16T10:00:00,0.23,0.57,0.57,0.75,0.06,-1.24,0.52,-0.37,-0.08,0,0,-9.00
2005-07-16T11:00:00,0.04,0.42,0.54,0.74,0.16,-0.95,0.59,-0.35,-0.0,0,0,-5.00
2005-07-16T12:00:00,-0.0,0.08,0.19,0.75,0.28,-0.57,0.44,-0.24,4.09,0,0,-4.00
2005-07-16T13:00:00,0.55,0.44,0.42,0.65,-0.07,-0.57,0.4,-0.33,-0.05,0,0,-3.00
2005-07-16T14:00:00,-0.46,-0.54,-0.42,0.67,0.22,0.01,0.44,-0.29,-0.06,0,0,-6.00
2005-07-16T15:00:00,-0.74,-0.37,-0.16,0.72,0.2,-0.12,0.48,-0.21,-0.01,0,0,-9.00
2005-07-16T16:00:00,-0.21,-0.14,1.06,0.41,0.38,-0.55,1.46,-0.24,-0.05,0,0,-12.00
2005-07-16T17:00:00,0.06,0.45,0.84,0.36,0.58,0.04,1.3,-0.16,0.03,0,0,-16.00
2005-07-16T18:00:00,-0.29,0.36,0.2,0.4,0.29,0.97,1.34,0.1,1.26,0,0,-4.00
2005-07-16T19:00:00,-0.44,-0.58,0.77,0.47,0.88,0.53,1.0,0.0,0.03,0,0,1.00
2005-07-16T20:00:00,-0.27,-0.65,0.69,0.36,0.54,0.81,0.58,-0.03,0.01,0,0,0.00
2005-07-16T21:00:00,-0.68,-0.79,0.38,0.41,0.79,0.69,0.43,-0.02,-0.03,0,0,-1.00
2005-07-16T22:00:00,-0.49,-0.19,0.12,0.38,0.51,0.66,0.45,0.12,0.67,0,0,3.00
2005-07-16T23:00:00,-0.82,0.16,0.15,0.46,0.56,0.08,0.41,0.03,0.09,0,0,7.00
2005-07-17T00:00:00,-0.98,0.07,0.21,0.5,1.03,-0.23,0.46,-0.02,0.0,0,0,4.00
2005-07-17T01:00:00,-0.72,-0.04,1.09,0.0,2.14,-1.2,1.58,0.37,0.09,0,0,-3.00
2005-07-17T02:00:00,-0.74,0.02,1.08,0.05,2.18,-1.24,1.55,0.5,0.12,0,0,-2.00
2005-07-17T03:00:00,-0.02,0.52,1.52,-0.2,1.47,-1.16,1.47,0.02,-0.09,0,0,8.00
2005-07-17T04:00:00,-0.08,-0.0,1.39,-0.17,1.58,-1.99,1.88,-0.09,-0.06,0,0,6.00
2005-07-17T05:00:00,-0.25,-0.57,0.81,-0.07,1.43,-2.06,1.38,0.07,0.12,0,0,10.00
2005-07-17T06:00:00,-0.6,0.25,0.57,-0.09,0.13,-1.48,0.92,0.36,0.33,0,0,13.00
2005-07-17T07:00:00,0.37,0.51,-1.02,-0.2,-0.84,-0.0,0.8,0.05,-0.06,0,0,7.00
2005-07-17T08:00:00,0.08,-0.33,-1.33,-0.04,-0.12,0.09,1.1,0.0,-0.09,0,0,1.00
2005-07-17T09:00:00,-0.32,0.74,-0.83,0.06,-0.53,0.19,1.44,0.35,0.09,0,0,-2.00
2005-07-17T10:00:00,-0.93,0.83,0.62,0.25,-0.71,-1.26,1.43,0.2,0.02,0,0,-21.00
2005-07-17T11:00:00,-1.22,-0.23,0.7,0.39,-0.69,-1.44,1.51,0.46,0.09,0,0,-34.00
2005-07-17T12:00:00,-1.12,-0.62,0.04,0.38,-0.48,-0.19,1.39,0.31,0.11,0,0,-30.00
2005-07-17T13:00:00,-1.13,-1.13,-0.46,0.31,-0.26,0.35,1.5,-0.02,-0.08,0,0,-17.00
2005-07-17T14:00:00,-0.65,0.22,1.01,0.25,-0.51,-0.58,1.3,-0.18,-0.06,0,0,-10.00
2005-07-17T15:00:00,0.48,1.71,0.51,0.18,-0.51,-0.37,0.83,-0.42,-0.17,0,0,-18.00
2005-07-17T16:00:00,0.79,1.76,0.42,0.33,0.51,-1.24,2.26,-0.37,-0.15,0,1,-27.00
2005-07-17T17:00:00,0.91,2.02,0.38,0.29,-0.18,-1.28,1.0,-0.44,-0.18,0,1,-25.00
2005-07-17T18:00:00,1.02,2.08,0.38,0.33,-0.19,-1.11,1.02,-0.41,-0.17,0,1,-12.00
2005-07-17T19:00:00,1.14,2.15,0.25,0.38,-0.33,-0.6,0.56,-0.43,-0.18,0,1,-15.00
2005-07-17T20:00:00,1.18,2.28,-0.18,0.41,-0.42,-0.14,0.95,-0.5,-0.18,0,1,-12.00
2005-07-17T21:00:00,1.0,1.49,-0.98,0.47,-0.6,-0.07,2.17,-0.39,-0.16,0,1,-9.00
2005-07-17T22:00:00,1.42,0.74,-1.11,0.5,-0.5,-0.22,2.66,-0.32,-0.14,0,0,-5.00
2005-07-17T23:00:00,1.23,0.55,-1.23,0.54,-0.41,-0.55,2.81,-0.27,-0.12,0,0,-8.00
2005-07-18T00:00:00,1.13,0.22,-1.17,0.62,-0.25,-0.67,3.66,-0.3,-0.09,0,0,-14.00
2005-07-18T01:00:00,1.01,-0.06,-1.13,0.73,-0.42,-0.4,3.01,-0.29,-0.09,0,0,-28.00
2005-07-18T02:00:00,0.87,-0.32,-1.04,0.67,-0.44,-0.47,2.12,-0.24,-0.09,0,0,-39.00
2005-07-18T03:00:00,0.81,-0.18,-0.59,0.65,-0.58,-0.51,2.15,-0.24,0.02,0,0,-49.00
2005-07-18T04:00:00,1.16,-0.23,-0.88,0.5,-0.26,-0.34,0.57,-0.42,-0.16,0,0,-58.00
2005-07-18T05:00:00,0.49,0.2,-0.96,0.51,-0.13,-0.22,0.83,-0.4,-0.14,0,0,-58.00
2005-07-18T06:00:00,0.11,0.46,-0.74,0.41,0.22,-0.1,1.79,-0.42,-0.08,0,0,-61.00
2005-07-18T07:00:00,0.15,0.17,-0.64,0.41,0.04,-0.03,1.71,-0.46,-0.06,0,0,-67.00
2005-07-18T08:00:00,0.21,0.07,-0.32,0.38,-0.16,0.17,1.9,-0.5,0.14,0,0,-56.00
2005-07-18T09:00:00,-0.05,0.21,-0.31,0.38,-0.2,0.05,1.26,-0.5,0.06,0,0,-56.00
2005-07-18T10:00:00,-0.2,0.11,-0.2,0.35,-0.19,0.21,1.83,-0.55,0.16,0,0,-51.00
2005-07-18T11:00:00,-0.05,-0.06,-0.22,0.36,-0.21,0.29,1.31,-0.53,0.27,0,0,-45.00
2005-07-18T12:00:00,-0.29,-0.01,-0.23,0.42,-0.19,0.26,1.05,-0.53,0.04,0,0,-39.00
2005-07-18T13:00:00,-0.08,-0.08,-0.08,0.48,-0.1,0.18,1.29,-0.54,0.92,0,0,-35.00
2005-07-18T14:00:00,-0.03,-0.24,0.03,0.5,-0.23,0.1,1.57,-0.56,0.66,0,0,-29.00
2005-07-18T15:00:00,0.28,-0.29,-0.09,0.57,-0.33,0.06,1.26,-0.56,0.04,0,0,-29.00
2005-07-18T16:00:00,0.06,-0.09,-0.2,0.63,-0.44,-0.01,0.97,-0.53,0.21,0,0,-25.00
2005-07-18T17:00:00,-0.07,-0.13,-0.35,0.66,-0.4,0.1,0.69,-0.49,0.01,0,0,-23.00
2005-07-18T18:00:00,0.01,-0.33,-0.45,0.68,-0.17,0.2,0.45,-0.47,-0.08,0,0,-22.00
2005-07-18T19:00:00,-0.22,-0.28,-0.61,0.67,-0.2,0.43,0.4,-0.46,-0.12,0,0,-23.00
2005-07-18T20:00:00,-0.31,0.47,-0.64,0.65,-0.72,0.46,0.86,-0.5,-0.14,0,0,-28.00
2005-07-18T21:00:00,-0.07,0.2,-0.26,0.64,-0.68,0.23,1.65,-0.52,0.15,0,0,-32.00
2005-07-18T22:00:00,0.16,-0.23,-0.13,0.64,-0.69,0.4,0.56,-0.49,0.22,0,0,-29.00
2005-07-18T23:00:00,0.07,0.43,-0.25,0.62,-0.45,0.32,0.55,-0.44,-0.01,0,0,-23.00
2005-07-19T00:00:00,0.32,0.26,-0.31,0.64,-0.5,0.22,0.63,-0.41,0.02,0,0,-26.00
2005-07-19T01:00:00,0.36,0.14,-0.16,0.67,-0.48,0.2,0.79,-0.31,0.38,0,0,-26.00
2005-07-19T02:00:00,0.45,0.09,0.02,0.7,-0.53,0.26,0.88,-0.3,0.46,0,0,-28.00
2005-07-19T03:00:00,0.39,0.06,-0.12,0.7,-0.48,0.05,0.8,-0.27,0.53,0,0,-28.00
2005-07-19T04:00:00,0.18,-0.58,0.01,0.72,-0.65,0.23,0.71,-0.35,0.12,0,0,-30.00
2005-07-19T05:00:00,-0.11,-0.52,-0.14,0.71,-0.6,0.2,0.63,-0.37,0.09,0,0,-28.00
2005-07-19T06:00:00,0.23,-0.37,-0.02,0.73,-0.63,0.2,0.65,-0.32,0.41,0,0,-28.00
2005-07-19T07:00:00,0.15,-0.51,0.03,0.75,-0.77,0.18,0.58,-0.37,0.14,0,0,-24.00
2005-07-19T08:00:00,0.34,-0.5,0.21,0.75,-0.82,0.33,0.56,-0.37,0.05,0,0,-20.00
2005-07-19T09:00:00,0.18,0.18,0.54,0.68,-0.18,0.69,0.59,-0.35,0.08,0,0,-18.00
2005-07-19T10:00:00,0.46,-0.53,0.09,0.72,-0.43,0.47,0.58,-0.34,0.03,0,0,-16.00
2005-07-19T11:00:00,0.43,-0.77,-0.02,0.73,-0.59,0.42,0.55,-0.35,-0.06,0,0,-13.00
2005-07-19T12:00:00,0.6,-0.51,-0.02,0.76,-0.47,0.29,0.65,-0.33,-0.01,0,0,-12.00
2005-07-19T13:00:00,0.83,-0.48,0.05,0.85,-0.68,0.27,0.65,-0.34,-0.07,0,0,-13.00
2005-07-19T14:00:00,0.9,-0.12,0.08,0.93,-0.51,0.25,0.59,-0.29,-0.04,0,0,-15.00
2005-07-19T15:00:00,0.83,0.15,0.6,0.94,-0.51,0.81,0.41,-0.39,-0.12,0,0,-17.00
2005-07-19T16:00:00,0.99,-0.34,0.34,1.02,-0.85,0.62,0.48,-0.37,-0.12,1,0,-17.00
2005-07-19T17:00:00,0.91,-0.63,0.11,0.97,-1.04,0.24,0.45,-0.32,-0.11,1,0,-15.00
2005-07-19T18:00:00,0.68,-0.53,-0.2,0.8,-0.85,-0.21,0.42,-0.29,-0.06,1,0,-15.00
2005-07-19T19:00:00,0.54,-0.7,-0.54,0.72,-0.87,-0.34,0.56,-0.37,-0.12,1,0,-16.00
2005-07-19T20:00:00,1.09,-0.43,-0.3,0.89,-0.71,-0.31,0.76,-0.32,-0.11,1,0,-17.00
2005-07-19T21:00:00,0.8,-0.7,-0.57,0.85,-1.0,-0.48,0.81,-0.32,-0.12,1,0,-19.00
2005-07-19T22:00:00,0.59,-0.85,-0.86,0.66,-0.98,-0.72,0.65,-0.26,-0.13,1,0,-22.00
2005-07-19T23:00:00,1.0,-0.69,0.39,0.63,-0.77,0.37,0.76,-0.05,-0.05,1,0,-19.00
2005-07-20T00:00:00,1.32,-0.85,0.23,0.58,-0.9,0.18,0.38,0.08,-0.1,1,0,-15.00
2005-07-20T01:00:00,1.34,-0.64,0.7,0.4,-0.28,0.8,0.16,0.04,-0.13,1,0,-18.00
2005-07-20T02:00:00,0.84,-0.62,0.33,0.04,-0.11,-0.02,0.53,0.24,0.06,1,0,-13.00
2005-07-20T03:00:00,0.62,-0.42,0.11,-0.1,-0.09,0.06,0.55,0.45,0.49,1,0,-8.00
2005-07-20T04:00:00,0.75,-0.31,-0.17,-0.16,0.09,0.21,0.62,0.12,0.18,1,0,-4.00
2005-07-20T05:00:00,0.74,-0.42,0.29,-0.2,0.29,0.93,0.52,0.28,0.2,1,0,-9.00
2005-07-20T06:00:00,0.85,-0.17,0.89,-0.21,0.82,1.53,0.55,0.23,-0.02,1,0,-16.00
2005-07-20T07:00:00,1.17,-0.6,0.39,-0.14,0.12,0.62,0.62,0.09,-0.05,1,0,-13.00
2005-07-20T08:00:00,1.18,-1.03,0.23,0.0,-0.66,0.71,0.87,-0.19,-0.12,1,0,-5.00
2005-07-20T09:00:00,1.36,-0.6,0.84,0.14,-0.85,1.29,1.2,-0.23,-0.13,1,0,-2.00
2005-07-20T10:00:00,-1.09,-0.17,-0.71,0.02,-0.52,0.99,1.61,-0.25,-0.09,1,0,1.00
2005-07-20T11:00:00,-1.09,-1.23,-0.83,0.03,-0.44,1.03,1.4,-0.36,-0.15,1,0,3.00
2005-07-20T12:00:00,1.47,-1.24,0.97,-0.0,0.26,0.78,0.92,0.11,-0.13,1,0,4.00
2005-07-20T13:00:00,1.17,-1.43,0.67,0.07,0.31,0.7,0.93,0.21,-0.1,1,0,-15.00
2005-07-20T14:00:00,0.34,-1.31,-0.17,0.1,0.32,0.56,0.98,0.32,0.02,1,0,-24.00
2005-07-20T15:00:00,0.21,-0.37,-0.0,-0.16,0.36,0.13,0.39,0.36,1.51,1,0,-18.00
2005-07-20T16:00:00,0.39,-0.96,-0.29,-0.23,0.37,0.1,0.42,0.53,0.1,1,0,-18.00
2005-07-20T17:00:00,0.83,-1.08,-0.25,-0.23,-0.08,-0.27,0.39,0.34,-0.04,1,0,-21.00
2005-07-20T18:00:00,0.95,-1.04,-0.08,-0.35,-0.27,-0.99,0.21,0.44,-0.05,1,0,-23.00
2005-07-20T19:00:00,1.22,-1.17,0.05,-0.4,-0.33,-1.08,0.21,0.32,-0.1,1,0,-30.00
2005-07-20T20:00:00,1.69,-0.24,0.55,-0.37,0.01,-0.97,0.15,0.17,-0.13,1,0,-29.00
2005-07-20T21:00:00,1.33,-0.82,0.4,-0.53,-0.05,-1.2,0.32,0.4,-0.07,1,0,-23.00
2005-07-20T22:00:00,0.69,-1.39,-0.54,-0.66,0.27,-1.46,0.62,0.44,-0.06,1,0,-16.00
2005-07-20T23:00:00,0.91,-0.69,-0.95,-0.53,0.52,-1.63,0.65,0.41,-0.06,1,0,-9.00
2005-07-21T00:00:00,1.09,-1.25,-0.36,-0.63,0.26,-1.29,0.38,0.62,-0.07,1,0,-5.00
2005-07-21T01:00:00,1.35,-1.01,-0.19,-0.61,0.62,-1.13,0.39,0.57,-0.07,1,0,-26.00
2005-07-21T02:00:00,1.06,-1.39,-0.32,-0.71,0.52,-1.91,0.47,0.93,-0.04,1,0,-41.00
2005-07-21T03:00:00,1.37,-1.04,-0.21,-0.56,1.01,-2.04,0.58,0.98,-0.01,1,0,-42.00
2005-07-21T04:00:00,0.8,-0.41,0.07,-0.82,1.45,-2.27,0.66,1.36,0.72,1,0,-32.00
2005-07-21T05:00:00,1.12,-0.6,-0.06,-0.8,1.12,-2.81,0.72,1.27,0.25,1,0,-33.00
2005-07-21T06:00:00,1.36,-0.42,0.29,-0.74,0.81,-1.94,0.44,0.61,-0.0,1,0,-26.00
2005-07-21T07:00:00,0.5,-1.14,-0.15,-0.83,-0.85,-1.68,0.14,0.21,-0.06,1,0,-30.00
2005-07-21T08:00:00,0.04,-1.26,-0.01,-1.04,-1.06,-1.28,0.1,0.2,-0.07,1,0,-26.00
2005-07-21T09:00:00,0.34,-1.1,0.51,-0.87,-0.77,-0.42,0.06,0.17,-0.07,1,0,-31.00
2005-07-21T10:00:00,0.47,-0.92,0.84,-0.8,-0.58,0.13,-0.03,0.18,-0.1,1,0,-23.00
2005-07-21T11:00:00,0.39,-0.98,0.87,-0.85,-0.76,0.24,-0.02,0.19,-0.11,1,0,-19.00
2005-07-21T12:00:00,0.35,-0.8,0.86,-0.9,-0.45,0.21,0.01,0.2,-0.08,1,0,-16.00
2005-07-21T13:00:00,0.82,-0.76,0.43,-0.74,-0.57,-0.12,0.07,0.28,-0.04,1,0,-14.00
2005-07-21T14:00:00,0.51,-0.67,0.49,-0.81,-0.38,-0.09,-0.15,0.24,-0.02,1,0,-16.00
2005-07-21T15:00:00,0.9,0.05,-0.48,-0.79,0.57,-1.47,-0.14,0.12,-0.07,1,0,-19.00
2005-07-21T16:00:00,0.99,-0.4,0.1,-0.96,0.1,-0.52,-0.13,0.09,-0.07,1,0,-23.00
2005-07-21T17:00:00,1.02,-0.13,-0.26,-0.91,0.74,-0.95,-0.17,0.04,-0.09,1,0,-24.00
2005-07-21T18:00:00,0.94,-0.5,-0.03,-0.91,0.27,-0.62,-0.22,-0.01,-0.09,1,0,-32.00
2005-07-21T19:00:00,0.81,-0.3,0.02,-1.05,0.53,-0.68,-0.19,0.17,0.01,1,0,-31.00
2005-07-21T20:00:00,0.8,-0.62,0.13,-1.02,-0.08,-0.52,-0.38,0.09,-0.09,1,0,-34.00
2005-07-21T21:00:00,0.62,-0.8,-0.06,-1.14,-0.23,-0.92,-0.43,0.34,-0.07,1,0,-31.00
2005-07-21T22:00:00,0.73,-0.81,-0.0,-1.02,-0.18,-0.74,-0.47,0.11,-0.12,1,0,-27.00
2005-07-21T23:00:00,0.56,-0.71,-0.08,-1.24,0.16,-0.94,-0.5,0.42,-0.05,1,0,-24.00
2005-07-22T00:00:00,0.25,-0.61,0.32,-1.4,-0.7,0.33,-0.51,0.46,0.04,1,0,-23.00
2005-07-22T01:00:00,0.39,-0.68,0.05,-1.27,-0.11,-0.4,-0.51,0.36,-0.01,1,0,-23.00
2005-07-22T02:00:00,0.78,-0.4,0.35,-0.93,0.21,0.32,-0.43,-0.01,-0.1,1,0,-18.00
2005-07-22T03:00:00,0.85,-0.39,0.03,-0.86,-0.01,-0.47,-0.42,-0.09,-0.11,0,0,-15.00
2005-07-22T04:00:00,0.73,-0.38,0.01,-0.93,-0.1,-0.33,-0.41,0.02,-0.06,0,0,-16.00
2005-07-22T05:00:00,0.35,-0.65,0.51,-1.11,-0.44,0.48,-0.48,0.01,-0.1,0,0,-18.00
2005-07-22T06:00:00,0.37,-0.7,0.5,-1.05,-0.52,0.27,-0.42,0.01,-0.1,0,0,-20.00
2005-07-22T07:00:00,0.65,-0.67,0.2,-0.96,-0.49,-0.23,-0.4,0.02,-0.09,0,0,-21.00
2005-07-22T08:00:00,0.34,-0.36,0.53,-1.06,-0.03,0.26,-0.42,0.08,-0.02,0,0,-16.00
2005-07-22T09:00:00,0.27,-0.75,0.32,-1.16,-0.48,0.0,-0.4,0.14,-0.05,0,0,-14.00
2005-07-22T10:00:00,0.16,-0.68,0.55,-1.24,-0.52,0.6,-0.42,0.12,-0.07,0,0,-12.00
2005-07-22T11:00:00,0.41,-0.69,0.2,-1.1,-0.57,-0.05,-0.34,0.09,-0.03,0,0,-11.00
2005-07-22T12:00:00,0.57,-0.39,-0.22,-1.0,-0.09,-0.98,-0.38,-0.04,-0.05,0,0,-10.00
2005-07-22T13:00:00,0.49,-0.15,-0.23,-1.03,0.38,-1.13,-0.42,-0.01,0.02,0,0,-7.00
2005-07-22T14:00:00,0.63,-0.04,0.08,-0.95,0.52,-0.47,-0.4,-0.02,0.02,0,0,-12.00
2005-07-22T15:00:00,0.48,-0.5,-0.16,-1.02,-0.29,-1.08,-0.49,0.01,-0.06,0,0,-23.00
2005-07-22T16:00:00,0.43,-0.43,0.09,-1.24,0.12,-0.32,-0.5,0.21,0.07,0,0,-26.00
2005-07-22T17:00:00,0.54,-0.25,-0.23,-1.2,0.51,-0.57,-0.52,0.2,0.0,0,0,-25.00
2005-07-22T18:00:00,0.47,-0.17,-0.08,-1.18,0.74,-0.44,-0.53,0.2,0.14,0,0,-22.00
2005-07-22T19:00:00,0.46,-0.25,-0.09,-1.13,0.77,-0.79,-0.55,0.18,0.09,0,0,-21.00
2005-07-22T20:00:00,0.49,-0.27,0.13,-1.08,0.61,-0.06,-0.52,0.05,0.05,0,0,-24.00
2005-07-22T21:00:00,0.25,-0.34,0.22,-1.11,0.59,0.09,-0.57,-0.07,0.09,0,0,-18.00
2005-07-22T22:00:00,0.38,-0.3,0.13,-0.97,0.67,-0.3,-0.61,-0.03,0.05,0,0,-15.00
2005-07-22T23:00:00,0.36,-0.5,0.24,-0.94,0.43,0.2,-0.63,-0.12,-0.09,0,0,-12.00
2005-07-23T00:00:00,0.43,-0.51,0.1,-0.86,0.54,-0.32,-0.65,-0.17,-0.11,0,0,-11.00
2005-07-23T01:00:00,0.37,-0.46,0.06,-0.83,0.44,-0.49,-0.67,-0.2,-0.1,0,0,-12.00
2005-07-23T02:00:00,0.43,-0.4,0.12,-0.77,0.73,-0.38,-0.66,-0.23,-0.1,0,0,-15.00
2005-07-23T03:00:00,0.41,-0.37,-0.05,-0.75,0.53,-0.54,-0.68,-0.25,-0.1,0,0,-19.00
2005-07-23T04:00:00,0.28,-0.23,0.16,-0.76,0.58,-0.69,-0.66,-0.07,0.12,0,0,-20.00
2005-07-23T05:00:00,0.12,-0.24,0.17,-0.72,0.49,-0.37,-0.7,-0.22,0.17,0,0,-20.00
2005-07-23T06:00:00,0.15,-0.12,0.21,-0.57,0.47,-0.44,-0.73,-0.15,0.31,0,0,-20.00
2005-07-23T07:00:00,0.06,-0.32,0.08,-0.35,-0.03,0.29,-0.74,-0.26,0.04,0,0,-18.00
2005-07-23T08:00:00,0.3,-0.42,0.1,-0.16,-0.18,0.17,-0.69,-0.27,-0.09,0,0,-17.00
2005-07-23T09:00:00,0.14,-0.49,0.03,-0.2,-0.24,-0.06,-0.71,-0.33,-0.11,0,0,-20.00
2005-07-23T10:00:00,0.27,-0.4,0.06,-0.09,-0.07,-0.01,-0.69,-0.28,-0.08,0,0,-19.00
2005-07-23T11:00:00,0.21,-0.37,-0.14,-0.06,-0.03,-0.38,-0.72,-0.4,-0.13,0,0,-15.00
2005-07-23T12:00:00,0.17,-0.44,-0.08,-0.07,0.16,-0.06,-0.74,-0.35,-0.12,0,0,-13.00
2005-07-23T13:00:00,-0.02,-0.43,-0.04,-0.01,0.06,0.09,-0.72,-0.41,-0.12,0,0,-15.00
2005-07-23T14:00:00,-0.32,-0.23,0.06,0.06,-0.05,0.22,-0.67,-0.44,-0.09,0,0,-19.00
2005-07-23T15:00:00,-0.56,-0.12,0.07,0.16,-0.11,0.26,-0.66,-0.5,-0.16,0,0,-21.00
2005-07-23T16:00:00,-0.45,-0.17,0.19,0.2,-0.18,0.22,-0.57,-0.5,-0.14,0,0,-21.00
2005-07-23T17:00:00,-0.43,-0.06,0.13,0.3,-0.2,0.13,-0.61,-0.45,-0.11,0,0,-21.00
2005-07-23T18:00:00,-0.43,-0.15,0.16,0.35,-0.39,0.12,-0.6,-0.44,-0.11,0,0,-18.00
2005-07-23T19:00:00,-0.44,-0.13,0.01,0.35,-0.44,-0.1,-0.52,-0.42,-0.09,0,0,-15.00
2005-07-23T20:00:00,-0.32,-0.19,0.06,0.45,-0.43,-0.08,-0.51,-0.4,-0.0,0,0,-13.00
2005-07-23T21:00:00,-0.4,-0.14,0.0,0.48,-0.41,0.09,-0.53,-0.46,-0.09,0,0,-10.00
2005-07-23T22:00:00,-0.47,0.16,0.03,0.52,-0.5,0.28,-0.51,-0.47,-0.12,0,0,-7.00
2005-07-23T23:00:00,-0.25,-0.21,0.19,0.6,-0.61,0.31,-0.44,-0.41,0.04,0,0,-8.00
2005-07-24T00:00:00,0.14,-0.17,0.06,0.68,-0.53,0.21,-0.38,-0.32,0.82,0,0,-7.00
2005-07-24T01:00:00,0.09,-0.36,0.05,0.64,-0.7,0.2,-0.4,-0.39,0.07,0,0,-5.00
2005-07-24T02:00:00,0.31,-0.34,0.04,0.85,-0.71,-0.93,0.18,-0.34,0.19,0,0,-5.00
2005-07-24T03:00:00,0.48,-0.27,0.16,0.81,-0.64,0.36,-0.37,-0.32,-0.04,0,0,-6.00
2005-07-24T04:00:00,0.49,-0.23,0.19,0.84,-0.44,0.3,-0.35,-0.29,-0.03,0,0,-5.00
2005-07-24T05:00:00,0.46,-0.26,0.17,0.86,-0.47,0.28,-0.34,-0.3,-0.01,0,0,-6.00
2005-07-24T06:00:00,0.47,-0.04,0.2,0.9,-0.38,0.49,-0.34,-0.29,0.03,0,0,-5.00
2005-07-24T07:00:00,0.57,0.02,-0.05,0.94,-0.4,0.33,-0.28,-0.28,-0.03,0,0,-7.00
2005-07-24T08:00:00,0.33,-0.13,0.27,0.92,-0.58,0.65,-0.27,-0.41,0.02,0,0,-6.00
2005-07-24T09:00:00,0.01,-0.3,0.36,0.89,-0.63,0.83,-0.18,-0.44,-0.01,0,0,-7.00
2005-07-24T10:00:00,-0.14,-0.38,0.32,0.88,-0.52,0.67,-0.1,-0.45,-0.04,0,0,-6.00
2005-07-24T11:00:00,0.34,0.18,0.46,0.94,-0.44,0.71,-0.17,-0.42,-0.09,0,0,-4.00
2005-07-24T12:00:00,0.19,0.07,0.27,0.94,-0.53,0.54,1.05,-0.34,1.2,0,0,-1.00
2005-07-24T13:00:00,-0.32,-0.5,-0.0,0.89,-0.69,0.6,-0.04,-0.47,-0.09,0,0,-2.00
2005-07-24T14:00:00,0.19,-0.63,0.29,1.0,-0.85,1.66,0.62,-0.42,-0.04,0,0,-3.00
2005-07-24T15:00:00,0.18,-0.7,0.18,1.06,-0.72,1.54,1.08,-0.39,0.02,0,0,-4.00
2005-07-24T16:00:00,-0.07,-0.83,-0.16,1.08,-0.76,1.07,1.69,-0.47,-0.06,0,0,-1.00
2005-07-24T17:00:00,0.34,-0.4,0.15,1.21,-0.71,1.4,1.47,-0.5,0.09,0,0,1.00
2005-07-24T18:00:00,0.55,-0.24,0.19,1.32,-0.75,1.37,1.14,-0.5,-0.02,0,0,1.00
2005-07-24T19:00:00,0.45,-0.11,0.06,1.33,-0.72,1.19,0.93,-0.5,0.09,0,0,-2.00
2005-07-24T20:00:00,-0.15,-0.3,-0.09,1.3,-0.82,0.95,0.7,-0.49,0.19,0,0,-1.00
2005-07-24T21:00:00,-0.38,-0.24,-0.07,1.34,-0.74,0.94,0.37,-0.5,-0.02,0,0,2.00
2005-07-24T22:00:00,0.57,-0.07,0.08,1.45,-0.58,1.0,0.81,-0.43,0.07,0,0,3.00
2005-07-24T23:00:00,0.29,-0.16,-0.09,1.5,-0.62,0.91,0.72,-0.45,0.33,0,0,0.00
2005-07-25T00:00:00,0.22,-0.2,-0.09,1.48,-0.54,0.66,0.85,-0.45,0.46,0,0,-3.00
2005-07-25T01:00:00,-0.11,-0.45,-0.15,1.45,-0.53,0.51,0.81,-0.53,-0.04,0,0,0.00
2005-07-25T02:00:00,-0.21,-0.57,-0.02,1.43,-0.68,0.51,0.72,-0.54,-0.09,0,0,2.00
2005-07-25T03:00:00,0.12,-0.74,0.15,1.48,-0.79,0.68,0.8,-0.54,-0.12,0,0,1.00
2005-07-25T04:00:00,0.25,-0.68,-0.04,1.51,-0.73,0.54,1.09,-0.53,-0.1,0,0,1.00
2005-07-25T05:00:00,0.04,-0.74,0.01,1.5,-0.64,0.56,1.07,-0.54,-0.11,0,0,1.00
2005-07-25T06:00:00,0.18,-0.53,0.11,1.54,-0.36,0.64,1.21,-0.53,-0.02,0,0,3.00
2005-07-25T07:00:00,0.33,-0.35,0.13,1.6,-0.38,0.69,1.16,-0.54,0.03,0,0,3.00
2005-07-25T08:00:00,0.27,-0.41,0.19,1.58,-0.34,0.72,0.98,-0.56,-0.04,0,0,1.00
2005-07-25T09:00:00,0.46,-0.12,0.13,1.65,-0.16,0.66,0.83,-0.56,-0.05,0,0,1.00
2005-07-25T10:00:00,0.45,-0.04,0.11,1.7,-0.12,0.65,0.75,-0.56,-0.04,0,0,1.00
2005-07-25T11:00:00,0.45,-0.07,0.07,1.69,-0.19,0.69,0.78,-0.56,-0.04,0,0,0.00
2005-07-25T12:00:00,0.42,-0.11,0.02,1.67,-0.22,0.63,1.02,-0.55,0.04,0,0,-2.00
2005-07-25T13:00:00,0.53,-0.19,-0.03,1.65,-0.17,0.53,1.67,-0.51,0.04,0,0,-3.00
2005-07-25T14:00:00,0.66,-0.27,0.22,1.61,-0.27,0.84,1.64,-0.47,-0.01,0,0,-4.00
2005-07-25T15:00:00,0.69,-0.1,0.06,1.65,-0.31,0.68,1.44,-0.49,-0.02,0,0,-2.00
2005-07-25T16:00:00,0.44,-0.44,0.07,1.64,-0.57,0.68,1.44,-0.51,0.0,0,0,2.00
2005-07-25T17:00:00,0.05,-0.63,0.22,1.54,-0.65,0.87,1.43,-0.53,-0.06,0,0,2.00
2005-07-25T18:00:00,0.05,-0.6,-0.19,1.54,-0.58,0.73,1.5,-0.55,-0.08,0,0,7.00
2005-07-25T19:00:00,0.04,-0.6,-0.09,1.57,-0.54,0.79,1.65,-0.58,-0.1,0,0,9.00
2005-07-25T20:00:00,0.14,-0.46,-0.25,1.6,-0.52,0.58,1.63,-0.58,-0.09,0,0,10.00
2005-07-25T21:00:00,0.17,-0.23,-0.25,1.65,-0.39,0.45,1.59,-0.58,-0.05,0,0,10.00
2005-07-25T22:00:00,0.03,-0.39,-0.06,1.64,-0.39,0.78,1.52,-0.59,-0.02,0,0,10.00
2005-07-25T23:00:00,0.01,-0.37,-0.31,1.64,-0.47,0.59,1.17,-0.58,-0.11,0,0,4.00
2005-07-26T00:00:00,-0.43,0.12,-0.28,1.57,-0.36,0.29,1.18,-0.58,-0.11,1,0,7.00
2005-07-26T01:00:00,-0.49,0.3,-0.16,1.55,-0.26,0.11,0.62,-0.53,-0.1,1,0,3.00
2005-07-26T02:00:00,-0.43,0.42,0.03,1.57,-0.29,0.1,0.54,-0.53,-0.1,1,0,0.00
2005-07-26T03:00:00,-0.38,0.37,-0.23,1.58,-0.3,0.23,0.45,-0.53,-0.11,1,0,-6.00
2005-07-26T04:00:00,-0.44,0.42,-0.33,1.62,-0.36,0.33,0.3,-0.52,-0.14,1,0,-9.00
2005-07-26T05:00:00,-0.33,0.54,-0.13,1.61,-0.37,0.27,0.35,-0.53,-0.12,1,0,-8.00
2005-07-26T06:00:00,-0.51,0.59,-0.06,1.64,-0.34,0.35,0.4,-0.53,-0.14,1,0,-7.00
2005-07-26T07:00:00,-0.47,0.32,-0.4,1.6,-0.25,0.44,0.66,-0.51,-0.12,1,0,-6.00
2005-07-26T08:00:00,-0.46,0.54,-0.23,1.58,-0.24,0.49,0.83,-0.51,-0.11,1,0,-8.00
2005-07-26T09:00:00,-0.35,0.4,0.1,1.55,-0.18,0.41,1.1,-0.49,0.04,1,0,-7.00
2005-07-26T10:00:00,-0.03,0.06,0.73,1.51,-0.16,0.26,1.31,-0.5,-0.08,1,0,-5.00
2005-07-26T11:00:00,-0.05,0.17,0.24,1.5,-0.25,0.45,1.61,-0.49,0.91,1,0,-1.00
2005-07-26T12:00:00,-0.27,0.37,-0.07,1.48,-0.33,0.52,2.02,-0.5,0.18,1,0,1.00
2005-07-26T13:00:00,-0.32,0.42,-0.2,1.48,-0.23,0.56,2.13,-0.51,0.02,1,0,1.00
2005-07-26T14:00:00,-0.39,0.62,-0.4,1.48,-0.29,0.62,2.01,-0.5,-0.09,1,0,3.00
2005-07-26T15:00:00,-0.31,0.92,-0.12,1.48,-0.46,0.43,2.16,-0.49,-0.1,1,0,5.00
2005-07-26T16:00:00,0.04,1.02,0.05,1.48,-0.53,0.36,2.4,-0.5,-0.1,1,0,7.00
2005-07-26T17:00:00,0.03,1.0,0.12,1.49,-0.61,0.27,2.58,-0.5,-0.09,1,0,7.00
2005-07-26T18:00:00,-0.53,0.54,0.53,1.52,-0.61,0.11,2.73,-0.49,-0.06,1,0,6.00
2005-07-26T19:00:00,-0.54,0.78,0.14,1.53,-0.6,0.06,2.4,-0.5,-0.09,1,0,6.00
2005-07-26T20:00:00,-0.37,0.75,0.06,1.52,-0.49,0.1,2.8,-0.54,-0.08,1,0,7.00
2005-07-26T21:00:00,-0.49,0.63,-0.17,1.53,-0.39,0.01,2.53,-0.56,-0.11,1,0,9.00
2005-07-26T22:00:00,-0.36,0.79,-0.11,1.46,-0.24,-0.23,1.99,-0.52,-0.1,1,0,12.00
2005-07-26T23:00:00,-0.45,0.92,-0.22,1.42,-0.2,-0.16,1.66,-0.52,-0.13,1,0,12.00
2005-07-27T00:00:00,-0.23,0.5,-0.17,1.45,-0.47,0.02,2.91,-0.51,0.08,1,0,10.00
2005-07-27T01:00:00,0.16,0.02,0.2,1.43,-0.41,-0.27,2.95,-0.5,2.22,1,0,2.00
2005-07-27T02:00:00,-0.65,0.84,-0.5,1.45,-0.32,-0.01,1.01,-0.49,-0.15,1,0,1.00
2005-07-27T03:00:00,-0.64,0.93,-0.17,1.44,-0.35,0.06,1.27,-0.47,-0.13,1,0,0.00
2005-07-27T04:00:00,-0.42,0.69,-0.3,1.25,0.18,1.11,5.3,-0.43,0.13,1,0,-5.00
2005-07-27T05:00:00,-0.44,0.46,0.11,1.34,-0.17,-0.18,1.09,-0.38,0.08,1,0,-7.00
2005-07-27T06:00:00,-0.52,0.61,-0.74,1.33,-0.16,-0.02,0.88,-0.44,-0.14,1,0,-7.00
2005-07-27T07:00:00,-0.68,0.81,-0.4,1.33,-0.29,-0.01,1.02,-0.41,-0.12,1,0,-5.00
2005-07-27T08:00:00,-0.41,0.83,-0.57,1.28,-0.35,-0.03,1.02,-0.43,-0.13,1,0,-3.00
2005-07-27T09:00:00,-0.26,1.02,-0.22,1.26,-0.5,-0.14,1.18,-0.45,-0.12,1,0,-6.00
2005-07-27T10:00:00,-0.52,0.95,0.37,1.24,-0.5,-0.6,1.0,-0.43,-0.13,1,0,-7.00
2005-07-27T11:00:00,-0.68,0.84,-0.35,1.16,-0.32,-0.47,0.68,-0.38,-0.13,1,0,-7.00
2005-07-27T12:00:00,-0.31,0.57,0.13,1.03,0.05,-0.53,0.82,-0.37,0.04,1,0,-5.00
2005-07-27T13:00:00,-0.66,0.86,-0.03,1.1,-0.1,-0.39,0.71,-0.32,-0.1,1,0,-3.00
2005-07-27T14:00:00,-0.92,0.27,-0.36,1.14,0.2,0.05,0.54,-0.32,-0.1,1,0,0.00
2005-07-27T15:00:00,-0.67,0.43,-0.4,1.1,0.05,0.1,0.57,-0.31,-0.08,1,0,-1.00
2005-07-27T16:00:00,-0.49,0.62,0.25,1.01,-0.23,-0.49,0.51,-0.31,-0.04,1,0,-4.00
2005-07-27T17:00:00,-0.6,0.07,0.75,0.99,0.22,-0.73,0.63,-0.3,-0.07,1,0,-7.00
2005-07-27T18:00:00,-1.02,0.53,-0.31,0.94,-0.27,0.4,1.21,-0.25,-0.07,1,0,-7.00
2005-07-27T19:00:00,-0.52,0.84,-0.81,0.63,-0.58,0.84,2.29,-0.32,-0.09,1,0,-3.00
2005-07-27T20:00:00,-1.05,1.43,-0.33,0.6,-1.12,0.21,3.3,-0.29,-0.1,1,0,3.00
2005-07-27T21:00:00,-1.13,1.26,-0.51,0.5,-1.36,-0.17,3.89,-0.27,-0.08,1,0,5.00
2005-07-27T22:00:00,0.09,-0.86,-0.24,0.5,-1.33,-0.74,6.01,-0.29,0.41,1,0,5.00
2005-07-27T23:00:00,0.9,-1.17,0.13,0.67,-1.65,-0.09,3.29,-0.32,-0.06,1,0,10.00
2005-07-28T00:00:00,1.28,-0.86,0.24,0.76,-1.69,0.33,2.67,-0.32,-0.08,1,0,6.00
2005-07-28T01:00:00,0.28,-0.22,-0.49,0.61,-1.19,-0.07,3.04,-0.34,0.27,1,0,-6.00
2005-07-28T02:00:00,-1.32,0.66,-0.46,0.53,-0.83,-0.09,2.9,-0.36,-0.1,1,0,-7.00
2005-07-28T03:00:00,0.3,-0.85,-0.71,0.55,-0.91,-0.09,1.83,-0.19,-0.03,1,0,-5.00
2005-07-28T04:00:00,0.5,-0.05,0.38,0.6,-0.8,-0.18,1.57,0.03,0.78,1,0,-15.00
2005-07-28T05:00:00,0.11,-0.26,-0.48,0.56,-0.6,0.47,1.45,0.06,0.55,1,0,-29.00
2005-07-28T06:00:00,0.75,-0.9,-0.22,0.48,0.03,0.75,1.37,0.13,0.08,1,0,-41.00
2005-07-28T07:00:00,0.56,-0.06,0.15,0.36,-0.36,0.15,1.4,0.36,1.5,1,0,-35.00
2005-07-28T08:00:00,0.38,-0.43,0.06,-0.02,-0.28,-0.91,0.48,0.28,0.77,1,0,-31.00
2005-07-28T09:00:00,1.55,-0.8,0.41,0.16,-0.37,-0.78,0.52,0.16,-0.11,1,0,-29.00
2005-07-28T10:00:00,1.67,-0.89,0.55,-0.28,0.57,-0.11,0.34,0.08,-0.14,1,0,-31.00
2005-07-28T11:00:00,1.34,-1.08,-0.22,-0.91,1.29,-1.0,0.21,0.45,-0.1,1,0,-34.00
2005-07-28T12:00:00,0.57,-0.98,-0.37,-1.04,1.09,-0.63,0.24,0.63,0.03,1,0,-29.00
2005-07-28T13:00:00,0.63,-1.15,0.01,-0.98,0.57,-0.52,0.14,0.63,-0.01,1,0,-21.00
2005-07-28T14:00:00,0.79,-0.76,0.11,-0.89,0.98,-0.51,0.11,0.61,0.06,1,0,-25.00
2005-07-28T15:00:00,0.62,-0.57,0.07,-0.93,0.69,-0.17,0.01,0.56,0.2,1,0,-32.00
2005-07-28T16:00:00,0.76,-0.54,0.22,-1.06,0.03,0.08,-0.21,0.31,-0.0,1,0,-26.00
2005-07-28T17:00:00,0.82,-0.52,0.05,-1.08,-0.03,-0.5,-0.2,0.3,-0.01,1,0,-25.00
2005-07-28T18:00:00,0.71,-0.65,0.12,-1.1,-0.19,-0.29,-0.24,0.35,-0.01,1,0,-27.00
2005-07-28T19:00:00,0.6,-0.68,-0.09,-1.01,-0.13,-0.61,-0.22,0.24,-0.01,1,0,-31.00
2005-07-28T20:00:00,-0.05,-0.51,-0.22,-1.12,0.21,-0.75,-0.08,0.15,0.24,1,0,-27.00
2005-07-28T21:00:00,0.09,-0.69,-0.07,-1.17,0.17,-0.92,0.07,0.38,0.27,1,0,-27.00
2005-07-28T22:00:00,0.23,-0.52,0.21,-1.11,0.7,-0.67,0.08,0.46,0.59,1,0,-22.00
2005-07-28T23:00:00,0.4,-0.32,-0.46,-1.06,1.0,-1.61,0.07,0.59,0.25,1,0,-11.00
2005-07-29T00:00:00,0.63,0.27,0.63,-1.14,1.48,-0.54,-0.06,0.55,0.07,1,0,-9.00
2005-07-29T01:00:00,0.99,-0.2,0.06,-1.04,1.04,-2.02,-0.08,0.58,0.06,1,0,-16.00
2005-07-29T02:00:00,0.89,-0.08,0.49,-1.12,1.93,-1.77,-0.1,0.76,0.08,1,0,-18.00
2005-07-29T03:00:00,0.29,-1.14,0.05,-1.15,1.19,-2.65,0.13,0.76,0.05,1,0,-16.00
2005-07-29T04:00:00,1.1,-0.58,0.68,-0.83,1.12,-2.09,0.06,0.66,-0.05,1,0,-11.00
2005-07-29T05:00:00,0.89,-1.0,0.72,-0.76,0.73,-2.08,0.25,0.67,-0.04,1,0,-5.00
2005-07-29T06:00:00,0.83,-0.03,1.09,-0.73,0.78,-0.8,0.28,0.76,-0.01,1,0,-12.00
2005-07-29T07:00:00,0.72,-1.26,0.45,-0.72,0.99,-1.84,0.45,0.92,0.02,1,0,-9.00
2005-07-29T08:00:00,0.38,-1.44,0.14,-0.73,-0.13,-2.94,0.56,0.68,0.01,1,0,-4.00
2005-07-29T09:00:00,0.04,-1.79,-0.1,-0.85,-0.19,-2.61,0.4,0.73,-0.07,1,0,-1.00
2005-07-29T10:00:00,0.54,-1.47,-0.15,-0.54,0.02,-2.16,0.36,0.51,-0.06,1,0,-1.00
2005-07-29T11:00:00,0.93,0.07,0.44,-0.31,1.61,-0.97,0.63,0.87,0.32,1,0,-2.00
2005-07-29T12:00:00,0.47,0.09,0.69,-0.41,1.19,-0.78,0.58,1.01,0.54,1,0,-6.00
2005-07-29T13:00:00,0.05,-1.04,0.3,-0.67,-0.35,-0.91,0.08,0.44,0.03,1,0,-7.00
2005-07-29T14:00:00,0.32,-0.29,-0.44,-0.85,0.28,-1.45,-0.19,0.08,0.04,0,0,-3.00
2005-07-29T15:00:00,0.65,-0.53,-0.42,-0.71,0.05,-1.46,-0.12,0.07,-0.06,0,0,-7.00
2005-07-29T16:00:00,0.74,-0.19,-0.5,-0.71,0.47,-1.42,-0.04,0.08,-0.04,0,0,-9.00
2005-07-29T17:00:00,0.42,0.37,0.32,-0.84,1.22,0.31,-0.06,0.2,0.21,0,0,-13.00
2005-07-29T18:00:00,0.72,-0.07,0.53,-0.63,0.5,0.7,-0.11,0.03,-0.03,0,0,-16.00
2005-07-29T19:00:00,0.65,-0.48,0.06,-0.62,-0.12,-0.06,-0.14,0.08,0.02,0,0,-18.00
2005-07-29T20:00:00,0.76,-0.08,-0.25,-0.61,0.4,-0.67,-0.13,0.06,-0.0,0,0,-18.00
2005-07-29T21:00:00,0.64,-0.57,-0.1,-0.64,-0.44,-0.15,-0.16,0.01,-0.03,0,0,-14.00
2005-07-29T22:00:00,0.18,-0.4,0.38,-0.86,-0.33,0.67,-0.17,0.03,0.18,0,0,-14.00
2005-07-29T23:00:00,0.57,0.13,-0.06,-0.7,0.49,-0.1,-0.14,0.07,0.17,0,0,-16.00
2005-07-30T00:00:00,0.49,-0.47,-0.03,-0.68,-0.47,-0.07,-0.21,-0.03,0.04,0,0,-12.00
2005-07-30T01:00:00,0.25,-0.53,-0.32,-0.76,-0.37,-0.35,-0.26,-0.06,-0.02,0,0,-16.00
2005-07-30T02:00:00,0.48,-0.62,0.1,-0.67,-0.42,0.54,-0.31,-0.02,-0.03,0,0,-21.00
2005-07-30T03:00:00,0.65,-0.48,-0.32,-0.58,-0.05,-0.55,-0.38,-0.07,-0.1,0,0,-14.00
2005-07-30T04:00:00,0.64,-0.52,-0.14,-0.53,-0.09,-0.18,-0.34,-0.05,-0.07,0,0,-19.00
2005-07-30T05:00:00,0.87,-0.24,0.08,-0.42,0.17,0.04,-0.11,-0.11,-0.06,0,0,-19.00
2005-07-30T06:00:00,0.7,-0.37,-0.22,-0.35,-0.11,-0.56,-0.19,-0.15,-0.07,0,0,-18.00
2005-07-30T07:00:00,0.65,-0.38,-0.04,-0.32,-0.24,-0.09,-0.11,-0.17,-0.03,0,0,-13.00
2005-07-30T08:00:00,-0.45,-0.43,0.62,-0.66,-0.7,1.14,-0.28,-0.25,-0.12,0,0,-13.00
2005-07-30T09:00:00,-0.51,-0.43,0.58,-0.56,-0.77,0.96,-0.28,-0.28,-0.12,0,0,-20.00
2005-07-30T10:00:00,0.08,-0.52,0.83,-0.28,-0.88,0.94,-0.23,-0.27,-0.13,0,0,-18.00
2005-07-30T11:00:00,0.16,-0.72,0.65,-0.17,-1.16,0.78,-0.22,-0.27,-0.13,0,0,-14.00
2005-07-30T12:00:00,-0.25,-0.91,0.32,-0.25,-1.57,0.27,-0.23,-0.28,-0.13,0,0,-11.00
2005-07-30T13:00:00,0.33,0.42,0.13,-0.08,0.42,-0.23,-0.26,-0.16,0.06,0,0,-12.00
2005-07-30T14:00:00,0.58,0.62,0.32,0.04,0.74,0.17,-0.22,-0.21,-0.1,0,0,-12.00
2005-07-30T15:00:00,0.84,0.33,0.32,0.16,0.27,0.21,-0.16,-0.17,-0.1,0,0,-13.00
2005-07-30T16:00:00,0.78,-0.23,0.4,0.12,-0.56,0.15,-0.14,-0.11,-0.07,0,0,-13.00
2005-07-30T17:00:00,0.6,0.25,-0.17,-0.04,0.09,-0.8,-0.2,-0.05,0.01,0,0,-11.00
2005-07-30T18:00:00,0.48,-0.33,0.34,-0.05,-0.69,0.06,-0.21,-0.14,0.01,0,0,-10.00
2005-07-30T19:00:00,0.7,0.0,0.42,-0.03,-0.35,0.08,-0.15,-0.05,-0.02,0,0,-10.00
2005-07-30T20:00:00,0.8,0.3,0.2,0.03,0.06,-0.25,-0.09,-0.05,-0.03,0,0,-8.00
2005-07-30T21:00:00,0.86,0.25,0.09,0.08,0.13,-0.25,-0.06,-0.11,-0.06,0,0,-3.00
2005-07-30T22:00:00,0.85,0.22,0.13,0.08,-0.02,-0.22,0.01,-0.08,-0.03,0,0,2.00
2005-07-30T23:00:00,0.75,0.19,0.08,0.05,0.03,-0.51,-0.02,-0.04,0.03,0,0,3.00
2005-07-31T00:00:00,0.89,0.3,0.24,0.09,0.04,-0.45,0.06,-0.09,-0.05,0,0,-3.00
2005-07-31T01:00:00,0.69,0.08,0.44,0.04,-0.14,-0.08,0.05,-0.05,0.01,0,0,-6.00
2005-07-31T02:00:00,0.2,-0.68,-0.07,-0.06,-0.72,-0.58,-0.01,-0.07,0.04,0,0,-5.00
2005-07-31T03:00:00,-0.49,-0.71,-0.13,-0.24,-0.81,-0.56,-0.02,-0.11,-0.05,0,0,-3.00
2005-07-31T04:00:00,-0.06,-0.74,-0.05,-0.09,-0.87,-0.39,-0.02,-0.15,-0.01,0,0,-1.00
2005-07-31T05:00:00,0.26,-0.51,-0.13,0.01,-0.67,-0.63,0.02,-0.18,0.08,0,0,-5.00
2005-07-31T06:00:00,0.34,-0.7,0.23,0.08,-0.92,-0.21,0.02,-0.21,-0.04,0,0,-7.00
