2006-03-05T17:00:00,0.38,0.33,0.16,1.4,-0.33,-0.4,0.69,-0.55,-0.07,1,0,4.00
2006-03-05T18:00:00,0.19,0.25,0.3,1.47,-0.24,-0.53,0.81,-0.55,0.01,1,0,5.00
2006-03-05T19:00:00,0.02,0.42,0.11,1.5,-0.31,-0.39,0.93,-0.55,-0.0,1,0,5.00
2006-03-05T20:00:00,-0.02,0.39,0.04,1.51,-0.35,-0.34,1.04,-0.55,0.04,1,0,6.00
2006-03-05T21:00:00,-0.13,0.25,0.33,1.52,-0.25,-0.65,1.12,-0.55,0.03,1,0,7.00
2006-03-05T22:00:00,0.01,0.41,0.16,1.52,-0.25,-0.65,1.29,-0.55,0.03,1,0,7.00
2006-03-05T23:00:00,-0.08,0.44,0.05,1.55,-0.27,-0.66,1.38,-0.56,-0.01,1,0,8.00
2006-03-06T00:00:00,-0.3,0.29,0.13,1.57,-0.29,-0.73,1.65,-0.57,0.03,1,0,8.00
2006-03-06T01:00:00,-0.35,0.14,0.1,1.57,-0.3,-0.69,1.96,-0.57,0.12,1,0,6.00
2006-03-06T02:00:00,-0.26,0.14,-0.03,1.59,-0.29,-0.78,2.11,-0.57,0.21,1,0,5.00
2006-03-06T03:00:00,-0.03,0.16,0.01,1.61,-0.29,-0.82,2.48,-0.58,0.86,1,0,5.00
2006-03-06T04:00:00,0.04,-0.09,0.1,1.62,-0.3,-0.94,2.57,-0.58,5.64,1,0,9.00
2006-03-06T05:00:00,-0.13,-0.62,0.13,1.6,-0.39,-0.98,2.74,-0.58,-0.05,1,0,14.00
2006-03-06T06:00:00,-0.58,-0.19,0.45,1.48,-0.23,-0.72,1.85,-0.52,-0.06,1,0,15.00
2006-03-06T07:00:00,0.13,-0.92,0.14,1.5,-0.46,-0.44,1.32,-0.43,-0.07,1,0,16.00
2006-03-06T08:00:00,0.33,-1.04,0.01,1.49,-0.59,-0.29,1.03,-0.46,-0.12,1,0,12.00
2006-03-06T09:00:00,0.34,-0.75,0.1,1.49,-0.55,-0.16,1.75,-0.51,-0.07,1,0,10.00
2006-03-06T10:00:00,-0.07,-0.1,0.44,1.45,-0.43,-0.1,1.91,-0.49,0.27,1,0,10.00
2006-03-06T11:00:00,0.56,-0.89,0.04,1.39,-0.32,-0.08,1.59,-0.4,-0.07,1,0,12.00
2006-03-06T12:00:00,0.69,-0.9,-0.52,1.31,0.13,-0.35,1.74,-0.29,-0.07,1,0,15.00
2006-03-06T13:00:00,0.45,-0.57,-0.06,1.19,0.05,-0.2,2.66,-0.27,0.35,1,0,15.00
2006-03-06T14:00:00,-0.34,-0.69,0.04,1.04,-0.13,-0.16,3.43,-0.34,0.3,1,0,12.00
2006-03-06T15:00:00,0.02,-0.62,-0.19,1.02,-0.23,-0.37,3.82,-0.34,0.48,1,0,12.00
2006-03-06T16:00:00,0.63,-0.95,-0.45,1.02,-0.5,-0.46,4.29,-0.35,0.01,1,0,14.00
2006-03-06T17:00:00,0.83,0.01,-0.5,1.02,-0.57,0.01,4.99,-0.42,0.07,1,0,15.00
2006-03-06T18:00:00,0.4,-0.11,-0.4,1.0,-0.75,0.26,5.02,-0.49,0.22,1,0,10.00
2006-03-06T19:00:00,0.06,-1.45,-0.01,0.85,-0.46,1.2,2.55,-0.24,-0.05,1,0,5.00
2006-03-06T20:00:00,1.24,-1.55,-1.27,0.91,-0.78,1.02,1.31,-0.53,-0.18,1,0,-2.00
2006-03-06T21:00:00,0.82,-1.78,-1.22,0.95,-0.78,0.92,0.9,-0.52,-0.18,1,0,-12.00
2006-03-06T22:00:00,0.67,-0.41,-1.54,1.05,-0.37,0.3,1.55,-0.31,-0.15,1,0,-26.00
2006-03-06T23:00:00,-0.18,0.93,-1.06,0.97,-0.13,0.52,1.16,0.11,-0.07,1,0,-28.00
2006-03-07T00:00:00,0.25,0.68,-0.96,0.97,0.1,0.94,1.01,0.06,-0.04,1,0,-35.00
2006-03-07T01:00:00,0.54,0.1,-0.78,0.92,0.53,1.3,1.29,0.24,0.13,1,0,-48.00
2006-03-07T02:00:00,0.58,-1.05,-0.36,0.92,0.66,0.79,1.28,0.04,0.01,1,0,-52.00
2006-03-07T03:00:00,0.77,-0.98,0.29,0.92,0.8,0.94,1.07,-0.05,-0.03,1,0,-51.00
2006-03-07T04:00:00,-0.11,-0.36,-0.58,0.87,0.65,0.35,0.93,-0.06,0.13,1,0,-45.00
2006-03-07T05:00:00,-0.11,-0.63,-0.39,0.83,0.23,0.26,0.73,-0.17,0.06,1,0,-34.00
2006-03-07T06:00:00,-0.43,-0.62,-0.15,0.59,0.02,0.3,0.12,-0.34,-0.07,1,0,-28.00
2006-03-07T07:00:00,0.09,-0.42,-0.3,0.63,0.02,0.01,0.08,-0.32,0.01,1,0,-31.00
2006-03-07T08:00:00,0.03,-0.33,-0.28,0.63,0.1,-0.07,0.09,-0.29,0.11,1,0,-35.00
2006-03-07T09:00:00,-0.12,-0.67,-0.16,0.62,-0.13,-0.05,0.05,-0.39,-0.08,0,0,-31.00
2006-03-07T10:00:00,-0.16,-0.65,-0.12,0.58,-0.16,0.0,0.03,-0.4,-0.08,0,0,-23.00
2006-03-07T11:00:00,-0.42,-0.47,-0.25,0.6,0.01,-0.26,0.0,-0.38,-0.09,0,0,-23.00
2006-03-07T12:00:00,-0.34,-0.4,-0.27,0.69,0.13,-0.32,0.02,-0.36,-0.05,0,0,-24.00
2006-03-07T13:00:00,-0.01,-0.08,-0.24,0.76,0.4,-0.32,0.13,-0.31,0.36,0,0,-25.00
2006-03-07T14:00:00,0.25,0.2,0.08,0.85,0.66,0.18,0.18,-0.27,0.68,0,0,-23.00
2006-03-07T15:00:00,0.41,0.35,0.06,0.85,0.84,0.16,0.19,-0.31,0.09,0,0,-21.00
2006-03-07T16:00:00,0.45,0.43,0.06,0.9,0.78,0.23,0.12,-0.34,-0.01,0,0,-18.00
2006-03-07T17:00:00,0.49,0.54,0.1,0.76,0.7,0.05,-0.1,-0.41,-0.11,0,0,-17.00
2006-03-07T18:00:00,0.57,0.4,0.17,0.68,0.57,0.08,-0.09,-0.35,-0.08,0,0,-17.00
2006-03-07T19:00:00,0.64,0.31,0.14,0.73,0.47,0.37,-0.1,-0.36,-0.08,0,0,-17.00
2006-03-07T20:00:00,0.57,0.42,0.11,0.74,0.47,0.3,-0.16,-0.39,-0.1,0,0,-16.00
2006-03-07T21:00:00,0.66,0.15,-0.12,0.85,0.21,-0.05,-0.14,-0.42,-0.11,0,0,-16.00
2006-03-07T22:00:00,0.64,-0.01,-0.08,0.92,0.39,-0.04,-0.05,-0.4,-0.07,0,0,-14.00
2006-03-07T23:00:00,0.61,0.01,-0.06,0.97,0.54,-0.15,0.05,-0.35,-0.02,0,0,-14.00
2006-03-08T00:00:00,0.71,-0.13,-0.08,0.97,0.55,-0.08,0.12,-0.35,-0.06,1,0,-17.00
2006-03-08T01:00:00,0.73,-0.27,-0.0,0.99,0.61,-0.07,0.05,-0.41,-0.1,1,0,-20.00
2006-03-08T02:00:00,0.73,-0.35,-0.05,1.03,0.62,0.05,0.1,-0.45,-0.12,1,0,-19.00
2006-03-08T03:00:00,0.67,-0.37,-0.21,1.04,0.58,0.04,0.19,-0.45,-0.12,1,0,-16.00
2006-03-08T04:00:00,0.73,-0.4,-0.01,1.09,0.53,-0.08,0.1,-0.49,-0.14,1,0,-13.00
2006-03-08T05:00:00,0.74,-0.43,0.08,1.1,0.37,-0.06,0.2,-0.5,-0.14,1,0,-13.00
2006-03-08T06:00:00,0.69,-0.41,0.07,1.15,0.29,0.04,0.41,-0.49,-0.12,1,0,-13.00
2006-03-08T07:00:00,0.58,-0.26,0.09,1.22,0.15,-0.13,0.83,-0.54,-0.08,1,0,-11.00
2006-03-08T08:00:00,0.26,-0.21,-0.0,1.3,0.07,-0.16,0.99,-0.52,0.31,1,0,-8.00
2006-03-08T16:00:00,0.34,-0.36,-0.21,1.23,0.14,-0.2,1.17,-0.58,-0.11,1,0,3.00
2006-03-08T17:00:00,-0.11,-0.06,0.01,1.21,0.1,-0.27,1.36,-0.53,2.56,1,0,2.00
2006-03-08T18:00:00,0.22,-0.18,-0.31,1.3,-0.07,-0.75,1.3,-0.53,-0.0,1,0,3.00
2006-03-08T19:00:00,0.13,-0.05,-0.42,1.3,-0.07,-0.83,1.43,-0.55,-0.05,1,0,0.00
2006-03-08T20:00:00,0.16,0.11,-0.42,1.33,-0.21,-0.86,1.67,-0.56,-0.06,1,0,-2.00
2006-03-08T21:00:00,0.32,-0.19,-0.28,1.36,-0.27,-0.92,1.9,-0.55,-0.0,1,0,-5.00
2006-03-08T22:00:00,0.07,-0.03,0.16,1.37,-0.26,-0.86,2.45,-0.57,3.08,1,0,-5.00
2006-03-08T23:00:00,0.18,-0.19,0.16,1.4,-0.31,-0.85,2.48,-0.57,0.51,1,0,-8.00
2006-03-09T00:00:00,0.19,-0.11,0.18,1.41,-0.34,-0.77,2.88,-0.57,0.78,1,0,-7.00
2006-03-09T01:00:00,0.07,-0.18,0.43,1.36,-0.29,-0.65,2.73,-0.57,0.08,1,0,-5.00
2006-03-09T02:00:00,-0.27,0.44,0.12,1.27,-0.29,-0.73,1.85,-0.5,0.09,1,0,-2.00
2006-03-09T03:00:00,-0.67,1.09,0.14,1.3,-0.54,-1.07,0.86,-0.39,-0.13,1,0,-2.00
2006-03-09T04:00:00,-0.64,0.65,0.76,1.34,-0.52,-1.42,0.88,-0.35,-0.12,1,0,-2.00
2006-03-09T05:00:00,-0.74,0.52,0.8,1.33,-0.38,-1.41,0.7,-0.31,-0.11,1,0,-5.00
2006-03-09T06:00:00,-0.89,0.66,0.64,1.32,-0.14,-1.51,0.52,-0.32,-0.13,1,0,-3.00
2006-03-09T07:00:00,-0.94,0.82,0.5,1.35,-0.35,-1.44,0.46,-0.33,-0.14,1,0,-2.00
2006-03-09T08:00:00,-0.7,1.1,0.12,1.35,-0.47,-1.31,0.53,-0.31,-0.13,1,0,-1.00
2006-03-09T09:00:00,-0.56,0.9,0.21,1.2,-0.21,-1.18,0.54,-0.17,-0.06,1,0,0.00
2006-03-09T10:00:00,-0.77,0.63,0.2,1.24,-0.12,-1.32,0.65,-0.02,0.02,1,0,2.00
2006-03-09T11:00:00,-0.59,0.81,0.38,1.2,-0.06,-1.48,0.7,-0.09,-0.02,1,0,1.00
2006-03-09T12:00:00,-0.78,0.83,-0.0,1.21,-0.39,-1.09,0.89,-0.05,-0.01,1,0,3.00
2006-03-09T13:00:00,-0.74,0.87,-0.0,1.21,-0.1,-1.21,1.08,-0.03,0.01,1,0,3.00
2006-03-09T14:00:00,-0.77,0.96,0.21,1.23,-0.16,-1.2,1.01,-0.09,-0.04,1,0,3.00
2006-03-09T15:00:00,-0.97,0.97,0.24,1.26,-0.1,-1.11,1.17,-0.17,-0.08,1,0,2.00
2006-03-09T16:00:00,-0.78,1.0,0.03,1.26,-0.16,-1.16,1.61,-0.32,-0.08,1,0,4.00
2006-03-09T17:00:00,-0.17,0.3,-0.53,1.24,-0.12,-0.81,2.5,-0.45,0.03,1,0,7.00
2006-03-09T18:00:00,-0.71,0.55,-0.79,1.21,-0.08,-0.64,2.26,-0.4,-0.1,1,0,8.00
2006-03-09T19:00:00,-1.29,1.18,0.38,1.25,-0.13,-0.89,1.93,-0.39,-0.14,1,0,7.00
2006-03-09T20:00:00,-1.28,0.67,0.71,1.23,0.0,-1.03,2.17,-0.35,-0.12,1,0,-4.00
2006-03-09T21:00:00,-0.43,-0.61,1.13,1.29,0.14,-1.29,2.54,-0.38,-0.1,1,0,-5.00
2006-03-09T22:00:00,-0.9,0.07,0.62,1.23,0.11,-0.77,1.95,-0.16,0.05,1,0,2.00
2006-03-09T23:00:00,-0.86,0.98,0.26,1.04,-0.2,-0.54,2.1,-0.13,-0.0,1,0,4.00
2006-03-10T00:00:00,-0.87,0.63,1.19,0.97,0.07,-1.2,2.33,-0.11,-0.07,1,0,1.00
2006-03-10T01:00:00,-0.79,0.95,0.39,0.95,0.26,-0.94,2.2,0.01,0.06,1,0,2.00
2006-03-10T02:00:00,-0.27,1.04,0.0,0.81,0.4,-0.36,2.24,0.04,0.19,1,0,5.00
2006-03-10T03:00:00,-1.31,0.83,0.56,0.84,0.01,-0.6,2.13,0.13,-0.0,1,0,5.00
2006-03-10T04:00:00,-1.43,1.02,0.28,0.82,0.14,-0.14,1.43,0.12,-0.07,1,0,10.00
2006-03-10T05:00:00,-1.65,0.26,0.94,0.81,0.51,-0.13,0.71,-0.31,-0.16,1,0,8.00
2006-03-10T06:00:00,-1.29,1.15,0.23,0.74,-0.25,0.81,0.54,-0.25,-0.15,1,0,-1.00
2006-03-10T07:00:00,-0.89,0.9,0.01,0.62,0.24,0.73,0.84,-0.01,-0.04,1,0,-2.00
2006-03-10T08:00:00,-1.12,0.67,0.2,0.68,0.29,0.34,0.73,-0.05,-0.07,1,0,-1.00
2006-03-10T09:00:00,-0.15,0.97,-0.69,0.52,-0.03,0.81,0.87,-0.18,-0.09,1,0,-1.00
2006-03-10T10:00:00,-1.14,0.43,0.44,0.62,0.37,-0.49,1.09,-0.01,-0.03,1,0,4.00
2006-03-10T11:00:00,-0.91,0.65,0.4,0.59,0.21,-0.77,1.37,0.02,0.04,1,0,-5.00
2006-03-10T12:00:00,0.38,0.56,-0.44,0.29,0.14,-0.27,1.39,0.07,0.23,1,0,-2.00
2006-03-10T13:00:00,-0.95,0.32,0.25,0.3,0.16,-0.26,1.24,0.04,0.12,1,0,7.00
2006-03-10T14:00:00,-1.21,-0.42,0.55,0.22,-0.19,-0.15,0.41,0.16,-0.07,1,0,7.00
2006-03-10T15:00:00,-0.61,0.83,0.24,-0.08,0.35,0.48,0.09,0.43,0.03,1,0,7.00
2006-03-10T16:00:00,-1.21,0.57,0.29,-0.45,0.88,1.0,-0.06,0.04,-0.12,1,0,3.00
2006-03-10T17:00:00,-1.11,0.8,0.02,-0.21,0.54,0.42,-0.08,0.15,-0.11,1,0,-1.00
2006-03-10T18:00:00,-1.47,0.73,0.41,0.01,-0.3,0.48,-0.23,-0.1,-0.16,1,0,-6.00
2006-03-10T19:00:00,-1.2,0.37,0.5,-0.17,0.34,1.01,0.17,0.2,-0.08,1,0,-5.00
2006-03-10T20:00:00,0.42,0.78,-0.3,-0.46,0.02,1.18,0.61,0.24,0.11,1,0,2.00
2006-03-10T21:00:00,0.42,0.36,-0.4,-0.58,0.26,1.11,0.77,0.29,0.37,1,0,10.00
2006-03-10T22:00:00,0.07,0.38,-0.5,-0.68,0.45,1.2,0.56,0.23,0.27,1,0,6.00
2006-03-10T23:00:00,0.55,0.44,-0.62,-0.7,0.59,0.97,0.3,0.02,-0.03,1,0,-4.00
2006-03-11T00:00:00,-0.44,0.87,0.2,-0.64,0.11,1.61,0.43,0.15,0.04,1,0,-11.00
2006-03-11T01:00:00,-0.21,0.64,0.05,-0.67,0.12,0.46,-0.15,0.1,0.09,1,0,-24.00
2006-03-11T02:00:00,-0.49,0.62,0.21,-0.69,0.04,0.52,-0.31,0.23,-0.01,1,0,-22.00
2006-03-11T03:00:00,-0.05,0.79,-0.05,-0.76,-0.14,0.77,-0.26,0.2,-0.0,1,0,-19.00
2006-03-11T04:00:00,-0.35,0.57,0.27,-0.65,0.17,0.51,-0.2,0.3,0.11,1,0,-16.00
2006-03-11T05:00:00,-0.32,0.2,0.49,-0.63,0.56,0.11,-0.08,0.37,0.3,1,0,-16.00
2006-03-11T06:00:00,0.68,0.36,-0.14,-0.8,0.45,0.66,-0.14,0.23,0.06,1,0,-15.00
2006-03-11T07:00:00,0.76,0.41,-0.33,-0.85,0.21,1.51,-0.11,0.2,-0.03,1,0,-13.00
2006-03-11T08:00:00,0.52,0.38,-0.16,-0.79,0.34,0.97,-0.12,0.42,0.21,1,0,-15.00
2006-03-11T09:00:00,0.23,0.23,-0.31,-0.7,0.39,1.28,-0.15,0.48,0.46,1,0,-12.00
2006-03-11T10:00:00,-0.68,0.44,0.32,-0.64,0.67,0.87,-0.12,0.47,0.09,1,0,-11.00
2006-03-11T11:00:00,-1.04,0.22,0.54,-0.61,0.49,1.1,-0.14,0.18,-0.09,1,0,-11.00
2006-03-11T12:00:00,-0.89,0.21,0.7,-0.59,0.53,0.92,-0.3,0.02,-0.12,1,0,-13.00
2006-03-11T13:00:00,-0.15,1.26,0.17,-0.64,-0.07,1.25,-0.28,0.19,-0.11,1,0,-11.00
2006-03-11T14:00:00,-0.71,0.83,0.27,-0.53,0.17,1.2,-0.21,0.32,-0.07,1,0,-10.00
2006-03-11T15:00:00,-0.49,0.74,-0.14,-0.73,0.25,1.45,-0.22,0.29,-0.02,1,0,-9.00
2006-03-11T16:00:00,-0.84,0.45,0.12,-0.76,0.05,1.76,-0.18,0.31,-0.01,1,0,-11.00
2006-03-11T17:00:00,-0.89,0.28,0.6,-0.63,-0.02,1.72,-0.31,0.37,-0.07,1,0,-15.00
2006-03-11T18:00:00,-0.59,-0.15,0.49,-0.56,0.4,1.32,-0.42,0.22,-0.02,1,0,-16.00
2006-03-11T19:00:00,-0.04,0.49,0.15,-0.78,-0.11,0.97,-0.48,0.12,0.12,1,0,-15.00
2006-03-11T20:00:00,-0.53,0.07,0.13,-0.59,0.39,0.58,-0.54,-0.12,-0.01,1,0,-12.00
2006-03-11T21:00:00,-0.36,0.29,0.21,-0.61,0.04,0.19,-0.6,-0.16,-0.03,0,0,-15.00
2006-03-11T22:00:00,-0.27,0.17,0.13,-0.61,0.08,0.39,-0.58,-0.11,0.23,0,0,-16.00
2006-03-11T23:00:00,-0.42,0.06,0.33,-0.53,0.14,0.16,-0.58,-0.19,-0.05,0,0,-16.00
2006-03-12T00:00:00,-0.16,-0.37,0.43,-0.66,0.53,0.1,-0.59,-0.26,-0.09,0,0,-16.00
2006-03-12T01:00:00,-0.17,-0.1,0.55,-0.58,0.28,-0.27,-0.58,-0.26,-0.1,0,0,-17.00
2006-03-12T02:00:00,-0.39,0.07,0.51,-0.48,0.16,-0.18,-0.59,-0.33,-0.13,0,0,-16.00
2006-03-12T03:00:00,-0.43,0.48,0.27,-0.45,-0.18,0.2,-0.57,-0.33,-0.13,0,0,-13.00
2006-03-12T04:00:00,-0.33,0.54,0.02,-0.41,-0.31,0.42,-0.6,-0.34,-0.13,0,0,-9.00
2006-03-12T05:00:00,-0.45,0.09,0.32,-0.34,0.2,0.05,-0.51,-0.29,-0.07,0,0,-8.00
2006-03-12T06:00:00,-0.51,0.22,0.21,-0.27,0.06,0.27,-0.48,-0.3,-0.08,0,0,-11.00
2006-03-12T07:00:00,-0.55,0.14,0.18,-0.24,-0.04,0.35,-0.46,-0.32,-0.08,0,0,-13.00
2006-03-12T08:00:00,-0.6,0.09,-0.06,-0.21,0.23,0.58,-0.47,-0.33,-0.1,0,0,-12.00
2006-03-12T09:00:00,-0.59,0.16,-0.03,-0.19,0.12,0.23,-0.46,-0.33,-0.1,0,0,-11.00
2006-03-12T10:00:00,-0.6,0.07,0.19,-0.23,0.02,0.03,-0.4,-0.28,-0.07,0,0,-12.00
2006-03-12T11:00:00,-0.61,0.07,0.15,-0.16,0.24,0.3,-0.3,-0.35,-0.08,0,0,-13.00
2006-03-12T12:00:00,-0.55,0.09,0.07,-0.14,0.09,0.44,-0.36,-0.3,-0.04,0,0,-12.00
2006-03-12T13:00:00,-0.4,0.26,0.13,-0.1,-0.09,0.17,-0.46,-0.26,-0.01,0,0,-11.00
2006-03-12T14:00:00,-0.26,0.07,0.08,-0.05,0.14,0.03,-0.47,-0.19,0.49,0,0,-8.00
2006-03-12T15:00:00,0.11,0.23,0.1,-0.15,0.07,0.14,-0.51,-0.3,0.3,0,0,-5.00
2006-03-12T16:00:00,-0.11,0.13,0.19,-0.01,0.1,-0.05,-0.5,-0.23,0.58,0,0,-3.00
2006-03-12T17:00:00,-0.33,0.14,-0.05,0.05,0.22,0.4,-0.47,-0.19,0.14,0,0,-4.00
2006-03-12T18:00:00,0.17,0.26,0.19,0.03,-0.18,0.1,-0.52,-0.37,0.03,0,0,-6.00
2006-03-12T19:00:00,0.44,0.2,0.26,0.3,-1.04,-3.08,1.0,-0.42,0.13,0,0,-5.00
2006-03-12T20:00:00,0.14,0.28,0.03,0.1,-0.27,0.22,-0.46,-0.35,0.12,0,0,-3.00
2006-03-12T21:00:00,0.04,0.07,0.53,0.17,-0.07,-0.24,-0.43,-0.4,-0.09,0,0,-1.00
2006-03-12T22:00:00,-0.02,-0.14,0.38,0.21,0.05,-0.22,-0.5,-0.39,-0.02,0,0,-1.00
2006-03-12T23:00:00,-0.11,0.04,0.28,0.24,-0.16,-0.07,0.41,-0.35,0.91,0,0,-1.00
2006-03-13T00:00:00,-0.52,0.27,0.03,0.43,-0.37,0.42,-0.58,0.12,0.0,0,0,-2.00
2006-03-13T01:00:00,-0.58,0.23,0.15,0.57,-1.74,-0.18,-0.6,0.02,-0.05,0,0,-4.00
2006-03-13T02:00:00,-0.53,0.32,0.11,0.52,-0.34,0.11,-0.61,0.22,-0.01,0,0,-5.00
2006-03-13T03:00:00,-0.55,0.27,0.12,0.53,-0.09,0.24,-0.58,0.1,-0.02,0,0,-6.00
2006-03-13T04:00:00,-0.45,0.23,0.05,0.73,-0.58,0.26,-0.34,-0.13,0.08,0,0,-5.00
2006-03-13T05:00:00,-0.49,0.12,-0.03,0.8,-0.3,0.63,-0.26,-0.13,0.11,0,0,-3.00
2006-03-13T06:00:00,-0.27,0.39,0.17,0.83,-0.64,0.35,-0.29,-0.43,-0.07,0,0,-3.00
2006-03-13T07:00:00,-0.25,0.43,0.15,0.83,-0.63,0.36,-0.27,-0.42,-0.07,0,0,-4.00
2006-03-13T08:00:00,-0.38,0.4,0.03,0.88,-0.7,0.4,-0.22,-0.38,-0.06,0,0,-3.00
2006-03-13T09:00:00,-0.54,0.0,0.01,0.95,-0.19,0.46,-0.15,-0.37,-0.03,0,0,-3.00
2006-03-13T10:00:00,0.01,0.61,-0.01,0.84,-0.71,0.39,-0.24,-0.49,-0.13,0,0,-4.00
2006-03-13T11:00:00,-0.58,0.24,0.21,0.85,-0.58,0.23,-0.28,-0.33,-0.08,0,0,-3.00
2006-03-13T12:00:00,-0.72,0.08,0.27,0.84,-0.29,0.21,-0.43,-0.22,-0.1,0,0,-3.00
2006-03-13T13:00:00,-0.72,0.15,0.19,0.87,-0.23,0.21,-0.41,-0.23,-0.1,0,0,-7.00
2006-03-13T14:00:00,-0.74,-0.07,0.28,0.89,-0.39,0.21,-0.38,-0.21,-0.1,0,0,-7.00
2006-03-13T15:00:00,-0.77,-0.21,0.29,0.93,-0.29,0.2,-0.39,-0.34,-0.13,0,0,-5.00
2006-03-13T16:00:00,-0.73,-0.19,0.22,0.92,-0.28,0.11,-0.31,-0.46,-0.15,0,0,-2.00
2006-03-13T17:00:00,-0.76,-0.26,0.22,0.95,-0.19,0.02,-0.2,-0.5,-0.15,0,0,-3.00
2006-03-13T18:00:00,-0.84,0.02,0.27,0.96,-0.4,-0.01,-0.13,-0.51,-0.16,0,0,-3.00
2006-03-13T19:00:00,-0.81,0.49,0.08,0.98,-0.68,0.07,-0.11,-0.52,-0.17,0,0,-4.00
2006-03-13T20:00:00,-0.34,0.52,-0.08,0.92,-0.68,0.16,-0.02,-0.47,-0.11,0,0,-2.00
2006-03-13T21:00:00,0.01,0.58,0.11,0.88,-0.69,-0.03,0.02,-0.47,-0.09,0,0,0.00
2006-03-13T22:00:00,-0.06,0.55,0.14,0.88,-0.81,-0.08,0.0,-0.47,-0.09,0,0,1.00
2006-03-13T23:00:00,-0.29,0.37,0.37,0.95,-0.8,-0.26,0.04,-0.42,-0.06,0,0,0.00
2006-03-14T00:00:00,-0.43,0.27,0.37,1.02,-0.72,-0.18,0.02,-0.42,-0.07,0,0,-2.00
2006-03-14T01:00:00,-0.52,0.2,0.39,1.09,-0.65,-0.4,-0.05,-0.5,-0.13,0,0,-3.00
2006-03-14T02:00:00,-0.66,0.1,0.34,1.12,-0.52,-0.59,-0.11,-0.53,-0.15,0,0,-3.00
2006-03-14T03:00:00,-0.64,0.21,0.31,1.15,-0.6,-0.42,-0.04,-0.54,-0.15,0,0,-3.00
2006-03-14T04:00:00,-0.59,0.28,0.26,1.16,-0.65,-0.39,0.05,-0.54,-0.14,0,0,-2.00
2006-03-14T05:00:00,-0.52,0.36,0.15,1.22,-0.63,-0.48,0.26,-0.55,-0.13,0,0,0.00
2006-03-14T06:00:00,-0.53,0.43,0.1,1.22,-0.68,-0.51,0.42,-0.56,-0.14,0,0,2.00
2006-03-14T07:00:00,-0.59,0.45,0.18,1.23,-0.71,-0.7,0.6,-0.56,-0.14,0,0,3.00
2006-03-14T08:00:00,-0.68,0.35,0.18,1.22,-0.64,-0.85,1.03,-0.55,-0.13,0,0,5.00
2006-03-14T09:00:00,-0.96,0.34,0.37,1.22,-0.74,-1.36,1.74,-0.56,-0.15,0,0,8.00
2006-03-14T10:00:00,-1.06,0.49,0.41,1.21,-0.54,-1.5,2.68,-0.56,-0.15,0,0,11.00
2006-03-14T11:00:00,-0.23,0.87,-0.05,1.03,-0.95,-0.9,1.41,-0.45,-0.08,0,0,14.00
2006-03-14T12:00:00,-0.22,1.02,0.05,1.02,-0.28,-0.82,1.2,-0.44,-0.11,0,0,14.00
2006-03-14T13:00:00,-0.1,1.17,0.09,1.08,-0.21,-1.07,0.4,-0.43,-0.15,0,0,12.00
2006-03-14T14:00:00,-0.42,1.26,0.37,1.03,0.13,-0.56,-0.13,-0.47,-0.18,0,0,6.00
2006-03-14T15:00:00,-0.21,1.2,0.36,1.13,0.24,-0.44,-0.07,-0.45,-0.17,0,0,1.00
2006-03-14T16:00:00,-0.2,1.18,0.39,1.14,0.27,-0.23,-0.07,-0.44,-0.17,0,0,-1.00
2006-03-14T17:00:00,-0.39,1.09,0.52,1.12,0.0,-0.25,0.12,-0.45,-0.16,0,0,-2.00
2006-03-14T18:00:00,-0.49,0.98,0.7,1.14,0.08,-0.12,0.08,-0.43,-0.17,1,0,-3.00
2006-03-14T19:00:00,-0.97,0.65,0.62,1.13,0.58,0.3,0.11,-0.42,-0.16,1,0,-2.00
2006-03-14T20:00:00,-1.3,0.2,0.37,0.94,0.47,0.19,0.58,-0.3,-0.13,1,0,0.00
2006-03-14T21:00:00,-1.2,-0.56,-0.02,0.81,0.37,0.19,0.75,-0.25,-0.11,1,0,1.00
2006-03-14T22:00:00,-1.15,-0.94,0.01,0.69,0.1,-0.28,1.07,-0.15,-0.09,1,0,6.00
2006-03-14T23:00:00,-1.06,0.26,0.41,0.66,-0.73,-0.58,1.74,0.02,0.09,1,0,9.00
2006-03-15T00:00:00,0.12,0.94,0.22,0.6,-0.55,-0.53,1.75,-0.2,0.07,1,0,13.00
2006-03-15T01:00:00,0.68,0.79,0.61,0.62,0.02,-0.78,1.81,-0.33,-0.07,1,0,14.00
2006-03-15T02:00:00,-0.83,0.25,0.78,0.77,-0.07,-0.03,1.13,-0.3,-0.09,1,0,14.00
2006-03-15T03:00:00,-0.02,0.72,0.78,0.39,-0.33,-0.07,1.36,-0.11,0.02,1,0,10.00
2006-03-15T04:00:00,-0.91,-0.2,0.51,0.07,0.01,0.89,0.94,0.26,0.13,1,0,11.00
2006-03-15T05:00:00,-1.15,-0.81,0.69,0.06,-0.13,0.74,0.86,0.23,-0.05,1,0,17.00
2006-03-15T06:00:00,-1.01,0.73,0.98,0.09,-0.23,0.8,1.08,0.18,-0.06,1,0,18.00
2006-03-15T07:00:00,-1.06,0.78,0.93,-0.14,0.25,1.99,0.81,0.55,-0.03,1,0,14.00
2006-03-15T08:00:00,-0.22,0.99,-0.07,-0.39,0.73,1.99,0.83,0.98,0.37,1,0,11.00
2006-03-15T09:00:00,-0.43,1.04,1.19,-0.22,0.58,0.69,0.34,1.43,0.0,1,0,13.00
2006-03-15T10:00:00,-1.06,0.59,1.08,-0.12,0.71,0.68,0.37,1.26,-0.0,1,0,7.00
2006-03-15T11:00:00,-0.55,1.09,0.68,-0.3,-0.33,1.23,0.39,1.12,0.06,1,0,1.00
2006-03-15T12:00:00,-0.78,-0.01,0.36,-0.51,0.14,1.09,0.26,0.85,0.36,1,0,6.00
2006-03-15T13:00:00,-0.1,0.39,0.29,-0.75,0.49,-0.2,-0.3,0.29,0.37,0,0,10.00
2006-03-15T14:00:00,-0.1,0.38,0.38,-0.73,0.61,-0.17,-0.26,0.34,0.31,0,0,8.00
2006-03-15T15:00:00,-0.72,0.38,0.18,-0.64,0.29,0.11,-0.28,0.34,0.03,0,0,4.00
2006-03-15T16:00:00,-0.57,0.17,-0.14,-0.49,0.55,0.43,-0.27,0.05,0.07,0,0,4.00
2006-03-15T17:00:00,0.04,-0.25,-0.19,-0.12,0.07,0.63,0.3,-0.2,0.61,0,0,1.00
2006-03-15T18:00:00,-0.93,0.22,0.05,0.08,-0.15,0.44,0.59,0.05,0.06,0,0,-1.00
2006-03-15T19:00:00,-0.73,0.84,0.29,0.12,-0.71,0.33,0.42,-0.19,-0.09,0,0,-2.00
2006-03-15T20:00:00,-0.67,0.86,0.62,0.18,-0.63,0.38,0.1,-0.27,-0.14,0,0,1.00
2006-03-15T21:00:00,-0.43,0.91,0.82,0.14,-0.58,0.64,0.16,-0.23,-0.14,0,0,5.00
2006-03-15T22:00:00,-0.27,0.55,0.96,0.13,-0.36,0.4,0.4,-0.14,-0.09,0,0,3.00
2006-03-15T23:00:00,-0.57,0.51,0.59,0.15,0.03,0.72,0.61,0.07,0.05,0,0,6.00
2006-03-16T00:00:00,-0.14,0.66,0.64,0.09,0.23,0.56,0.53,0.04,0.05,0,0,7.00
2006-03-16T01:00:00,-0.12,0.77,0.38,0.09,0.13,0.6,0.54,0.07,0.11,0,0,6.00
2006-03-16T02:00:00,-0.59,0.65,-0.13,0.03,0.39,0.55,0.37,0.2,0.09,0,0,2.00
2006-03-16T03:00:00,-0.25,0.56,0.21,-0.03,0.32,0.07,0.38,0.17,0.36,0,0,1.00
2006-03-16T04:00:00,-0.26,0.55,0.14,-0.08,0.5,0.07,0.4,0.03,0.3,0,0,0.00
2006-03-16T05:00:00,0.23,0.15,0.59,-0.25,0.79,-0.4,0.45,-0.06,0.2,0,0,0.00
2006-03-16T06:00:00,0.63,0.62,0.24,-0.21,0.03,-0.1,0.38,-0.12,-0.01,0,0,1.00
2006-03-16T07:00:00,0.58,0.72,0.11,-0.21,-0.09,-0.13,0.35,-0.18,-0.04,0,0,2.00
2006-03-16T08:00:00,0.03,0.81,-0.13,0.02,-0.28,-0.1,0.23,-0.13,-0.01,0,0,4.00
2006-03-16T09:00:00,0.2,0.78,-0.09,0.01,-0.26,-0.15,0.15,-0.19,-0.04,0,0,3.00
2006-03-16T10:00:00,0.16,0.73,0.07,0.08,-0.2,-0.34,0.2,-0.16,0.01,0,0,0.00
2006-03-16T11:00:00,-0.82,0.14,-0.18,0.21,0.08,-0.31,0.13,-0.16,-0.04,0,0,-2.00
2006-03-16T12:00:00,-0.47,0.28,0.19,0.24,-0.08,-0.45,0.13,-0.19,0.14,0,0,-3.00
2006-03-16T13:00:00,-0.77,0.16,-0.11,0.3,-0.02,-0.5,0.06,-0.25,-0.06,0,0,-4.00
2006-03-16T14:00:00,-0.63,0.12,-0.21,0.31,0.15,-0.26,-0.04,-0.26,-0.04,0,0,-2.00
2006-03-16T15:00:00,-0.51,0.25,-0.1,0.32,0.33,0.24,-0.09,-0.28,-0.0,0,0,-3.00
2006-03-16T16:00:00,-0.25,0.07,0.36,0.23,0.28,-0.32,-0.24,-0.34,0.06,0,0,-4.00
2006-03-16T17:00:00,0.02,-0.07,0.43,0.21,0.36,-0.47,-0.32,-0.38,0.01,0,0,-5.00
2006-03-16T18:00:00,-0.29,0.04,0.32,0.29,0.17,-0.15,-0.27,-0.38,0.04,0,0,-6.00
2006-03-16T19:00:00,-0.43,0.22,0.05,0.4,0.26,0.02,-0.26,-0.27,0.05,0,0,-4.00
2006-03-16T20:00:00,-0.17,-0.22,0.33,0.33,0.44,-0.46,-0.35,-0.41,-0.0,0,0,-5.00
2006-03-16T21:00:00,-0.03,-0.16,0.4,0.31,0.39,-0.44,-0.29,-0.42,0.0,0,0,-6.00
2006-03-16T22:00:00,0.02,0.26,0.35,0.32,-0.07,-0.36,-0.28,-0.4,0.01,0,0,-6.00
2006-03-16T23:00:00,0.11,0.31,0.29,0.29,-0.19,-0.34,-0.3,-0.42,-0.01,0,0,-4.00
2006-03-17T00:00:00,0.3,0.0,0.39,0.24,0.09,-0.46,-0.32,-0.46,-0.08,0,0,-2.00
2006-03-17T01:00:00,0.03,0.23,0.24,0.36,-0.1,-0.22,-0.32,-0.4,0.14,0,0,-3.00
2006-03-17T02:00:00,-0.39,0.22,0.16,0.5,-0.05,0.01,-0.23,-0.38,0.0,0,0,-6.00
2006-03-17T03:00:00,-0.37,0.11,0.27,0.52,-0.01,-0.1,-0.24,-0.38,0.01,0,0,-6.00
2006-03-17T04:00:00,-0.43,0.02,0.21,0.6,0.08,0.02,-0.2,-0.41,-0.0,0,0,-4.00
2006-03-17T05:00:00,-0.22,0.27,0.2,0.54,-0.13,-0.23,-0.24,-0.43,0.02,0,0,0.00
2006-03-17T06:00:00,-0.05,0.32,0.15,0.5,-0.19,-0.21,-0.2,-0.46,0.05,0,0,3.00
2006-03-17T07:00:00,-0.47,-0.14,0.03,0.67,0.06,-0.26,-0.16,-0.43,-0.03,0,0,1.00
2006-03-17T08:00:00,-0.57,-0.08,0.04,0.66,-0.03,-0.28,-0.17,-0.43,-0.08,0,0,-1.00
2006-03-17T09:00:00,-0.65,-0.14,0.03,0.63,-0.04,-0.21,-0.24,-0.48,-0.13,0,0,-3.00
2006-03-17T10:00:00,-0.62,-0.05,-0.02,0.72,0.15,-0.35,-0.14,-0.5,-0.13,0,0,-3.00
2006-03-17T11:00:00,-0.57,0.09,-0.06,0.77,0.13,-0.35,-0.09,-0.45,-0.09,0,0,-3.00
2006-03-17T12:00:00,-0.54,0.29,-0.04,0.75,-0.02,-0.44,-0.14,-0.36,-0.06,0,0,0.00
2006-03-17T13:00:00,-0.49,0.31,0.11,0.78,-0.02,-0.33,-0.07,-0.41,-0.06,0,0,1.00
2006-03-17T14:00:00,-0.55,0.31,0.09,0.8,0.06,-0.25,-0.04,-0.38,-0.06,1,0,3.00
2006-03-17T15:00:00,-0.57,0.22,0.1,0.82,0.08,-0.34,-0.13,-0.34,-0.05,1,0,5.00
2006-03-17T16:00:00,-0.57,0.11,0.09,0.83,0.15,-0.5,-0.16,-0.29,-0.01,1,0,3.00
2006-03-17T17:00:00,-0.58,0.12,0.05,0.86,0.21,-0.64,-0.21,-0.29,-0.02,1,0,7.00
2006-03-18T06:00:00,0.22,-0.68,-0.56,0.65,-0.95,-0.79,2.85,-0.34,0.04,1,0,15.00
2006-03-18T07:00:00,0.19,-0.64,-1.28,0.63,-1.05,-0.71,1.03,-0.38,-0.15,1,0,11.00
2006-03-18T08:00:00,0.84,-0.69,0.48,-0.07,0.15,-1.92,0.5,0.08,-0.02,1,0,0.00
2006-03-18T09:00:00,1.01,-1.22,-0.59,-0.58,1.67,-1.99,0.64,0.58,-0.05,1,0,-24.00
2006-03-18T10:00:00,1.03,-1.54,0.47,-0.39,1.11,-1.93,0.94,0.85,-0.02,1,0,-23.00
2006-03-18T11:00:00,0.91,-1.35,0.36,-0.48,1.18,-1.05,0.45,0.55,-0.06,1,0,-17.00
2006-03-18T12:00:00,0.86,-1.23,0.43,-0.39,1.26,-0.4,0.21,0.39,-0.08,1,0,-15.00
2006-03-18T13:00:00,0.8,-0.04,-0.64,-0.18,1.41,-1.15,0.8,-0.02,-0.01,1,0,-11.00
2006-03-18T14:00:00,1.28,-0.18,-0.63,-0.1,0.68,-0.81,0.52,-0.13,-0.12,1,0,-8.00
2006-03-18T15:00:00,1.5,-0.4,-0.32,-0.15,-0.15,-0.3,0.39,-0.18,-0.14,1,0,-14.00
2006-03-18T16:00:00,1.03,-0.57,-0.64,-0.33,-0.48,-0.88,0.32,-0.12,-0.12,1,0,-28.00
2006-03-18T17:00:00,0.84,-1.16,-0.37,-0.4,-1.0,-0.81,0.37,-0.05,-0.12,1,0,-31.00
2006-03-18T18:00:00,1.17,-0.29,-0.62,-0.16,-1.13,-1.29,1.14,-0.23,-0.1,1,0,-21.00
2006-03-18T19:00:00,-0.16,-1.11,-0.37,-0.09,-0.81,-1.22,1.56,-0.08,0.01,1,0,-26.00
2006-03-18T20:00:00,-0.52,-0.88,-0.53,-0.56,-0.55,-0.78,1.69,-0.25,-0.05,1,0,-26.00
2006-03-18T21:00:00,0.47,-0.87,-0.65,-0.81,-0.16,0.56,0.81,0.18,-0.0,1,0,-36.00
2006-03-18T22:00:00,0.87,-1.52,-0.75,-0.79,0.09,0.99,0.79,0.79,-0.05,1,0,-24.00
2006-03-18T23:00:00,1.12,-0.89,-1.08,-0.75,0.25,0.37,0.64,1.31,-0.01,1,0,-33.00
2006-03-19T00:00:00,0.83,-1.44,-0.24,-0.99,-0.05,1.5,0.47,1.15,0.01,1,0,-43.00
2006-03-19T01:00:00,1.16,-0.44,0.03,-1.04,0.72,1.8,0.26,0.9,0.09,1,0,-48.00
2006-03-19T02:00:00,0.72,-0.29,-0.01,-1.45,0.69,1.56,-0.04,0.9,0.36,1,0,-47.00
2006-03-19T03:00:00,0.67,-0.91,-0.29,-1.58,0.28,0.89,-0.19,0.83,-0.01,1,0,-45.00
2006-03-19T04:00:00,0.67,-1.04,0.41,-1.57,0.1,1.96,-0.22,0.67,-0.06,1,0,-42.00
2006-03-19T05:00:00,0.59,-0.55,-0.53,-1.55,0.56,0.44,-0.17,0.65,0.01,1,0,-41.00
2006-03-19T06:00:00,0.81,0.56,-0.47,-1.47,1.93,0.52,-0.11,0.61,-0.02,1,0,-29.00
2006-03-19T07:00:00,1.05,0.09,0.21,-1.35,1.71,1.45,0.03,0.63,0.06,1,0,-40.00
2006-03-19T08:00:00,1.05,0.38,0.29,-1.29,2.04,1.24,0.08,0.56,0.02,1,0,-42.00
2006-03-19T09:00:00,0.68,0.01,0.37,-1.39,2.42,1.11,-0.09,0.58,0.23,1,0,-37.00
2006-03-19T10:00:00,0.57,-0.73,-0.21,-1.29,0.42,-0.07,-0.2,0.59,0.03,1,0,-29.00
2006-03-19T11:00:00,0.81,-0.5,0.35,-1.21,0.7,0.75,-0.27,0.35,-0.03,1,0,-26.00
2006-03-19T12:00:00,0.75,-0.28,0.62,-1.33,0.73,1.06,-0.4,0.07,-0.1,1,0,-30.00
2006-03-19T13:00:00,0.69,0.13,0.22,-1.39,1.24,0.39,-0.4,0.3,0.05,1,0,-30.00
2006-03-19T14:00:00,0.8,0.14,0.2,-1.34,0.96,0.3,-0.39,0.27,-0.01,1,0,-26.00
2006-03-19T15:00:00,0.54,-0.08,0.29,-1.4,0.64,0.24,-0.46,0.28,0.12,1,0,-25.00
2006-03-19T16:00:00,0.74,-0.42,-0.01,-1.25,-0.28,-0.6,-0.48,0.11,-0.07,1,0,-24.00
2006-03-19T17:00:00,0.47,-0.46,0.51,-1.35,-0.43,0.4,-0.52,0.13,-0.08,1,0,-25.00
2006-03-19T18:00:00,0.93,-0.24,-0.16,-1.1,-0.48,-0.8,-0.51,-0.07,-0.13,1,0,-28.00
2006-03-19T19:00:00,0.54,-0.6,-0.03,-1.44,-0.8,-0.26,-0.44,0.35,-0.0,1,0,-26.00
2006-03-19T20:00:00,0.61,-0.83,-0.43,-1.58,-0.78,-0.63,-0.51,0.2,-0.13,1,0,-25.00
2006-03-19T21:00:00,0.39,-0.21,-0.26,-1.71,0.0,-0.21,-0.36,0.61,0.32,1,0,-23.00
2006-03-19T22:00:00,0.38,-0.65,-0.15,-1.9,-0.24,0.19,-0.28,0.6,0.12,1,0,-33.00
2006-03-19T23:00:00,0.18,-0.26,-0.31,-2.03,0.32,-0.06,-0.28,0.84,0.58,1,0,-41.00
2006-03-20T00:00:00,0.39,-0.87,-0.08,-2.05,-0.23,0.82,-0.34,0.74,0.02,1,0,-37.00
2006-03-20T01:00:00,0.33,-0.72,-0.19,-2.02,0.22,0.66,-0.28,0.95,0.16,1,0,-35.00
2006-03-20T02:00:00,0.66,0.06,-0.09,-1.97,1.12,1.01,-0.18,1.05,0.46,1,0,-33.00
2006-03-20T03:00:00,0.41,0.05,-0.17,-2.03,0.99,0.86,-0.15,1.07,1.08,1,0,-31.00
2006-03-20T04:00:00,0.25,-0.47,0.18,-2.02,0.42,1.33,-0.18,1.02,0.83,1,0,-34.00
2006-03-20T05:00:00,0.37,-0.69,-0.22,-1.91,0.01,-0.07,-0.45,0.59,0.01,1,0,-34.00
2006-03-20T06:00:00,0.63,0.12,0.08,-1.91,1.23,0.44,-0.46,0.65,0.19,1,0,-29.00
2006-03-20T07:00:00,0.21,-0.69,-0.07,-2.1,-0.07,0.16,-0.53,1.04,0.13,1,0,-36.00
2006-03-20T08:00:00,0.44,-0.28,-0.15,-1.95,0.73,-0.09,-0.5,0.98,0.37,1,0,-41.00
2006-03-20T09:00:00,-0.03,-0.51,-0.19,-2.17,0.4,-0.2,-0.49,0.99,0.33,1,0,-34.00
2006-03-20T10:00:00,-0.08,-0.6,0.31,-2.22,0.03,0.77,-0.57,0.6,0.07,1,0,-33.00
2006-03-20T11:00:00,0.18,-0.08,0.43,-2.17,0.7,0.89,-0.62,0.5,0.24,1,0,-30.00
2006-03-20T12:00:00,0.26,-0.03,0.48,-2.11,0.75,0.85,-0.62,0.27,0.05,0,0,-26.00
2006-03-20T13:00:00,0.32,-0.38,0.06,-1.98,0.24,0.41,-0.64,0.17,0.09,0,0,-23.00
2006-03-20T14:00:00,-0.01,-0.57,0.01,-2.16,-0.34,0.08,-0.66,0.2,0.01,0,0,-19.00
2006-03-20T15:00:00,-0.09,-0.59,-0.03,-2.2,-0.51,0.04,-0.67,0.15,-0.03,0,0,-20.00
2006-03-20T16:00:00,0.33,-0.34,-0.04,-2.05,-0.01,0.33,-0.59,0.05,0.09,0,0,-20.00
2006-03-20T17:00:00,0.45,-0.12,-0.24,-1.89,0.31,-0.08,-0.59,0.02,-0.02,0,0,-22.00
2006-03-20T18:00:00,0.52,-0.12,-0.18,-1.84,0.25,-0.25,-0.58,0.08,-0.01,0,0,-27.00
2006-03-20T19:00:00,0.62,-0.23,-0.02,-1.69,-0.2,0.5,-0.58,-0.06,-0.07,0,0,-29.00
2006-03-20T20:00:00,0.71,0.18,-0.08,-1.57,0.68,0.14,-0.64,-0.18,-0.13,0,0,-23.00
2006-03-20T21:00:00,0.79,0.04,-0.04,-1.51,0.36,0.45,-0.57,-0.19,-0.12,0,0,-26.00
2006-03-20T22:00:00,0.72,-0.16,-0.1,-1.34,0.31,0.18,-0.61,-0.1,-0.11,0,0,-27.00
2006-03-20T23:00:00,0.68,-0.16,0.05,-1.12,0.29,0.5,-0.63,-0.12,-0.1,0,0,-28.00
2006-03-21T00:00:00,0.68,0.19,0.15,-1.13,1.14,0.86,-0.68,-0.16,-0.12,0,0,-27.00
2006-03-21T01:00:00,0.72,0.13,-0.07,-1.09,0.87,-0.06,-0.66,-0.21,-0.13,0,0,-27.00
2006-03-21T02:00:00,0.45,-0.35,-0.21,-1.07,0.11,-0.58,-0.68,-0.13,-0.11,0,0,-28.00
2006-03-21T03:00:00,0.38,-0.42,-0.27,-1.06,-0.18,-0.58,-0.66,-0.13,-0.11,0,0,-30.00
2006-03-21T04:00:00,0.54,-0.31,0.01,-1.01,0.1,-0.05,-0.58,-0.08,-0.05,0,0,-30.00
2006-03-21T05:00:00,0.31,-0.23,0.22,-1.11,-0.08,0.19,-0.58,-0.01,0.16,0,0,-26.00
2006-03-21T06:00:00,0.08,-0.11,0.24,-1.19,0.11,0.07,-0.53,-0.06,0.82,0,0,-22.00
2006-03-21T07:00:00,0.48,-0.19,0.29,-0.94,0.09,0.25,-0.49,-0.0,0.03,0,0,-17.00
2006-03-21T08:00:00,0.56,0.14,0.06,-0.87,0.72,0.34,-0.48,0.05,0.05,0,0,-18.00
2006-03-21T09:00:00,0.4,0.04,0.1,-0.95,0.37,0.08,-0.47,0.07,0.34,0,0,-19.00
2006-03-21T10:00:00,0.51,0.17,-0.1,-0.94,0.2,-0.36,-0.46,0.07,0.06,0,0,-21.00
2006-03-21T11:00:00,0.29,0.33,-0.02,-1.05,0.57,-0.25,-0.4,0.09,0.25,0,0,-17.00
2006-03-21T12:00:00,0.5,-0.28,-0.16,-1.03,-0.2,-0.54,-0.35,0.08,0.07,0,0,-15.00
2006-03-21T13:00:00,0.62,0.18,-0.17,-1.03,0.39,-0.32,-0.38,0.12,0.02,0,0,-14.00
2006-03-21T14:00:00,0.48,-0.1,-0.26,-1.2,0.28,0.07,-0.42,0.15,0.07,0,0,-13.00
2006-03-21T15:00:00,0.33,0.29,-0.55,-1.31,0.81,-0.33,-0.48,0.08,-0.08,0,0,-17.00
2006-03-21T16:00:00,0.16,-0.27,-0.35,-1.37,0.06,0.02,-0.42,0.26,0.15,0,0,-21.00
2006-03-21T17:00:00,-0.22,-0.38,-0.07,-1.47,0.07,0.23,-0.48,0.23,0.27,0,0,-26.00
2006-03-21T18:00:00,0.0,-0.06,-0.02,-1.49,0.37,0.54,-0.54,0.28,6.73,0,0,-37.00
2006-03-21T19:00:00,-0.14,-0.4,0.16,-1.5,0.15,0.52,-0.57,0.07,0.16,0,0,-34.00
2006-03-21T20:00:00,0.23,-0.36,-0.09,-1.33,0.12,-0.13,-0.55,0.08,0.16,0,0,-33.00
2006-03-21T21:00:00,-0.16,-0.41,0.33,-1.35,-0.25,0.38,-0.6,-0.08,-0.01,0,0,-31.00
2006-03-21T22:00:00,-0.28,-0.51,0.18,-1.35,-0.36,0.03,-0.65,-0.13,-0.08,0,0,-29.00
2006-03-21T23:00:00,0.15,-0.42,0.05,-1.17,-0.08,0.17,-0.62,-0.15,0.03,0,0,-26.00
2006-03-22T00:00:00,0.31,-0.27,-0.26,-1.08,0.09,-0.27,-0.54,-0.15,-0.03,0,0,-27.00
2006-03-22T01:00:00,0.38,-0.11,-0.13,-1.1,0.25,-0.12,-0.53,-0.13,0.07,0,0,-25.00
2006-03-22T02:00:00,0.14,-0.14,-0.1,-1.21,0.32,-0.27,-0.57,-0.14,0.47,0,0,-30.00
2006-03-22T03:00:00,0.15,-0.26,-0.02,-1.16,0.04,-0.34,-0.58,-0.09,0.35,0,0,-36.00
2006-03-22T04:00:00,0.36,-0.09,0.03,-1.06,-0.18,-0.38,-0.5,-0.11,0.25,0,0,-33.00
2006-03-22T05:00:00,-0.05,-0.33,0.1,-1.14,-0.07,-0.29,-0.57,-0.11,0.29,0,0,-27.00
2006-03-22T06:00:00,0.03,-0.33,-0.05,-1.0,-0.12,-0.59,-0.58,-0.16,0.16,0,0,-27.00
2006-03-22T07:00:00,0.12,-0.11,0.18,-0.92,0.31,-0.26,-0.58,-0.12,0.99,0,0,-23.00
2006-03-22T08:00:00,0.23,-0.2,0.29,-0.81,0.24,-0.07,-0.6,-0.13,0.1,0,0,-20.00
2006-03-22T09:00:00,0.21,-0.21,0.28,-0.75,0.07,-0.4,-0.58,-0.18,0.11,0,0,-19.00
2006-03-22T10:00:00,0.21,-0.1,0.38,-0.7,0.11,-0.19,-0.57,-0.2,0.04,0,0,-19.00
2006-03-22T11:00:00,0.37,-0.11,0.3,-0.61,0.17,-0.23,-0.56,-0.24,-0.01,0,0,-19.00
2006-03-22T12:00:00,0.19,-0.32,0.22,-0.59,-0.1,-0.15,-0.68,-0.22,-0.01,0,0,-18.00
2006-03-22T13:00:00,0.31,-0.2,0.24,-0.42,0.22,0.23,-0.62,-0.06,0.1,0,0,-19.00
2006-03-22T14:00:00,0.46,0.03,0.0,-0.36,0.23,-0.01,-0.6,-0.11,0.03,0,0,-19.00
2006-03-22T15:00:00,0.46,-0.03,0.14,-0.29,0.14,0.2,-0.56,-0.06,0.08,0,0,-19.00
2006-03-22T16:00:00,0.26,-0.38,0.28,-0.27,-0.33,0.24,-0.47,-0.21,-0.01,0,0,-17.00
2006-03-22T17:00:00,-0.19,-0.46,-0.06,-0.33,-0.4,-0.0,-0.48,-0.21,-0.0,0,0,-17.00
2006-03-22T18:00:00,-0.05,-0.13,-0.37,-0.3,-0.33,-0.53,-0.58,-0.24,-0.06,0,0,-16.00
2006-03-22T19:00:00,-0.11,-0.03,-0.24,-0.34,-0.19,-0.38,-0.6,-0.21,0.06,0,0,-17.00
2006-03-22T20:00:00,0.28,0.07,0.02,-0.17,-0.07,0.08,-0.6,-0.26,0.22,0,0,-22.00
2006-03-22T21:00:00,0.31,0.02,-0.05,-0.12,0.06,0.19,-0.56,-0.26,0.13,0,0,-25.00
2006-03-22T22:00:00,-0.29,-0.38,-0.15,-0.18,-0.2,0.13,-0.63,-0.37,-0.12,0,0,-24.00
2006-03-22T23:00:00,-0.34,-0.48,-0.04,-0.18,-0.44,0.04,-0.66,-0.38,-0.14,0,0,-18.00
2006-03-23T00:00:00,0.01,-0.05,-0.06,-0.07,0.08,0.24,-0.57,-0.18,1.47,0,0,-17.00
2006-03-23T01:00:00,-0.06,-0.25,-0.21,-0.04,-0.15,-0.04,-0.62,-0.27,-0.01,0,0,-20.00
2006-03-23T02:00:00,-0.14,-0.46,-0.16,0.04,-0.23,0.04,-0.63,-0.27,-0.09,0,0,-23.00
2006-03-23T03:00:00,-0.18,-0.34,-0.01,0.1,-0.2,0.06,-0.56,-0.19,0.1,0,0,-23.00
2006-03-23T04:00:00,0.48,-0.22,-0.1,0.14,-0.34,0.1,-0.53,-0.12,-0.01,0,0,-21.00
2006-03-23T05:00:00,0.49,-0.31,0.02,0.2,-0.4,0.18,-0.51,-0.22,-0.05,0,0,-20.00
2006-03-23T06:00:00,0.36,-0.4,-0.16,0.19,-0.55,0.1,-0.56,-0.35,-0.11,0,0,-20.00
2006-03-23T07:00:00,0.38,-0.42,0.05,0.23,-0.67,0.06,-0.53,-0.31,-0.08,0,0,-18.00
2006-03-23T08:00:00,-0.14,-0.32,0.05,0.24,-0.54,0.24,-0.52,-0.36,0.07,0,0,-18.00
2006-03-23T09:00:00,0.31,-0.19,0.09,0.52,0.17,-0.11,-0.39,-0.25,0.23,0,0,-17.00
2006-03-23T10:00:00,-0.1,-0.4,0.2,0.39,-0.58,0.44,-0.44,-0.35,-0.0,0,0,-17.00
2006-03-23T11:00:00,-0.19,-0.49,0.24,0.41,-0.67,0.5,-0.5,-0.4,-0.11,0,0,-17.00
2006-03-23T12:00:00,0.08,-0.46,0.14,0.54,-0.54,0.35,-0.44,-0.38,-0.04,0,0,-17.00
2006-03-23T13:00:00,0.35,-0.37,-0.01,0.57,-0.43,0.24,-0.48,-0.36,-0.07,0,0,-17.00
2006-03-23T14:00:00,0.32,-0.39,0.14,0.61,-0.75,0.14,-0.52,-0.36,-0.07,0,0,-17.00
2006-03-23T15:00:00,0.24,-0.39,0.19,0.64,-0.69,0.22,-0.48,-0.41,-0.07,0,0,-15.00
2006-03-23T16:00:00,0.5,-0.14,-0.02,0.74,-0.38,-0.08,-0.4,-0.35,-0.05,0,0,-12.00
2006-03-23T17:00:00,0.21,-0.34,0.28,0.65,-0.63,0.41,-0.48,-0.42,-0.07,0,0,-13.00
2006-03-23T18:00:00,0.13,-0.4,0.02,0.64,-0.68,-0.18,-0.48,-0.42,-0.05,0,0,-13.00
2006-03-23T19:00:00,-0.12,-0.32,0.14,0.53,-0.65,0.06,-0.49,-0.44,0.0,0,0,-13.00
2006-03-23T20:00:00,-0.07,-0.33,0.0,0.58,-0.58,-0.34,-0.46,-0.45,0.01,0,0,-13.00
2006-03-23T21:00:00,0.36,-0.14,0.18,0.77,-0.21,0.04,-0.32,-0.38,0.06,0,0,-12.00
2006-03-23T22:00:00,0.34,-0.09,-0.06,0.74,-0.3,-0.37,-0.38,-0.35,0.1,0,0,-11.00
2006-03-23T23:00:00,0.32,-0.2,-0.09,0.73,-0.41,-0.37,-0.39,-0.35,0.04,0,0,-10.00
2006-03-24T00:00:00,0.38,-0.27,0.02,0.78,-0.57,-0.25,-0.38,-0.37,-0.01,0,0,-10.00
2006-03-24T01:00:00,0.39,-0.24,0.19,0.8,-0.45,-0.1,-0.33,-0.33,0.02,0,0,-11.00
2006-03-24T02:00:00,0.37,-0.09,0.29,0.85,-0.09,-0.35,0.02,-0.36,0.12,0,0,-13.00
2006-03-24T03:00:00,0.49,0.13,0.22,0.85,-0.19,0.01,-0.28,-0.32,-0.01,0,0,-15.00
2006-03-24T04:00:00,0.5,0.17,0.2,0.9,-0.15,-0.17,-0.24,-0.28,0.01,0,0,-12.00
2006-03-24T05:00:00,0.49,0.19,0.08,0.87,-0.11,-0.22,-0.24,-0.32,0.0,0,0,-9.00
2006-03-24T06:00:00,0.48,0.12,-0.1,0.88,-0.19,-0.34,-0.2,-0.32,0.0,0,0,-7.00
2006-03-24T07:00:00,0.54,-0.05,0.09,0.91,-0.3,-0.15,-0.06,-0.28,0.08,0,0,-8.00
2006-03-24T08:00:00,0.33,-0.34,0.22,0.76,-0.59,0.08,0.01,-0.34,0.08,0,0,-8.00
2006-03-24T09:00:00,-0.01,-0.43,0.03,0.67,-0.47,0.13,-0.01,-0.41,0.1,0,0,-6.00
2006-03-24T10:00:00,0.44,0.42,0.63,0.73,-0.05,0.46,-0.02,-0.44,-0.14,0,0,-3.00
2006-03-24T11:00:00,0.54,0.29,0.42,0.74,0.08,0.59,0.36,-0.39,-0.06,0,0,-3.00
2006-03-24T12:00:00,0.97,-0.03,0.16,0.76,-0.13,0.41,0.57,-0.33,-0.08,0,0,-7.00
2006-03-24T13:00:00,0.46,-0.11,0.53,0.77,-0.2,0.49,0.64,-0.3,0.04,0,0,-4.00
2006-03-24T14:00:00,0.14,-0.68,0.7,0.8,-0.53,0.66,0.61,-0.42,-0.11,0,0,-5.00
2006-03-24T15:00:00,-0.14,-0.84,0.61,0.81,-0.49,0.59,0.62,-0.43,-0.13,0,0,-1.00
2006-03-24T16:00:00,0.21,-1.09,0.3,0.85,-0.69,0.33,0.59,-0.39,-0.13,0,0,1.00
2006-03-24T17:00:00,0.1,-1.02,-0.34,0.87,-0.8,0.11,0.49,-0.4,-0.13,0,0,2.00
2006-03-24T18:00:00,-0.05,-0.92,-0.17,0.91,-0.87,0.13,0.6,-0.41,-0.11,0,0,1.00
2006-03-24T19:00:00,-0.18,-0.87,-0.32,0.91,-0.76,-0.04,0.36,-0.46,-0.14,0,0,-2.00
2006-03-24T20:00:00,0.08,-0.61,-0.29,0.96,-0.45,-0.09,0.47,-0.42,-0.06,0,0,-7.00
2006-03-24T21:00:00,0.2,0.44,-0.11,0.94,-0.09,-0.11,0.44,-0.38,0.08,0,0,-13.00
2006-03-24T22:00:00,0.27,0.19,-0.41,0.99,-0.06,-0.38,0.4,-0.31,0.04,0,0,-15.00
2006-03-24T23:00:00,0.21,0.18,0.04,1.01,-0.22,-0.2,0.18,-0.3,0.84,0,0,-13.00
2006-03-25T00:00:00,0.14,-0.61,-0.27,1.02,-0.54,-0.25,0.24,-0.32,-0.03,0,0,-15.00
2006-03-25T01:00:00,0.22,-0.39,-0.22,1.05,-0.53,-0.33,0.12,-0.29,0.08,0,0,-16.00
2006-03-25T02:00:00,0.26,-0.49,-0.15,1.06,-0.71,-0.38,0.17,-0.3,0.05,0,0,-15.00
2006-03-25T03:00:00,0.43,-0.43,-0.07,1.07,-0.69,-0.29,0.22,-0.27,0.07,0,0,-15.00
2006-03-25T04:00:00,-0.01,-0.66,-0.17,0.94,-0.75,-0.46,0.25,-0.33,-0.03,0,0,-11.00
2006-03-25T05:00:00,0.25,-0.21,-0.0,0.98,-0.36,-0.3,0.2,-0.3,0.66,0,0,-11.00
2006-03-25T06:00:00,0.59,-0.26,-0.04,1.06,-0.46,-0.34,0.24,-0.31,0.03,0,0,-11.00
2006-03-25T07:00:00,0.52,-0.36,0.1,1.06,-0.52,-0.23,0.18,-0.35,0.01,0,0,-16.00
2006-03-25T08:00:00,0.82,-0.48,0.22,1.09,-0.89,-0.16,0.19,-0.35,-0.11,0,0,-15.00
2006-03-25T09:00:00,0.91,-0.35,0.1,1.08,-0.7,-0.19,0.27,-0.34,-0.1,0,0,-17.00
2006-03-25T10:00:00,0.89,-0.2,-0.09,1.13,-0.66,-0.42,0.32,-0.29,-0.07,0,0,-14.00
2006-03-25T11:00:00,0.57,-0.46,-0.11,1.1,-0.73,-0.46,0.27,-0.38,-0.06,0,0,-10.00
2006-03-25T12:00:00,0.23,-0.74,0.06,1.04,-0.87,-0.28,0.14,-0.48,-0.12,0,0,-9.00
2006-03-25T13:00:00,0.27,-0.69,-0.02,1.13,-0.79,-0.43,0.27,-0.52,-0.13,0,0,-7.00
2006-03-25T14:00:00,0.7,-0.39,-0.17,1.26,-0.74,-0.7,0.24,-0.49,-0.13,0,0,-11.00
2006-03-25T15:00:00,0.77,-0.32,-0.19,1.29,-0.77,-0.65,0.32,-0.43,-0.12,0,0,-12.00
2006-03-25T16:00:00,0.66,-0.25,-0.29,1.26,-0.72,-0.66,0.91,-0.44,-0.07,0,0,-12.00
2006-03-25T17:00:00,0.07,-0.07,-0.19,1.13,-0.34,-0.17,1.24,-0.51,0.42,0,0,-11.00
2006-03-25T18:00:00,-0.14,0.2,-0.15,1.1,-0.27,-0.3,1.32,-0.54,0.18,0,0,-11.00
2006-03-25T19:00:00,-0.23,0.19,0.12,1.08,-0.2,-0.3,1.46,-0.55,0.28,0,0,-10.00
2006-03-25T20:00:00,0.1,0.02,-0.03,1.14,-0.16,-0.46,1.4,-0.55,1.6,0,0,-10.00
2006-03-25T21:00:00,-0.31,0.2,0.16,1.13,-0.12,-0.47,1.68,-0.58,0.05,0,0,-6.00
2006-03-25T22:00:00,-0.39,0.25,0.19,1.1,-0.06,-0.48,1.69,-0.58,-0.04,0,0,-4.00
2006-03-25T23:00:00,0.02,0.19,0.03,1.17,0.01,-0.61,1.58,-0.57,0.72,0,0,0.00
2006-03-26T00:00:00,0.26,0.1,-0.06,1.25,0.08,-0.7,1.43,-0.54,0.31,0,0,3.00
2006-03-26T01:00:00,0.56,0.1,-0.11,1.33,0.15,-0.8,0.83,-0.54,-0.08,0,0,2.00
2006-03-26T02:00:00,0.6,-0.18,-0.01,1.35,-0.05,-0.7,0.95,-0.52,-0.06,0,0,-3.00
2006-03-26T03:00:00,0.31,-0.16,0.08,1.29,0.15,-0.46,1.0,-0.49,0.4,0,0,-10.00
2006-03-26T04:00:00,-0.32,-0.73,0.15,1.17,0.38,-0.51,0.35,-0.47,-0.11,0,0,-10.00
2006-03-26T05:00:00,-0.54,-0.48,0.33,1.19,0.44,-0.48,0.28,-0.38,-0.07,0,0,-6.00
2006-03-26T06:00:00,-0.7,-0.28,0.39,1.21,0.4,-0.57,0.16,-0.3,-0.07,0,0,-5.00
2006-03-26T07:00:00,-0.85,-0.0,0.24,1.25,0.25,-0.47,0.2,-0.3,-0.07,0,0,-4.00
2006-03-26T08:00:00,-0.78,-0.05,0.03,1.24,0.28,-0.43,0.26,-0.25,-0.02,0,0,-4.00
2006-03-26T09:00:00,-0.54,-0.13,-0.4,1.26,0.23,-0.18,0.28,-0.38,-0.07,0,0,-2.00
2006-03-26T10:00:00,-0.67,0.36,-0.11,1.28,0.09,-0.03,0.27,-0.36,-0.07,0,0,-2.00
2006-03-26T11:00:00,-0.4,0.6,-0.05,1.23,0.16,-0.17,0.5,-0.5,-0.11,0,0,-1.00
2006-03-26T12:00:00,0.01,0.34,-0.13,1.2,-0.03,-0.08,1.75,-0.51,0.2,0,0,-4.00
2006-03-26T13:00:00,0.19,-1.04,0.13,1.11,-0.01,-0.37,1.09,-0.54,-0.15,0,0,-1.00
2006-03-26T14:00:00,0.11,-1.29,-0.21,1.08,0.02,-0.37,1.29,-0.55,-0.17,0,0,5.00
2006-03-26T15:00:00,-0.35,-1.01,-0.6,1.03,0.14,0.12,1.9,-0.49,-0.14,0,0,2.00
2006-03-26T16:00:00,-0.42,-1.07,-0.43,1.03,0.22,0.07,1.96,-0.48,-0.13,0,0,0.00
2006-03-26T17:00:00,-0.15,-1.14,-0.3,0.97,0.12,-0.04,2.25,-0.46,-0.11,0,0,-4.00
2006-03-26T18:00:00,-0.21,-0.62,0.78,0.98,-0.03,-0.32,2.51,-0.45,-0.07,0,0,-13.00
2006-03-26T19:00:00,-0.4,-1.39,0.03,1.01,0.42,-0.21,2.15,-0.49,-0.14,0,0,-18.00
2006-03-26T20:00:00,-0.04,-0.98,0.62,1.03,0.28,-0.34,2.83,-0.44,-0.07,0,0,-15.00
2006-03-26T21:00:00,0.23,-0.42,-0.42,1.03,0.4,0.26,2.6,-0.4,0.14,0,0,-11.00
2006-03-26T22:00:00,-0.09,-0.33,-0.31,1.05,0.26,0.31,2.26,-0.35,0.46,0,0,-7.00
2006-03-26T23:00:00,0.11,0.82,-0.48,1.0,0.09,0.78,1.5,-0.3,-0.04,0,0,-3.00
2006-03-27T00:00:00,0.16,0.01,0.93,1.04,0.95,0.47,0.21,0.07,-0.02,0,0,-9.00
2006-03-27T01:00:00,0.43,1.07,-0.43,1.0,0.61,0.9,0.11,0.03,-0.1,0,0,-17.00
2006-03-27T02:00:00,0.07,0.57,0.77,1.0,0.84,0.09,0.15,0.02,-0.04,0,0,-29.00
2006-03-27T03:00:00,0.11,0.87,0.75,1.03,0.73,-0.13,0.17,-0.11,-0.1,0,0,-26.00
2006-03-27T04:00:00,0.35,1.02,0.25,0.98,0.31,0.18,0.17,-0.13,-0.09,0,0,-26.00
2006-03-27T05:00:00,0.17,0.93,0.36,1.06,0.37,-0.06,0.25,-0.19,-0.08,0,0,-22.00
2006-03-27T06:00:00,-0.04,0.54,0.78,1.05,0.02,-0.7,0.22,-0.29,-0.11,0,0,-20.00
2006-03-27T07:00:00,-0.25,0.57,0.72,1.05,-0.31,-0.41,0.27,-0.31,-0.1,0,0,-18.00
