2006-05-30T06:00:00,0.36,-0.64,0.21,1.7,-0.66,0.1,0.33,-0.56,-0.15,1,0,-3.00
2006-05-30T07:00:00,0.62,-0.45,0.35,1.72,-0.49,0.09,0.14,-0.56,-0.16,1,0,-2.00
2006-05-30T08:00:00,0.67,-0.67,0.07,1.61,-0.68,-0.37,0.74,-0.52,-0.14,1,0,-1.00
2006-05-30T09:00:00,0.33,-0.29,-0.83,1.49,-0.73,-0.63,1.6,-0.53,-0.15,1,0,-1.00
2006-05-30T10:00:00,0.81,-0.37,-0.25,1.53,-0.73,-0.13,1.97,-0.5,-0.09,1,0,-1.00
2006-05-30T11:00:00,0.56,-0.82,0.43,1.47,-0.87,-0.15,1.68,-0.47,-0.11,1,0,7.00
2006-05-30T12:00:00,0.58,-1.27,0.56,1.39,-1.07,-0.45,1.91,-0.44,-0.14,1,0,8.00
2006-05-30T13:00:00,-0.22,-0.1,0.64,1.23,-0.22,-0.48,4.93,-0.42,0.34,1,0,7.00
2006-05-30T14:00:00,-0.89,1.17,0.41,1.22,-0.1,-0.28,3.15,-0.35,-0.08,1,0,6.00
2006-05-30T15:00:00,-0.7,1.27,-0.32,1.29,-0.52,-0.01,3.32,-0.31,-0.07,1,0,17.00
2006-05-30T16:00:00,-0.04,-0.11,0.45,1.19,-0.06,-0.23,3.8,-0.36,1.11,1,0,23.00
2006-05-30T17:00:00,-0.02,-1.12,-0.13,1.17,-0.03,-1.12,5.11,-0.42,0.03,1,0,21.00
2006-05-30T18:00:00,-0.27,-0.46,-0.22,1.22,-0.07,-0.98,5.78,-0.45,0.53,1,0,21.00
2006-05-30T19:00:00,-0.08,-0.4,0.54,1.28,-0.2,-0.44,5.34,-0.46,0.34,1,0,21.00
2006-05-30T20:00:00,-0.16,-0.38,0.39,1.3,-0.14,-0.3,5.11,-0.49,0.47,1,0,21.00
2006-05-30T21:00:00,0.5,-0.23,-0.32,1.32,-0.0,-0.48,3.8,-0.42,0.27,1,0,17.00
2006-05-30T22:00:00,0.46,-0.08,-0.58,1.33,0.19,-0.49,3.4,-0.41,0.08,1,0,16.00
2006-05-30T23:00:00,0.14,-0.11,0.03,1.35,-0.03,-0.36,2.91,-0.4,6.73,1,0,17.00
2006-05-31T00:00:00,-0.74,1.24,0.25,1.34,-0.23,-0.08,0.58,-0.22,-0.13,1,0,12.00
2006-05-31T01:00:00,-0.67,1.35,0.26,1.35,-0.17,-0.09,0.46,-0.27,-0.14,1,0,6.00
2006-05-31T02:00:00,-0.66,1.23,0.24,1.35,-0.2,0.07,0.52,-0.24,-0.13,1,0,-2.00
2006-05-31T03:00:00,-0.65,1.1,-0.24,1.35,-0.07,0.42,0.52,-0.17,-0.11,1,0,-4.00
2006-05-31T04:00:00,-0.38,0.64,-0.47,1.29,0.22,0.46,0.73,-0.12,-0.0,1,0,-4.00
2006-05-31T05:00:00,-0.37,0.7,-0.35,1.31,-0.05,0.08,0.65,-0.13,0.01,1,0,-3.00
2006-05-31T06:00:00,-0.15,0.26,-0.01,1.19,0.27,-0.4,0.76,-0.14,1.52,1,0,0.00
2006-05-31T07:00:00,-0.1,0.8,-0.15,1.11,-0.4,-0.35,0.74,-0.19,0.03,1,0,-3.00
2006-05-31T08:00:00,0.03,0.91,0.09,1.05,-0.66,-0.55,0.9,-0.18,0.02,1,0,-1.00
2006-05-31T09:00:00,-0.47,-0.0,0.93,1.09,-0.35,-0.64,1.02,-0.3,-0.08,1,0,0.00
2006-05-31T10:00:00,-0.57,-0.5,0.75,1.15,-0.19,-0.68,0.66,-0.29,-0.09,1,0,-1.00
2006-05-31T11:00:00,-0.34,-1.04,-0.01,1.1,0.23,-0.38,0.47,-0.33,-0.11,1,0,0.00
2006-05-31T12:00:00,0.04,-1.15,0.3,0.97,0.29,-0.68,0.36,-0.42,-0.15,1,0,3.00
2006-05-31T13:00:00,-0.22,-0.4,0.44,1.0,-0.26,-0.84,0.56,-0.18,0.2,1,0,3.00
2006-05-31T14:00:00,0.24,0.17,0.65,0.88,-0.52,-1.0,0.46,-0.13,0.08,1,0,0.00
2006-05-31T15:00:00,-0.75,0.57,-0.18,1.03,-1.01,-0.14,0.41,-0.17,-0.05,1,0,-1.00
2006-05-31T16:00:00,-0.81,-0.01,-0.37,1.04,-0.36,-0.12,0.44,-0.18,-0.03,1,0,1.00
2006-05-31T17:00:00,-0.3,-0.84,0.15,0.89,0.31,-0.56,0.56,-0.19,0.0,1,0,2.00
2006-05-31T18:00:00,-0.36,0.01,0.83,0.89,-0.24,-1.28,0.64,-0.14,-0.01,1,0,1.00
2006-05-31T19:00:00,-0.58,0.43,0.65,0.96,-0.47,-1.03,0.64,-0.12,-0.01,1,0,1.00
2006-05-31T20:00:00,-0.43,0.25,0.94,0.92,-0.23,-1.37,0.74,-0.12,-0.05,1,0,0.00
2006-05-31T21:00:00,-0.46,0.44,0.96,0.73,-0.09,-1.46,0.71,-0.03,-0.05,1,0,2.00
2006-05-31T22:00:00,-0.89,0.72,0.82,0.68,0.2,-1.22,0.6,-0.07,-0.1,1,0,4.00
2006-05-31T23:00:00,-0.85,1.33,-0.31,0.73,-0.64,-0.08,0.45,0.02,-0.12,1,0,6.00
2006-06-01T00:00:00,-0.96,0.89,0.36,0.79,-0.41,-0.92,0.53,0.03,-0.08,1,0,---
2006-06-01T01:00:00,-1.08,1.12,0.18,0.78,-0.68,-0.23,0.25,-0.07,-0.13,1,0,7.00
2006-06-01T02:00:00,-0.64,1.32,-0.05,0.58,-0.85,0.14,0.22,-0.06,-0.12,1,0,1.00
2006-06-01T03:00:00,-0.75,1.24,0.15,0.62,-0.8,-0.01,0.35,0.04,-0.1,1,0,-1.00
2006-06-01T04:00:00,-0.96,1.17,0.2,0.67,-0.95,0.18,0.23,-0.03,-0.12,1,0,1.00
2006-06-01T05:00:00,-0.77,0.38,0.16,0.53,-0.1,0.38,0.36,0.11,0.09,1,0,-1.00
2006-06-01T06:00:00,-1.06,0.25,0.49,0.56,0.18,-0.13,0.23,0.09,-0.06,1,0,-1.00
2006-06-01T07:00:00,-0.87,1.37,0.66,0.38,-0.56,-0.01,0.17,-0.03,-0.14,1,0,4.00
2006-06-01T08:00:00,-0.38,1.09,-0.63,0.36,-0.81,1.69,0.43,0.27,-0.06,1,0,2.00
2006-06-01T09:00:00,-0.37,1.18,-0.5,0.33,-0.5,1.15,0.56,0.19,-0.06,1,0,1.00
2006-06-01T10:00:00,-0.84,1.29,0.03,0.32,-0.32,0.33,0.71,0.14,-0.07,1,0,8.00
2006-06-01T11:00:00,-0.48,0.87,0.87,0.13,0.44,-0.51,0.55,0.26,-0.04,1,0,2.00
2006-06-01T12:00:00,-0.81,1.17,0.23,0.23,0.04,0.29,0.65,0.32,-0.03,1,0,-4.00
2006-06-01T13:00:00,-0.67,0.23,0.16,0.18,1.01,0.06,0.75,0.39,0.55,1,0,0.00
2006-06-01T14:00:00,-0.65,0.75,0.32,0.13,0.38,0.19,0.71,0.46,0.17,1,0,6.00
2006-06-01T15:00:00,-0.68,0.86,0.6,0.05,0.28,-0.38,0.53,0.31,-0.0,1,0,5.00
2006-06-01T16:00:00,-0.23,0.86,-0.18,-0.16,0.36,0.3,0.41,0.42,0.15,1,0,6.00
2006-06-01T17:00:00,-0.44,1.0,-0.39,-0.2,0.32,0.75,0.33,0.46,0.01,1,0,5.00
2006-06-01T18:00:00,-0.12,0.07,-0.26,-0.45,0.97,0.42,0.34,0.51,1.67,1,0,5.00
2006-06-01T19:00:00,-0.43,0.79,0.2,-0.46,-0.04,-0.21,0.15,0.31,0.07,1,0,5.00
2006-06-01T20:00:00,-0.01,0.71,0.26,-0.62,-0.41,-0.36,0.1,0.27,0.17,1,0,-2.00
2006-06-01T21:00:00,-0.45,-0.38,0.19,-0.55,0.91,-0.02,0.13,0.32,0.46,1,0,-7.00
2006-06-01T22:00:00,-0.58,-0.04,0.28,-0.62,0.27,0.18,0.08,0.26,0.33,1,0,-5.00
2006-06-01T23:00:00,-0.65,-0.22,0.37,-0.63,0.45,0.08,-0.0,0.34,0.16,1,0,-2.00
2006-06-02T00:00:00,-0.44,-0.26,0.51,-0.75,0.49,0.26,-0.09,0.24,0.13,1,0,-1.00
2006-06-02T01:00:00,-0.17,0.52,0.43,-0.87,-0.33,0.27,-0.16,0.36,0.16,1,0,1.00
2006-06-02T02:00:00,-0.37,0.24,0.35,-0.83,0.16,0.57,-0.15,0.59,0.51,1,0,-2.00
2006-06-02T03:00:00,-0.15,0.38,0.37,-0.87,0.48,0.26,-0.16,0.44,0.43,1,0,-6.00
2006-06-02T04:00:00,0.05,0.61,0.07,-0.9,0.2,0.33,-0.18,0.33,0.23,1,0,-3.00
2006-06-02T05:00:00,-0.17,0.43,0.42,-0.87,0.27,-0.12,-0.18,0.35,0.23,1,0,-1.00
2006-06-02T06:00:00,0.12,0.95,0.23,-0.96,-0.45,-0.02,-0.24,0.17,-0.06,1,0,-3.00
2006-06-02T07:00:00,-0.32,0.64,0.41,-0.79,-0.03,-0.31,-0.28,0.13,-0.02,1,0,0.00
2006-06-02T08:00:00,-0.18,0.93,0.24,-0.85,-0.24,0.15,-0.43,0.08,-0.1,1,0,-1.00
2006-06-02T09:00:00,0.02,0.86,0.46,-0.91,-0.22,-0.28,-0.46,0.12,-0.1,1,0,-4.00
2006-06-02T10:00:00,0.22,0.64,0.54,-1.0,0.62,-1.01,0.06,0.28,0.07,1,0,-6.00
2006-06-02T11:00:00,-0.13,0.53,0.31,-0.82,0.13,0.08,-0.42,0.39,0.12,1,0,-4.00
2006-06-02T12:00:00,-0.53,0.44,0.4,-0.65,0.28,0.07,-0.41,0.3,-0.01,1,0,1.00
2006-06-02T13:00:00,-0.29,0.55,0.15,-0.68,-0.25,0.36,-0.41,0.19,0.05,1,0,1.00
2006-06-02T14:00:00,-0.38,0.47,0.01,-0.62,-0.58,0.63,-0.46,0.18,0.05,1,0,-1.00
2006-06-02T15:00:00,-0.6,0.64,0.12,-0.53,-0.7,0.68,-0.46,-0.14,-0.12,1,0,-1.00
2006-06-02T16:00:00,-0.65,0.51,0.22,-0.46,-0.51,0.75,-0.48,-0.17,-0.12,1,0,-3.00
2006-06-02T17:00:00,-0.66,0.53,0.37,-0.51,-0.38,0.19,-0.44,-0.18,-0.13,1,0,-4.00
2006-06-02T18:00:00,-0.43,0.5,0.2,-0.83,-0.45,0.33,-0.55,0.08,-0.05,1,0,-3.00
2006-06-02T19:00:00,-0.4,0.48,0.23,-0.84,-0.58,-0.01,-0.62,-0.05,-0.08,1,0,-1.00
2006-06-02T20:00:00,-0.13,0.56,0.24,-0.95,-0.37,0.16,-0.6,0.12,-0.02,1,0,-3.00
2006-06-02T21:00:00,0.25,0.54,0.08,-1.0,-0.28,0.48,-0.59,0.12,-0.02,0,0,-5.00
2006-06-02T22:00:00,0.12,0.35,0.12,-0.89,0.01,0.45,-0.56,0.24,0.34,0,0,-5.00
2006-06-02T23:00:00,0.21,0.49,0.09,-0.96,-0.4,0.82,-0.56,0.13,0.05,0,0,-5.00
2006-06-03T00:00:00,0.34,0.32,0.05,-1.13,-0.14,1.02,-0.56,0.12,0.13,0,0,-6.00
2006-06-03T01:00:00,0.2,0.33,0.09,-1.0,-0.13,1.41,-0.53,0.25,0.38,0,0,-8.00
2006-06-03T02:00:00,-0.1,0.31,0.05,-0.78,0.08,1.17,-0.51,0.38,0.67,0,0,-9.00
2006-06-03T03:00:00,-0.45,0.27,0.31,-0.8,-0.28,0.7,-0.52,0.25,0.06,0,0,-6.00
2006-06-03T04:00:00,-0.58,-0.08,0.3,-0.79,0.31,0.56,-0.58,0.11,-0.03,0,0,-4.00
2006-06-03T05:00:00,-0.62,0.1,0.27,-0.83,-0.14,0.72,-0.56,0.2,-0.01,0,0,-4.00
2006-06-03T06:00:00,-0.64,-0.05,0.24,-0.77,0.4,0.83,-0.57,0.28,0.0,0,0,-2.00
2006-06-03T07:00:00,-0.29,0.06,0.45,-0.84,0.41,0.71,-0.55,0.27,0.11,0,0,-2.00
2006-06-03T08:00:00,-0.06,0.24,0.32,-0.81,0.14,0.67,-0.54,0.34,0.39,0,0,-1.00
2006-06-03T09:00:00,-0.43,0.28,0.15,-0.71,0.17,0.76,-0.5,0.38,0.2,0,0,-2.00
2006-06-03T10:00:00,-0.45,0.0,0.36,-0.59,0.36,0.29,-0.52,0.17,0.06,0,0,-1.00
2006-06-03T11:00:00,-0.36,0.29,0.25,-0.57,0.1,0.46,-0.48,0.22,0.16,0,0,-1.00
2006-06-03T12:00:00,-0.54,-0.01,0.34,-0.46,0.54,0.12,-0.42,0.22,0.08,0,0,1.00
2006-06-03T13:00:00,-0.56,-0.24,0.12,-0.46,0.63,0.66,-0.52,0.13,0.03,0,0,-1.00
2006-06-03T14:00:00,-0.67,-0.09,0.17,-0.41,0.42,0.61,-0.5,0.07,-0.03,0,0,-5.00
2006-06-03T15:00:00,-0.59,-0.1,0.18,-0.31,0.41,0.66,-0.47,0.01,0.01,0,0,-5.00
2006-06-03T16:00:00,-0.62,0.1,0.18,-0.33,0.18,0.84,-0.52,0.06,-0.02,0,0,-4.00
2006-06-03T17:00:00,-0.51,0.17,0.17,-0.21,0.09,0.63,-0.51,0.01,0.03,0,0,-3.00
2006-06-03T18:00:00,-0.55,0.12,0.23,-0.13,0.2,0.29,-0.5,-0.15,-0.04,0,0,0.00
2006-06-03T19:00:00,-0.47,0.24,0.19,-0.02,-0.06,0.59,-0.51,-0.13,-0.02,0,0,2.00
2006-06-03T20:00:00,-0.61,0.23,0.26,0.11,-0.23,0.37,-0.55,-0.26,-0.11,0,0,0.00
2006-06-03T21:00:00,-0.66,0.06,0.27,0.13,0.02,0.49,-0.48,-0.25,-0.1,0,0,-2.00
2006-06-03T22:00:00,-0.63,0.16,0.21,0.21,-0.11,0.51,-0.49,-0.26,-0.1,0,0,-2.00
2006-06-03T23:00:00,-0.34,0.25,0.44,0.27,-0.44,-0.11,-0.47,-0.36,-0.11,0,0,-2.00
2006-06-04T00:00:00,-0.4,0.21,0.3,0.35,-0.24,0.31,-0.42,-0.35,-0.07,0,0,-1.00
2006-06-04T01:00:00,-0.15,0.5,0.23,0.26,-0.59,0.4,-0.43,-0.36,-0.09,0,0,-2.00
2006-06-04T02:00:00,-0.01,0.57,0.18,0.24,-0.56,0.41,-0.39,-0.37,-0.1,0,0,0.00
2006-06-04T03:00:00,0.25,0.42,0.46,0.15,-0.47,-0.11,-0.36,-0.38,-0.11,0,0,2.00
2006-06-04T04:00:00,0.06,0.51,0.37,0.26,-0.51,0.2,-0.37,-0.4,-0.11,0,0,2.00
2006-06-04T05:00:00,-0.19,0.45,0.29,0.39,-0.41,0.24,-0.36,-0.39,-0.08,0,0,2.00
2006-06-04T06:00:00,-0.25,0.3,0.38,0.44,-0.17,0.07,-0.36,-0.36,-0.06,0,0,1.00
2006-06-04T07:00:00,-0.23,0.5,0.25,0.47,-0.44,0.32,-0.37,-0.36,-0.09,0,0,1.00
2006-06-04T08:00:00,-0.23,0.48,0.24,0.52,-0.35,0.2,-0.37,-0.35,-0.08,0,0,1.00
2006-06-04T09:00:00,-0.26,0.39,0.35,0.58,-0.2,0.02,-0.4,-0.35,-0.09,0,0,3.00
2006-06-04T10:00:00,-0.29,0.57,0.26,0.66,-0.41,0.23,-0.44,-0.4,-0.13,0,0,3.00
2006-06-04T11:00:00,-0.02,0.63,0.32,0.58,-0.54,0.17,-0.46,-0.46,-0.15,0,0,3.00
2006-06-04T12:00:00,-0.13,0.6,0.2,0.64,-0.58,0.3,-0.45,-0.44,-0.14,0,0,4.00
2006-06-04T13:00:00,-0.14,0.28,0.3,0.74,-0.07,0.09,-0.35,-0.38,0.0,0,0,5.00
2006-06-04T14:00:00,-0.1,0.27,0.33,0.78,-0.07,0.12,-0.15,-0.4,0.05,0,0,4.00
2006-06-04T15:00:00,-0.07,0.18,0.36,0.79,-0.1,0.08,-0.08,-0.41,0.09,0,0,3.00
2006-06-04T16:00:00,-0.16,0.39,0.2,0.84,-0.16,0.11,-0.12,-0.4,0.02,0,0,4.00
2006-06-04T17:00:00,0.15,0.15,0.3,0.81,-0.22,-0.05,-0.1,-0.45,0.11,0,0,3.00
2006-06-04T18:00:00,0.36,0.02,0.32,0.81,-0.24,-0.11,-0.11,-0.48,-0.05,0,0,5.00
2006-06-04T19:00:00,0.34,0.15,0.34,0.86,-0.33,-0.17,-0.07,-0.5,-0.07,0,0,8.00
2006-06-04T20:00:00,0.19,0.23,0.31,0.89,-0.32,-0.12,-0.06,-0.46,0.02,0,0,8.00
2006-06-04T21:00:00,-0.07,0.2,0.18,0.94,-0.24,0.05,-0.07,-0.41,0.47,0,0,9.00
2006-06-04T22:00:00,0.27,0.03,0.14,0.96,-0.31,-0.03,-0.02,-0.46,0.29,0,0,9.00
2006-06-04T23:00:00,-0.26,0.16,0.13,1.02,-0.33,-0.08,-0.06,-0.4,0.26,0,0,9.00
2006-06-05T00:00:00,-0.38,0.16,0.23,1.08,-0.39,0.03,-0.11,-0.38,0.05,0,0,8.00
2006-06-05T01:00:00,-0.05,0.18,0.27,1.04,-0.43,-0.06,-0.02,-0.44,0.24,0,0,4.00
2006-06-05T02:00:00,0.3,0.2,0.25,1.0,-0.41,-0.05,-0.04,-0.48,-0.01,0,0,2.00
2006-06-05T03:00:00,-0.01,0.47,0.21,1.12,-0.58,-0.02,-0.13,-0.52,-0.11,0,0,6.00
2006-06-05T04:00:00,-0.21,0.46,0.02,1.14,-0.55,0.16,-0.04,-0.52,-0.11,0,0,8.00
2006-06-05T05:00:00,-0.09,0.49,0.03,1.13,-0.5,0.23,0.03,-0.53,-0.1,0,0,9.00
2006-06-05T06:00:00,0.12,0.46,0.22,1.1,-0.53,0.15,0.16,-0.52,-0.08,0,0,8.00
2006-06-05T07:00:00,-0.08,0.4,0.08,1.13,-0.42,0.18,0.24,-0.5,0.01,0,0,7.00
2006-06-05T08:00:00,0.29,0.39,0.35,1.07,-0.49,0.02,0.23,-0.51,-0.1,0,0,7.00
2006-06-05T09:00:00,0.41,0.29,0.04,1.13,-0.29,0.36,0.47,-0.5,-0.02,0,0,7.00
2006-06-05T10:00:00,0.29,0.35,0.22,1.12,-0.4,0.18,0.47,-0.5,-0.02,0,0,7.00
2006-06-05T11:00:00,0.11,0.41,0.24,1.13,-0.45,0.08,0.58,-0.5,0.0,0,0,8.00
2006-06-05T12:00:00,0.22,0.22,0.44,1.14,-0.44,-0.06,0.57,-0.5,-0.04,0,0,6.00
2006-06-05T13:00:00,0.2,0.21,0.48,1.15,-0.44,-0.12,0.65,-0.53,-0.07,0,0,7.00
2006-06-05T14:00:00,0.09,0.41,0.09,1.17,-0.47,0.08,0.76,-0.52,0.03,0,0,8.00
2006-06-05T15:00:00,-0.08,0.49,0.14,1.19,-0.48,0.17,0.77,-0.54,-0.05,0,0,9.00
2006-06-05T16:00:00,-0.21,0.37,-0.14,1.22,-0.46,0.38,0.77,-0.53,-0.04,0,0,13.00
2006-06-05T17:00:00,-0.18,0.34,-0.1,1.24,-0.44,0.33,0.89,-0.53,0.02,0,0,12.00
2006-06-05T18:00:00,-0.11,0.36,-0.18,1.22,-0.43,0.34,1.0,-0.54,-0.02,0,0,11.00
2006-06-05T19:00:00,0.21,0.46,0.12,1.18,-0.47,0.02,1.17,-0.54,-0.02,0,0,11.00
2006-06-05T20:00:00,0.21,0.47,0.26,1.19,-0.49,-0.11,1.29,-0.54,-0.05,0,0,11.00
2006-06-05T21:00:00,0.09,0.48,0.2,1.21,-0.55,-0.17,1.4,-0.54,-0.01,0,0,11.00
2006-06-05T22:00:00,-0.1,0.52,0.36,1.24,-0.52,-0.24,1.29,-0.53,-0.07,0,0,13.00
2006-06-05T23:00:00,-0.1,0.75,0.06,1.25,-0.63,-0.09,1.23,-0.53,-0.11,1,0,14.00
2006-06-06T00:00:00,-0.68,0.23,-0.33,1.39,-0.39,0.25,1.09,-0.51,-0.12,1,0,15.00
2006-06-06T01:00:00,-0.86,0.25,-0.25,1.43,-0.6,0.08,1.0,-0.51,-0.13,1,0,14.00
2006-06-06T02:00:00,-0.34,0.65,0.2,1.29,-0.73,-0.32,1.27,-0.53,-0.1,1,0,11.00
2006-06-06T03:00:00,-0.25,0.73,0.48,1.21,-0.83,-0.32,1.88,-0.51,-0.1,1,0,5.00
2006-06-06T04:00:00,-0.52,0.52,-0.44,1.15,-1.09,0.15,2.25,-0.47,-0.06,1,0,5.00
2006-06-06T05:00:00,-0.78,0.46,-0.41,1.06,-1.55,0.1,3.25,-0.37,0.02,1,0,9.00
2006-06-06T06:00:00,-1.56,1.15,-1.14,0.92,-1.53,0.34,2.37,-0.44,-0.17,1,0,17.00
2006-06-06T07:00:00,-1.58,1.48,-0.76,0.69,-1.04,0.35,3.26,-0.37,-0.15,1,0,17.00
2006-06-06T08:00:00,-0.35,0.13,0.03,0.58,-0.7,0.42,5.64,-0.27,3.27,1,0,10.00
2006-06-06T09:00:00,0.18,-0.09,0.23,0.7,-1.16,0.0,6.98,-0.3,8.04,1,0,0.00
2006-06-06T10:00:00,1.61,-0.86,0.47,0.6,-0.85,0.51,2.59,0.12,-0.02,1,0,-3.00
2006-06-06T11:00:00,0.81,-1.54,-0.18,0.16,0.32,0.19,1.33,0.41,-0.02,1,0,8.00
2006-06-06T12:00:00,1.48,-1.06,-0.11,0.08,0.01,0.01,1.17,0.31,-0.06,1,0,2.00
2006-06-06T13:00:00,1.08,-1.17,-0.65,0.04,-0.08,-0.01,0.98,0.15,-0.09,1,0,1.00
2006-06-06T14:00:00,0.91,-1.27,-0.95,-0.01,-0.01,0.07,0.84,-0.03,-0.13,1,0,-6.00
2006-06-06T15:00:00,1.34,-1.15,-0.83,0.12,0.06,0.22,0.72,-0.12,-0.15,1,0,-5.00
2006-06-06T16:00:00,1.65,-1.0,-0.6,0.06,0.4,0.07,1.03,-0.08,-0.13,1,0,-10.00
2006-06-06T17:00:00,1.74,-1.15,-0.5,0.1,0.46,0.12,0.92,-0.19,-0.15,1,0,-23.00
2006-06-06T18:00:00,1.81,-1.04,-0.4,0.03,0.5,-0.13,0.57,-0.0,-0.14,1,0,-35.00
2006-06-06T19:00:00,1.71,-1.07,-0.33,0.01,0.72,-0.55,0.58,0.05,-0.14,1,0,-42.00
2006-06-06T20:00:00,1.71,-1.18,-0.18,0.06,0.7,-0.58,0.44,0.06,-0.14,1,0,-40.00
2006-06-06T21:00:00,1.72,-1.13,-0.21,-0.32,0.9,0.27,0.42,0.24,-0.13,1,0,-36.00
2006-06-06T22:00:00,1.4,-1.38,0.21,-0.5,1.25,0.47,0.21,0.6,-0.11,1,0,-34.00
2006-06-06T23:00:00,1.42,-1.32,0.44,-0.89,1.77,0.41,0.22,0.76,-0.1,1,0,-34.00
2006-06-07T00:00:00,0.77,-1.34,-0.0,-1.09,1.16,0.01,0.19,0.93,-0.02,1,0,-30.00
2006-06-07T01:00:00,1.05,-1.06,0.13,-1.02,0.78,0.04,0.02,0.66,-0.06,1,0,-32.00
2006-06-07T02:00:00,0.94,-0.99,0.56,-1.17,0.63,0.22,-0.04,0.66,-0.07,1,0,-31.00
2006-06-07T03:00:00,0.77,-0.57,0.41,-1.25,1.41,0.1,0.19,0.96,0.2,1,0,-29.00
2006-06-07T04:00:00,0.49,-1.05,0.33,-1.34,0.42,0.09,0.18,1.02,0.11,1,0,-28.00
2006-06-07T05:00:00,0.67,-0.62,0.17,-1.28,0.97,0.0,0.04,0.82,0.21,1,0,-18.00
2006-06-07T06:00:00,1.02,-0.35,0.19,-1.09,1.13,-0.04,-0.04,0.68,0.05,1,0,-18.00
2006-06-07T07:00:00,0.96,-0.68,-0.3,-1.09,0.81,-1.02,0.04,0.75,0.01,1,0,-21.00
2006-06-07T08:00:00,0.61,-0.28,0.07,-1.3,1.93,0.03,0.03,1.77,1.07,1,0,-23.00
2006-06-07T09:00:00,0.27,-0.49,-0.14,-1.6,1.02,-0.07,-0.22,1.46,0.81,1,0,-16.00
2006-06-07T10:00:00,0.56,-0.62,-0.06,-1.43,1.48,0.35,-0.29,0.97,0.16,0,0,-18.00
2006-06-07T11:00:00,0.51,-0.87,0.01,-1.46,0.3,-0.02,-0.3,0.8,0.03,0,0,-26.00
2006-06-07T12:00:00,0.58,-0.74,0.21,-1.43,0.39,0.53,-0.29,0.66,0.03,0,0,-22.00
2006-06-07T13:00:00,0.67,-0.03,-0.17,-1.39,1.61,0.09,-0.27,0.62,0.2,0,0,-18.00
2006-06-07T14:00:00,0.24,-0.67,0.18,-1.52,0.28,0.77,-0.29,0.65,0.19,0,0,-23.00
2006-06-07T15:00:00,0.76,-0.66,0.08,-1.15,0.02,0.51,-0.28,0.23,-0.05,0,0,-28.00
2006-06-07T16:00:00,0.88,-0.48,0.41,-1.08,0.18,1.22,-0.23,0.15,-0.07,0,0,-26.00
2006-06-07T17:00:00,1.04,0.11,0.27,-0.98,1.28,0.93,-0.18,0.23,-0.05,0,0,-23.00
2006-06-07T18:00:00,0.95,-0.41,0.15,-0.97,0.22,0.74,-0.19,0.11,-0.07,0,0,-21.00
2006-06-07T19:00:00,0.64,-0.63,0.12,-1.15,-0.12,0.44,-0.19,0.28,0.01,0,0,-22.00
2006-06-07T20:00:00,0.96,-0.15,-0.03,-0.97,0.69,0.18,-0.17,0.1,-0.05,0,0,-20.00
2006-06-07T21:00:00,0.6,-0.65,-0.18,-1.11,-0.25,0.02,-0.17,0.25,-0.0,0,0,-21.00
2006-06-07T22:00:00,0.11,-0.92,-0.14,-1.27,-0.73,-0.01,-0.17,0.34,0.0,0,0,-21.00
2006-06-07T23:00:00,0.62,-0.65,-0.38,-0.98,-0.05,-0.47,-0.21,0.41,-0.02,0,0,-14.00
2006-06-08T00:00:00,0.89,-0.68,0.17,-0.86,-0.07,0.62,-0.23,0.33,-0.06,0,0,-15.00
2006-06-08T01:00:00,0.75,-0.49,0.02,-0.95,-0.07,-0.01,-0.32,0.28,-0.01,0,0,-31.00
2006-06-08T02:00:00,0.76,-0.24,-0.44,-0.96,0.08,-0.81,-0.39,0.21,-0.08,0,0,-33.00
2006-06-08T03:00:00,0.8,-0.72,-0.07,-1.05,-0.31,-0.14,-0.43,0.14,-0.11,0,0,-28.00
2006-06-08T04:00:00,0.78,-0.91,-0.09,-1.2,-0.29,-0.24,-0.47,0.23,-0.12,0,0,-24.00
2006-06-08T05:00:00,0.41,-0.99,-0.2,-1.5,-0.33,-0.37,-0.51,0.38,-0.1,0,0,-26.00
2006-06-08T06:00:00,0.06,-1.24,-0.11,-1.65,-0.52,-0.24,-0.51,0.36,-0.12,0,0,-29.00
2006-06-08T07:00:00,0.16,-1.08,0.5,-1.66,-0.26,0.88,-0.48,0.41,-0.11,0,0,-24.00
2006-06-08T08:00:00,0.39,-0.4,0.06,-1.7,0.72,0.13,-0.36,0.51,0.35,0,0,-25.00
2006-06-08T09:00:00,0.22,-0.48,-0.16,-1.81,0.18,-0.27,-0.41,0.4,0.2,0,0,-20.00
2006-06-08T10:00:00,0.37,-0.45,0.05,-1.7,0.18,0.39,-0.42,0.34,0.19,0,0,-16.00
2006-06-08T11:00:00,0.28,-0.6,0.21,-1.74,0.0,0.6,-0.42,0.3,0.07,0,0,-22.00
2006-06-08T12:00:00,0.65,-0.17,-0.01,-1.51,0.53,0.15,-0.41,0.15,0.04,0,0,-21.00
2006-06-08T13:00:00,0.22,-0.39,-0.12,-1.73,0.04,0.03,-0.45,0.35,0.3,0,0,-18.00
2006-06-08T14:00:00,0.31,-0.67,-0.02,-1.65,-0.41,0.29,-0.44,0.35,0.03,0,0,-20.00
2006-06-08T15:00:00,0.27,-0.71,0.02,-1.6,-0.62,0.33,-0.43,0.4,0.04,0,0,-17.00
2006-06-08T16:00:00,0.48,-0.5,0.05,-1.45,-0.32,0.59,-0.42,0.36,0.08,0,0,-17.00
2006-06-08T17:00:00,0.18,-0.79,0.11,-1.57,-0.73,0.73,-0.44,0.33,-0.01,0,0,-21.00
2006-06-08T18:00:00,0.24,-0.53,0.03,-1.6,-0.27,0.41,-0.46,0.42,0.19,0,0,-19.00
2006-06-08T19:00:00,0.11,-0.55,-0.29,-1.65,-0.34,-0.29,-0.49,0.46,0.06,0,0,-19.00
2006-06-08T20:00:00,0.42,-0.19,0.07,-1.46,0.23,0.37,-0.52,0.22,0.26,0,0,-25.00
2006-06-08T21:00:00,0.49,-0.32,-0.04,-1.37,0.08,0.03,-0.54,0.16,0.04,0,0,-27.00
2006-06-08T22:00:00,0.19,-0.62,-0.17,-1.49,-0.64,-0.24,-0.59,0.11,-0.05,0,0,-28.00
2006-06-08T23:00:00,0.31,-0.57,-0.27,-1.39,-0.63,-0.69,-0.63,0.06,-0.09,0,0,-28.00
2006-06-09T00:00:00,0.59,-0.3,-0.14,-1.19,-0.01,-0.52,-0.67,-0.18,-0.12,0,0,-28.00
2006-06-09T01:00:00,0.63,-0.53,-0.03,-1.19,-0.72,-0.32,-0.67,-0.06,-0.13,0,0,-28.00
2006-06-09T02:00:00,0.23,-0.41,0.12,-1.53,-0.2,-0.02,-0.57,0.14,0.16,0,0,-26.00
2006-06-09T03:00:00,0.1,-0.66,0.33,-1.55,-0.67,0.36,-0.58,0.15,-0.05,0,0,-26.00
2006-06-09T04:00:00,0.24,-0.6,0.12,-1.43,-0.58,-0.02,-0.56,0.11,-0.01,0,0,-25.00
2006-06-09T05:00:00,0.13,-0.53,0.24,-1.52,-0.28,-0.05,-0.53,0.14,0.05,0,0,-20.00
2006-06-09T06:00:00,0.32,-0.43,-0.1,-1.4,-0.14,-0.92,-0.52,0.14,0.07,0,0,-18.00
2006-06-09T07:00:00,0.19,-0.58,0.22,-1.47,-0.27,-0.35,-0.51,0.17,0.03,0,0,-18.00
2006-06-09T08:00:00,0.1,-0.46,0.43,-1.53,0.0,0.16,-0.58,0.06,-0.03,0,0,-15.00
2006-06-09T09:00:00,0.58,-0.19,0.16,-1.34,0.6,-0.72,-0.5,0.21,0.06,0,0,-15.00
2006-06-09T10:00:00,0.39,-0.28,0.28,-1.41,0.23,-0.46,-0.56,0.03,0.04,0,0,-15.00
2006-06-09T11:00:00,0.47,0.15,0.02,-1.38,0.87,-0.9,-0.53,0.06,0.11,0,0,-13.00
2006-06-09T12:00:00,0.33,-0.42,-0.18,-1.41,-0.29,-1.35,-0.6,-0.08,-0.06,0,0,-13.00
2006-06-09T13:00:00,0.51,-0.49,0.06,-1.2,-0.35,-0.55,-0.63,-0.16,-0.11,0,0,-14.00
2006-06-09T14:00:00,0.44,0.29,0.15,-1.37,1.18,-0.28,-0.6,-0.03,-0.01,0,0,-18.00
2006-06-09T15:00:00,0.54,0.16,0.03,-1.42,1.0,-0.42,-0.54,0.08,0.04,0,0,-23.00
2006-06-09T16:00:00,0.44,-0.24,-0.08,-1.43,0.45,-0.42,-0.54,0.16,0.12,0,0,-21.00
2006-06-09T17:00:00,-0.03,-0.49,-0.12,-1.66,-0.01,-0.89,-0.62,0.09,0.02,0,0,-19.00
2006-06-09T19:00:00,0.1,-0.32,-0.04,-1.52,-1.21,-0.63,-0.61,0.02,0.29,0,0,-21.00
2006-06-09T20:00:00,-0.39,-0.18,-0.16,-1.74,0.41,-0.66,-0.68,-0.11,-0.05,0,0,-18.00
2006-06-09T21:00:00,-0.27,-0.41,-0.05,-1.61,-0.12,-0.2,-0.71,-0.11,-0.06,0,0,-19.00
2006-06-09T22:00:00,-0.33,-0.27,-0.14,-1.54,-0.07,-0.41,-0.7,-0.18,-0.06,0,0,-21.00
2006-06-09T23:00:00,-0.43,-0.32,-0.02,-1.52,-0.25,-0.28,-0.7,-0.25,-0.1,0,0,-22.00
2006-06-10T00:00:00,-0.25,-0.39,-0.07,-1.33,-0.19,-0.43,-0.66,-0.19,-0.05,0,0,-21.00
2006-06-10T01:00:00,-0.02,-0.36,0.02,-1.13,0.1,-0.45,-0.63,-0.22,0.09,0,0,-22.00
2006-06-10T02:00:00,0.16,-0.31,-0.08,-1.02,-0.17,-0.6,-0.6,-0.21,0.07,0,0,-20.00
2006-06-10T03:00:00,-0.2,-0.26,-0.04,-1.07,-0.26,-0.37,-0.66,-0.28,0.04,0,0,-14.00
2006-06-10T04:00:00,-0.01,-0.33,-0.2,-1.02,-0.43,-0.3,-0.64,-0.27,-0.05,0,0,-13.00
2006-06-10T05:00:00,0.32,-0.21,0.09,-0.85,0.01,-0.03,-0.57,-0.16,0.14,0,0,-15.00
2006-06-10T06:00:00,0.23,-0.02,0.24,-0.89,-0.06,0.2,-0.59,-0.18,0.28,0,0,-15.00
2006-06-10T07:00:00,0.15,-0.02,0.17,-0.92,-0.2,0.1,-0.55,-0.13,1.29,0,0,-16.00
2006-06-10T08:00:00,-0.41,-0.09,0.27,-1.05,-0.4,0.15,-0.59,-0.27,-0.05,0,0,-14.00
2006-06-10T09:00:00,0.32,-0.28,0.24,-0.81,-0.42,0.26,-0.55,-0.28,-0.02,0,0,-13.00
2006-06-10T10:00:00,0.6,-0.35,-0.14,-0.71,-0.83,-0.02,-0.35,-0.19,-0.07,0,0,-13.00
2006-06-10T11:00:00,0.04,-0.43,-0.05,-0.86,-0.64,0.65,-0.48,-0.14,0.1,0,0,-13.00
2006-06-10T12:00:00,-0.06,-0.53,0.2,-0.8,-0.51,0.92,-0.43,-0.14,0.02,0,0,-8.00
2006-06-10T13:00:00,0.26,-0.06,-0.12,-0.7,-0.2,0.52,-0.4,-0.11,0.4,0,0,-12.00
2006-06-10T14:00:00,0.13,-0.06,-0.27,-0.7,-0.19,0.2,-0.37,-0.11,0.21,0,0,-13.00
2006-06-10T15:00:00,0.59,0.21,-0.22,-0.59,-0.07,0.22,-0.37,-0.14,-0.06,0,0,-13.00
2006-06-10T16:00:00,0.64,-0.03,-0.12,-0.62,-0.2,0.12,-0.39,-0.17,-0.05,0,0,-14.00
2006-06-10T17:00:00,-0.11,-0.53,-0.07,-0.75,-0.38,-0.48,-0.49,-0.28,-0.07,0,0,-17.00
2006-06-10T18:00:00,0.02,-0.57,-0.04,-0.63,-0.34,-0.55,-0.5,-0.35,-0.09,0,0,-20.00
2006-06-10T19:00:00,0.06,-0.64,-0.0,-0.48,-0.18,-0.27,-0.53,-0.37,-0.12,0,0,-22.00
2006-06-10T20:00:00,0.14,-0.67,0.03,-0.49,-0.26,-0.2,-0.45,-0.34,-0.11,0,0,-26.00
2006-06-10T21:00:00,0.17,-0.68,-0.02,-0.35,-0.11,-0.3,-0.45,-0.31,-0.11,0,0,-26.00
2006-06-10T22:00:00,-0.26,-0.71,-0.14,-0.41,-0.15,-0.53,-0.47,-0.36,-0.14,0,0,-24.00
2006-06-10T23:00:00,-0.12,-0.61,-0.04,-0.36,-0.03,-0.33,-0.45,-0.29,-0.09,0,0,-22.00
2006-06-11T00:00:00,-0.05,-0.58,-0.04,-0.37,-0.01,-0.18,-0.47,-0.31,-0.08,0,0,-18.00
2006-06-11T01:00:00,-0.21,-0.61,-0.09,-0.45,-0.11,-0.3,-0.41,-0.32,-0.1,0,0,-13.00
2006-06-11T02:00:00,-0.05,-0.47,-0.05,-0.37,-0.04,-0.34,-0.42,-0.3,-0.01,0,0,-10.00
2006-06-11T03:00:00,0.1,-0.36,-0.19,-0.31,0.03,-0.38,-0.36,-0.27,0.04,0,0,-10.00
2006-06-11T04:00:00,0.11,-0.55,-0.03,-0.22,-0.24,-0.2,-0.37,-0.33,-0.06,0,0,-9.00
2006-06-11T05:00:00,-0.15,-0.53,0.16,-0.22,-0.25,0.01,-0.33,-0.33,-0.04,0,0,-11.00
2006-06-11T06:00:00,0.17,-0.4,0.38,-0.11,-0.29,0.18,-0.27,-0.34,-0.04,0,0,-13.00
2006-06-11T07:00:00,-0.2,-0.35,0.59,-0.16,-0.16,0.16,-0.29,-0.39,-0.12,0,0,-13.00
2006-06-11T08:00:00,-0.35,-0.79,0.23,-0.14,-0.4,-0.21,-0.36,-0.42,-0.15,0,0,-9.00
2006-06-11T09:00:00,-0.28,-0.72,0.11,-0.13,-0.46,-0.06,-0.36,-0.37,-0.13,0,0,-10.00
2006-06-11T10:00:00,0.07,-0.55,0.04,-0.06,-0.24,-0.21,-0.37,-0.33,-0.05,0,0,-9.00
2006-06-11T11:00:00,-0.13,-0.4,0.31,-0.03,-0.16,-0.05,-0.39,-0.33,-0.02,0,0,-11.00
2006-06-11T12:00:00,-0.23,-0.64,-0.09,-0.08,-0.51,-0.5,-0.31,-0.37,-0.11,0,0,-10.00
2006-06-11T13:00:00,0.1,-0.15,-0.25,-0.01,-0.17,-0.49,-0.35,-0.34,0.05,0,0,-8.00
2006-06-11T14:00:00,0.36,-0.01,-0.26,0.11,-0.08,-0.66,-0.3,-0.29,0.0,0,0,-7.00
2006-06-11T15:00:00,0.45,-0.09,-0.04,0.19,-0.51,-0.12,-0.24,-0.32,0.05,0,0,-10.00
2006-06-11T16:00:00,0.36,-0.01,-0.14,0.26,-0.11,-0.7,-0.47,-0.45,-0.07,0,0,-10.00
2006-06-11T17:00:00,-0.17,-0.46,0.31,0.21,-0.29,-0.48,-0.43,-0.47,-0.12,0,0,-11.00
2006-06-11T18:00:00,-0.07,-0.38,0.0,0.25,-0.33,-0.67,-0.35,-0.43,0.01,0,0,-13.00
2006-06-11T19:00:00,0.24,-0.25,-0.05,0.37,-0.35,-0.65,-0.36,-0.38,0.09,0,0,-15.00
2006-06-11T20:00:00,0.36,-0.1,-0.05,0.48,-0.26,-0.42,-0.32,-0.36,0.08,0,0,-15.00
2006-06-11T21:00:00,0.37,-0.15,0.1,0.51,-0.25,-0.37,-0.29,-0.39,0.07,0,0,-15.00
2006-06-11T22:00:00,0.44,-0.11,-0.03,0.56,-0.24,-0.18,-0.32,-0.38,-0.0,0,0,-17.00
2006-06-11T23:00:00,0.4,-0.08,-0.01,0.57,-0.26,-0.16,-0.33,-0.37,0.05,0,0,-15.00
2006-06-12T00:00:00,0.24,-0.23,0.01,0.57,-0.33,-0.41,-0.33,-0.37,0.19,0,0,-13.00
2006-06-12T01:00:00,-0.21,-0.38,0.03,0.52,-0.54,-0.43,-0.41,-0.42,-0.04,0,0,-14.00
2006-06-12T02:00:00,0.33,-0.29,0.05,0.6,-0.28,-0.3,-0.24,-0.32,0.11,0,0,-15.00
2006-06-12T03:00:00,0.54,-0.32,0.05,0.69,-0.33,-0.39,-0.19,-0.34,-0.04,0,0,-12.00
2006-06-12T04:00:00,-0.04,-0.52,-0.05,0.51,-0.29,-0.46,-0.22,-0.39,-0.04,0,0,-9.00
2006-06-12T05:00:00,0.08,-0.54,0.09,0.57,-0.32,-0.21,-0.1,-0.37,-0.01,0,0,-8.00
2006-06-12T06:00:00,0.06,-0.58,0.26,0.54,-0.29,-0.04,-0.09,-0.4,-0.07,0,0,-9.00
2006-06-12T07:00:00,0.65,-0.36,0.05,0.78,-0.27,-0.28,-0.07,-0.4,-0.1,0,0,-7.00
2006-06-12T08:00:00,0.5,-0.48,0.13,0.76,-0.38,-0.3,-0.05,-0.4,-0.09,0,0,-5.00
2006-06-12T09:00:00,0.46,-0.3,0.09,0.68,0.05,-0.41,0.1,-0.25,0.14,0,0,-6.00
2006-06-12T10:00:00,0.2,-0.46,-0.03,0.63,-0.37,-0.4,0.0,-0.38,0.04,0,0,-8.00
2006-06-12T11:00:00,0.34,-0.43,-0.1,0.71,-0.36,-0.62,-0.24,-0.49,-0.11,0,0,-6.00
2006-06-12T12:00:00,0.41,-0.19,-0.19,0.78,0.03,-0.59,-0.21,-0.44,-0.07,0,0,-5.00
2006-06-12T13:00:00,-0.14,-0.55,0.05,0.73,-0.47,-0.48,0.78,-0.49,-0.01,0,0,-6.00
2006-06-12T14:00:00,-0.48,-0.47,0.16,0.69,-0.36,-0.04,-0.39,-0.49,-0.15,0,0,-10.00
2006-06-12T15:00:00,-0.51,-0.36,0.16,0.73,-0.29,0.07,-0.32,-0.5,-0.14,0,0,-14.00
2006-06-12T16:00:00,-0.39,-0.3,0.16,0.81,-0.23,-0.04,-0.36,-0.5,-0.12,0,0,-12.00
2006-06-12T17:00:00,0.14,0.12,0.28,0.93,0.04,0.07,-0.4,-0.46,0.04,0,0,-9.00
2006-06-12T18:00:00,0.19,0.13,-0.05,0.92,0.01,0.15,-0.44,-0.41,0.18,0,0,-10.00
2006-06-12T19:00:00,0.23,-0.19,0.06,0.95,-0.19,0.17,-0.44,-0.41,0.16,0,0,-12.00
2006-06-12T20:00:00,0.12,-0.35,-0.1,0.93,-0.36,0.01,-0.5,-0.47,-0.08,0,0,-14.00
2006-06-12T21:00:00,-0.14,-0.42,-0.11,0.87,-0.39,0.01,-0.52,-0.52,-0.14,0,0,-14.00
2006-06-12T22:00:00,-0.15,-0.42,-0.11,0.87,-0.49,-0.01,-0.48,-0.51,-0.13,0,0,-15.00
2006-06-12T23:00:00,0.11,-0.38,-0.19,0.94,-0.35,0.07,-0.51,-0.5,-0.13,0,0,-14.00
2006-06-13T00:00:00,0.14,-0.3,-0.13,0.94,-0.23,0.25,-0.45,-0.45,-0.04,0,0,-10.00
2006-06-13T01:00:00,0.1,-0.42,-0.04,0.92,-0.32,0.16,-0.41,-0.45,-0.06,0,0,-12.00
2006-06-13T02:00:00,0.1,-0.45,-0.05,0.94,-0.36,0.03,-0.39,-0.48,-0.09,0,0,-13.00
2006-06-13T03:00:00,0.06,-0.45,-0.02,0.97,-0.43,-0.02,-0.31,-0.47,-0.07,0,0,-14.00
2006-06-13T04:00:00,0.1,-0.57,0.02,0.99,-0.51,-0.08,-0.31,-0.5,-0.13,0,0,-14.00
2006-06-13T05:00:00,0.12,-0.58,0.01,1.04,-0.49,-0.03,-0.25,-0.51,-0.13,0,0,-11.00
2006-06-13T06:00:00,0.05,-0.44,0.13,0.99,-0.39,0.06,-0.13,-0.49,-0.04,0,0,-8.00
2006-06-13T07:00:00,-0.42,0.04,0.37,0.93,-0.04,0.2,-0.19,-0.51,-0.12,0,0,-7.00
2006-06-13T08:00:00,-0.28,0.06,0.4,0.99,-0.17,0.12,-0.1,-0.5,-0.08,0,0,-6.00
2006-06-13T09:00:00,-0.22,-0.3,0.24,1.02,-0.35,0.19,-0.09,-0.48,-0.01,0,0,-7.00
2006-06-13T10:00:00,-0.06,-0.34,0.21,1.02,-0.38,0.24,-0.07,-0.49,0.04,0,0,-6.00
2006-06-13T11:00:00,0.23,-0.17,0.05,1.03,-0.41,0.25,-0.03,-0.46,0.33,0,0,-5.00
2006-06-13T12:00:00,0.14,-0.18,-0.09,1.06,-0.48,0.17,0.0,-0.47,0.24,0,0,-4.00
2006-06-13T13:00:00,-0.12,-0.14,0.14,1.1,-0.57,0.02,0.03,-0.48,0.77,0,0,-4.00
2006-06-13T14:00:00,-0.05,-0.32,0.3,1.13,-0.7,-0.09,0.05,-0.5,0.01,0,0,-4.00
2006-06-13T15:00:00,0.29,-0.26,0.03,1.16,-0.74,-0.24,0.14,-0.49,0.07,0,0,-6.00
2006-06-13T16:00:00,0.05,-0.38,0.4,1.16,-0.95,-0.42,0.26,-0.49,-0.05,0,0,-4.00
2006-06-13T17:00:00,0.2,-0.52,0.36,1.18,-1.08,-0.62,0.24,-0.5,-0.1,0,0,-2.00
2006-06-13T18:00:00,0.46,-0.01,-0.18,1.17,-0.89,-0.81,0.33,-0.52,-0.08,0,0,1.00
2006-06-13T19:00:00,0.47,0.2,-0.28,1.13,-0.6,-1.05,0.38,-0.54,-0.12,0,0,2.00
2006-06-13T20:00:00,0.56,0.22,-0.28,1.18,-0.4,-0.92,0.18,-0.55,-0.15,0,0,4.00
2006-06-13T21:00:00,0.39,-0.02,-0.11,1.23,-0.49,-0.74,0.26,-0.53,-0.04,0,0,5.00
2006-06-13T22:00:00,0.32,0.36,-0.18,1.17,-0.38,-0.49,0.13,-0.52,-0.11,0,0,4.00
2006-06-13T23:00:00,0.52,0.15,-0.05,1.11,-0.33,-0.38,0.08,-0.51,-0.09,0,0,0.00
2006-06-14T00:00:00,0.43,0.13,-0.01,1.15,-0.42,-0.41,0.14,-0.48,-0.01,0,0,-4.00
2006-06-14T01:00:00,0.27,0.18,-0.07,1.22,-0.41,-0.41,0.19,-0.53,0.01,0,0,-7.00
2006-06-14T02:00:00,0.21,0.27,-0.12,1.23,-0.45,-0.37,0.26,-0.54,-0.04,0,0,-7.00
2006-06-14T03:00:00,0.43,0.03,-0.04,1.21,-0.57,-0.4,0.26,-0.51,-0.02,1,0,-7.00
2006-06-14T04:00:00,0.43,0.21,-0.17,1.13,-0.42,-0.55,0.54,-0.53,-0.08,1,0,-5.00
2006-06-14T05:00:00,0.56,-0.25,-0.05,1.1,-0.46,-0.56,0.81,-0.53,-0.08,1,0,-5.00
2006-06-14T06:00:00,0.2,-0.66,0.38,1.07,-0.67,-0.55,1.23,-0.51,-0.09,1,0,-4.00
2006-06-14T07:00:00,-0.47,-0.42,0.59,1.02,-0.76,-0.47,1.2,-0.51,-0.11,1,0,-3.00
2006-06-14T08:00:00,-0.83,0.24,0.19,0.95,-0.7,-0.36,1.43,-0.52,-0.11,1,0,-2.00
2006-06-14T09:00:00,-1.13,0.41,0.06,0.99,-0.84,-0.21,0.52,-0.43,-0.15,1,0,2.00
2006-06-14T10:00:00,-1.36,0.58,0.13,1.02,-1.04,0.22,-0.21,-0.5,-0.18,1,0,2.00
2006-06-14T11:00:00,-1.27,0.74,-0.24,0.94,-1.05,0.0,-0.23,-0.46,-0.18,1,0,4.00
2006-06-14T12:00:00,-1.39,0.67,0.2,0.92,-0.99,-0.41,-0.1,-0.47,-0.18,1,0,0.00
2006-06-14T13:00:00,-0.97,1.45,0.0,0.57,-1.66,0.29,-0.06,-0.52,-0.18,1,0,-1.00
2006-06-14T14:00:00,-1.04,1.46,0.1,0.65,-1.4,0.09,0.1,-0.51,-0.18,1,0,0.00
2006-06-14T15:00:00,-1.12,0.92,0.37,0.84,-1.08,-0.48,1.15,-0.44,-0.15,1,0,-1.00
2006-06-14T16:00:00,-0.18,-0.09,0.44,0.78,-0.83,-0.64,1.23,-0.31,0.47,1,0,-1.00
2006-06-14T17:00:00,0.9,-0.77,0.02,0.62,-0.29,-0.38,1.28,-0.27,-0.06,1,0,0.00
2006-06-14T18:00:00,0.52,-0.65,-0.05,0.57,-0.82,0.04,0.9,-0.28,0.02,1,0,0.00
2006-06-14T19:00:00,0.47,0.76,-0.36,0.26,-0.7,0.19,0.15,0.04,-0.04,1,0,4.00
2006-06-14T20:00:00,0.13,1.02,-0.41,-0.21,-0.09,1.29,-0.32,0.45,-0.08,1,0,3.00
2006-06-14T21:00:00,-0.84,1.24,0.3,-0.33,0.09,1.35,0.0,0.46,-0.09,1,0,4.00
2006-06-14T22:00:00,-0.97,1.14,-0.02,-0.47,0.17,2.66,-0.19,0.79,-0.08,1,0,-1.00
2006-06-14T23:00:00,-1.14,0.86,0.43,-0.55,-0.1,2.01,-0.18,0.74,-0.08,1,0,-1.00
2006-06-15T00:00:00,-0.96,0.15,0.91,-0.7,-0.26,1.37,-0.1,1.29,0.0,1,0,2.00
2006-06-15T01:00:00,-1.03,0.95,0.39,-0.82,0.51,2.85,-0.19,1.41,-0.03,1,0,0.00
2006-06-15T02:00:00,-0.56,0.77,0.4,-1.08,1.18,3.01,-0.16,1.77,0.2,1,0,4.00
2006-06-15T03:00:00,-0.82,1.26,0.18,-0.89,0.72,3.11,-0.13,1.77,0.0,1,0,7.00
2006-06-15T04:00:00,-1.3,1.02,0.49,-0.63,1.18,2.16,-0.09,1.59,-0.05,1,0,4.00
2006-06-15T05:00:00,-1.38,1.26,0.08,-0.6,1.29,2.68,0.03,1.37,-0.07,1,0,0.00
2006-06-15T06:00:00,-0.87,1.29,-0.11,-0.6,0.68,2.3,0.03,1.21,-0.03,1,0,-6.00
2006-06-15T07:00:00,-0.39,1.39,-0.78,-0.55,0.72,2.57,0.13,1.22,-0.05,1,0,-7.00
2006-06-15T08:00:00,-1.14,1.03,-0.11,-0.2,0.93,1.33,0.4,1.04,0.01,1,0,-4.00
2006-06-15T09:00:00,-1.42,0.77,0.2,-0.13,1.26,0.74,0.49,0.71,-0.03,1,0,-8.00
2006-06-15T10:00:00,-1.28,0.43,0.51,-0.27,1.06,0.06,0.3,0.49,-0.04,1,0,-14.00
2006-06-15T11:00:00,-0.21,1.1,0.41,-0.59,0.19,-0.39,0.24,0.79,0.06,1,0,-19.00
2006-06-15T12:00:00,0.49,1.18,-0.31,-0.92,-0.28,0.54,0.12,0.69,-0.02,1,0,-19.00
2006-06-15T13:00:00,-0.43,1.16,-0.08,-0.55,-0.24,0.02,0.21,1.04,0.07,1,0,-13.00
2006-06-15T14:00:00,-0.6,0.89,0.32,-0.81,-0.26,-0.66,-0.13,0.77,0.01,1,0,-11.00
2006-06-15T15:00:00,-0.29,0.59,-0.05,-1.01,0.21,-0.3,-0.17,1.12,0.45,1,0,-14.00
2006-06-15T16:00:00,0.04,-0.29,0.06,-1.1,1.54,-0.7,-0.28,1.3,3.74,1,0,-19.00
2006-06-15T17:00:00,-0.31,0.4,-0.09,-0.88,0.57,-0.41,-0.26,1.67,0.98,1,0,-16.00
2006-06-15T18:00:00,-0.7,0.33,0.0,-0.7,0.81,-0.72,-0.23,1.44,0.36,1,0,-19.00
2006-06-15T19:00:00,-0.09,0.95,0.41,-0.95,0.11,-1.23,-0.29,1.5,0.09,1,0,-22.00
2006-06-15T20:00:00,-0.5,0.84,-0.03,-0.75,0.12,-0.15,-0.3,1.49,0.13,1,0,-22.00
2006-06-15T21:00:00,-0.59,0.21,0.36,-0.92,0.84,-1.07,-0.45,0.93,0.17,1,0,-24.00
2006-06-15T22:00:00,-0.47,0.12,-0.11,-1.12,0.85,0.54,-0.54,0.86,0.33,1,0,-25.00
2006-06-15T23:00:00,-0.36,0.24,-0.45,-1.25,0.85,1.43,-0.54,1.05,0.1,1,0,-27.00
2006-06-16T00:00:00,-0.73,0.32,-0.3,-0.97,0.38,1.25,-0.56,0.76,-0.03,1,0,-30.00
2006-06-16T01:00:00,-0.87,-0.07,0.05,-0.88,1.47,-0.35,-0.58,0.46,-0.06,0,0,-32.00
2006-06-16T02:00:00,-0.81,0.08,0.02,-0.89,1.06,-0.04,-0.58,0.59,-0.02,0,0,-31.00
2006-06-16T03:00:00,-0.76,0.18,0.25,-0.91,0.91,-0.59,-0.58,0.59,-0.02,0,0,-24.00
2006-06-16T04:00:00,-0.77,-0.07,0.39,-1.0,1.16,-0.97,-0.6,0.41,-0.07,0,0,-22.00
2006-06-16T05:00:00,-0.85,0.16,0.14,-0.97,0.6,-0.08,-0.62,0.28,-0.09,0,0,-24.00
2006-06-16T06:00:00,-0.83,-0.06,-0.02,-1.0,1.11,0.48,-0.65,0.24,-0.09,0,0,-22.00
2006-06-16T07:00:00,-0.82,0.0,0.18,-0.97,0.69,-0.24,-0.67,0.18,-0.11,0,0,-20.00
2006-06-16T08:00:00,-0.75,-0.19,0.14,-1.03,1.32,-0.24,-0.68,0.29,-0.08,0,0,-17.00
2006-06-16T09:00:00,-0.76,0.15,-0.0,-1.01,0.29,0.25,-0.69,0.24,-0.09,0,0,-15.00
2006-06-16T10:00:00,-0.53,0.27,0.08,-1.17,0.12,-0.27,-0.71,0.28,-0.03,0,0,-15.00
2006-06-16T11:00:00,-0.6,0.42,-0.11,-1.1,-0.13,0.32,-0.72,0.29,-0.1,0,0,-17.00
2006-06-16T12:00:00,-0.43,0.68,0.18,-0.94,-0.43,-0.28,-0.73,0.37,-0.11,0,0,-19.00
2006-06-16T13:00:00,-0.8,0.04,0.2,-0.84,0.88,-0.17,-0.72,0.41,-0.09,0,0,-19.00
2006-06-16T14:00:00,-0.88,-0.08,0.03,-0.88,0.72,0.41,-0.72,0.34,-0.11,0,0,-20.00
2006-06-16T15:00:00,-0.93,-0.09,-0.16,-0.9,0.87,0.68,-0.72,0.28,-0.13,0,0,-20.00
2006-06-16T16:00:00,0.12,0.52,0.33,-1.14,-0.47,-0.56,-0.7,0.49,-0.0,0,0,-23.00
2006-06-16T17:00:00,-0.63,0.04,-0.13,-0.7,0.43,0.56,-0.7,0.75,0.01,0,0,-26.00
2006-06-16T18:00:00,-0.74,0.29,0.04,-0.62,-0.25,0.38,-0.71,0.43,-0.08,0,0,-26.00
2006-06-16T19:00:00,-0.63,0.46,0.07,-0.67,-0.47,0.24,-0.67,0.43,-0.07,0,0,-24.00
2006-06-16T20:00:00,-0.77,0.04,-0.23,-0.54,0.39,1.02,-0.66,0.17,-0.11,0,0,-21.00
2006-06-16T21:00:00,-0.66,0.04,-0.21,-0.47,0.2,1.06,-0.66,-0.19,-0.13,0,0,-17.00
2006-06-16T22:00:00,0.2,0.55,0.49,-0.98,-0.58,-0.76,-0.62,-0.01,-0.11,0,0,-13.00
2006-06-16T23:00:00,0.08,0.65,0.35,-0.96,-0.75,-0.45,-0.61,-0.03,-0.1,0,0,-12.00
2006-06-17T00:00:00,0.02,0.7,0.04,-0.9,-0.73,0.21,-0.59,-0.03,-0.09,0,0,-9.00
2006-06-17T01:00:00,-0.48,0.42,0.07,-0.56,-0.08,0.0,-0.61,-0.22,-0.11,0,0,-8.00
2006-06-17T02:00:00,-0.27,0.41,0.35,-0.75,-0.41,-0.63,-0.57,0.02,-0.03,0,0,-9.00
2006-06-17T03:00:00,0.16,0.92,0.15,-1.03,-0.69,-0.64,-0.54,-0.18,-0.14,0,0,-9.00
2006-06-17T04:00:00,0.16,0.63,-0.43,-1.0,-0.67,0.55,-0.5,-0.05,-0.11,0,0,-7.00
2006-06-17T05:00:00,0.06,0.67,-0.07,-0.95,0.17,0.07,-0.47,0.27,0.01,0,0,-5.00
2006-06-17T06:00:00,-0.36,0.04,0.09,-0.89,0.19,-0.45,-0.4,0.55,0.96,0,0,-12.00
2006-06-17T07:00:00,-0.27,0.68,0.23,-0.94,-0.3,-0.48,-0.49,0.28,-0.02,0,0,-21.00
2006-06-17T08:00:00,-0.03,0.74,-0.04,-0.98,-0.17,0.13,-0.5,0.27,-0.03,0,0,-17.00
2006-06-17T09:00:00,0.02,0.66,-0.02,-1.02,0.09,0.27,-0.54,0.34,0.01,0,0,-18.00
2006-06-17T10:00:00,-0.13,0.59,-0.28,-0.99,0.05,0.7,-0.5,0.39,0.0,0,0,-14.00
2006-06-17T11:00:00,-0.39,0.02,-0.22,-0.93,0.71,0.33,-0.46,0.16,0.15,0,0,-14.00
2006-06-17T12:00:00,-0.66,-0.01,-0.12,-0.85,0.37,0.26,-0.41,-0.02,-0.03,0,0,-17.00
2006-06-17T13:00:00,-0.49,-0.28,-0.07,-0.97,0.49,0.4,-0.39,0.17,0.12,0,0,-18.00
2006-06-17T14:00:00,0.05,0.2,0.2,-1.16,-0.16,0.25,-0.54,0.22,0.97,0,0,-16.00
2006-06-17T15:00:00,0.21,0.53,0.2,-1.23,-0.78,0.28,-0.6,0.04,-0.03,0,0,-13.00
2006-06-17T16:00:00,-0.5,0.07,0.23,-0.89,0.36,-0.0,-0.58,0.14,0.05,0,0,-14.00
2006-06-17T17:00:00,-0.23,-0.11,0.23,-0.98,0.4,0.17,-0.65,0.12,0.39,0,0,-10.00
2006-06-17T18:00:00,-0.43,-0.23,0.28,-0.93,0.71,-0.19,-0.66,0.1,-0.0,0,0,-14.00
2006-06-17T19:00:00,-0.23,0.43,0.09,-0.96,-0.11,0.11,-0.7,0.08,-0.01,0,0,-18.00
2006-06-17T20:00:00,-0.2,0.32,0.22,-1.03,0.02,-0.13,-0.77,-0.03,-0.03,0,0,-20.00
2006-06-17T21:00:00,-0.29,0.1,0.34,-0.95,0.51,-0.55,-0.79,-0.09,-0.07,0,0,-20.00
2006-06-17T22:00:00,-0.46,0.08,0.21,-0.88,0.45,-0.04,-0.8,-0.17,-0.11,0,1,-22.00
2006-06-17T23:00:00,-0.5,0.03,0.15,-0.84,0.42,0.11,-0.81,-0.28,-0.13,0,1,-20.00
2006-06-18T00:00:00,-0.55,0.08,0.11,-0.82,0.23,0.08,-0.8,-0.28,-0.14,0,1,-18.00
2006-06-18T01:00:00,-0.66,0.07,0.03,-0.8,0.36,0.15,-0.77,-0.19,-0.14,0,1,-18.00
2006-06-18T02:00:00,-0.8,0.13,-0.06,-0.8,0.46,-0.28,-0.72,-0.08,-0.14,0,1,-17.00
2006-06-18T03:00:00,-0.86,0.18,-0.25,-0.74,0.06,-0.58,-0.72,-0.05,-0.15,0,1,-11.00
2006-06-18T04:00:00,-0.87,0.31,-0.32,-0.64,-0.07,-0.65,-0.65,-0.19,-0.16,0,1,-10.00
2006-06-18T05:00:00,-0.86,0.1,-0.54,-0.53,-0.05,-0.13,-0.6,-0.25,-0.16,0,1,-15.00
2006-06-18T06:00:00,-0.77,0.24,-0.68,-0.57,-0.28,-0.17,-0.52,-0.17,-0.16,0,1,-15.00
2006-06-18T07:00:00,-0.58,-0.41,-0.71,-0.6,0.45,-0.37,-0.46,-0.0,-0.14,0,1,-15.00
2006-06-18T08:00:00,-0.1,0.07,-0.31,-0.75,0.35,-1.35,-0.37,0.51,0.51,0,0,-15.00
2006-06-18T09:00:00,-0.28,0.41,-0.08,-0.88,0.83,-0.97,-0.35,0.41,0.3,0,0,-20.00
2006-06-18T10:00:00,-0.67,0.35,0.1,-0.84,0.72,-0.42,-0.36,0.28,0.02,0,0,-21.00
2006-06-18T11:00:00,-0.68,0.37,0.21,-0.89,0.46,-0.46,-0.44,-0.03,-0.08,0,0,-20.00
2006-06-18T12:00:00,-0.43,0.64,0.21,-0.87,0.57,-0.07,-0.52,-0.03,-0.09,0,0,-14.00
2006-06-18T13:00:00,-0.73,0.23,0.17,-0.95,0.38,0.19,-0.54,0.09,-0.07,0,0,-13.00
2006-06-18T14:00:00,-0.76,-0.02,0.07,-0.97,0.06,-0.05,-0.61,-0.04,-0.1,0,0,-14.00
2006-06-18T15:00:00,-0.54,0.14,-0.09,-0.94,-0.02,-0.37,-0.62,-0.16,-0.08,0,0,-17.00
2006-06-18T16:00:00,-0.56,0.21,-0.02,-0.86,0.74,0.09,-0.6,-0.13,-0.07,0,0,-18.00
2006-06-18T17:00:00,-0.58,0.42,0.0,-0.66,0.6,0.02,-0.72,-0.28,-0.15,0,0,-20.00
2006-06-18T18:00:00,-0.49,0.47,0.13,-0.57,0.89,0.18,-0.69,-0.22,-0.13,0,0,-20.00
2006-06-18T19:00:00,-0.44,0.43,0.28,-0.28,0.46,0.32,-0.63,-0.21,-0.12,0,0,-20.00
2006-06-18T20:00:00,-0.5,0.44,0.34,-0.31,0.4,0.27,-0.59,-0.23,-0.13,0,0,-18.00
2006-06-18T21:00:00,-0.38,0.4,0.43,-0.28,0.12,0.01,-0.65,-0.32,-0.14,0,0,-16.00
2006-06-18T22:00:00,-0.36,0.31,0.41,-0.17,-0.07,-0.23,-0.56,-0.39,-0.13,0,0,-13.00
2006-06-18T23:00:00,-0.56,0.02,0.37,-0.33,-0.06,0.25,-0.66,-0.16,-0.11,0,0,-12.00
2006-06-19T00:00:00,-0.53,-0.04,0.24,-0.26,-0.1,0.22,-0.53,-0.15,-0.04,0,0,-10.00
2006-06-19T01:00:00,-0.6,0.05,0.28,-0.22,-0.0,-0.03,-0.72,0.01,-0.1,0,0,-10.00
2006-06-19T02:00:00,-0.46,0.12,0.26,-0.22,0.03,0.23,-0.68,-0.01,-0.04,0,0,-14.00
2006-06-19T03:00:00,-0.58,-0.0,0.18,-0.23,-0.04,0.35,-0.72,-0.06,-0.09,0,0,-13.00
2006-06-19T04:00:00,-0.43,0.08,0.24,-0.24,-0.28,0.1,-0.73,0.11,-0.0,0,0,-10.00
2006-06-19T05:00:00,0.01,0.27,0.28,-0.16,-0.49,-0.31,-0.64,-0.36,-0.04,0,0,-11.00
2006-06-19T06:00:00,-0.32,0.25,0.15,-0.01,-0.49,0.01,-0.67,-0.33,-0.07,0,0,-11.00
2006-06-19T07:00:00,-0.39,0.26,0.1,0.09,-0.55,0.16,-0.69,-0.4,-0.12,0,0,-12.00
2006-06-19T08:00:00,-0.5,0.23,0.07,0.1,-0.2,0.06,-0.71,0.31,0.0,0,0,-11.00
2006-06-19T09:00:00,-0.48,0.29,0.11,0.07,-0.15,0.06,-0.74,0.16,-0.05,0,0,-10.00
2006-06-19T10:00:00,-0.53,0.22,0.03,-0.06,0.1,0.0,-0.83,-0.12,-0.13,0,0,-10.00
2006-06-19T11:00:00,-0.52,0.24,0.05,0.02,-0.33,-0.01,-0.8,-0.33,-0.15,0,0,-11.00
2006-06-19T12:00:00,-0.55,0.19,0.06,0.14,-0.38,0.16,-0.73,-0.35,-0.14,0,0,-10.00
2006-06-19T13:00:00,-0.58,0.19,0.07,0.22,-0.4,0.16,-0.65,-0.39,-0.14,0,0,-8.00
2006-06-19T14:00:00,-0.59,0.17,0.07,0.25,-0.23,0.1,-0.72,-0.34,-0.14,0,0,-7.00
2006-06-19T15:00:00,-0.59,0.17,0.07,0.28,-0.15,0.04,-0.72,-0.39,-0.15,0,0,-7.00
2006-06-19T16:00:00,-0.53,0.2,0.1,0.4,-0.35,-0.11,-0.7,-0.48,-0.16,0,0,-9.00
2006-06-19T17:00:00,-0.53,0.22,0.07,0.39,-0.32,0.02,-0.66,-0.39,-0.14,0,0,-11.00
2006-06-19T18:00:00,-0.57,0.19,0.13,0.47,-0.31,-0.12,-0.67,-0.25,-0.11,0,0,-12.00
2006-06-19T19:00:00,-0.51,0.19,0.28,0.51,-0.33,-0.25,-0.7,-0.31,-0.13,0,0,-14.00
2006-06-19T20:00:00,-0.5,0.28,0.22,0.57,-0.54,-0.27,-0.67,-0.23,-0.11,0,0,-18.00
2006-06-19T21:00:00,-0.53,0.21,0.22,0.6,-0.52,-0.46,-0.63,-0.08,-0.07,0,0,-19.00
2006-06-19T22:00:00,-0.53,0.21,0.09,0.64,-0.4,-0.42,-0.53,0.07,0.02,0,0,-14.00
2006-06-19T23:00:00,-0.61,0.09,-0.16,0.56,-0.05,-0.11,-0.59,-0.24,-0.11,0,0,-11.00
2006-06-20T00:00:00,-0.74,0.12,-0.2,0.64,-0.12,0.1,-0.5,-0.21,-0.12,0,0,-8.00
2006-06-20T01:00:00,-0.87,0.08,-0.03,0.67,-0.39,-0.12,-0.38,-0.2,-0.11,0,0,-8.00
2006-06-20T02:00:00,-0.92,0.15,0.14,0.73,-0.3,-0.12,-0.38,-0.29,-0.14,0,0,-6.00
