2006-11-23T03:00:00,-0.11,-0.24,-0.13,0.91,-1.48,0.21,0.59,-0.06,1.42,1,0,-9.00
2006-11-23T04:00:00,-0.09,0.19,-0.33,0.92,-0.99,0.29,1.37,-0.01,0.94,1,0,-8.00
2006-11-23T05:00:00,0.03,-0.29,-0.57,0.77,-0.06,0.63,2.21,-0.0,0.48,1,0,-6.00
2006-11-23T06:00:00,0.21,0.05,-0.8,0.58,0.07,1.01,2.59,-0.08,0.19,1,0,-7.00
2006-11-29T16:00:00,1.49,1.97,1.05,0.5,-0.43,0.13,-0.65,-0.45,-0.19,0,1,-9.00
2006-11-29T17:00:00,1.64,2.03,0.92,0.53,0.11,-0.71,-0.49,-0.48,-0.19,0,1,-9.00
2006-11-29T18:00:00,1.75,2.05,0.32,0.55,0.41,-0.8,-0.5,-0.45,-0.19,0,1,-10.00
2006-11-29T19:00:00,1.34,2.13,0.24,0.49,0.32,-0.8,-0.23,-0.48,-0.19,0,1,-7.00
2006-11-29T20:00:00,1.27,2.0,-0.06,0.53,0.16,-1.01,-0.14,-0.47,-0.19,0,1,-6.00
2006-11-29T21:00:00,1.05,1.85,-0.34,0.58,-0.05,-0.66,0.16,-0.49,-0.18,0,1,-5.00
2006-11-29T22:00:00,0.9,1.8,-0.24,0.62,0.1,-0.36,0.2,-0.52,-0.19,0,1,-5.00
2006-11-29T23:00:00,0.73,1.77,-0.14,0.68,0.06,-0.29,0.22,-0.56,-0.19,0,1,-5.00
2006-11-30T00:00:00,0.55,1.76,-0.1,0.69,0.06,-0.35,-0.03,-0.58,-0.19,0,1,-11.00
2006-11-30T01:00:00,0.28,1.63,-0.5,0.68,-0.03,-0.7,0.15,-0.59,-0.19,0,1,-15.00
2006-11-30T02:00:00,0.11,1.31,-0.82,0.75,-0.36,-1.13,0.58,-0.57,-0.18,0,1,-19.00
2006-11-30T03:00:00,0.1,0.54,-1.26,0.68,-0.33,-0.63,1.52,-0.56,-0.18,0,1,-21.00
2006-11-30T04:00:00,-0.04,0.38,-1.45,0.62,-0.28,-0.19,1.16,-0.58,-0.18,0,1,-25.00
2006-11-30T05:00:00,-0.08,-0.06,-1.38,0.63,-0.21,-0.23,3.21,-0.56,-0.17,0,1,-30.00
2006-11-30T06:00:00,-0.22,0.78,-1.23,0.63,-0.2,-0.33,1.73,-0.51,-0.17,0,1,-41.00
2006-11-30T07:00:00,-0.25,0.65,-1.46,0.68,-0.49,-0.33,0.3,-0.54,-0.18,0,1,-51.00
2006-11-30T08:00:00,-0.28,0.55,-1.36,0.65,-0.17,0.04,0.55,-0.54,-0.18,0,1,-60.00
2006-11-30T09:00:00,-0.3,0.24,-1.09,0.62,-0.66,0.32,1.26,-0.53,-0.17,0,1,-66.00
2006-11-30T10:00:00,-0.18,-0.75,-0.91,0.61,0.03,0.52,0.43,-0.39,-0.15,0,1,-57.00
2006-11-30T11:00:00,-0.3,-0.5,-0.91,0.64,0.4,0.44,0.42,-0.34,-0.14,0,1,-62.00
2006-11-30T12:00:00,-0.57,-0.41,-0.96,0.59,0.08,0.75,0.25,-0.35,-0.15,0,1,-71.00
2006-11-30T13:00:00,-0.33,0.35,-0.78,0.61,0.54,0.32,0.51,-0.31,-0.11,0,1,-71.00
2006-11-30T14:00:00,-0.29,0.27,-0.44,0.53,0.47,-0.21,1.57,-0.36,0.1,0,1,-74.00
2006-11-30T15:00:00,-0.38,0.12,-0.4,0.56,0.59,-0.18,1.74,-0.4,0.1,0,0,-63.00
2006-11-30T16:00:00,-0.08,-0.99,0.15,0.59,0.63,0.42,0.11,-0.24,-0.1,0,0,-49.00
2006-11-30T17:00:00,0.18,-0.7,0.14,0.57,0.59,0.22,0.04,-0.17,0.02,0,0,-48.00
2006-11-30T18:00:00,0.35,-0.38,0.17,0.6,0.81,0.4,-0.03,-0.09,0.24,0,0,-53.00
2006-11-30T19:00:00,0.65,-0.3,0.1,0.65,0.77,0.34,-0.12,-0.06,0.03,0,0,-49.00
2006-11-30T20:00:00,0.34,-0.59,0.17,0.61,0.44,0.52,-0.18,-0.25,-0.04,0,0,-45.00
2006-11-30T21:00:00,0.22,-0.53,0.2,0.64,0.35,0.42,-0.19,-0.35,-0.04,0,0,-43.00
2006-11-30T22:00:00,0.15,-0.58,0.14,0.63,0.08,0.23,-0.14,-0.36,-0.04,0,0,-38.00
2006-11-30T23:00:00,0.18,-0.69,0.02,0.67,-0.28,-0.14,-0.27,-0.44,-0.13,0,0,-37.00
2006-12-01T00:00:00,0.38,-0.64,0.14,0.72,-0.32,-0.02,-0.23,-0.46,-0.14,0,0,---
2006-12-01T01:00:00,0.2,-0.73,0.02,0.71,-0.4,-0.12,-0.16,-0.46,-0.13,0,0,-33.00
2006-12-01T02:00:00,0.25,-0.7,-0.04,0.77,-0.36,-0.15,-0.15,-0.46,-0.13,0,0,-31.00
2006-12-01T03:00:00,0.19,-0.72,0.05,0.76,-0.4,-0.12,-0.15,-0.47,-0.13,0,0,-31.00
2006-12-01T04:00:00,0.28,-0.7,-0.05,0.8,-0.52,-0.43,-0.15,-0.5,-0.15,0,0,-32.00
2006-12-01T05:00:00,0.39,-0.75,-0.02,0.88,-0.84,-0.59,-0.12,-0.54,-0.16,0,0,-32.00
2006-12-01T06:00:00,0.22,-0.78,0.25,0.84,-0.72,-0.22,-0.0,-0.53,-0.16,0,0,-28.00
2006-12-01T07:00:00,0.27,-0.4,-0.15,0.87,-0.49,-0.67,0.17,-0.46,-0.03,0,0,-25.00
2006-12-01T08:00:00,0.28,-0.52,0.2,0.86,-0.6,0.0,0.3,-0.42,-0.02,0,0,-25.00
2006-12-01T09:00:00,0.44,0.29,0.23,0.87,0.12,-0.19,0.36,-0.42,0.02,0,0,-24.00
2006-12-01T10:00:00,0.65,0.06,0.38,0.85,0.11,-0.43,0.2,-0.39,-0.07,0,0,-27.00
2006-12-01T11:00:00,0.41,-0.25,0.32,0.83,-0.42,-0.6,0.13,-0.29,0.09,0,0,-26.00
2006-12-01T12:00:00,0.67,0.09,0.12,0.83,0.09,-0.88,0.18,-0.3,0.0,0,0,-26.00
2006-12-01T13:00:00,0.36,-0.52,0.49,0.75,-0.48,-0.25,0.2,-0.34,-0.07,0,0,-26.00
2006-12-01T14:00:00,-0.05,-0.77,0.15,0.72,-0.47,-0.51,0.23,-0.37,-0.07,0,0,-27.00
2006-12-01T15:00:00,0.33,-0.48,0.37,0.79,-0.34,-0.17,0.25,-0.33,-0.0,0,0,-28.00
2006-12-01T16:00:00,0.28,-0.0,0.24,0.76,0.24,-0.37,0.31,-0.27,0.73,0,0,-26.00
2006-12-01T17:00:00,0.36,-0.49,-0.09,0.74,0.05,-0.64,0.59,-0.18,0.21,0,0,-25.00
2006-12-01T18:00:00,0.5,-0.22,0.55,0.71,0.11,0.13,0.69,-0.15,0.09,0,0,-22.00
2006-12-01T19:00:00,0.51,-0.14,0.62,0.66,0.29,0.17,0.86,-0.19,0.07,0,0,-21.00
2006-12-01T20:00:00,0.24,-0.34,-0.18,0.63,0.05,-0.22,0.81,-0.23,0.46,0,0,-22.00
2006-12-01T21:00:00,0.36,-0.61,-0.14,0.67,-0.25,-0.08,0.62,-0.28,0.04,0,0,-19.00
2006-12-01T22:00:00,0.55,-0.33,0.36,0.73,-0.17,0.3,0.49,-0.3,0.02,0,0,-15.00
2006-12-01T23:00:00,0.3,-0.54,0.08,0.73,-0.34,0.24,0.46,-0.34,0.06,0,0,-16.00
2006-12-02T00:00:00,0.32,-0.71,0.11,0.79,-0.44,0.2,0.31,-0.36,-0.06,0,0,-16.00
2006-12-02T01:00:00,0.45,-0.49,0.4,0.88,-0.28,0.39,0.28,-0.37,-0.06,0,0,-14.00
2006-12-02T02:00:00,0.41,-0.83,0.09,0.92,-0.66,0.29,0.17,-0.46,-0.14,0,0,-16.00
2006-12-02T03:00:00,0.26,-0.88,-0.12,0.91,-0.69,0.1,0.06,-0.48,-0.15,0,0,-19.00
2006-12-02T04:00:00,-0.05,-0.9,0.07,0.86,-0.67,0.03,0.0,-0.5,-0.15,0,0,-19.00
2006-12-02T05:00:00,0.1,-0.88,-0.02,0.89,-0.68,-0.06,0.07,-0.5,-0.15,0,0,-20.00
2006-12-02T06:00:00,-0.03,-0.89,-0.01,0.93,-0.74,-0.17,0.01,-0.52,-0.16,0,0,-21.00
2006-12-02T07:00:00,0.31,-0.82,-0.03,0.99,-0.64,-0.17,0.11,-0.5,-0.15,0,0,-19.00
2006-12-02T08:00:00,0.05,-0.92,0.08,0.89,-0.62,-0.11,0.1,-0.5,-0.15,0,0,-18.00
2006-12-02T09:00:00,-0.13,-0.9,0.13,0.85,-0.54,0.01,0.18,-0.5,-0.15,0,0,-19.00
2006-12-02T10:00:00,-0.22,-0.86,0.25,0.85,-0.51,0.1,0.25,-0.5,-0.15,0,0,-19.00
2006-12-02T11:00:00,-0.17,-0.82,0.25,0.84,-0.5,0.24,0.31,-0.48,-0.13,0,0,-19.00
2006-12-02T12:00:00,-0.18,-0.83,0.08,0.86,-0.42,-0.01,0.42,-0.49,-0.12,0,0,-17.00
2006-12-02T13:00:00,-0.11,-0.7,0.3,0.88,-0.39,0.23,0.4,-0.46,-0.1,0,0,-18.00
2006-12-02T14:00:00,0.25,-0.54,0.2,0.96,-0.25,0.21,0.4,-0.43,-0.02,0,0,-18.00
2006-12-02T15:00:00,0.38,-0.51,0.48,0.98,-0.27,0.63,0.3,-0.42,-0.09,0,0,-16.00
2006-12-02T16:00:00,0.35,-0.58,0.22,1.01,-0.39,0.4,0.34,-0.37,-0.03,0,0,-16.00
2006-12-02T17:00:00,0.66,-0.12,0.18,1.01,-0.18,0.27,0.26,-0.31,0.01,0,0,-17.00
2006-12-02T18:00:00,0.16,-1.04,0.04,1.01,-0.48,0.32,0.12,-0.47,-0.15,0,0,-14.00
2006-12-02T19:00:00,0.18,-0.97,0.19,1.07,-0.51,0.28,0.16,-0.44,-0.14,0,0,-14.00
2006-12-02T20:00:00,0.14,-0.98,-0.07,1.01,-0.52,0.03,0.16,-0.47,-0.15,0,0,-14.00
2006-12-02T21:00:00,0.18,-0.88,0.02,1.04,-0.41,0.21,0.12,-0.42,-0.12,0,0,-14.00
2006-12-02T22:00:00,0.37,0.02,0.15,0.99,-0.15,0.31,0.26,-0.36,0.36,0,0,-12.00
2006-12-02T23:00:00,0.22,0.21,-0.15,0.96,0.17,0.1,0.34,-0.32,0.38,0,0,-12.00
2006-12-03T00:00:00,0.0,0.06,-0.23,0.93,0.34,0.06,0.22,-0.42,0.25,0,0,-11.00
2006-12-03T01:00:00,0.45,0.59,0.1,0.98,0.3,0.03,0.25,-0.35,-0.06,0,0,-10.00
2006-12-03T02:00:00,0.41,0.45,-0.13,1.0,0.45,0.02,0.28,-0.34,0.0,0,0,-11.00
2006-12-03T03:00:00,0.17,-0.02,-0.1,1.04,0.36,0.08,0.34,-0.29,1.31,0,0,-15.00
2006-12-03T04:00:00,0.21,0.27,0.02,1.04,0.35,0.06,0.28,-0.29,0.56,0,0,-17.00
2006-12-03T05:00:00,0.38,0.23,0.1,1.04,0.32,0.15,0.29,-0.25,0.36,0,0,-17.00
2006-12-03T06:00:00,0.28,0.35,0.24,1.02,0.43,0.19,0.16,-0.31,0.13,0,0,-16.00
2006-12-03T07:00:00,0.34,-0.02,0.13,1.02,0.19,0.11,0.13,-0.26,0.63,0,0,-17.00
2006-12-03T08:00:00,0.29,-0.31,0.19,1.03,0.04,0.02,0.07,-0.3,0.24,0,0,-17.00
2006-12-03T09:00:00,0.26,-0.39,0.26,1.02,0.01,-0.0,0.06,-0.33,0.09,0,0,-16.00
2006-12-03T10:00:00,0.38,-0.36,0.03,1.05,-0.03,-0.17,0.06,-0.32,0.09,0,0,-14.00
2006-12-03T11:00:00,0.17,-0.37,0.26,1.04,0.02,-0.11,0.04,-0.39,0.08,0,0,-12.00
2006-12-03T12:00:00,0.28,-0.55,0.13,1.09,-0.06,-0.16,0.16,-0.37,-0.0,0,0,-11.00
2006-12-03T13:00:00,0.24,-0.32,-0.32,1.09,0.09,-0.54,0.14,-0.38,-0.01,0,0,-12.00
2006-12-03T14:00:00,0.14,-0.76,-0.11,1.11,-0.04,-0.44,0.0,-0.43,-0.12,0,0,-13.00
2006-12-03T15:00:00,0.06,-0.75,0.12,1.07,-0.31,-0.0,-0.02,-0.47,-0.13,0,0,-15.00
2006-12-03T16:00:00,-0.4,-0.72,-0.1,1.01,-0.21,-0.15,-0.14,-0.52,-0.16,0,0,-19.00
2006-12-03T17:00:00,-0.2,-0.68,-0.02,1.04,-0.15,-0.16,-0.11,-0.5,-0.14,0,0,-21.00
2006-12-03T18:00:00,-0.14,-0.73,-0.19,1.05,-0.19,-0.56,-0.13,-0.5,-0.15,0,0,-19.00
2006-12-03T19:00:00,-0.16,-0.76,-0.2,1.06,-0.2,-0.6,-0.14,-0.51,-0.16,0,0,-18.00
2006-12-03T20:00:00,-0.29,-0.8,-0.14,1.06,-0.33,-0.56,-0.1,-0.51,-0.16,0,0,-17.00
2006-12-03T21:00:00,-0.17,-0.78,-0.09,1.05,-0.16,-0.21,-0.2,-0.52,-0.16,0,0,-17.00
2006-12-03T22:00:00,-0.47,-0.66,-0.06,0.98,-0.09,-0.25,-0.09,-0.54,-0.16,0,0,-15.00
2006-12-03T23:00:00,-0.13,-0.78,0.0,1.07,-0.21,-0.19,-0.11,-0.52,-0.15,0,0,-13.00
2006-12-04T00:00:00,0.19,-0.78,0.05,1.17,-0.28,-0.09,-0.13,-0.5,-0.15,0,0,-11.00
2006-12-04T01:00:00,0.21,-0.71,0.23,1.18,-0.34,0.08,-0.16,-0.51,-0.15,0,0,-9.00
2006-12-04T02:00:00,-0.15,-0.65,0.21,1.13,-0.15,-0.16,-0.21,-0.52,-0.15,0,0,-10.00
2006-12-04T03:00:00,-0.2,-0.59,0.25,1.21,-0.28,-0.06,-0.19,-0.55,-0.15,0,0,-11.00
2006-12-04T04:00:00,-0.37,-0.5,0.3,1.2,-0.25,0.0,-0.19,-0.55,-0.16,0,0,-13.00
2006-12-04T05:00:00,-0.11,-0.45,0.29,1.29,-0.23,0.06,-0.13,-0.52,-0.11,0,0,-14.00
2006-12-04T06:00:00,0.24,-0.5,0.33,1.37,-0.28,-0.06,-0.14,-0.49,-0.12,0,0,-13.00
2006-12-04T07:00:00,0.36,-0.4,0.27,1.43,-0.12,-0.13,-0.01,-0.48,-0.09,0,0,-13.00
2006-12-04T08:00:00,0.12,-0.44,0.41,1.38,-0.28,-0.01,-0.02,-0.54,-0.14,0,0,-14.00
2006-12-04T09:00:00,-0.02,-0.58,0.38,1.35,-0.43,-0.01,-0.05,-0.55,-0.15,0,0,-12.00
2006-12-04T10:00:00,-0.29,-0.54,0.3,1.28,-0.4,-0.08,-0.03,-0.55,-0.15,0,0,-9.00
2006-12-04T11:00:00,0.04,-0.66,0.28,1.4,-0.52,-0.06,-0.06,-0.55,-0.15,0,0,-8.00
2006-12-04T12:00:00,-0.26,-0.55,0.28,1.35,-0.35,-0.11,-0.14,-0.52,-0.14,0,0,-9.00
2006-12-04T13:00:00,-0.52,-0.54,0.06,1.3,-0.38,-0.25,-0.13,-0.51,-0.15,0,0,-11.00
2006-12-04T14:00:00,0.07,-0.6,0.16,1.43,-0.43,-0.11,-0.14,-0.53,-0.14,0,0,-14.00
2006-12-04T15:00:00,0.23,-0.68,-0.02,1.5,-0.55,-0.28,-0.12,-0.53,-0.15,0,0,-15.00
2006-12-04T16:00:00,0.25,-0.58,-0.19,1.49,-0.4,-0.4,-0.2,-0.52,-0.15,0,0,-16.00
2006-12-04T17:00:00,-0.2,-0.58,-0.09,1.46,-0.37,-0.37,-0.19,-0.53,-0.15,0,0,-15.00
2006-12-04T18:00:00,0.22,-0.54,-0.16,1.52,-0.35,-0.44,-0.14,-0.51,-0.13,0,0,-14.00
2006-12-04T19:00:00,0.44,-0.34,-0.18,1.59,-0.21,-0.31,-0.15,-0.5,-0.12,0,0,-15.00
2006-12-04T20:00:00,0.27,-0.47,0.01,1.59,-0.14,-0.21,-0.12,-0.5,-0.1,0,0,-17.00
2006-12-04T21:00:00,0.07,-0.35,-0.04,1.54,-0.09,-0.24,-0.08,-0.52,-0.02,0,0,-17.00
2006-12-04T22:00:00,0.45,-0.21,-0.05,1.6,0.11,-0.26,0.03,-0.5,-0.06,0,0,-18.00
2006-12-04T23:00:00,0.22,-0.31,0.15,1.59,0.02,-0.16,0.01,-0.5,0.02,0,0,-17.00
2006-12-05T00:00:00,-0.34,-0.25,0.29,1.55,-0.11,-0.07,0.03,-0.55,-0.11,0,0,-14.00
2006-12-05T01:00:00,-0.37,-0.33,0.05,1.56,-0.17,-0.18,0.04,-0.54,-0.1,0,0,-13.00
2006-12-05T02:00:00,0.04,-0.38,0.05,1.63,-0.22,-0.14,0.12,-0.55,-0.03,0,0,-12.00
2006-12-05T03:00:00,0.27,-0.34,0.17,1.66,-0.24,-0.1,0.1,-0.53,-0.06,0,0,-11.00
2006-12-05T04:00:00,0.07,-0.37,0.25,1.65,-0.36,0.04,0.17,-0.55,-0.06,0,0,-11.00
2006-12-05T05:00:00,0.04,-0.54,0.24,1.65,-0.34,0.06,0.15,-0.55,-0.12,0,0,-12.00
2006-12-05T06:00:00,0.07,-0.43,-0.04,1.64,-0.37,0.08,0.26,-0.54,-0.05,0,0,-9.00
2006-12-05T07:00:00,0.41,-0.35,-0.13,1.68,-0.38,0.1,0.19,-0.54,-0.11,0,0,-7.00
2006-12-05T08:00:00,0.45,-0.55,-0.15,1.61,-0.56,0.2,0.55,-0.52,-0.12,0,0,-9.00
2006-12-05T09:00:00,0.43,-0.67,0.14,1.53,-0.69,0.66,1.03,-0.53,-0.11,1,0,-7.00
2006-12-05T10:00:00,0.65,-0.7,0.28,1.54,-0.72,0.58,1.27,-0.53,-0.14,1,0,-3.00
2006-12-05T11:00:00,0.49,-0.58,0.53,1.49,-0.68,0.57,1.64,-0.55,-0.13,1,0,3.00
2006-12-05T12:00:00,0.46,-0.81,0.22,1.47,-0.93,0.56,2.24,-0.56,-0.13,1,0,2.00
2006-12-05T13:00:00,0.34,-1.16,-0.05,1.54,-1.03,0.69,1.71,-0.56,-0.16,1,0,0.00
2006-12-05T14:00:00,0.46,-1.08,0.08,1.51,-1.06,0.95,1.91,-0.57,-0.16,1,0,2.00
2006-12-05T15:00:00,0.37,-0.73,0.09,1.42,-1.22,0.44,2.23,-0.55,-0.09,1,0,1.00
2006-12-05T16:00:00,-0.73,0.96,0.28,1.4,-1.17,0.24,1.61,-0.51,-0.15,1,0,-5.00
2006-12-05T17:00:00,-0.11,0.31,0.43,1.4,-1.04,0.4,1.6,-0.46,0.14,1,0,-5.00
2006-12-05T18:00:00,-0.5,0.66,0.88,1.26,-1.73,-1.91,4.5,-0.36,0.0,1,0,-3.00
2006-12-05T19:00:00,-0.72,0.94,0.64,1.09,-0.14,0.45,1.46,-0.33,-0.11,1,0,-2.00
2006-12-05T20:00:00,-0.61,0.41,-0.02,0.85,0.01,-0.05,1.41,-0.05,0.34,1,0,1.00
2006-12-05T21:00:00,-1.18,0.42,-0.57,0.79,-0.46,-0.17,1.26,-0.07,-0.06,1,0,2.00
2006-12-05T22:00:00,-1.02,0.57,-0.16,0.81,-0.36,0.1,1.12,-0.09,-0.02,1,0,5.00
2006-12-05T23:00:00,-0.57,0.45,-0.56,0.72,-0.27,0.33,1.06,0.11,0.1,1,0,6.00
2006-12-06T00:00:00,0.64,-0.82,-0.94,0.53,0.65,-0.0,1.22,0.04,-0.06,1,0,0.00
2006-12-06T01:00:00,-0.57,-0.4,-0.88,0.52,0.78,0.17,1.31,0.22,0.05,1,0,-4.00
2006-12-06T02:00:00,-1.35,0.83,-0.25,0.65,-0.02,-0.13,1.25,0.21,-0.04,1,0,-6.00
2006-12-06T03:00:00,-0.66,1.15,0.42,0.5,-0.37,-0.54,1.03,0.32,0.01,1,0,-14.00
2006-12-06T04:00:00,-0.64,1.57,0.17,0.44,-0.43,-0.28,0.85,0.28,-0.07,1,0,-25.00
2006-12-06T05:00:00,-0.64,1.36,0.6,0.39,-0.02,-0.83,0.77,0.34,-0.06,1,0,-30.00
2006-12-06T06:00:00,-0.84,1.42,-0.24,0.29,0.25,0.16,1.02,0.6,-0.01,1,0,-26.00
2006-12-06T07:00:00,-1.32,0.73,-0.64,0.4,0.07,0.13,0.79,0.31,-0.07,1,0,-23.00
2006-12-06T08:00:00,-1.08,0.32,-0.76,0.32,0.35,0.07,0.95,0.38,-0.0,1,0,-19.00
2006-12-06T09:00:00,-0.83,0.25,-1.29,0.17,0.43,1.02,0.97,0.22,-0.08,1,0,-18.00
2006-12-06T10:00:00,-1.12,0.82,-0.86,0.22,-0.28,0.35,1.13,0.27,-0.06,1,0,-21.00
2006-12-06T11:00:00,-0.99,1.07,-0.82,0.14,-0.41,0.7,1.04,0.3,-0.07,1,0,-31.00
2006-12-06T12:00:00,-1.7,1.06,-0.17,0.31,-0.35,0.47,0.89,0.19,-0.11,1,0,-44.00
2006-12-06T13:00:00,-0.97,1.45,-0.55,0.06,-0.69,1.24,0.89,0.24,-0.09,1,0,-55.00
2006-12-06T14:00:00,-1.29,1.77,0.18,0.11,-0.86,0.64,0.88,0.26,-0.12,1,0,-48.00
2006-12-06T15:00:00,-0.81,1.05,0.24,-0.26,0.43,0.18,1.15,0.86,0.18,1,0,-45.00
2006-12-06T16:00:00,-0.27,0.44,0.12,-0.44,1.03,0.14,1.34,1.17,2.95,1,0,-51.00
2006-12-06T17:00:00,-0.6,1.1,-0.14,-0.49,0.35,0.24,0.93,0.97,0.2,1,0,-49.00
2006-12-06T18:00:00,-0.76,0.53,0.7,-0.56,1.21,-0.88,0.83,1.16,0.29,1,0,-41.00
2006-12-06T19:00:00,-0.57,0.37,0.86,-0.77,1.89,-0.81,0.48,1.04,0.2,1,0,-36.00
2006-12-06T20:00:00,-0.54,0.71,0.39,-0.79,1.35,0.67,0.42,1.21,0.38,1,0,-35.00
2006-12-06T21:00:00,-1.42,0.42,0.6,-0.57,1.72,0.14,0.45,0.88,-0.01,1,0,-47.00
2006-12-06T22:00:00,-1.01,1.13,-0.19,-0.68,0.94,1.05,0.37,0.82,-0.02,1,0,-38.00
2006-12-06T23:00:00,-0.85,1.01,-0.11,-0.69,0.97,0.53,0.12,0.51,-0.04,1,0,-30.00
2006-12-07T00:00:00,-0.59,0.76,-0.5,-0.91,0.92,0.88,0.27,0.43,0.01,1,0,-32.00
2006-12-07T01:00:00,-0.69,0.91,-0.21,-0.84,0.7,0.45,0.18,0.43,-0.01,1,0,-34.00
2006-12-07T02:00:00,-0.48,0.77,-0.29,-0.93,0.57,0.33,0.25,0.49,0.09,1,0,-34.00
2006-12-07T03:00:00,-0.62,0.5,0.17,-0.9,0.82,-0.35,0.14,0.31,0.15,1,0,-39.00
2006-12-07T04:00:00,-0.69,0.56,0.3,-0.96,0.42,-0.47,-0.04,0.19,-0.0,1,0,-35.00
2006-12-07T05:00:00,-0.82,-0.08,-0.2,-0.95,0.84,0.1,-0.02,0.13,0.02,1,0,-33.00
2006-12-07T06:00:00,-0.21,0.51,0.18,-1.27,0.18,-0.87,-0.13,0.43,0.38,1,0,-37.00
2006-12-07T07:00:00,0.1,0.78,0.41,-1.42,-0.43,-0.7,-0.22,0.29,-0.0,1,0,-38.00
2006-12-07T08:00:00,-0.56,0.49,0.03,-1.1,-0.12,-0.12,-0.12,0.41,0.15,1,0,-31.00
2006-12-07T09:00:00,-0.69,0.36,-0.15,-1.05,-0.17,0.34,-0.15,0.18,0.03,0,0,-30.00
2006-12-07T10:00:00,-1.05,0.53,-0.35,-1.36,-0.29,1.49,0.15,0.58,-0.01,0,0,-30.00
2006-12-07T11:00:00,-0.47,0.51,-0.05,-1.81,-0.17,0.97,0.17,1.25,0.7,0,0,-29.00
2006-12-07T12:00:00,-0.53,0.33,-0.12,-1.84,0.06,-0.05,0.06,1.33,0.78,0,0,-26.00
2006-12-07T13:00:00,-0.34,0.38,0.31,-2.03,-0.03,-0.5,-0.14,0.82,0.55,0,0,-31.00
2006-12-07T14:00:00,-0.69,0.82,-0.07,-2.18,0.07,0.31,-0.43,0.34,-0.09,0,0,-30.00
2006-12-07T15:00:00,-0.72,0.92,0.09,-2.03,-0.42,0.14,-0.49,0.27,-0.12,0,0,-30.00
2006-12-07T16:00:00,-0.67,0.62,-0.03,-1.85,0.24,0.73,-0.47,0.18,-0.08,0,0,-35.00
2006-12-07T17:00:00,-0.21,1.04,0.07,-2.06,-0.45,0.79,-0.52,0.16,-0.12,0,0,-37.00
2006-12-07T18:00:00,-0.39,0.76,0.02,-1.94,-0.01,0.62,-0.56,0.03,-0.11,0,0,-35.00
2006-12-07T19:00:00,-0.22,0.96,-0.17,-1.89,-0.4,1.19,-0.51,0.02,-0.13,0,0,-37.00
2006-12-07T20:00:00,-0.16,0.97,-0.08,-1.84,-0.43,0.77,-0.52,0.01,-0.13,0,0,-37.00
2006-12-07T21:00:00,-0.36,0.9,-0.2,-1.71,-0.3,1.04,-0.51,-0.05,-0.14,0,0,-40.00
2006-12-07T22:00:00,0.4,0.63,0.03,-1.91,-0.62,0.47,-0.49,-0.26,-0.12,0,0,-45.00
2006-12-07T23:00:00,-0.13,0.39,-0.17,-1.6,-0.18,0.75,-0.4,-0.18,0.03,0,0,-47.00
2006-12-08T00:00:00,0.02,0.73,-0.19,-1.58,-0.66,0.65,-0.32,-0.21,-0.1,0,0,-41.00
2006-12-08T01:00:00,0.47,0.42,-0.07,-1.58,-0.1,0.22,-0.29,-0.22,-0.04,0,0,-36.00
2006-12-08T02:00:00,0.47,0.46,-0.53,-1.5,-0.26,0.3,-0.2,-0.11,-0.1,0,0,-31.00
2006-12-08T03:00:00,0.32,0.84,-0.3,-1.51,-0.69,0.34,0.11,-0.01,-0.05,0,0,-32.00
2006-12-08T04:00:00,0.04,0.75,-0.33,-2.08,-2.85,2.64,1.13,1.54,1.02,0,0,-35.00
2006-12-08T05:00:00,-0.78,1.04,0.32,-1.87,-2.76,3.77,1.69,0.68,0.22,0,0,-30.00
2006-12-08T06:00:00,-0.12,0.84,-0.4,-1.76,-4.67,3.3,0.65,2.03,0.68,0,0,-23.00
2006-12-08T07:00:00,-0.2,-0.38,0.12,-1.71,-4.61,3.1,0.73,1.25,3.82,0,0,-20.00
2006-12-08T08:00:00,-0.46,-1.03,-0.21,-1.56,-3.32,2.57,0.52,0.76,0.14,0,0,-23.00
2006-12-08T09:00:00,-0.37,-0.26,-0.26,-1.34,-1.85,2.39,0.85,0.13,0.67,0,0,-22.00
2006-12-08T10:00:00,0.48,0.38,0.61,-1.09,-3.32,2.0,0.75,0.35,0.27,0,0,-24.00
2006-12-08T11:00:00,-0.56,0.41,-0.07,-1.26,-2.73,1.78,0.17,0.75,0.47,0,0,-30.00
2006-12-08T12:00:00,-0.17,0.25,-0.09,-1.22,-2.09,2.04,0.79,-0.03,1.46,0,0,-19.00
2006-12-08T13:00:00,-0.33,-1.02,0.33,-1.08,-2.64,1.76,0.36,0.3,0.03,0,0,-23.00
2006-12-08T14:00:00,-0.32,-0.41,0.15,-1.19,-2.81,1.09,0.16,0.39,0.79,0,0,-31.00
2006-12-08T15:00:00,-0.03,-0.16,0.24,-1.28,-2.67,1.19,0.55,0.29,4.97,0,0,-35.00
2006-12-08T16:00:00,0.36,0.15,-0.1,-1.2,-2.26,1.04,0.42,0.08,0.96,0,0,-33.00
2006-12-08T17:00:00,0.66,0.53,-0.39,-1.01,-2.43,0.75,-0.11,0.19,-0.04,0,0,-26.00
2006-12-08T18:00:00,0.16,0.42,-0.07,-0.89,-2.14,0.84,-0.05,0.16,0.46,0,0,-26.00
2006-12-08T19:00:00,-0.15,-0.43,0.33,-0.76,-1.89,0.25,0.47,-0.14,0.35,0,0,-30.00
2006-12-08T20:00:00,0.1,0.34,-0.23,-0.68,-1.74,-0.31,0.37,0.08,0.61,0,0,-24.00
2006-12-08T21:00:00,0.64,0.75,0.38,-0.61,-1.85,0.48,0.09,0.04,-0.05,0,0,-19.00
2006-12-08T22:00:00,0.49,0.53,0.49,-0.63,-1.76,-0.51,-0.02,-0.13,-0.06,0,0,-18.00
2006-12-08T23:00:00,-0.23,-0.33,-0.01,-0.52,-1.58,-0.3,0.33,-0.27,0.46,0,0,-29.00
2006-12-09T00:00:00,0.48,0.43,0.06,-0.43,-1.42,-0.29,0.08,-0.27,0.01,0,0,-23.00
2006-12-09T01:00:00,0.04,0.03,0.25,-0.36,-1.17,-0.39,0.19,-0.21,2.07,0,0,-19.00
2006-12-09T02:00:00,0.03,0.05,0.3,-0.32,-0.98,-0.71,0.24,-0.23,1.11,0,0,-19.00
2006-12-09T03:00:00,-0.21,0.18,0.27,-0.23,-0.98,-0.3,0.29,-0.34,0.41,0,0,-17.00
2006-12-09T04:00:00,-0.08,0.11,0.18,-0.18,-1.03,0.1,0.54,-0.4,1.82,0,0,-16.00
2006-12-09T05:00:00,0.79,-0.35,-0.16,-0.17,-1.45,0.47,-0.07,-0.3,-0.11,0,0,-14.00
2006-12-09T06:00:00,0.6,-0.28,0.14,-0.48,-0.73,0.19,-0.45,0.2,0.05,0,0,-14.00
2006-12-09T07:00:00,0.87,0.02,0.47,-0.12,-0.89,0.66,-0.23,-0.29,-0.13,0,0,-20.00
2006-12-09T08:00:00,0.84,-0.33,0.47,-0.05,-0.69,0.74,-0.33,-0.45,-0.16,0,0,-24.00
2006-12-09T09:00:00,0.83,-0.41,0.38,0.01,-0.65,0.47,-0.32,-0.45,-0.16,0,0,-22.00
2006-12-09T10:00:00,0.69,-0.49,0.46,0.05,-0.9,0.41,-0.36,-0.45,-0.16,0,0,-20.00
2006-12-09T11:00:00,0.64,-0.55,0.3,0.04,-0.93,0.12,-0.42,-0.28,-0.13,0,0,-21.00
2006-12-09T12:00:00,0.63,-0.52,0.12,-0.04,-1.05,-0.02,-0.44,-0.0,-0.07,0,0,-19.00
2006-12-09T13:00:00,0.53,-0.54,-0.12,0.09,-0.9,0.16,-0.55,-0.15,-0.11,0,0,-21.00
2006-12-09T14:00:00,0.24,-0.47,-0.01,0.16,-1.44,0.15,-0.38,-0.27,-0.01,0,0,-24.00
2006-12-09T15:00:00,0.09,-0.46,-0.38,-0.11,-0.68,-0.48,-0.58,-0.12,-0.1,0,0,-30.00
2006-12-09T16:00:00,-0.16,-0.2,-0.17,-0.11,-0.61,-0.72,-0.23,-0.26,0.26,0,0,-31.00
2006-12-09T17:00:00,-0.12,0.12,-0.03,-0.33,-0.07,-0.87,-0.14,-0.3,1.03,0,0,-31.00
2006-12-09T18:00:00,-0.27,0.24,-0.26,-0.53,0.41,-0.26,-0.33,-0.26,-0.01,0,0,-28.00
2006-12-09T19:00:00,-0.25,0.37,-0.23,-0.59,0.4,0.2,-0.26,-0.28,-0.03,0,0,-23.00
2006-12-09T20:00:00,0.55,0.1,-0.55,-0.63,0.32,0.22,-0.46,-0.37,-0.15,0,0,-20.00
2006-12-09T21:00:00,0.6,-0.5,0.53,-0.64,0.04,0.2,-0.58,-0.41,-0.17,0,0,-21.00
2006-12-09T22:00:00,0.68,-0.54,0.57,-0.72,0.24,0.86,-0.72,-0.43,-0.18,0,0,-27.00
2006-12-09T23:00:00,0.67,-0.64,0.17,-0.73,-0.15,0.67,-0.66,-0.3,-0.16,0,0,-34.00
2006-12-10T00:00:00,0.51,-0.85,-0.01,-0.79,-0.52,0.34,-0.67,-0.34,-0.17,0,0,-37.00
2006-12-10T01:00:00,0.87,-0.39,0.0,-0.71,-0.01,0.44,-0.51,-0.2,-0.14,0,0,-31.00
2006-12-10T02:00:00,0.7,-0.12,-0.21,-0.81,1.19,-0.17,-0.47,-0.13,-0.09,0,0,-28.00
2006-12-10T03:00:00,0.53,-0.36,-0.05,-0.88,0.45,-0.08,-0.52,-0.07,-0.04,0,0,-23.00
2006-12-10T04:00:00,0.74,0.07,0.48,-0.83,0.58,1.01,-0.53,0.05,-0.1,0,0,-26.00
2006-12-10T05:00:00,0.7,-0.41,0.69,-0.96,-0.14,0.98,-0.45,0.23,-0.1,0,0,-29.00
2006-12-10T06:00:00,0.72,-0.22,0.44,-1.05,0.04,0.24,-0.42,0.44,-0.0,0,0,-28.00
2006-12-10T07:00:00,0.44,-0.25,0.07,-1.26,0.2,-0.51,-0.46,0.48,0.36,0,0,-22.00
2006-12-10T08:00:00,0.22,-0.45,0.25,-1.4,-0.14,0.02,-0.45,0.41,0.26,0,0,-21.00
2006-12-10T09:00:00,0.35,-0.42,0.36,-1.34,0.05,0.06,-0.42,0.53,0.17,0,0,-22.00
2006-12-10T10:00:00,0.39,-0.33,0.14,-1.32,0.23,-0.73,-0.39,0.38,0.36,0,0,-24.00
2006-12-10T11:00:00,0.23,-0.67,0.14,-1.39,-0.31,-0.13,-0.38,0.38,0.09,0,0,-29.00
2006-12-10T12:00:00,0.5,-0.22,0.31,-1.2,0.64,0.15,-0.29,0.24,0.19,0,0,-24.00
2006-12-10T13:00:00,0.62,-0.42,0.2,-1.12,0.37,0.1,-0.23,0.27,0.08,0,0,-21.00
2006-12-10T14:00:00,0.4,-0.5,0.15,-1.22,0.04,0.04,-0.28,0.27,0.16,0,0,-21.00
2006-12-10T15:00:00,0.36,-0.43,-0.48,-1.25,0.15,-1.01,-0.33,0.32,-0.0,0,0,-29.00
2006-12-10T16:00:00,0.44,-0.78,0.36,-1.19,-0.41,0.43,-0.29,0.43,-0.01,0,0,-28.00
2006-12-10T17:00:00,0.33,-0.65,0.33,-1.26,-0.68,0.7,-0.33,0.35,0.04,0,0,-36.00
2006-12-10T18:00:00,0.54,-0.11,0.44,-1.16,0.2,1.01,-0.31,0.26,0.09,0,0,-37.00
2006-12-10T19:00:00,0.41,-0.63,0.37,-1.22,-0.48,0.83,-0.34,0.28,0.0,0,0,-35.00
2006-12-10T20:00:00,0.23,-0.0,-0.24,-1.31,0.18,-0.1,-0.39,0.28,0.48,0,0,-31.00
2006-12-10T21:00:00,0.65,-0.44,0.25,-1.15,-0.34,1.03,-0.37,0.23,-0.01,0,0,-29.00
2006-12-10T22:00:00,0.47,-0.33,-0.26,-1.21,-0.31,0.18,-0.4,0.35,0.08,0,0,-27.00
2006-12-10T23:00:00,0.64,0.12,-0.41,-1.06,0.26,-0.38,-0.42,0.33,-0.02,0,0,-34.00
2006-12-11T00:00:00,0.44,-0.45,-0.35,-1.21,-0.71,-0.37,-0.43,0.4,0.01,0,0,-33.00
2006-12-11T01:00:00,0.98,-0.53,0.04,-0.98,-0.9,0.22,-0.45,0.23,-0.1,0,0,-32.00
2006-12-11T02:00:00,0.75,-0.65,0.11,-1.17,-0.97,0.46,-0.4,0.62,-0.02,0,0,-28.00
2006-12-11T03:00:00,0.47,-0.21,-0.35,-1.3,-0.32,-0.1,-0.39,0.84,0.2,0,0,-27.00
2006-12-11T04:00:00,0.56,-0.37,-0.23,-1.36,-0.41,-0.07,-0.43,0.92,0.16,0,0,-24.00
2006-12-11T05:00:00,0.37,0.38,0.21,-1.56,0.66,0.54,-0.36,1.54,0.75,0,0,-27.00
2006-12-11T06:00:00,0.34,0.03,0.18,-1.66,0.41,0.15,-0.46,1.38,1.62,0,0,-35.00
2006-12-11T07:00:00,0.86,-0.4,0.31,-1.37,-0.37,0.24,-0.5,0.88,-0.02,0,0,-32.00
2006-12-11T08:00:00,0.86,-0.08,0.16,-1.38,-0.01,-0.2,-0.54,0.84,0.01,0,0,-30.00
2006-12-11T09:00:00,1.02,-0.3,0.25,-1.49,-0.45,0.24,-0.65,0.32,-0.13,0,0,-26.00
2006-12-11T10:00:00,0.93,-0.07,0.17,-1.58,-0.01,0.21,-0.69,0.37,-0.11,0,0,-25.00
2006-12-11T11:00:00,0.84,0.01,0.03,-1.79,0.79,0.14,-0.71,0.38,-0.1,0,0,-28.00
2006-12-11T12:00:00,0.91,-0.17,-0.07,-1.76,0.55,-0.6,-0.76,0.22,-0.14,0,0,-27.00
2006-12-11T13:00:00,0.95,0.25,0.31,-1.81,1.42,0.58,-0.74,0.18,-0.15,0,0,-29.00
2006-12-11T14:00:00,1.22,0.05,0.45,-1.59,1.2,0.28,-0.74,-0.09,-0.17,0,0,-30.00
2006-12-11T15:00:00,1.49,-0.19,0.34,-1.36,0.94,-0.9,-0.72,-0.26,-0.18,0,0,-31.00
2006-12-11T16:00:00,1.31,-0.3,0.77,-1.53,0.99,0.06,-0.61,0.11,-0.17,0,0,-29.00
2006-12-11T17:00:00,1.22,-0.41,0.63,-1.67,1.14,-0.23,-0.59,0.5,-0.14,0,0,-28.00
2006-12-11T18:00:00,1.02,-0.82,0.02,-1.86,1.01,-1.61,-0.48,1.0,-0.08,0,0,-22.00
2006-12-11T19:00:00,0.62,-0.25,0.18,-2.0,2.13,-0.76,-0.38,1.67,0.51,0,0,-17.00
2006-12-11T20:00:00,1.16,-0.14,0.28,-1.66,2.39,-0.23,-0.42,0.96,-0.05,0,0,-15.00
2006-12-11T21:00:00,1.03,-0.36,0.33,-1.73,1.74,-0.16,-0.43,0.89,-0.04,0,0,-16.00
2006-12-11T22:00:00,1.11,-0.62,0.31,-1.64,1.17,0.55,-0.47,0.9,-0.08,0,0,-21.00
2006-12-11T23:00:00,0.8,-0.83,0.3,-1.77,1.05,0.35,-0.52,1.18,-0.05,0,0,-30.00
2006-12-12T00:00:00,-0.17,-0.96,0.43,-2.38,0.69,0.6,-0.57,1.18,-0.04,0,0,-28.00
2006-12-12T01:00:00,-0.44,-0.32,-0.36,-2.57,1.05,-1.36,-0.52,0.66,0.05,0,0,-23.00
2006-12-12T02:00:00,-0.33,-0.7,-0.5,-2.43,0.41,-2.12,-0.56,0.94,-0.05,0,0,-20.00
2006-12-12T03:00:00,0.0,-0.17,-0.76,-2.32,1.6,-2.24,-0.61,0.98,-0.05,0,0,-21.00
2006-12-12T04:00:00,0.01,-0.17,-0.68,-2.3,1.49,-2.15,-0.63,1.28,-0.0,0,0,-33.00
2006-12-12T05:00:00,0.58,-0.47,0.26,-1.74,0.19,-0.14,-0.64,0.64,-0.02,0,0,-49.00
2006-12-12T06:00:00,0.69,-0.55,0.13,-1.51,-0.34,-0.08,-0.63,0.31,-0.09,0,0,-55.00
2006-12-12T07:00:00,0.48,0.66,0.09,-1.61,4.81,0.39,-0.6,0.77,-0.01,0,0,-48.00
2006-12-12T08:00:00,0.25,-0.45,0.5,-1.98,0.08,0.73,-0.62,0.97,0.07,0,0,-40.00
2006-12-12T09:00:00,0.73,-0.43,-0.2,-1.67,0.11,-1.12,-0.64,0.6,-0.07,0,0,-37.00
2006-12-12T10:00:00,0.74,-0.31,-0.19,-1.62,0.47,-1.14,-0.64,0.66,-0.05,0,0,-39.00
2006-12-12T11:00:00,0.83,0.09,0.05,-1.52,1.07,-0.33,-0.68,0.52,-0.07,0,0,-42.00
2006-12-12T12:00:00,0.57,0.05,0.61,-1.72,0.79,1.71,-0.68,0.6,-0.07,0,0,-37.00
2006-12-12T13:00:00,0.77,-0.07,-0.08,-1.55,0.7,-0.95,-0.68,0.41,-0.07,0,0,-34.00
2006-12-12T14:00:00,0.64,-0.42,0.16,-1.66,-0.07,0.16,-0.69,0.55,-0.05,0,0,-35.00
2006-12-12T15:00:00,0.39,0.04,-0.35,-1.88,1.08,-1.51,-0.71,0.77,0.04,0,0,-40.00
2006-12-12T16:00:00,0.54,-0.28,0.23,-1.83,0.51,0.75,-0.7,0.82,0.06,0,0,-40.00
2006-12-12T17:00:00,0.57,-0.17,0.18,-1.82,0.72,0.53,-0.71,0.67,0.05,0,0,-42.00
2006-12-12T18:00:00,0.53,0.07,-0.37,-1.85,1.24,-1.23,-0.7,0.7,-0.03,0,0,-44.00
2006-12-12T19:00:00,0.42,-0.08,-0.34,-1.92,0.95,-1.23,-0.71,0.53,-0.01,0,0,-39.00
2006-12-12T20:00:00,0.52,-0.4,0.01,-1.76,0.19,-0.02,-0.73,0.34,-0.05,0,0,-41.00
2006-12-12T21:00:00,0.49,-0.46,-0.14,-1.76,-0.18,-0.62,-0.73,0.53,-0.05,0,0,-43.00
2006-12-12T22:00:00,0.58,-0.34,-0.15,-1.64,0.14,-1.12,-0.74,0.37,-0.07,0,0,-49.00
2006-12-12T23:00:00,0.5,-0.26,-0.1,-1.69,0.39,-0.68,-0.74,0.56,0.01,0,0,-47.00
2006-12-13T00:00:00,0.35,-0.58,-0.01,-1.79,-0.49,-0.23,-0.74,0.75,-0.01,0,0,-42.00
2006-12-13T01:00:00,0.48,-0.48,0.12,-1.68,-0.25,-0.0,-0.76,0.49,-0.05,0,0,-38.00
2006-12-13T02:00:00,0.64,-0.21,0.05,-1.54,0.3,-0.21,-0.76,0.31,-0.07,0,0,-40.00
2006-12-13T03:00:00,0.46,-0.66,0.24,-1.61,-0.8,0.29,-0.79,0.28,-0.13,0,0,-40.00
2006-12-13T04:00:00,0.44,-0.66,0.24,-1.64,-0.76,0.3,-0.81,0.28,-0.13,0,0,-40.00
2006-12-13T05:00:00,0.69,-0.33,0.18,-1.4,0.36,-0.07,-0.83,-0.06,-0.15,0,0,-37.00
2006-12-13T06:00:00,0.56,-0.46,0.33,-1.53,0.03,0.7,-0.82,0.06,-0.14,0,0,-32.00
2006-12-13T07:00:00,0.53,-0.6,0.34,-1.55,-0.41,0.61,-0.81,0.18,-0.14,0,0,-31.00
2006-12-13T08:00:00,0.7,-0.19,0.32,-1.44,0.75,0.76,-0.83,-0.07,-0.15,0,0,-31.00
2006-12-13T09:00:00,0.64,-0.44,0.15,-1.4,-0.09,-0.4,-0.84,-0.08,-0.16,0,0,-30.00
2006-12-13T10:00:00,0.75,-0.38,0.28,-1.27,0.18,0.07,-0.84,-0.15,-0.17,0,0,-30.00
2006-12-13T11:00:00,0.8,-0.35,0.19,-1.26,0.32,-0.23,-0.84,-0.15,-0.17,0,0,-32.00
2006-12-13T12:00:00,0.8,-0.3,0.16,-1.21,0.56,-0.4,-0.84,-0.08,-0.16,0,0,-32.00
2006-12-13T13:00:00,0.73,-0.31,0.39,-1.36,0.53,0.74,-0.83,0.02,-0.16,0,0,-31.00
2006-12-13T14:00:00,0.71,-0.27,0.26,-1.28,0.37,-0.1,-0.83,0.04,-0.15,0,0,-33.00
2006-12-13T15:00:00,0.79,-0.1,0.11,-1.11,0.96,-0.98,-0.82,0.09,-0.14,0,0,-36.00
2006-12-13T16:00:00,0.68,-0.26,-0.0,-1.18,0.52,-1.16,-0.82,0.37,-0.11,0,0,-37.00
2006-12-13T17:00:00,0.36,-0.7,0.42,-1.44,-0.72,0.5,-0.8,0.64,-0.12,0,0,-37.00
2006-12-13T18:00:00,0.54,-0.62,0.27,-1.33,-0.49,0.04,-0.8,0.66,-0.11,0,0,-33.00
2006-12-13T19:00:00,0.58,-0.57,0.3,-1.3,-0.53,-0.05,-0.8,0.44,-0.12,0,0,-29.00
2006-12-13T20:00:00,0.36,-0.76,0.06,-1.44,-0.92,-1.04,-0.78,0.37,-0.12,0,0,-29.00
2006-12-13T21:00:00,0.36,-0.77,0.17,-1.51,-0.8,-0.11,-0.79,0.22,-0.13,0,0,-28.00
2006-12-13T22:00:00,0.56,-0.52,-0.03,-1.39,-0.35,-0.63,-0.77,0.12,-0.12,0,0,-28.00
2006-12-13T23:00:00,0.62,-0.26,0.05,-1.28,-0.02,-0.3,-0.75,0.16,-0.09,0,0,-29.00
2006-12-14T00:00:00,0.68,-0.21,0.01,-1.27,0.12,-0.29,-0.74,0.07,-0.11,0,0,-25.00
2006-12-14T01:00:00,0.45,-0.42,-0.29,-1.34,-0.33,-1.11,-0.77,0.08,-0.12,0,0,-25.00
2006-12-14T02:00:00,0.34,-0.32,-0.28,-1.38,-0.1,-0.94,-0.75,0.22,-0.07,0,0,-25.00
2006-12-14T03:00:00,0.43,-0.3,-0.14,-1.2,-0.11,-0.55,-0.77,0.22,-0.05,0,0,-26.00
2006-12-14T04:00:00,0.21,0.15,0.45,-1.24,0.48,1.14,-0.79,-0.03,-0.09,0,0,-28.00
2006-12-14T05:00:00,0.48,-0.05,0.27,-1.02,0.04,0.49,-0.74,-0.07,-0.07,0,0,-28.00
2006-12-14T06:00:00,0.37,-0.5,-0.16,-1.04,-0.71,-0.39,-0.73,-0.01,-0.11,0,0,-26.00
2006-12-14T07:00:00,0.4,-0.23,-0.25,-0.99,-0.12,-0.67,-0.45,-0.08,0.0,0,0,-26.00
2006-12-14T08:00:00,0.37,-0.22,0.15,-0.95,0.02,0.42,-0.75,-0.16,-0.04,0,0,-26.00
2006-12-14T09:00:00,0.52,-0.17,0.29,-0.77,-0.04,0.94,-0.72,-0.15,-0.1,0,0,-27.00
2006-12-14T10:00:00,0.38,-0.26,-0.08,-0.84,-0.18,-0.11,-0.74,-0.16,-0.07,0,0,-27.00
2006-12-14T11:00:00,0.32,-0.19,-0.2,-0.92,-0.06,-0.52,-0.72,-0.01,-0.02,0,0,-28.00
2006-12-14T12:00:00,0.39,-0.18,-0.09,-0.89,-0.12,0.06,-0.69,-0.03,0.01,0,0,-24.00
2006-12-14T13:00:00,0.26,-0.1,-0.34,-1.62,-1.7,-1.29,-0.63,0.62,0.14,0,0,-23.00
2006-12-14T14:00:00,-0.4,-0.69,-0.36,-4.41,2.47,1.33,0.18,6.41,1.81,0,0,-24.00
2006-12-14T15:00:00,-0.43,-1.83,-0.19,-4.38,1.13,0.15,0.34,6.91,0.41,0,0,-7.00
2006-12-14T16:00:00,0.18,-2.0,-0.09,-4.29,0.0,0.06,0.43,5.86,0.29,0,0,-10.00
2006-12-14T17:00:00,-0.14,-1.88,0.46,-4.16,-0.84,0.32,0.87,5.26,0.43,0,0,-30.00
2006-12-14T18:00:00,0.07,-2.67,0.78,-4.08,-0.36,0.93,0.91,3.28,0.01,0,0,-32.00
2006-12-14T19:00:00,-0.2,-1.73,0.73,-4.11,-0.41,1.59,1.16,1.26,0.05,0,0,-45.00
2006-12-14T20:00:00,-0.08,-1.38,1.86,-3.93,-0.66,1.13,1.81,0.04,-0.13,0,0,-32.00
2006-12-14T21:00:00,-0.25,0.46,0.05,-3.82,-0.64,-0.75,2.11,0.07,1.42,0,0,-22.00
2006-12-14T22:00:00,0.33,0.73,-0.9,-3.59,-1.53,-0.58,1.48,-0.17,-0.07,0,0,-15.00
2006-12-14T23:00:00,0.58,0.88,-2.34,-3.57,-1.02,-0.56,0.17,-0.42,-0.19,0,1,-27.00
2006-12-15T00:00:00,0.62,1.45,-2.22,-3.53,-0.89,-0.59,-0.17,-0.49,-0.19,0,1,-69.00
2006-12-15T01:00:00,0.76,1.66,-2.01,-3.35,-0.04,0.18,-0.43,-0.51,-0.19,0,1,-146.00
2006-12-15T02:00:00,0.85,1.77,-1.72,-3.13,-1.27,-1.12,-0.25,-0.52,-0.19,0,1,-157.00
2006-12-15T03:00:00,0.83,1.7,-1.46,-2.87,-1.51,-1.68,-0.17,-0.54,-0.19,0,1,-149.00
2006-12-15T04:00:00,0.66,1.89,-0.74,-2.59,-2.03,-1.3,-0.34,-0.51,-0.19,0,1,-156.00
2006-12-15T05:00:00,0.8,1.53,-1.1,-2.59,-1.41,-1.76,-0.46,-0.52,-0.19,0,1,-158.00
2006-12-15T06:00:00,0.8,1.19,-1.4,-2.53,-1.92,-0.77,-0.8,-0.51,-0.19,0,1,-159.00
2006-12-15T07:00:00,0.64,0.93,-1.4,-2.2,-1.72,-0.65,-0.89,-0.51,-0.19,0,1,-158.00
2006-12-15T08:00:00,1.05,0.79,-0.93,-2.21,-1.13,-1.31,-0.68,-0.26,-0.18,0,1,-162.00
2006-12-15T09:00:00,1.2,0.62,-0.85,-1.86,0.43,-0.76,-0.77,-0.06,-0.18,0,1,-150.00
2006-12-15T10:00:00,0.9,0.69,-0.94,-1.89,0.52,1.1,-0.8,-0.33,-0.19,0,1,-123.00
2006-12-15T11:00:00,0.74,0.74,-0.76,-1.79,0.05,0.65,-0.43,-0.2,-0.17,0,1,-116.00
2006-12-15T12:00:00,0.68,0.04,-0.78,-1.66,0.09,0.96,-0.24,0.09,-0.11,0,0,-108.00
2006-12-15T13:00:00,0.65,-0.1,-0.46,-1.6,-0.35,0.73,-0.26,0.66,0.07,0,0,-81.00
2006-12-15T14:00:00,0.76,-0.18,-0.22,-1.53,0.18,0.66,-0.35,0.99,0.14,0,0,-90.00
2006-12-15T15:00:00,0.61,0.06,-0.38,-1.43,0.39,0.61,-0.3,0.6,0.1,0,0,-98.00
2006-12-15T16:00:00,0.84,0.32,-0.5,-1.18,0.93,0.13,-0.63,0.54,-0.12,0,0,-98.00
2006-12-15T17:00:00,1.09,0.56,-0.41,-1.36,0.33,0.81,-0.84,-0.32,-0.19,0,0,-94.00
2006-12-15T18:00:00,0.95,0.64,-0.22,-1.19,0.32,0.35,-0.83,-0.25,-0.18,0,0,-95.00
2006-12-15T19:00:00,0.66,0.34,-0.09,-0.86,0.77,0.33,-0.69,0.04,-0.11,0,0,-87.00
2006-12-15T20:00:00,0.29,-0.0,-0.08,-0.98,0.51,0.86,-0.49,-0.25,0.2,0,0,-84.00
2006-12-15T21:00:00,-0.3,-0.47,-0.35,-1.49,-0.6,0.34,-0.45,-0.49,-0.16,0,0,-81.00
2006-12-15T22:00:00,-0.1,-0.29,-0.27,-1.67,-0.22,0.05,-0.64,-0.5,-0.15,0,0,-73.00
2006-12-15T23:00:00,-0.21,-0.15,-0.19,-1.64,-0.1,-0.08,-0.69,-0.51,-0.14,0,0,-72.00
2006-12-16T00:00:00,-0.17,-0.09,-0.19,-1.58,-0.05,-0.11,-0.69,-0.51,-0.12,0,0,-79.00
2006-12-16T01:00:00,-0.05,0.02,-0.19,-1.55,-0.03,0.01,-0.72,-0.47,-0.09,0,0,-72.00
2006-12-16T02:00:00,-0.34,-0.2,0.09,-1.49,-0.03,-0.34,-0.77,-0.34,-0.09,0,0,-70.00
2006-12-16T03:00:00,-0.43,-0.04,0.19,-1.39,-0.02,-0.34,-0.82,-0.27,-0.12,0,0,-70.00
2006-12-16T04:00:00,-0.31,-0.01,0.2,-1.43,-0.3,-0.29,-0.75,-0.36,-0.07,0,0,-67.00
2006-12-16T05:00:00,0.29,0.05,0.23,-1.53,-0.24,-0.24,-0.63,-0.45,-0.06,0,0,-59.00
2006-12-16T06:00:00,0.51,0.11,0.12,-1.49,-0.35,-0.13,-0.7,-0.48,-0.15,0,0,-57.00
2006-12-16T07:00:00,0.54,0.17,0.07,-1.44,-0.35,0.04,-0.76,-0.5,-0.17,0,0,-57.00
2006-12-16T08:00:00,0.48,0.12,0.22,-1.45,-0.1,0.09,-0.68,-0.41,-0.13,0,0,-58.00
2006-12-16T09:00:00,0.4,0.12,0.31,-1.43,0.01,0.22,-0.71,-0.28,-0.1,0,0,-61.00
2006-12-16T10:00:00,0.37,0.08,0.31,-1.49,-0.13,-0.05,-0.8,0.07,-0.04,0,0,-60.00
2006-12-16T11:00:00,0.41,0.2,0.31,-1.31,-0.01,0.15,-0.73,-0.39,-0.14,0,0,-58.00
2006-12-16T12:00:00,0.46,0.14,0.29,-1.18,0.03,0.24,-0.6,-0.48,-0.14,0,0,-56.00
2006-12-16T13:00:00,0.49,0.11,0.29,-1.04,-0.04,0.19,-0.46,-0.57,-0.16,0,0,-53.00
2006-12-16T14:00:00,0.6,-0.0,0.17,-0.97,-0.02,-0.22,-0.49,-0.57,-0.17,0,0,-56.00
2006-12-16T15:00:00,0.52,0.06,0.24,-0.89,0.07,0.1,-0.31,-0.56,-0.15,0,0,-57.00
2006-12-16T16:00:00,0.6,0.05,0.13,-0.83,0.05,-0.26,-0.38,-0.56,-0.16,0,0,-55.00
2006-12-16T17:00:00,0.88,0.23,0.42,-0.99,0.99,0.1,-0.12,-0.46,-0.16,0,0,-56.00
2006-12-16T18:00:00,1.56,0.53,0.55,-1.41,2.54,0.13,0.44,-0.36,-0.16,0,0,-56.00
2006-12-16T19:00:00,1.99,0.81,0.27,-1.3,2.93,-0.93,-0.61,0.3,-0.17,0,0,-37.00
2006-12-16T20:00:00,1.7,0.48,0.77,-2.9,-0.79,-1.91,-0.92,2.3,-0.18,0,0,-44.00
2006-12-16T21:00:00,1.29,0.08,0.63,-1.47,1.47,0.34,-0.64,0.6,-0.14,0,0,-53.00
2006-12-16T22:00:00,1.59,-0.15,0.59,-1.48,0.41,0.65,-0.38,0.19,-0.15,0,0,-50.00
2006-12-16T23:00:00,1.29,0.12,0.24,-1.38,0.87,1.07,0.13,-0.05,-0.11,0,0,-41.00
2006-12-17T00:00:00,1.13,0.29,0.35,-1.53,0.35,0.4,-0.28,-0.36,-0.16,0,0,-34.00
2006-12-17T01:00:00,0.98,0.08,0.14,-1.83,0.28,0.15,-0.22,-0.31,-0.13,0,0,-39.00
2006-12-17T02:00:00,0.96,0.02,-0.06,-1.74,0.43,0.03,-0.34,-0.35,-0.15,0,1,-36.00
2006-12-17T03:00:00,0.89,0.08,0.09,-1.66,0.49,-0.54,-0.46,-0.41,-0.16,0,1,-36.00
2006-12-17T04:00:00,0.81,0.01,0.19,-1.51,0.36,-0.7,-0.44,-0.42,-0.15,0,1,-36.00
2006-12-17T05:00:00,0.72,0.04,0.24,-1.38,0.38,-0.56,-0.45,-0.4,-0.14,0,1,-39.00
2006-12-17T06:00:00,0.69,-0.02,0.22,-1.26,0.03,-0.51,-0.5,-0.43,-0.15,0,1,-42.00
2006-12-17T07:00:00,0.62,-0.0,0.18,-1.11,-0.09,-0.49,-0.52,-0.44,-0.14,0,1,-43.00
2006-12-17T08:00:00,0.51,0.04,0.28,-0.99,-0.15,-0.42,-0.5,-0.45,-0.12,0,1,-47.00
2006-12-17T09:00:00,0.53,0.09,0.26,-0.96,-0.23,0.02,-0.59,-0.48,-0.15,0,1,-48.00
2006-12-17T10:00:00,0.55,0.06,0.27,-0.87,-0.0,0.3,-0.64,-0.48,-0.16,0,1,-44.00
2006-12-17T11:00:00,0.61,-0.03,0.22,-0.78,-0.01,0.39,-0.7,-0.47,-0.16,0,1,-42.00
2006-12-17T12:00:00,0.6,0.06,0.15,-0.71,-0.17,0.4,-0.69,-0.48,-0.16,0,1,-41.00
2006-12-17T13:00:00,0.61,-0.08,0.06,-0.68,-0.17,0.34,-0.68,-0.51,-0.17,0,1,-43.00
2006-12-17T14:00:00,0.6,0.05,0.08,-0.55,-0.23,0.34,-0.67,-0.51,-0.17,0,1,-44.00
2006-12-17T15:00:00,0.62,0.07,0.07,-0.45,-0.3,0.16,-0.66,-0.53,-0.17,0,1,-45.00
2006-12-17T16:00:00,0.58,0.02,0.06,-0.42,-0.46,0.1,-0.65,-0.51,-0.16,0,1,-46.00
2006-12-17T17:00:00,0.59,0.03,0.02,-0.34,-0.52,0.12,-0.6,-0.49,-0.15,0,1,-43.00
2006-12-17T18:00:00,0.57,-0.06,0.07,-0.26,-0.7,0.18,-0.64,-0.47,-0.15,0,1,-42.00
2006-12-17T19:00:00,0.47,-0.12,0.22,-0.3,-0.94,0.3,-0.42,-0.39,-0.07,0,1,-36.00
2006-12-17T20:00:00,0.37,0.01,0.36,-0.24,-1.08,0.77,-0.38,-0.31,-0.01,0,0,-37.00
2006-12-17T21:00:00,0.3,0.04,0.34,-0.15,-1.4,0.69,-0.44,-0.38,-0.03,0,0,-39.00
2006-12-17T22:00:00,0.22,0.24,0.15,-0.03,-1.41,1.27,-0.35,-0.32,0.18,0,0,-36.00
2006-12-17T23:00:00,-0.29,0.34,-0.04,0.15,-1.45,1.28,-0.37,-0.34,-0.02,0,0,-35.00
2006-12-18T00:00:00,-0.31,0.23,-0.06,0.24,-1.26,1.42,-0.4,-0.3,0.04,0,0,-35.00
2006-12-18T01:00:00,-0.27,0.39,-0.07,0.29,-1.37,1.42,-0.41,-0.46,-0.11,0,0,-35.00
2006-12-18T02:00:00,0.01,0.39,-0.16,0.31,-1.4,1.54,-0.35,-0.49,-0.1,0,0,-34.00
2006-12-18T03:00:00,0.21,0.2,-0.35,0.3,-1.07,1.62,-0.24,-0.5,-0.12,0,0,-35.00
2006-12-18T04:00:00,-0.17,0.01,-0.35,0.4,-0.91,1.44,-0.37,-0.48,-0.11,0,0,-37.00
2006-12-18T05:00:00,-0.41,-0.17,-0.2,0.58,-0.63,1.57,-0.3,-0.45,-0.1,0,0,-38.00
2006-12-18T06:00:00,-0.42,0.05,-0.15,0.7,-0.81,1.54,-0.2,-0.44,-0.05,0,0,-42.00
2006-12-18T07:00:00,-0.22,-0.29,-0.11,0.7,-0.27,1.44,-0.44,-0.5,-0.09,0,0,-41.00
2006-12-18T08:00:00,-0.35,-0.3,-0.05,0.8,-0.06,1.14,-0.46,-0.5,-0.12,0,0,-41.00
2006-12-18T09:00:00,-0.38,-0.54,0.15,0.57,0.01,0.46,0.0,-0.43,-0.09,0,0,-42.00
2006-12-18T10:00:00,-0.31,-0.34,0.37,0.49,-0.07,0.28,0.17,-0.4,-0.01,1,0,-41.00
2006-12-18T11:00:00,-0.47,-0.26,0.58,0.52,-0.31,-0.02,0.27,-0.35,-0.07,1,0,-34.00
2006-12-18T12:00:00,-0.29,0.73,-0.18,0.34,-0.53,0.69,0.71,-0.31,-0.03,1,0,-34.00
2006-12-18T13:00:00,-0.35,1.01,0.48,0.31,-0.97,0.65,0.71,-0.27,-0.1,1,0,-32.00
2006-12-18T14:00:00,0.02,-0.14,1.29,0.23,-0.55,0.06,0.39,-0.24,-0.14,1,0,-25.00
2006-12-18T15:00:00,-0.01,-0.17,0.58,0.22,-0.49,0.58,1.33,-0.33,0.21,1,0,-27.00
2006-12-18T16:00:00,-0.28,0.66,0.27,0.28,-1.26,0.86,1.83,-0.44,0.0,1,0,-29.00
2006-12-18T17:00:00,-0.94,1.61,0.57,0.18,-0.8,0.93,0.37,-0.48,-0.18,1,0,-25.00
2006-12-18T18:00:00,-0.28,0.92,1.16,0.02,-0.3,1.18,0.31,-0.02,-0.13,1,0,-17.00
2006-12-18T19:00:00,-0.3,1.26,0.58,-0.21,-0.56,0.31,0.48,0.04,-0.09,1,0,-23.00
2006-12-18T20:00:00,-0.27,0.71,-0.66,-0.3,-0.34,0.44,0.54,0.14,-0.0,1,0,-19.00
2006-12-18T21:00:00,-0.8,0.69,-0.24,-0.25,-0.61,0.22,0.76,0.13,0.04,1,0,-12.00
2006-12-18T22:00:00,-0.73,-0.01,-0.39,-0.35,0.11,0.44,0.47,0.18,0.12,1,0,-13.00
2006-12-18T23:00:00,-0.48,0.35,-0.12,-0.62,-0.12,0.41,0.04,-0.03,0.13,1,0,-29.00
2006-12-19T00:00:00,-0.39,0.73,0.07,-0.64,-0.34,0.03,0.02,0.02,0.01,1,0,-34.00
2006-12-19T01:00:00,-0.34,0.59,0.31,-0.65,-0.32,-0.14,0.1,0.04,0.09,1,0,-38.00
2006-12-19T02:00:00,-0.71,0.64,0.03,-0.57,-0.21,0.02,0.14,-0.0,-0.03,1,0,-34.00
2006-12-19T03:00:00,-0.91,0.67,-0.27,-0.49,-0.48,0.49,0.06,-0.06,-0.1,1,0,-30.00
2006-12-19T04:00:00,-0.74,0.86,0.16,-0.52,-0.7,0.1,-0.12,-0.01,-0.1,1,0,-30.00
2006-12-19T05:00:00,-0.78,0.86,0.23,-0.59,-0.53,-0.19,-0.06,-0.03,-0.11,1,0,-36.00
2006-12-19T06:00:00,-1.05,0.33,-0.22,-0.55,0.12,0.43,-0.1,-0.11,-0.11,1,0,-36.00
2006-12-19T07:00:00,-1.07,0.5,-0.21,-0.76,0.01,0.12,-0.2,-0.03,-0.12,1,0,-35.00
2006-12-19T08:00:00,-0.95,0.26,-0.09,-1.06,0.65,-0.59,-0.06,0.23,-0.02,1,0,-36.00
2006-12-19T09:00:00,-0.78,0.57,0.01,-1.14,0.18,-1.01,-0.11,0.35,0.01,1,0,-39.00
2006-12-19T10:00:00,-0.68,0.21,-0.26,-1.11,0.86,-0.09,-0.2,0.29,0.05,1,0,-38.00
2006-12-19T11:00:00,-0.53,0.58,0.01,-1.13,-0.42,0.03,-0.22,0.28,0.05,1,0,-44.00
2006-12-19T12:00:00,-0.73,0.28,-0.26,-1.08,0.66,-0.06,-0.33,0.24,-0.03,1,0,-42.00
2006-12-19T13:00:00,-0.4,0.64,0.06,-0.98,0.24,-0.46,-0.26,0.43,0.09,1,0,-41.00
2006-12-19T14:00:00,-0.78,0.54,-0.28,-0.85,0.11,0.42,-0.23,0.19,-0.07,1,0,-41.00
2006-12-19T15:00:00,-0.77,0.62,-0.04,-0.82,-0.14,0.0,-0.15,0.02,-0.07,1,0,-40.00
2006-12-19T16:00:00,-0.09,0.76,0.51,-0.93,-0.63,-0.25,-0.21,0.03,-0.07,1,0,-42.00
2006-12-19T17:00:00,-0.76,0.85,0.07,-0.83,-0.58,-0.1,-0.28,0.03,-0.11,1,0,-45.00
2006-12-19T18:00:00,-0.85,0.7,0.06,-0.82,-0.21,-0.26,-0.22,-0.03,-0.11,1,0,-42.00
2006-12-19T19:00:00,-0.53,0.85,0.12,-1.0,-0.25,-0.48,-0.25,0.0,-0.09,1,0,-37.00
2006-12-19T20:00:00,-0.65,0.36,0.24,-1.11,-0.12,-0.83,-0.14,0.11,0.03,1,0,-36.00
2006-12-19T21:00:00,-0.42,0.65,0.22,-1.24,-0.23,-0.83,-0.16,0.25,0.05,1,0,-35.00
2006-12-19T22:00:00,-0.96,0.21,-0.12,-1.04,0.46,-0.36,-0.09,0.16,-0.04,1,0,-33.00
2006-12-19T23:00:00,-0.91,0.03,-0.4,-1.18,0.84,0.16,-0.22,0.08,-0.08,1,0,-30.00
2006-12-20T00:00:00,-0.78,0.29,-0.1,-1.26,0.63,-0.63,-0.15,0.33,0.05,1,0,-31.00
2006-12-20T01:00:00,0.36,0.27,0.28,-1.72,0.5,-1.0,-0.09,0.48,0.62,1,0,-34.00
2006-12-20T02:00:00,-0.11,0.66,0.16,-1.4,-0.41,-0.85,-0.13,0.6,0.28,1,0,-36.00
2006-12-20T03:00:00,-0.33,0.81,0.0,-1.36,-0.81,-0.42,-0.28,0.46,0.01,1,0,-35.00
2006-12-20T04:00:00,-0.94,0.43,-0.05,-1.22,-0.14,-0.16,-0.28,0.29,-0.06,1,0,-34.00
2006-12-20T05:00:00,-1.02,0.07,-0.24,-1.15,0.13,0.1,-0.32,0.09,-0.1,1,0,-36.00
2006-12-20T06:00:00,-0.71,0.51,-0.12,-1.34,-0.61,-0.06,-0.35,0.26,-0.04,1,0,-36.00
2006-12-20T07:00:00,-0.84,0.54,0.08,-1.3,-0.4,-0.6,-0.38,0.2,-0.08,1,0,-38.00
