2007-01-01T00:00:00,-0.02,0.43,0.24,1.37,-0.04,0.06,1.39,-0.5,0.08,1,0,---
2007-01-01T01:00:00,0.28,-0.45,-0.05,1.33,-0.02,-0.16,1.21,-0.41,0.2,1,0,-3.00
2007-01-01T02:00:00,0.3,-0.41,-0.13,1.29,0.03,0.27,1.02,-0.41,0.15,1,0,0.00
2007-01-01T03:00:00,0.43,-0.41,0.17,1.25,0.12,0.29,1.11,-0.35,0.2,1,0,1.00
2007-01-01T04:00:00,0.43,-0.66,-0.28,1.28,0.0,-0.0,0.97,-0.36,-0.03,1,0,-1.00
2007-01-01T05:00:00,0.53,-0.71,0.03,1.28,-0.13,0.25,1.04,-0.36,-0.03,1,0,-6.00
2007-01-01T06:00:00,0.37,-0.88,0.07,1.24,-0.21,0.36,1.18,-0.35,-0.03,1,0,-8.00
2007-01-01T07:00:00,0.76,-0.51,0.57,1.19,-0.19,0.77,1.77,-0.31,-0.02,1,0,-9.00
2007-01-01T08:00:00,0.23,-1.13,-0.1,1.07,-0.55,0.43,2.16,-0.41,-0.08,1,0,-8.00
2007-01-01T09:00:00,-0.25,-0.71,-0.88,0.96,-0.48,0.29,2.32,-0.44,-0.11,1,0,0.00
2007-01-01T10:00:00,0.31,-1.4,-0.54,0.98,-0.94,0.46,2.7,-0.4,-0.12,1,0,7.00
2007-01-01T11:00:00,0.77,-1.5,0.19,1.05,-0.84,0.73,2.6,-0.39,-0.12,1,0,8.00
2007-01-01T12:00:00,1.23,-1.07,1.17,1.04,-0.91,0.98,1.91,-0.32,-0.15,1,0,-2.00
2007-01-01T13:00:00,0.71,-0.12,1.37,0.93,-0.68,0.44,3.34,-0.38,-0.11,1,0,-9.00
2007-01-01T14:00:00,-0.42,1.04,-0.49,0.89,-0.26,0.63,2.87,-0.24,-0.01,1,0,-11.00
2007-01-01T15:00:00,-0.34,1.22,0.31,0.82,-0.34,0.52,2.79,0.01,0.1,1,0,0.00
2007-01-01T16:00:00,-0.03,0.61,0.55,0.78,-0.89,0.19,2.46,0.1,0.55,1,0,2.00
2007-01-01T17:00:00,-0.59,1.46,0.99,0.8,-0.89,0.16,1.79,0.04,-0.08,1,0,-7.00
2007-01-01T18:00:00,-0.65,1.56,0.57,0.76,-0.83,0.06,2.02,0.1,-0.05,1,0,-6.00
2007-01-01T19:00:00,-0.26,1.18,1.35,0.58,-0.36,0.21,1.55,0.29,-0.06,1,0,-8.00
2007-01-01T20:00:00,-0.15,0.62,1.18,0.41,0.67,-0.07,1.7,0.66,0.15,1,0,-2.00
2007-01-01T21:00:00,-1.03,1.32,0.21,0.24,-0.01,-0.2,1.84,0.86,0.12,1,0,-4.00
2007-01-01T22:00:00,-1.4,1.73,-0.45,0.01,0.58,-0.25,1.39,0.48,-0.09,1,0,1.00
2007-01-01T23:00:00,-0.97,1.63,-0.0,-0.34,1.36,-0.86,1.08,0.82,-0.02,1,0,1.00
2007-01-02T00:00:00,-0.54,1.67,0.33,-0.27,0.48,-1.5,1.0,0.88,0.01,1,0,-1.00
2007-01-02T01:00:00,-0.44,0.44,0.37,-0.4,1.15,-0.48,1.08,1.37,1.49,1,0,-17.00
2007-01-02T02:00:00,0.3,0.32,0.44,-0.63,1.12,-0.75,0.67,1.04,1.31,1,0,-20.00
2007-01-02T03:00:00,0.78,-0.57,-0.25,-0.94,0.79,-0.03,0.4,0.24,0.06,1,0,-14.00
2007-01-02T04:00:00,-0.01,0.87,0.01,-0.73,-0.54,-0.16,0.36,0.29,0.14,1,0,-14.00
2007-01-02T05:00:00,-0.56,0.54,0.14,-0.56,-0.38,-0.02,0.34,0.45,0.3,1,0,-16.00
2007-01-02T06:00:00,-0.11,0.32,0.82,-0.65,-0.08,-0.33,0.12,0.42,0.08,1,0,-20.00
2007-01-02T07:00:00,-0.31,1.23,0.61,-0.83,-0.63,0.57,-0.2,0.23,-0.12,1,0,-25.00
2007-01-02T08:00:00,-0.19,0.4,-0.16,-1.15,0.39,0.75,0.11,0.64,0.86,1,0,-25.00
2007-01-02T09:00:00,-0.23,0.46,-0.34,-1.28,0.35,0.87,0.04,0.31,0.21,1,0,-22.00
2007-01-02T10:00:00,-0.25,0.33,-0.53,-1.38,0.52,0.99,-0.03,0.23,0.07,1,0,-20.00
2007-01-02T11:00:00,-0.65,0.15,-0.45,-1.25,0.53,0.6,-0.06,0.15,0.0,1,0,-20.00
2007-01-02T12:00:00,-0.79,0.04,-0.33,-1.14,0.43,0.43,0.1,0.2,0.04,1,0,-23.00
2007-01-02T13:00:00,-0.55,0.47,-0.32,-1.17,-0.17,0.4,0.06,0.23,0.07,1,0,-18.00
2007-01-02T14:00:00,-0.9,0.45,0.22,-0.96,-0.09,-0.03,0.12,0.14,-0.02,1,0,-24.00
2007-01-02T15:00:00,-1.07,0.57,0.25,-0.91,-0.56,0.14,0.06,0.25,-0.06,1,0,-26.00
2007-01-02T16:00:00,-0.49,1.07,0.07,-1.01,-1.11,-0.15,0.02,0.22,-0.06,1,0,-29.00
2007-01-02T17:00:00,-1.41,0.33,-0.02,-0.6,-0.14,0.41,-0.05,-0.17,-0.15,1,0,-31.00
2007-01-02T18:00:00,-1.47,-0.03,-0.1,-0.55,1.0,0.71,0.08,0.0,-0.12,1,0,-29.00
2007-01-02T19:00:00,-1.43,0.31,0.22,-0.51,0.27,-0.24,0.12,-0.08,-0.13,1,0,-26.00
2007-01-02T20:00:00,-1.07,1.02,-0.08,-0.6,-0.56,-0.19,0.11,0.2,-0.1,1,0,-26.00
2007-01-02T21:00:00,-0.65,1.33,0.06,-0.73,-0.77,-0.71,0.04,0.21,-0.11,1,0,-27.00
2007-01-02T22:00:00,-0.89,1.19,0.28,-0.74,-0.45,-1.18,0.08,0.19,-0.11,1,0,-24.00
2007-01-02T23:00:00,-0.71,1.3,0.27,-0.98,-0.17,-1.2,0.06,0.35,-0.1,1,0,-26.00
2007-01-03T00:00:00,-0.67,1.28,0.29,-1.09,-0.45,-1.29,0.12,0.53,-0.07,1,0,-22.00
2007-01-03T01:00:00,-0.75,0.74,0.04,-1.28,0.15,-0.29,0.01,0.81,0.08,1,0,-17.00
2007-01-03T02:00:00,-0.72,0.12,-0.4,-1.67,1.15,0.31,-0.21,0.55,0.05,1,0,-13.00
2007-01-03T03:00:00,-1.04,0.65,-0.11,-1.57,0.39,-0.09,-0.09,0.56,-0.04,1,0,-15.00
2007-01-03T04:00:00,-0.62,0.56,0.88,-1.66,0.67,-2.03,-0.06,0.67,-0.03,1,0,-17.00
2007-01-03T05:00:00,-0.63,0.76,0.78,-1.64,0.64,-1.78,-0.1,0.45,-0.07,1,0,-29.00
2007-01-03T06:00:00,-0.95,0.81,0.22,-1.56,0.6,-1.2,0.04,0.36,-0.06,1,0,-26.00
2007-01-03T07:00:00,-0.95,-0.26,0.17,-1.56,2.1,-1.67,0.15,0.46,0.09,1,0,-22.00
2007-01-03T08:00:00,-0.69,0.83,-0.17,-1.74,-0.09,-0.26,-0.17,0.27,-0.07,1,0,-23.00
2007-01-03T09:00:00,-0.69,0.42,-0.11,-1.8,0.02,-0.11,-0.38,0.08,-0.06,0,0,-23.00
2007-01-03T10:00:00,-0.44,0.28,0.17,-1.98,0.18,-0.77,-0.32,0.26,0.25,0,0,-28.00
2007-01-03T11:00:00,-0.58,0.11,0.55,-1.9,0.5,-1.7,-0.29,0.29,0.02,0,0,-28.00
2007-01-03T12:00:00,-0.58,-0.13,-0.09,-1.92,1.06,-0.34,-0.2,0.29,0.23,0,0,-24.00
2007-01-03T13:00:00,-0.48,0.43,-0.19,-2.0,0.02,-0.06,-0.17,0.32,0.13,0,0,-25.00
2007-01-03T14:00:00,-0.37,0.71,0.15,-2.0,-0.33,-0.76,-0.3,0.23,-0.0,0,0,-26.00
2007-01-03T15:00:00,-0.63,0.35,0.4,-1.76,0.31,-1.13,-0.36,0.2,-0.02,0,0,-25.00
2007-01-03T16:00:00,-0.87,0.29,0.2,-1.53,0.42,-0.67,-0.32,0.07,-0.07,0,0,-27.00
2007-01-03T17:00:00,-0.44,0.77,0.29,-1.68,-0.47,-0.68,-0.37,0.2,-0.07,0,0,-27.00
2007-01-03T18:00:00,-0.72,0.62,-0.05,-1.5,-0.17,0.16,-0.41,0.22,-0.08,0,0,-27.00
2007-01-03T19:00:00,-0.57,0.48,-0.01,-1.64,-0.43,-0.46,-0.3,0.39,0.07,0,0,-24.00
2007-01-03T20:00:00,-0.59,0.06,-0.22,-1.66,1.1,0.64,-0.22,0.43,0.19,0,0,-23.00
2007-01-03T21:00:00,-0.68,-0.28,-0.07,-1.61,1.3,0.38,-0.31,0.28,0.05,0,0,-24.00
2007-01-03T22:00:00,-0.34,-0.47,0.34,-1.77,1.61,-0.23,-0.37,0.2,0.08,0,0,-27.00
2007-01-03T23:00:00,-0.37,0.53,0.28,-1.76,0.03,-0.16,-0.4,0.27,0.04,0,0,-30.00
2007-01-04T00:00:00,-0.69,0.34,0.06,-1.61,0.53,0.38,-0.37,0.16,-0.01,0,0,-25.00
2007-01-04T01:00:00,-0.61,0.16,-0.43,-1.6,0.59,1.46,-0.36,0.16,-0.05,0,0,-21.00
2007-01-04T02:00:00,-0.85,0.12,-0.12,-1.42,0.71,0.82,-0.39,-0.04,-0.09,0,0,-20.00
2007-01-04T03:00:00,-0.43,-0.0,0.72,-1.64,1.03,-1.09,-0.44,0.2,-0.06,0,0,-26.00
2007-01-04T04:00:00,-0.74,0.02,0.33,-1.54,1.17,-0.51,-0.3,0.19,0.0,0,0,-27.00
2007-01-04T05:00:00,-0.64,0.1,0.41,-1.62,1.32,-0.76,-0.34,0.26,0.02,0,0,-23.00
2007-01-04T06:00:00,-0.71,-0.03,-0.26,-1.59,1.37,0.03,-0.3,0.26,0.01,0,0,-20.00
2007-01-04T07:00:00,-0.78,-0.24,-0.14,-1.55,1.27,-0.03,-0.37,-0.01,-0.07,0,0,-20.00
2007-01-04T08:00:00,-0.49,0.05,-0.22,-1.64,0.67,-0.05,-0.46,-0.02,0.01,0,0,-24.00
2007-01-04T09:00:00,-0.33,0.56,0.17,-1.65,-0.11,-0.72,-0.5,0.17,-0.0,0,0,-29.00
2007-01-04T10:00:00,-0.14,0.46,0.27,-1.74,0.25,-0.84,-0.48,0.29,0.14,0,0,-21.00
2007-01-04T11:00:00,-0.1,0.52,0.1,-1.77,0.2,-0.75,-0.49,0.43,0.19,0,0,-19.00
2007-01-04T12:00:00,-0.5,-0.2,0.03,-1.63,0.95,-0.31,-0.4,0.53,0.34,0,0,-14.00
2007-01-04T13:00:00,-0.09,0.1,0.21,-1.87,0.46,-0.82,-0.5,0.32,1.83,0,0,-12.00
2007-01-04T14:00:00,-0.38,-0.01,-0.1,-1.72,0.72,0.3,-0.61,0.11,0.14,0,0,-15.00
2007-01-04T15:00:00,-0.49,0.1,-0.19,-1.62,0.5,0.66,-0.58,-0.02,-0.03,0,0,-20.00
2007-01-04T16:00:00,-0.51,-0.15,0.03,-1.59,1.22,0.38,-0.62,-0.09,-0.03,0,0,-26.00
2007-01-04T17:00:00,-0.61,-0.08,0.03,-1.45,0.78,0.29,-0.62,-0.08,-0.07,0,0,-30.00
2007-01-04T18:00:00,-0.54,0.07,-0.07,-1.39,0.2,0.9,-0.7,-0.18,-0.1,0,0,-30.00
2007-01-04T19:00:00,-0.44,0.31,0.0,-1.32,-0.47,0.53,-0.69,-0.19,-0.1,0,0,-28.00
2007-01-04T20:00:00,-0.04,0.52,-0.04,-1.48,-0.74,0.83,-0.67,-0.13,-0.07,0,0,-27.00
2007-01-04T21:00:00,-0.32,0.24,0.01,-1.38,-0.32,0.27,-0.55,-0.04,0.14,0,0,-26.00
2007-01-04T22:00:00,-0.18,-0.41,0.23,-1.51,0.65,-0.09,-0.56,0.04,0.09,0,0,-28.00
2007-01-04T23:00:00,-0.29,0.02,0.2,-1.36,-0.16,-0.08,-0.51,0.03,0.46,0,0,-30.00
2007-01-05T00:00:00,-0.13,0.39,0.22,-1.46,-0.44,-0.02,-0.54,0.07,0.13,0,0,-28.00
2007-01-05T01:00:00,-0.03,0.43,0.1,-1.48,-0.19,0.04,-0.55,0.0,0.11,0,0,-24.00
2007-01-05T02:00:00,-0.35,-0.16,0.15,-1.38,0.81,0.14,-0.5,0.05,0.29,0,0,-22.00
2007-01-05T03:00:00,-0.44,0.06,0.12,-1.34,0.34,0.24,-0.46,-0.12,0.11,0,0,-17.00
2007-01-05T04:00:00,-0.47,0.1,0.14,-1.32,0.23,0.12,-0.45,-0.08,0.08,0,0,-15.00
2007-01-05T05:00:00,-0.37,0.31,0.13,-1.32,0.01,-0.09,-0.53,-0.01,0.06,0,0,-17.00
2007-01-05T06:00:00,-0.29,0.16,-0.28,-1.33,0.02,0.73,-0.48,-0.01,0.06,0,0,-16.00
2007-01-05T07:00:00,0.02,0.45,-0.13,-1.42,-0.41,0.32,-0.5,0.03,0.06,0,0,-14.00
2007-01-05T08:00:00,-0.08,0.34,-0.2,-1.31,-0.17,0.43,-0.48,0.05,0.13,0,0,-16.00
2007-01-05T09:00:00,0.13,0.38,-0.07,-1.37,-0.03,0.29,-0.5,0.04,0.17,0,0,-22.00
2007-01-05T10:00:00,0.23,0.12,0.4,-1.39,0.16,-0.26,-0.52,0.08,0.14,0,0,-26.00
2007-01-05T11:00:00,-0.15,0.14,-0.08,-1.24,0.13,0.22,-0.5,0.14,0.83,0,0,-23.00
2007-01-05T12:00:00,0.11,0.31,0.01,-1.24,-0.0,0.16,-0.47,0.2,0.58,0,0,-19.00
2007-01-05T13:00:00,-0.35,-0.01,-0.14,-1.14,0.11,0.65,-0.5,0.08,0.23,0,0,-14.00
2007-01-05T14:00:00,-0.3,0.01,-0.03,-1.21,0.06,0.74,-0.63,-0.13,0.2,0,0,-13.00
2007-01-05T15:00:00,-0.4,-0.27,0.21,-1.38,0.29,0.06,-0.72,-0.19,-0.08,0,0,-17.00
2007-01-05T16:00:00,-0.57,-0.28,0.08,-1.37,0.38,0.47,-0.72,-0.31,-0.14,0,0,-26.00
2007-01-05T17:00:00,-0.54,-0.23,0.14,-1.34,0.67,0.37,-0.74,-0.3,-0.14,0,0,-31.00
2007-01-05T18:00:00,-0.5,-0.32,0.12,-1.34,0.93,0.14,-0.72,-0.22,-0.12,0,0,-29.00
2007-01-05T19:00:00,-0.57,-0.17,0.14,-1.2,0.69,0.39,-0.69,-0.27,-0.12,0,0,-25.00
2007-01-05T20:00:00,-0.5,-0.31,0.2,-0.96,0.85,0.09,-0.73,-0.33,-0.14,0,0,-23.00
2007-01-05T21:00:00,-0.32,-0.25,0.14,-0.74,0.66,-0.1,-0.67,-0.31,-0.05,0,0,-25.00
2007-01-05T22:00:00,-0.64,-0.26,0.11,-0.88,0.72,-0.18,-0.7,-0.33,-0.15,0,0,-26.00
2007-01-05T23:00:00,-0.71,0.03,0.04,-0.89,0.36,-0.29,-0.62,-0.35,-0.14,0,0,-27.00
2007-01-06T00:00:00,-0.66,0.19,-0.03,-0.87,0.24,-0.47,-0.64,-0.33,-0.14,0,0,-26.00
2007-01-06T01:00:00,-0.68,0.19,0.03,-0.76,0.09,-0.22,-0.69,-0.36,-0.15,0,0,-23.00
2007-01-06T02:00:00,0.15,0.01,0.2,-0.5,0.03,-0.08,-0.46,-0.3,0.7,0,0,-20.00
2007-01-06T03:00:00,0.28,-0.04,0.32,-0.47,0.07,-0.25,-0.6,-0.31,-0.01,0,0,-17.00
2007-01-06T04:00:00,0.66,-0.13,0.1,-0.56,0.33,-0.19,-0.66,-0.43,-0.15,0,0,-15.00
2007-01-06T05:00:00,0.17,-0.03,0.17,-0.38,0.04,-0.34,-0.62,-0.28,0.59,0,0,-13.00
2007-01-06T06:00:00,-0.47,-0.06,0.08,-0.24,-0.18,-0.25,-0.52,-0.25,-0.01,0,0,-12.00
2007-01-06T07:00:00,-0.43,0.1,0.18,-0.17,-0.16,-0.24,-0.48,-0.21,0.03,0,0,-12.00
2007-01-06T08:00:00,-0.37,0.07,0.21,-0.17,0.05,-0.41,-0.56,-0.28,0.01,0,0,-16.00
2007-01-06T09:00:00,-0.27,0.3,0.19,-0.13,-0.3,-0.5,-0.55,-0.35,-0.04,0,0,-19.00
2007-01-06T10:00:00,-0.28,0.32,0.2,-0.1,-0.37,-0.63,-0.53,-0.35,-0.06,0,0,-20.00
2007-01-06T11:00:00,-0.47,0.23,-0.01,-0.04,0.11,-0.41,-0.42,-0.33,-0.06,0,0,-16.00
2007-01-06T12:00:00,-0.45,0.24,0.04,-0.02,-0.01,-0.45,-0.44,-0.27,-0.03,0,0,-13.00
2007-01-06T13:00:00,-0.43,0.2,-0.03,0.02,0.17,-0.43,-0.46,-0.25,-0.01,0,0,-14.00
2007-01-06T14:00:00,-0.35,0.29,-0.08,0.04,0.09,-0.58,-0.47,-0.28,-0.03,0,0,-13.00
2007-01-06T15:00:00,-0.38,0.15,-0.17,0.08,0.38,-0.33,-0.43,-0.29,-0.02,0,0,-13.00
2007-01-06T16:00:00,-0.54,0.02,-0.17,0.13,0.53,-0.35,-0.38,-0.26,-0.06,0,0,-17.00
2007-01-06T17:00:00,-0.6,-0.11,-0.15,0.16,0.23,-0.53,-0.44,-0.32,-0.1,0,0,-20.00
2007-01-06T18:00:00,-0.57,-0.23,-0.03,0.21,-0.06,-0.61,-0.5,-0.34,-0.11,0,0,-17.00
2007-01-06T19:00:00,-0.35,-0.45,0.03,0.3,0.16,-0.63,-0.5,-0.42,-0.12,0,0,-14.00
2007-01-06T20:00:00,-0.36,-0.2,-0.13,0.31,0.11,-0.63,-0.44,-0.37,-0.04,0,0,-14.00
2007-01-06T21:00:00,-0.19,-0.5,0.07,0.3,0.35,-0.7,-0.55,-0.42,-0.11,0,0,-14.00
2007-01-06T22:00:00,-0.16,-0.24,0.34,0.32,0.32,-0.92,-0.55,-0.4,-0.06,0,0,-17.00
2007-01-06T23:00:00,-0.24,-0.19,0.25,0.35,0.39,-0.84,-0.57,-0.35,0.01,0,0,-20.00
2007-01-07T00:00:00,-0.31,-0.13,0.24,0.42,0.41,-0.68,-0.57,-0.39,-0.04,0,0,-21.00
2007-01-07T01:00:00,-0.42,0.2,0.14,0.44,-0.0,-0.61,-0.59,-0.44,-0.12,0,0,-18.00
2007-01-07T02:00:00,-0.51,-0.12,0.11,0.52,0.07,-0.61,-0.58,-0.42,-0.12,0,0,-15.00
2007-01-07T03:00:00,-0.32,0.09,0.22,0.52,0.02,-0.65,-0.62,-0.44,-0.08,0,0,-13.00
2007-01-07T04:00:00,-0.3,0.31,0.13,0.53,-0.37,-0.63,-0.63,-0.45,-0.12,0,0,-13.00
2007-01-07T05:00:00,-0.26,0.34,0.06,0.53,-0.49,-0.45,-0.64,-0.47,-0.13,0,0,-14.00
2007-01-07T06:00:00,-0.38,0.16,-0.04,0.61,-0.29,-0.28,-0.65,-0.5,-0.14,0,0,-14.00
2007-01-07T07:00:00,-0.36,0.15,-0.08,0.64,-0.18,-0.19,-0.65,-0.5,-0.14,0,0,-14.00
2007-01-07T08:00:00,-0.35,0.16,-0.13,0.68,-0.22,0.1,-0.66,-0.51,-0.15,0,0,-17.00
2007-01-07T09:00:00,-0.34,0.19,-0.11,0.68,-0.11,-0.18,-0.57,-0.49,-0.12,0,0,-20.00
2007-01-07T10:00:00,-0.35,0.11,-0.2,0.7,0.03,-0.1,-0.59,-0.47,-0.13,0,0,-23.00
2007-01-07T11:00:00,-0.35,0.19,-0.17,0.73,-0.16,-0.16,-0.48,-0.47,-0.11,0,0,-24.00
2007-01-07T12:00:00,-0.1,0.25,0.21,0.74,-0.19,-0.2,-0.52,-0.54,-0.1,0,0,-22.00
2007-01-07T13:00:00,0.09,0.27,0.29,0.76,-0.18,-0.07,-0.52,-0.55,-0.13,0,0,-22.00
2007-01-07T14:00:00,-0.16,0.2,0.19,0.83,-0.13,-0.2,-0.5,-0.52,-0.06,0,0,-19.00
2007-01-07T15:00:00,-0.03,0.35,0.12,0.81,-0.31,-0.19,-0.5,-0.53,-0.11,0,0,-16.00
2007-01-07T16:00:00,-0.09,0.32,0.2,0.83,-0.27,-0.23,-0.46,-0.54,-0.11,0,0,-15.00
2007-01-07T17:00:00,-0.08,0.41,0.09,0.84,-0.37,-0.12,-0.45,-0.53,-0.12,0,0,-15.00
2007-01-07T18:00:00,-0.07,0.35,-0.0,0.87,-0.32,-0.06,-0.41,-0.53,-0.1,0,0,-13.00
2007-01-07T19:00:00,-0.24,0.29,0.04,0.9,-0.23,-0.05,-0.37,-0.52,-0.09,0,0,-12.00
2007-01-07T20:00:00,-0.4,0.2,-0.08,0.93,-0.34,0.16,-0.31,-0.48,-0.09,0,0,-10.00
2007-01-07T21:00:00,-0.2,0.31,-0.11,0.91,-0.44,0.16,-0.36,-0.5,-0.1,0,0,-10.00
2007-01-07T22:00:00,-0.26,0.07,-0.18,0.92,-0.13,0.41,-0.27,-0.51,-0.07,0,0,-11.00
2007-01-07T23:00:00,-0.22,0.14,-0.2,0.94,-0.22,0.5,-0.24,-0.52,-0.08,0,0,-14.00
2007-01-08T00:00:00,-0.08,0.23,-0.2,0.94,-0.34,0.44,-0.2,-0.55,-0.1,0,0,-16.00
2007-01-08T01:00:00,0.17,0.13,-0.09,0.97,-0.21,0.15,-0.05,-0.53,0.08,0,0,-17.00
2007-01-08T02:00:00,0.07,0.1,-0.03,1.02,-0.17,0.31,-0.04,-0.54,0.52,0,0,-16.00
2007-01-08T03:00:00,0.01,0.17,0.21,1.01,-0.29,0.02,0.02,-0.55,0.13,0,0,-14.00
2007-01-08T04:00:00,-0.04,0.22,0.23,1.05,-0.25,0.06,-0.01,-0.55,0.01,0,0,-12.00
2007-01-08T05:00:00,0.13,0.14,0.18,1.11,-0.3,0.06,-0.01,-0.55,0.16,0,0,-7.00
2007-01-08T06:00:00,0.26,0.09,0.25,1.16,-0.25,0.07,0.05,-0.55,-0.03,0,0,-6.00
2007-01-08T07:00:00,0.38,0.03,0.16,1.2,-0.26,0.16,0.04,-0.57,-0.08,0,0,-6.00
2007-01-08T08:00:00,0.35,0.18,0.0,1.2,-0.36,0.29,0.1,-0.55,-0.06,0,0,-5.00
2007-01-08T09:00:00,0.16,0.19,0.12,1.24,-0.28,0.42,0.22,-0.55,0.16,0,0,-6.00
2007-01-08T10:00:00,0.01,0.09,-0.23,1.27,-0.25,0.56,0.31,-0.55,-0.01,0,0,-7.00
2007-01-08T11:00:00,-0.27,0.14,-0.2,1.34,-0.43,0.35,0.17,-0.55,-0.07,0,0,-9.00
2007-01-08T12:00:00,0.07,0.16,-0.21,1.31,-0.52,0.31,0.24,-0.56,-0.04,0,0,-6.00
2007-01-08T13:00:00,0.26,0.08,-0.18,1.29,-0.39,0.28,0.3,-0.56,-0.06,0,0,-7.00
2007-01-08T14:00:00,0.41,0.03,-0.1,1.3,-0.33,0.18,0.26,-0.58,-0.1,0,0,-9.00
2007-01-08T15:00:00,0.32,-0.01,-0.21,1.31,-0.33,0.25,0.36,-0.58,-0.1,0,0,-9.00
2007-01-08T16:00:00,0.37,0.02,-0.13,1.33,-0.36,0.29,0.42,-0.58,-0.09,0,0,-7.00
2007-01-08T17:00:00,0.38,0.02,-0.05,1.35,-0.34,0.15,0.51,-0.58,-0.06,0,0,-9.00
2007-01-08T18:00:00,0.38,0.02,-0.08,1.38,-0.35,-0.02,0.6,-0.58,-0.06,0,0,-16.00
2007-01-08T19:00:00,0.42,0.07,-0.1,1.39,-0.4,-0.02,0.78,-0.58,-0.08,0,0,-13.00
2007-01-08T20:00:00,0.47,0.18,0.07,1.39,-0.47,-0.03,0.97,-0.58,-0.08,0,0,-9.00
2007-01-08T21:00:00,0.38,0.19,0.14,1.41,-0.5,0.07,1.22,-0.57,-0.01,0,0,-4.00
2007-01-08T22:00:00,0.36,0.34,0.03,1.46,-0.39,0.1,1.18,-0.57,-0.06,0,0,-4.00
2007-01-08T23:00:00,0.53,0.22,0.18,1.47,-0.41,-0.13,1.01,-0.57,-0.1,1,0,-5.00
2007-01-09T00:00:00,0.56,-0.07,0.27,1.43,-0.28,-0.17,1.19,-0.56,-0.09,1,0,-4.00
2007-01-09T01:00:00,0.42,-0.32,0.37,1.43,-0.25,-0.16,1.83,-0.58,-0.09,1,0,-6.00
2007-01-09T02:00:00,0.06,-0.45,0.39,1.43,-0.25,-0.22,2.13,-0.57,-0.04,1,0,-6.00
2007-01-09T03:00:00,0.04,-0.43,0.52,1.44,-0.32,-0.17,2.63,-0.56,-0.06,1,0,-1.00
2007-01-09T04:00:00,0.46,-0.42,0.35,1.45,-0.44,-0.04,2.4,-0.53,-0.02,1,0,2.00
2007-01-09T05:00:00,0.91,-0.04,0.16,1.43,-0.54,-0.01,2.82,-0.46,-0.01,1,0,4.00
2007-01-09T06:00:00,-0.17,-1.04,-0.1,1.27,-0.68,-0.19,0.5,-0.39,-0.12,1,0,6.00
2007-01-09T07:00:00,-0.08,-1.13,-0.05,1.26,-0.53,-0.25,0.19,-0.34,-0.13,1,0,4.00
2007-01-09T08:00:00,-0.08,-1.36,0.01,1.3,-0.87,-0.04,0.04,-0.39,-0.16,1,0,3.00
2007-01-09T09:00:00,0.12,-1.24,0.17,1.28,-0.73,-0.01,0.15,-0.37,-0.15,1,0,-1.00
2007-01-09T10:00:00,0.14,-1.02,0.05,1.22,-0.55,-0.51,0.28,-0.33,-0.11,1,0,-2.00
2007-01-09T11:00:00,0.08,-1.06,-0.43,1.18,-0.75,-1.1,0.19,-0.37,-0.14,1,0,0.00
2007-01-09T12:00:00,0.52,-0.94,-0.24,1.3,-0.56,-0.85,0.28,-0.32,-0.12,1,0,-1.00
2007-01-09T13:00:00,0.86,-0.7,0.09,1.37,-0.4,-0.13,0.37,-0.32,-0.11,1,0,-7.00
2007-01-09T14:00:00,0.33,-1.21,0.22,1.17,-0.98,-0.26,0.37,-0.34,-0.14,1,0,-15.00
2007-01-09T15:00:00,0.56,-1.17,-0.15,1.25,-1.4,-0.77,0.32,-0.39,-0.15,1,0,-22.00
2007-01-09T16:00:00,0.54,-1.22,-0.04,1.2,-0.86,-0.32,0.29,-0.45,-0.16,1,0,-21.00
2007-01-09T17:00:00,0.46,-1.02,-0.17,1.15,-0.62,-0.39,0.54,-0.41,-0.13,1,0,-22.00
2007-01-09T18:00:00,0.64,-0.85,0.12,1.13,-0.38,-0.31,0.66,-0.29,-0.08,1,0,-22.00
2007-01-09T19:00:00,0.32,-0.17,0.77,1.03,0.06,0.23,0.59,-0.22,-0.02,1,0,-16.00
2007-01-09T20:00:00,0.2,-0.17,0.69,0.99,-0.15,-0.17,0.58,-0.12,0.1,1,0,-12.00
2007-01-09T21:00:00,0.26,-0.43,0.21,1.0,-0.16,-0.92,0.66,0.07,0.76,1,0,-7.00
2007-01-09T22:00:00,0.15,-0.08,0.25,1.01,0.12,-0.25,0.58,-0.02,2.78,1,0,-4.00
2007-01-09T23:00:00,0.22,-0.15,0.35,0.98,-0.19,-0.53,0.45,-0.03,0.89,1,0,-3.00
2007-01-10T00:00:00,0.63,-0.89,0.1,0.97,-0.3,-0.64,0.28,-0.03,-0.05,1,0,-3.00
2007-01-10T01:00:00,0.56,-0.83,-0.43,0.96,-0.37,-1.11,0.23,-0.09,-0.08,1,0,-6.00
2007-01-10T02:00:00,0.41,-1.11,-0.09,0.89,-0.27,-0.72,0.12,-0.1,-0.1,1,0,-7.00
2007-01-10T03:00:00,0.31,-0.73,0.54,0.83,0.22,0.25,0.28,0.03,0.01,1,0,-7.00
2007-01-10T04:00:00,0.78,-0.55,-0.4,1.08,-0.08,-1.19,0.21,0.03,-0.05,1,0,-8.00
2007-01-10T05:00:00,0.97,-0.18,-0.09,1.07,0.37,-0.91,0.23,-0.02,-0.02,1,0,-6.00
2007-01-10T06:00:00,0.66,-0.76,-0.03,0.89,-0.33,-0.62,0.09,-0.13,-0.07,1,0,-6.00
2007-01-10T07:00:00,0.33,-1.05,-0.12,0.66,-0.44,-0.71,0.17,-0.09,-0.08,1,0,-7.00
2007-01-10T08:00:00,0.61,-0.53,-0.26,0.73,-0.5,-0.88,0.16,-0.09,-0.02,1,0,-8.00
2007-01-10T09:00:00,0.56,-0.85,-0.2,0.73,-0.29,-0.81,0.09,-0.03,-0.06,1,0,-8.00
2007-01-10T10:00:00,0.61,-0.63,0.0,0.73,-0.06,-0.61,0.14,0.08,0.05,1,0,-12.00
2007-01-10T11:00:00,0.51,-0.53,0.1,0.65,0.13,-0.26,0.15,0.11,0.16,1,0,-16.00
2007-01-10T12:00:00,0.18,-0.9,0.05,0.51,-0.39,-0.42,0.08,-0.02,-0.02,1,0,-16.00
2007-01-10T13:00:00,0.87,-0.44,-0.16,0.73,0.15,-0.85,0.07,-0.1,-0.06,1,0,-16.00
2007-01-10T14:00:00,0.67,-0.65,-0.24,0.6,-0.11,-0.96,-0.03,-0.08,-0.07,1,0,-16.00
2007-01-10T15:00:00,0.63,-0.0,-0.27,0.63,0.57,-1.05,0.06,-0.01,0.07,1,0,-19.00
2007-01-10T16:00:00,0.66,0.45,0.05,0.64,1.12,-0.48,0.12,-0.1,0.01,1,0,-26.00
2007-01-10T17:00:00,0.74,0.42,-0.08,0.66,1.15,-0.72,0.13,-0.05,-0.0,1,0,-29.00
2007-01-10T18:00:00,0.55,-0.28,0.45,0.6,0.42,0.05,0.11,-0.09,0.05,1,0,-25.00
2007-01-10T19:00:00,0.15,-0.89,0.12,0.46,-0.32,-0.35,0.06,-0.03,-0.02,1,0,-20.00
2007-01-10T20:00:00,0.47,-0.03,0.73,0.58,0.63,0.44,0.12,-0.09,-0.03,1,0,-17.00
2007-01-10T21:00:00,0.94,-0.43,0.34,0.77,0.07,0.17,0.08,-0.24,-0.11,1,0,-13.00
2007-01-10T22:00:00,0.98,-0.34,-0.11,0.77,-0.25,-0.37,0.14,-0.23,-0.1,1,0,-12.00
2007-01-10T23:00:00,0.84,0.1,-0.16,0.76,0.01,-0.48,0.16,-0.22,-0.06,1,0,-14.00
2007-01-11T00:00:00,0.76,-0.27,-0.21,0.68,-0.09,-0.3,0.22,-0.18,-0.02,1,0,-14.00
2007-01-11T01:00:00,0.41,-0.99,0.12,0.55,-0.77,0.11,0.28,-0.18,-0.08,1,0,-14.00
2007-01-11T02:00:00,0.58,-0.8,0.05,0.54,-0.79,0.02,0.44,-0.13,-0.03,1,0,-16.00
2007-01-11T03:00:00,0.44,-1.04,0.27,0.4,-1.05,0.69,0.47,-0.13,-0.07,1,0,-16.00
2007-01-11T04:00:00,0.75,-0.85,-0.13,0.48,-0.94,-0.07,0.56,-0.03,-0.04,1,0,-13.00
2007-01-11T05:00:00,0.58,-0.87,-0.19,0.39,-0.87,-0.33,0.71,0.04,0.03,1,0,-10.00
2007-01-11T06:00:00,0.0,-0.33,0.69,0.18,-0.38,0.61,0.64,0.08,0.19,1,0,-7.00
2007-01-11T07:00:00,-0.29,0.67,0.74,0.04,0.82,0.02,0.36,0.15,-0.0,1,0,-6.00
2007-01-11T08:00:00,-0.07,-0.54,0.57,0.04,0.48,0.01,0.06,0.4,0.18,1,0,-3.00
2007-01-11T09:00:00,0.21,-0.72,0.29,0.07,0.26,-0.24,-0.02,0.87,0.32,1,0,-3.00
2007-01-11T10:00:00,0.47,-0.83,0.44,0.09,0.09,-0.31,-0.22,0.82,0.03,1,0,-5.00
2007-01-11T11:00:00,0.7,-0.35,-0.09,0.07,1.3,-1.25,-0.28,0.83,0.18,1,0,-10.00
2007-01-11T12:00:00,0.42,-0.32,0.7,-0.04,1.93,0.58,-0.32,0.68,0.04,1,0,-13.00
2007-01-11T13:00:00,0.3,-1.02,0.68,-0.23,0.43,0.44,-0.47,0.57,-0.11,1,0,-16.00
2007-01-11T14:00:00,0.33,-1.23,0.05,-0.28,0.24,-0.84,-0.5,0.51,-0.11,1,0,-19.00
2007-01-11T15:00:00,0.44,-0.65,0.79,-0.23,0.98,0.59,-0.48,0.6,-0.09,1,0,-18.00
2007-01-11T16:00:00,0.5,-0.69,0.33,-0.23,0.95,-0.15,-0.51,0.5,-0.04,1,0,-21.00
2007-01-11T17:00:00,0.58,-0.87,-0.07,-0.22,0.54,-0.46,-0.54,0.28,-0.11,1,0,-23.00
2007-01-11T18:00:00,0.69,-0.71,0.21,-0.22,0.4,-0.2,-0.54,0.28,-0.1,1,0,-21.00
2007-01-11T19:00:00,0.76,-0.54,0.08,-0.2,0.52,-0.28,-0.52,0.37,-0.07,1,0,-20.00
2007-01-11T20:00:00,0.28,-0.57,0.62,-0.37,0.53,1.07,-0.57,0.39,-0.07,1,0,-20.00
2007-01-11T21:00:00,0.49,-0.24,0.21,-0.3,1.4,0.09,-0.62,0.44,0.1,1,0,-17.00
2007-01-11T22:00:00,0.5,-0.52,-0.07,-0.27,0.53,-0.36,-0.74,0.45,-0.07,1,0,-16.00
2007-01-11T23:00:00,0.41,-0.75,-0.43,-0.33,0.23,-1.57,-0.82,0.49,-0.15,1,0,-17.00
2007-01-12T00:00:00,0.6,-0.76,0.13,-0.14,-0.07,0.64,-0.79,0.28,-0.14,1,0,-18.00
2007-01-12T01:00:00,0.64,-0.79,-0.18,-0.05,-0.45,-0.57,-0.84,0.15,-0.17,1,0,-23.00
2007-01-12T02:00:00,0.68,-0.78,0.18,-0.05,-0.4,0.61,-0.83,0.04,-0.17,1,0,-24.00
2007-01-12T03:00:00,0.79,-0.64,0.27,0.02,-0.07,0.78,-0.83,-0.11,-0.17,1,0,-24.00
2007-01-12T04:00:00,0.87,-0.61,0.16,0.13,0.03,0.08,-0.83,-0.19,-0.18,1,0,-23.00
2007-01-12T05:00:00,0.88,-0.61,0.28,0.3,-0.26,0.39,-0.86,-0.03,-0.17,1,0,-21.00
2007-01-12T06:00:00,0.88,-0.58,0.12,0.35,-0.26,-0.82,-0.87,-0.05,-0.18,1,0,-18.00
2007-01-12T07:00:00,0.3,-0.76,0.59,-0.28,-0.81,1.26,-0.87,0.03,-0.17,1,0,-16.00
2007-01-12T08:00:00,0.84,-0.32,0.4,0.44,0.67,0.47,-0.88,0.01,-0.17,1,0,-14.00
2007-01-12T09:00:00,0.84,-0.59,0.31,0.5,-0.74,-0.3,-0.88,0.13,-0.17,1,0,-13.00
2007-01-12T10:00:00,0.74,-0.6,0.43,0.55,-0.96,0.51,-0.89,0.35,-0.17,1,0,-14.00
2007-01-12T11:00:00,0.7,-0.6,0.23,0.62,-1.19,-0.94,-0.89,0.45,-0.16,1,0,-16.00
2007-01-12T12:00:00,0.9,-0.34,0.24,1.0,-0.14,-0.72,-0.89,-0.02,-0.17,1,0,-18.00
2007-01-12T13:00:00,0.77,-0.53,0.28,0.87,-0.83,-0.45,-0.89,0.17,-0.17,0,0,-20.00
2007-01-12T14:00:00,0.78,-0.52,-0.11,0.83,-1.04,-2.63,-0.89,0.32,-0.16,0,0,-22.00
2007-01-12T15:00:00,0.67,-0.67,0.09,0.76,-1.76,-1.35,-0.89,0.48,-0.16,0,0,-23.00
2007-01-12T16:00:00,0.64,-0.62,0.33,0.79,-1.01,-0.18,-0.88,0.34,-0.16,0,0,-23.00
2007-01-12T17:00:00,0.9,-0.42,0.24,1.18,-0.33,-0.26,-0.89,-0.11,-0.18,0,0,-26.00
2007-01-12T18:00:00,0.91,-0.38,0.19,1.24,-0.22,-0.46,-0.9,-0.22,-0.18,0,0,-26.00
2007-01-12T19:00:00,0.81,-0.42,0.39,1.12,-0.39,0.68,-0.89,-0.01,-0.17,0,0,-24.00
2007-01-12T20:00:00,0.54,-0.65,0.41,0.88,-1.57,0.93,-0.88,0.06,-0.17,0,0,-23.00
2007-01-12T21:00:00,-0.14,-0.67,0.66,0.04,-1.48,2.14,-0.88,0.05,-0.17,0,0,-21.00
2007-01-12T22:00:00,-0.16,-0.79,0.5,0.09,-1.87,1.43,-0.88,0.01,-0.17,0,0,-18.00
2007-01-12T23:00:00,0.4,-0.68,0.37,0.7,-1.84,1.04,-0.9,0.2,-0.16,0,0,-16.00
2007-01-13T00:00:00,0.55,-0.62,0.39,0.88,-1.22,1.66,-0.91,0.14,-0.17,0,0,-16.00
2007-01-13T01:00:00,0.7,-0.57,0.32,1.09,-1.5,1.17,-0.91,0.26,-0.17,0,0,-19.00
2007-01-13T02:00:00,0.55,-0.45,0.62,0.82,-0.86,3.37,-0.91,0.21,-0.17,0,0,-21.00
2007-01-13T03:00:00,0.68,-0.54,0.44,0.97,-1.23,2.38,-0.91,0.12,-0.17,0,0,-20.00
2007-01-13T04:00:00,0.8,-0.51,0.28,1.18,-1.11,0.9,-0.9,0.1,-0.17,0,0,-18.00
2007-01-13T05:00:00,0.82,-0.49,0.22,1.24,-1.07,0.38,-0.9,0.13,-0.17,0,0,-17.00
2007-01-13T06:00:00,0.89,-0.4,0.15,1.31,-0.77,-0.25,-0.91,0.09,-0.17,0,0,-16.00
2007-01-13T07:00:00,0.89,-0.4,0.17,1.32,-0.57,-0.36,-0.91,0.09,-0.17,0,0,-14.00
2007-01-13T08:00:00,0.84,-0.43,0.26,1.25,-0.77,0.19,-0.9,0.16,-0.17,0,0,-12.00
2007-01-13T09:00:00,0.83,-0.49,0.24,1.26,-0.98,0.02,-0.9,0.23,-0.17,0,0,-10.00
2007-01-13T10:00:00,0.85,-0.42,0.28,1.31,-0.73,0.46,-0.91,0.1,-0.17,0,0,-10.00
2007-01-13T11:00:00,0.91,-0.43,0.23,1.48,-0.92,0.59,-0.91,-0.4,-0.19,0,0,-10.00
2007-01-13T12:00:00,0.93,-0.34,0.29,1.52,-0.56,0.6,-0.91,-0.3,-0.19,0,0,-11.00
2007-01-13T13:00:00,0.82,-0.44,0.41,1.41,-1.44,1.09,-0.92,-0.14,-0.18,0,0,-11.00
2007-01-13T14:00:00,0.8,-0.46,0.45,1.35,-1.5,0.46,-0.93,-0.12,-0.18,0,0,-11.00
2007-01-13T15:00:00,0.86,-0.45,0.36,1.23,-1.05,0.01,-0.92,-0.28,-0.19,0,0,-11.00
2007-01-13T16:00:00,0.81,-0.36,0.46,0.93,0.11,-0.25,-0.85,-0.39,-0.18,0,0,-12.00
2007-01-13T17:00:00,0.81,-0.38,0.44,0.93,0.19,-0.19,-0.85,-0.42,-0.18,0,0,-13.00
2007-01-13T18:00:00,0.91,-0.43,0.29,1.09,0.04,-0.51,-0.87,-0.36,-0.18,0,0,-13.00
2007-01-13T19:00:00,0.9,-0.48,0.29,1.12,-0.17,-0.42,-0.86,-0.36,-0.18,0,0,-13.00
2007-01-13T20:00:00,0.9,-0.53,0.25,1.22,-0.09,-0.38,-0.79,-0.32,-0.18,0,0,-13.00
2007-01-13T21:00:00,0.91,-0.52,0.27,1.21,-0.12,-0.28,-0.79,-0.38,-0.18,0,0,-11.00
2007-01-13T22:00:00,0.92,-0.46,0.26,1.09,0.03,-0.16,-0.78,-0.49,-0.19,0,0,-9.00
2007-01-13T23:00:00,0.92,-0.45,0.25,1.08,0.09,-0.0,-0.76,-0.32,-0.18,0,0,-8.00
2007-01-14T00:00:00,0.91,-0.61,0.16,1.29,-0.37,-0.04,-0.84,-0.35,-0.18,0,0,-9.00
2007-01-14T01:00:00,0.84,-0.66,0.18,1.33,-0.5,0.04,-0.79,-0.25,-0.18,0,0,-9.00
2007-01-14T02:00:00,0.78,-0.65,0.13,1.21,-0.47,0.1,-0.7,-0.35,-0.17,0,0,-10.00
2007-01-14T03:00:00,0.98,-0.47,0.22,1.08,-0.08,0.1,-0.75,-0.51,-0.19,0,0,-10.00
2007-01-14T04:00:00,1.01,-0.3,0.41,1.07,-0.19,0.05,-0.76,-0.49,-0.19,0,0,-10.00
2007-01-14T05:00:00,0.86,-0.44,0.4,1.21,-0.59,-0.02,-0.7,-0.43,-0.18,0,0,-11.00
2007-01-14T06:00:00,0.55,-0.69,0.53,1.44,-1.11,0.76,-0.58,-0.52,-0.18,0,0,-10.00
2007-01-14T07:00:00,0.58,-0.59,0.61,1.43,-0.94,0.81,-0.53,-0.52,-0.18,0,0,-6.00
2007-01-14T08:00:00,0.87,-0.87,0.22,1.61,-1.63,0.3,-0.8,-0.53,-0.19,0,0,-1.00
2007-01-14T09:00:00,0.89,-0.98,0.14,1.6,-1.96,0.06,-0.84,-0.52,-0.19,0,0,3.00
2007-01-14T10:00:00,0.87,-1.01,0.08,1.56,-1.83,-0.04,-0.83,-0.52,-0.19,0,0,1.00
2007-01-14T11:00:00,0.75,-0.87,0.26,1.49,-1.64,0.08,-0.66,-0.56,-0.19,0,0,-2.00
2007-01-14T12:00:00,-0.36,0.03,0.91,1.06,-0.19,0.12,-0.09,-0.58,-0.18,0,1,-3.00
2007-01-14T13:00:00,-0.47,0.04,0.98,0.97,-0.04,0.01,0.09,-0.58,-0.18,0,1,-6.00
2007-01-14T14:00:00,0.03,-0.33,1.18,0.95,-0.28,0.55,-0.34,-0.54,-0.18,0,1,0.00
2007-01-14T15:00:00,0.25,-0.66,1.25,0.98,-0.53,0.52,-0.34,-0.51,-0.18,0,1,2.00
2007-01-14T16:00:00,0.54,-1.22,1.06,0.92,-1.02,0.58,-0.18,-0.48,-0.18,0,1,-3.00
2007-01-14T17:00:00,0.9,-1.52,0.84,1.05,-1.53,0.86,-0.37,-0.58,-0.19,0,1,-5.00
2007-01-14T18:00:00,1.11,-1.66,0.58,1.16,-1.67,0.73,-0.41,-0.6,-0.19,0,1,3.00
2007-01-14T19:00:00,1.21,-1.92,0.1,1.09,-2.01,0.26,-0.28,-0.58,-0.19,0,1,-1.00
2007-01-14T20:00:00,1.19,-2.05,-0.52,1.01,-2.41,-0.51,-0.22,-0.58,-0.19,0,1,-3.00
2007-01-14T21:00:00,1.4,-1.93,-0.04,1.1,-2.42,-0.44,-0.32,-0.58,-0.19,0,1,-3.00
2007-01-14T22:00:00,1.48,-1.79,-0.35,1.16,-2.44,-0.7,-0.32,-0.59,-0.19,0,1,-6.00
2007-01-14T23:00:00,1.54,-1.81,-0.36,1.19,-2.43,-0.98,-0.18,-0.59,-0.19,0,1,-10.00
2007-01-15T00:00:00,1.52,-1.59,-0.6,1.23,-2.45,-0.81,-0.19,-0.59,-0.19,0,1,-9.00
2007-01-15T01:00:00,1.55,-1.45,-0.63,1.28,-2.53,-0.63,-0.06,-0.6,-0.19,0,1,-13.00
2007-01-15T02:00:00,1.57,-1.36,-0.44,1.31,-2.58,-0.16,-0.01,-0.59,-0.19,0,1,-16.00
2007-01-15T03:00:00,1.79,-1.28,-0.3,1.46,-3.11,-1.76,2.69,-0.58,-0.18,0,1,-18.00
2007-01-15T04:00:00,2.09,-1.37,-0.16,1.22,-3.15,1.51,-0.03,-0.57,-0.19,0,1,-17.00
2007-01-15T05:00:00,2.03,-1.2,-0.89,1.29,-3.34,1.2,-0.07,-0.57,-0.19,0,1,-14.00
2007-01-15T06:00:00,1.77,-0.86,-1.12,1.36,-3.1,1.25,0.51,-0.55,-0.19,0,1,-10.00
2007-01-15T07:00:00,1.1,-0.34,-0.85,1.1,-2.25,1.26,1.53,-0.44,-0.15,0,1,-11.00
2007-01-15T08:00:00,-0.86,0.75,-0.19,0.76,-1.66,1.04,2.47,-0.33,-0.03,1,0,-12.00
2007-01-15T09:00:00,-0.62,0.52,-0.83,0.63,-1.17,1.13,1.86,-0.2,-0.05,1,0,-8.00
2007-01-15T10:00:00,-0.31,0.07,0.27,0.28,-0.72,0.9,1.05,0.07,1.69,1,0,-5.00
2007-01-15T11:00:00,-1.87,1.32,-0.34,-0.44,0.78,1.04,-0.03,0.04,-0.17,1,0,-8.00
2007-01-15T12:00:00,-1.28,0.97,-1.22,-0.36,0.47,0.98,0.11,0.43,-0.14,1,0,-12.00
2007-01-15T13:00:00,-1.08,1.14,0.25,-0.37,0.77,1.3,0.38,1.05,0.0,1,0,-12.00
2007-01-15T14:00:00,-1.24,0.25,0.97,-0.76,2.13,2.29,0.12,1.66,0.01,1,0,-22.00
2007-01-15T15:00:00,-1.09,0.67,0.4,-0.91,2.95,2.66,0.09,1.55,0.09,1,0,-31.00
2007-01-15T16:00:00,-0.97,0.15,0.13,-1.0,2.81,3.49,0.03,1.36,0.27,1,0,-30.00
2007-01-15T17:00:00,-1.26,0.31,0.09,-1.02,2.91,2.95,-0.12,0.78,-0.03,1,0,-29.00
2007-01-15T18:00:00,-1.09,0.4,0.63,-0.93,2.42,2.03,-0.15,1.13,-0.01,0,0,-29.00
2007-01-15T19:00:00,-1.43,0.73,0.5,-0.58,1.81,2.15,-0.13,0.74,-0.1,0,0,-29.00
2007-01-15T20:00:00,-1.19,0.75,0.79,-0.01,-0.07,1.03,0.14,0.12,-0.12,0,0,-23.00
2007-01-15T21:00:00,-1.27,0.77,0.6,-0.04,-0.24,0.99,-0.01,-0.05,-0.15,0,0,-20.00
2007-01-15T22:00:00,-1.26,0.57,0.73,-0.53,0.19,-0.33,-0.24,-0.13,-0.16,0,0,-16.00
2007-01-15T23:00:00,-1.32,0.3,0.59,-0.6,0.12,-0.45,-0.26,-0.21,-0.16,0,0,-15.00
2007-01-16T00:00:00,-1.27,0.4,0.31,-0.44,0.1,-0.35,-0.3,-0.24,-0.16,0,0,-13.00
2007-01-16T01:00:00,-1.18,0.28,0.11,-0.47,0.7,0.27,-0.5,-0.32,-0.17,0,0,-14.00
2007-01-16T02:00:00,-1.18,0.16,-0.1,-0.5,0.57,-0.38,-0.62,-0.39,-0.18,0,0,-18.00
2007-01-16T03:00:00,-1.13,0.3,-0.46,-0.59,0.4,0.2,-0.18,-0.12,-0.14,0,0,-21.00
2007-01-16T04:00:00,0.24,0.58,0.78,-1.03,0.63,-0.39,-0.04,0.03,-0.07,0,0,-22.00
2007-01-16T05:00:00,0.38,0.33,0.89,-1.27,0.11,-0.41,-0.01,-0.0,-0.08,0,0,-22.00
2007-01-16T06:00:00,0.45,0.42,0.78,-1.32,0.36,-0.86,0.04,0.09,-0.04,0,0,-16.00
2007-01-16T07:00:00,0.24,0.41,0.56,-1.46,0.25,-0.35,-0.11,0.21,0.09,0,0,-8.00
2007-01-16T08:00:00,-0.26,0.59,0.17,-1.41,-0.06,-0.05,-0.25,0.41,0.18,0,0,-5.00
2007-01-16T09:00:00,-0.33,-0.08,0.22,-1.37,0.75,-0.0,-0.26,0.32,0.84,0,0,-5.00
2007-01-16T10:00:00,-0.22,0.37,0.32,-1.43,0.56,0.06,-0.25,0.32,0.33,0,0,-8.00
2007-01-16T11:00:00,0.26,0.46,0.66,-1.56,0.52,0.09,0.01,0.22,0.04,0,0,-12.00
2007-01-16T12:00:00,-0.13,0.72,0.32,-1.55,0.45,-0.81,-0.34,0.48,0.05,0,0,-11.00
2007-01-16T13:00:00,-0.48,0.77,0.18,-1.59,0.77,-1.23,-0.41,0.76,0.01,0,0,-11.00
2007-01-16T14:00:00,-0.43,0.55,-0.15,-1.42,1.55,-0.56,-0.34,0.87,0.17,0,0,-12.00
2007-01-16T15:00:00,-0.48,0.91,0.46,-1.19,1.5,-0.71,-0.35,1.05,-0.01,0,0,-15.00
2007-01-16T16:00:00,-0.4,0.85,0.7,-1.12,1.51,-0.81,-0.32,1.24,-0.01,0,0,-27.00
2007-01-16T17:00:00,-0.34,1.17,0.41,-1.1,1.24,-0.98,-0.01,0.64,-0.03,0,0,-28.00
2007-01-16T18:00:00,0.73,-0.16,0.24,-0.95,0.4,-0.47,0.33,0.44,0.36,0,0,-24.00
2007-01-16T19:00:00,0.52,-0.62,0.1,-1.04,0.97,-1.19,0.14,1.13,0.5,0,0,-16.00
2007-01-16T20:00:00,1.0,0.04,0.1,-1.11,1.59,-1.12,-0.3,1.34,0.12,0,0,-17.00
2007-01-16T21:00:00,-0.14,-0.71,0.02,-1.17,0.96,-1.3,-0.02,0.8,0.39,0,0,-22.00
2007-01-16T22:00:00,-0.2,0.4,0.33,-1.76,1.11,-2.7,-0.28,0.87,0.55,0,0,-19.00
2007-01-16T23:00:00,-0.92,-0.12,-0.28,-1.61,0.79,-1.56,-0.4,0.59,-0.04,0,0,-13.00
2007-01-17T00:00:00,-0.54,0.51,0.07,-1.74,0.2,-2.38,-0.38,0.73,0.13,0,0,-15.00
2007-01-17T01:00:00,-0.67,0.55,-0.3,-1.68,0.16,-1.13,-0.42,0.57,-0.03,0,0,-21.00
2007-01-17T02:00:00,-0.14,0.77,0.09,-1.85,0.15,-1.5,-0.22,0.8,0.17,0,0,-21.00
2007-01-17T03:00:00,-0.56,-0.04,-0.53,-1.56,1.17,-0.23,-0.28,0.6,0.04,0,0,-21.00
2007-01-17T04:00:00,-0.37,-0.13,-0.75,-1.66,1.17,0.76,-0.3,0.51,-0.03,0,0,-21.00
2007-01-17T05:00:00,-0.43,0.85,0.37,-1.5,-0.47,-1.4,-0.33,0.43,-0.05,0,0,-24.00
2007-01-17T06:00:00,-0.59,0.55,0.02,-1.58,-0.11,-1.1,-0.28,0.5,0.07,0,0,-28.00
2007-01-17T07:00:00,-0.59,0.18,-0.16,-1.69,0.08,-0.29,-0.36,0.33,0.1,0,0,-28.00
2007-01-17T08:00:00,-0.51,-0.04,-0.43,-1.76,0.61,0.4,-0.39,0.35,0.02,0,0,-26.00
2007-01-17T09:00:00,-0.56,0.38,-0.09,-1.67,-0.04,0.16,-0.44,0.2,0.01,0,0,-26.00
2007-01-17T10:00:00,-0.38,0.44,0.14,-1.82,-0.13,-0.41,-0.46,0.15,0.06,0,0,-32.00
2007-01-17T11:00:00,-0.13,0.6,0.1,-1.96,-0.21,-0.31,-0.43,0.49,0.14,0,0,-30.00
2007-01-17T12:00:00,-0.16,0.08,0.3,-2.0,0.85,-1.39,-0.4,0.47,1.11,0,0,-27.00
2007-01-17T13:00:00,-0.17,-0.19,0.35,-1.98,1.04,-1.09,-0.39,0.52,0.71,0,0,-23.00
2007-01-17T14:00:00,-0.07,0.69,0.22,-2.0,-0.34,-0.84,-0.37,0.39,0.06,0,0,-26.00
2007-01-17T15:00:00,-0.51,0.34,0.39,-1.74,0.27,-1.13,-0.34,0.49,0.11,0,0,-27.00
2007-01-17T16:00:00,-0.33,0.84,0.04,-1.8,-0.49,-0.63,-0.3,0.4,-0.01,0,0,-26.00
2007-01-17T17:00:00,-0.52,0.74,-0.41,-1.63,-0.34,0.01,-0.32,0.25,-0.08,0,0,-27.00
2007-01-17T18:00:00,-0.58,0.55,-0.44,-1.57,-0.01,-0.1,-0.35,0.16,-0.08,0,0,-27.00
2007-01-17T19:00:00,-0.46,0.49,-0.5,-1.61,0.29,0.31,-0.4,0.13,-0.08,0,0,-36.00
2007-01-17T20:00:00,-0.49,0.19,-0.29,-1.78,1.02,0.37,-0.31,0.49,0.16,0,0,-33.00
2007-01-17T21:00:00,-0.38,0.38,0.36,-1.83,0.81,-0.82,-0.3,0.62,0.25,0,0,-36.00
2007-01-17T22:00:00,-0.27,0.28,0.56,-1.85,0.98,-0.88,-0.26,0.55,0.18,0,0,-36.00
2007-01-17T23:00:00,-0.08,0.32,0.47,-1.91,0.75,-1.0,-0.35,0.5,0.26,0,0,-30.00
2007-01-18T00:00:00,-0.48,0.58,0.12,-1.6,0.31,-0.41,-0.33,0.51,0.08,0,0,-23.00
2007-01-18T01:00:00,-0.66,0.64,0.08,-1.44,0.4,-0.58,-0.32,0.37,-0.02,0,0,-23.00
2007-01-18T02:00:00,-0.73,0.35,-0.13,-1.36,0.71,-0.14,-0.33,0.32,0.0,0,0,-26.00
2007-01-18T03:00:00,-0.66,0.54,0.07,-1.31,0.49,-0.61,-0.36,0.28,-0.02,0,0,-27.00
2007-01-18T04:00:00,-0.5,0.3,0.36,-1.36,-0.25,-0.95,-0.53,0.07,-0.04,0,0,-30.00
2007-01-18T05:00:00,-0.66,0.29,-0.06,-1.2,-0.38,0.26,-0.53,-0.11,-0.09,0,0,-32.00
2007-01-18T06:00:00,-0.26,0.56,-0.11,-1.41,-0.95,0.46,-0.59,0.02,-0.06,0,0,-31.00
2007-01-18T07:00:00,-0.33,0.4,-0.21,-1.36,-0.44,0.57,-0.56,0.14,-0.0,0,0,-28.00
2007-01-18T08:00:00,-0.23,0.15,-0.17,-1.41,-0.01,0.3,-0.52,0.29,0.41,0,0,-29.00
2007-01-18T09:00:00,-0.26,0.26,0.01,-1.41,-0.33,-0.1,-0.5,0.31,0.48,0,0,-30.00
2007-01-18T10:00:00,-0.42,0.24,0.05,-1.35,-0.04,-0.09,-0.48,0.22,0.2,0,0,-25.00
2007-01-18T11:00:00,-0.35,0.21,0.06,-1.4,-0.15,-0.28,-0.46,0.39,0.48,0,0,-25.00
2007-01-18T12:00:00,-0.29,0.25,0.47,-1.49,-0.1,-1.17,-0.45,0.28,0.08,0,0,-23.00
2007-01-18T13:00:00,-0.38,0.36,0.02,-1.38,-0.36,-0.15,-0.42,0.31,0.21,0,0,-22.00
2007-01-18T14:00:00,-0.39,0.14,-0.14,-1.39,0.05,0.06,-0.41,0.4,0.36,0,0,-25.00
2007-01-18T15:00:00,-0.16,0.09,0.17,-1.5,0.08,-0.38,-0.48,0.16,1.49,0,0,-26.00
2007-01-18T16:00:00,-0.26,0.49,0.67,-1.42,-0.57,-1.43,-0.46,0.09,-0.09,0,0,-28.00
2007-01-18T17:00:00,-0.41,0.48,0.33,-1.33,-0.62,-0.72,-0.46,0.02,-0.04,0,0,-30.00
2007-01-18T18:00:00,-0.56,0.47,-0.03,-1.27,-0.55,-0.33,-0.44,0.05,-0.04,0,0,-25.00
2007-01-18T19:00:00,-0.39,0.38,0.2,-1.49,-0.08,-0.73,-0.44,0.28,0.13,0,0,-21.00
2007-01-18T20:00:00,-0.44,-0.06,0.23,-1.57,0.73,-0.28,-0.39,0.4,0.4,0,0,-24.00
2007-01-18T21:00:00,-0.21,0.02,-0.4,-1.66,0.62,0.55,-0.35,0.45,0.24,0,0,-21.00
2007-01-18T22:00:00,0.27,0.28,-0.24,-1.87,0.14,0.38,-0.45,0.23,0.16,0,0,-20.00
2007-01-18T23:00:00,-0.4,0.31,0.48,-1.64,0.14,-0.66,-0.47,0.26,0.01,0,0,-21.00
2007-01-19T00:00:00,-0.42,0.15,0.42,-1.65,0.31,-0.79,-0.48,0.29,0.08,0,0,-26.00
2007-01-19T01:00:00,-0.58,0.14,0.09,-1.56,0.4,-0.17,-0.43,0.29,0.12,0,0,-22.00
2007-01-19T02:00:00,-0.49,-0.29,-0.05,-1.59,1.07,0.24,-0.52,0.27,0.09,0,0,-19.00
2007-01-19T03:00:00,-0.5,0.35,-0.03,-1.51,-0.08,0.08,-0.53,0.2,0.02,0,0,-21.00
2007-01-19T04:00:00,-0.2,0.37,-0.12,-1.67,-0.27,0.49,-0.56,0.16,0.13,0,0,-28.00
2007-01-19T05:00:00,-0.63,-0.58,-0.06,-1.38,1.99,0.47,-0.54,0.05,-0.1,0,0,-32.00
2007-01-19T06:00:00,-0.71,-0.08,0.28,-1.29,0.15,-0.37,-0.53,-0.05,-0.09,0,0,-32.00
2007-01-19T07:00:00,-0.55,0.34,0.39,-1.36,-0.41,-0.7,-0.59,-0.03,-0.1,0,0,-26.00
2007-01-19T08:00:00,-0.57,0.41,0.1,-1.25,-0.52,-0.4,-0.6,-0.03,-0.09,0,0,-22.00
2007-01-19T09:00:00,-0.43,0.19,-0.1,-1.42,0.32,0.1,-0.48,0.12,0.12,0,0,-22.00
2007-01-19T10:00:00,-0.4,-0.03,0.01,-1.44,0.61,0.05,-0.49,0.08,0.28,0,0,-20.00
2007-01-19T11:00:00,-0.47,0.08,-0.04,-1.38,0.26,0.13,-0.47,0.07,0.13,0,0,-21.00
2007-01-19T12:00:00,-0.12,0.49,0.14,-1.53,-1.29,-0.19,-0.49,0.06,0.08,0,0,-20.00
2007-01-19T13:00:00,-0.22,0.39,0.12,-1.57,-0.28,0.0,-0.47,0.23,0.25,0,0,-22.00
2007-01-19T14:00:00,-0.13,0.26,-0.27,-1.53,-0.21,1.07,-0.56,0.14,0.1,0,0,-23.00
2007-01-19T15:00:00,-0.3,0.34,0.38,-1.47,-0.28,-0.43,-0.54,0.21,0.04,0,0,-24.00
2007-01-19T16:00:00,-0.28,0.44,0.32,-1.43,-0.42,-0.07,-0.53,0.17,0.02,0,0,-29.00
2007-01-19T17:00:00,-0.39,0.19,0.12,-1.4,0.19,0.52,-0.17,0.13,0.49,0,0,-29.00
2007-01-19T18:00:00,-0.17,0.47,-0.04,-1.61,-0.16,0.95,-0.46,0.25,0.16,0,0,-27.00
2007-01-19T19:00:00,-0.08,0.48,-0.03,-1.68,0.09,0.69,-0.45,0.28,0.2,0,0,-23.00
2007-01-19T20:00:00,-0.02,0.24,0.33,-1.63,0.35,-0.17,-0.5,0.37,0.46,0,0,-23.00
2007-01-19T21:00:00,-0.22,0.05,0.21,-1.6,0.92,0.14,-0.57,0.17,0.75,0,0,-28.00
2007-01-19T22:00:00,-0.41,0.22,0.15,-1.53,0.11,0.16,-0.58,0.01,0.06,0,0,-27.00
2007-01-19T23:00:00,-0.43,0.26,0.09,-1.47,0.09,0.19,-0.61,-0.03,0.01,0,0,-22.00
2007-01-20T00:00:00,-0.45,0.23,0.08,-1.42,-0.01,0.38,-0.58,0.09,0.06,0,0,-19.00
2007-01-20T01:00:00,0.13,0.42,0.38,-1.82,-0.32,-0.76,-0.67,-0.03,-0.06,0,0,-19.00
2007-01-20T02:00:00,0.12,0.45,0.36,-1.73,-0.41,-0.66,-0.64,-0.02,-0.05,0,0,-21.00
2007-01-20T03:00:00,-0.5,0.09,-0.03,-1.49,0.2,0.42,-0.59,0.0,0.01,0,0,-19.00
2007-01-20T04:00:00,-0.43,-0.18,0.11,-1.49,0.55,0.05,-0.59,0.01,0.08,0,0,-19.00
2007-01-20T05:00:00,-0.57,0.04,-0.04,-1.39,0.44,0.47,-0.56,-0.06,-0.03,0,0,-18.00
2007-01-20T06:00:00,-0.16,0.19,0.44,-1.49,0.05,-0.41,-0.57,-0.04,0.02,0,0,-18.00
2007-01-20T07:00:00,-0.6,0.26,0.24,-1.29,0.01,0.03,-0.48,-0.09,-0.06,0,0,-18.00
2007-01-20T08:00:00,-0.63,0.21,0.03,-1.2,-0.24,0.04,-0.5,-0.12,-0.07,0,0,-12.00
2007-01-20T09:00:00,-0.61,0.11,0.16,-1.11,-0.19,-0.32,-0.61,-0.26,-0.11,0,0,-15.00
2007-01-20T10:00:00,-0.39,0.16,0.22,-1.19,-0.24,-0.16,-0.6,-0.11,0.02,0,0,-16.00
2007-01-20T11:00:00,-0.5,0.28,0.21,-1.08,-0.42,0.13,-0.58,-0.2,-0.08,0,0,-16.00
2007-01-20T12:00:00,-0.36,0.4,0.34,-1.09,-0.61,-0.45,-0.64,-0.22,-0.11,0,0,-19.00
2007-01-20T13:00:00,-0.42,0.24,0.18,-1.08,-0.39,-0.08,-0.56,-0.14,-0.01,0,0,-17.00
2007-01-20T14:00:00,-0.33,0.32,0.34,-1.1,-0.49,-0.45,-0.6,-0.22,-0.08,0,0,-18.00
2007-01-20T15:00:00,-0.29,0.55,0.25,-1.04,-0.76,-0.12,-0.63,-0.26,-0.12,0,0,-22.00
2007-01-20T16:00:00,-0.1,0.61,0.31,-1.12,-0.66,-0.23,-0.64,-0.24,-0.13,0,0,-23.00
2007-01-20T17:00:00,-0.59,-0.34,-0.02,-0.98,0.9,0.55,-0.65,-0.3,-0.14,0,0,-25.00
2007-01-20T18:00:00,-0.67,-0.25,0.03,-0.91,0.75,0.49,-0.67,-0.37,-0.15,0,0,-25.00
2007-01-20T19:00:00,-0.64,-0.14,0.01,-0.89,0.35,0.48,-0.59,-0.32,-0.13,0,0,-23.00
2007-01-20T20:00:00,-0.48,0.43,0.19,-0.96,-0.76,-0.14,-0.59,-0.27,-0.12,0,0,-22.00
2007-01-20T21:00:00,-0.48,0.12,0.1,-0.9,0.09,0.32,-0.47,-0.13,0.04,0,0,-20.00
2007-01-20T22:00:00,-0.33,0.15,0.15,-0.95,-0.08,-0.23,-0.5,-0.12,0.18,0,0,-16.00
2007-01-20T23:00:00,-0.24,0.28,0.42,-0.95,-0.23,-1.0,-0.48,-0.09,0.0,0,0,-13.00
2007-01-21T00:00:00,-0.24,0.41,0.01,-0.88,-0.41,-0.1,-0.49,-0.07,0.06,0,0,-12.00
2007-01-21T01:00:00,0.07,0.05,0.5,-0.98,0.28,-1.07,-0.56,-0.27,-0.06,0,0,-10.00
2007-01-21T02:00:00,-0.48,0.71,0.33,-0.76,-0.76,-0.44,-0.5,-0.27,-0.15,0,0,-11.00
2007-01-21T03:00:00,-0.46,0.74,-0.16,-0.7,-0.93,0.2,-0.49,-0.29,-0.15,0,0,-11.00
2007-01-21T04:00:00,0.02,0.62,-0.3,-0.81,-0.82,0.3,-0.57,-0.24,-0.13,0,0,-10.00
2007-01-21T05:00:00,0.1,0.59,-0.29,-0.8,-0.81,0.33,-0.6,-0.24,-0.13,0,0,-15.00
2007-01-21T06:00:00,0.0,0.22,-0.29,-0.73,-0.48,0.26,-0.57,-0.21,-0.03,0,0,-19.00
2007-01-21T07:00:00,-0.27,0.19,-0.23,-0.62,-0.22,0.62,-0.56,-0.14,0.0,0,0,-21.00
2007-01-21T08:00:00,-0.45,0.41,-0.01,-0.51,-0.57,0.33,-0.54,-0.15,-0.07,0,0,-24.00
2007-01-21T09:00:00,-0.39,-0.01,-0.3,-0.48,-0.35,0.68,-0.56,-0.05,-0.03,0,0,-24.00
2007-01-21T10:00:00,-0.46,0.24,-0.04,-0.38,-0.55,0.33,-0.52,-0.19,-0.03,0,0,-23.00
2007-01-21T11:00:00,-0.54,0.31,0.08,-0.29,-0.67,0.25,-0.47,-0.15,-0.05,0,0,-25.00
2007-01-21T12:00:00,-0.57,-0.08,-0.04,-0.25,-0.16,0.37,-0.46,-0.17,-0.03,0,0,-24.00
2007-01-21T13:00:00,-0.67,-0.06,0.08,-0.11,-0.15,0.17,-0.47,-0.26,-0.09,0,0,-18.00
2007-01-21T14:00:00,-0.63,-0.1,0.05,-0.14,-0.16,0.24,-0.4,-0.23,-0.06,0,0,-17.00
2007-01-21T15:00:00,-0.62,-0.01,0.03,-0.14,-0.26,0.15,-0.35,-0.19,-0.03,0,0,-17.00
2007-01-21T16:00:00,-0.61,-0.11,-0.07,-0.09,-0.01,0.52,-0.4,-0.25,-0.07,0,0,-17.00
2007-01-21T17:00:00,-0.67,0.24,-0.03,-0.01,-0.51,0.58,-0.36,-0.32,-0.11,0,0,-18.00
2007-01-21T18:00:00,-0.76,0.32,0.19,0.02,-0.51,0.22,-0.32,-0.34,-0.13,0,0,-21.00
2007-01-21T19:00:00,-0.12,0.44,0.42,-0.12,-0.64,0.05,-0.41,-0.41,-0.12,0,0,-20.00
