2007-03-21T15:00:00,-0.04,0.14,0.1,1.82,0.49,-1.93,1.47,-0.58,0.96,0,0,3.00
2007-03-21T16:00:00,0.0,0.2,0.17,1.84,0.51,-1.52,1.28,-0.57,0.34,0,0,3.00
2007-03-21T17:00:00,0.01,0.27,0.21,1.81,0.36,-0.71,1.18,-0.58,0.08,0,0,3.00
2007-03-21T18:00:00,-0.06,0.21,0.25,1.8,-0.05,0.06,1.09,-0.58,0.09,0,0,3.00
2007-03-21T19:00:00,-0.16,0.25,0.2,1.82,-0.39,0.55,1.15,-0.57,0.06,0,0,3.00
2007-03-21T20:00:00,-0.18,0.19,0.09,1.82,-0.48,0.94,1.16,-0.57,0.25,0,0,5.00
2007-03-21T21:00:00,-0.12,-0.15,-0.15,1.82,-0.41,0.89,1.19,-0.56,0.2,0,0,7.00
2007-03-21T22:00:00,-0.08,-0.08,-0.07,1.83,-0.08,0.62,1.47,-0.56,0.92,0,0,8.00
2007-03-21T23:00:00,-0.17,-0.15,0.04,1.8,0.09,0.09,1.46,-0.56,0.68,0,0,7.00
2007-03-22T00:00:00,-0.16,-0.06,-0.06,1.8,0.24,-0.27,1.54,-0.55,0.71,1,0,7.00
2007-03-22T01:00:00,0.06,-0.36,0.01,1.83,0.21,-0.3,1.47,-0.56,0.13,1,0,6.00
2007-03-22T02:00:00,-0.05,-0.53,-0.12,1.81,0.11,-0.34,1.37,-0.58,-0.09,1,0,3.00
2007-03-22T03:00:00,-0.1,-0.44,-0.13,1.85,0.18,-0.33,1.7,-0.57,-0.02,1,0,1.00
2007-03-22T04:00:00,-0.06,-0.15,-0.2,1.92,0.46,-1.2,2.93,-0.57,0.26,1,0,3.00
2007-03-22T05:00:00,0.07,-0.41,-0.09,1.85,0.08,-0.49,1.65,-0.57,0.02,1,0,5.00
2007-03-22T06:00:00,0.04,-0.33,-0.25,1.86,0.06,-0.54,1.67,-0.56,0.0,1,0,5.00
2007-03-22T07:00:00,0.05,-0.25,-0.23,1.86,-0.03,-0.55,1.69,-0.55,0.09,1,0,3.00
2007-03-22T08:00:00,-0.01,-0.68,-0.01,1.87,-0.19,-0.33,1.4,-0.56,-0.1,1,0,2.00
2007-03-22T09:00:00,0.06,-0.6,-0.06,1.9,-0.11,-0.35,1.26,-0.57,-0.1,1,0,1.00
2007-03-22T10:00:00,0.09,-0.65,-0.11,1.91,-0.18,-0.38,1.13,-0.57,-0.12,1,0,1.00
2007-03-22T11:00:00,0.42,-0.53,-0.01,1.98,-0.09,-0.16,1.24,-0.58,-0.12,1,0,2.00
2007-03-22T12:00:00,0.54,-0.54,0.04,1.98,-0.08,-0.21,1.28,-0.57,-0.13,1,0,2.00
2007-03-22T13:00:00,0.35,-0.66,-0.12,1.96,-0.21,-0.25,1.35,-0.57,-0.13,1,0,-1.00
2007-03-22T14:00:00,0.14,-0.68,-0.24,1.95,-0.19,-0.28,1.36,-0.56,-0.12,1,0,-3.00
2007-03-22T15:00:00,0.12,-0.57,-0.31,1.94,-0.23,-0.33,1.33,-0.57,-0.12,1,0,-3.00
2007-03-22T16:00:00,0.49,-0.53,0.16,1.98,-0.26,0.01,1.27,-0.56,-0.12,1,0,-2.00
2007-03-22T17:00:00,0.25,-0.52,-0.03,1.96,-0.23,-0.17,1.35,-0.56,-0.06,1,0,-3.00
2007-03-22T18:00:00,0.17,-0.42,-0.29,1.95,-0.18,-0.31,1.4,-0.56,-0.08,1,0,-3.00
2007-03-22T19:00:00,0.38,-0.41,-0.22,1.97,-0.21,-0.29,1.48,-0.56,-0.09,1,0,-1.00
2007-03-22T20:00:00,0.41,-0.39,-0.19,1.99,-0.36,-0.14,1.31,-0.56,-0.08,1,0,2.00
2007-03-22T21:00:00,0.48,-0.31,-0.27,1.97,-0.29,-0.26,1.47,-0.55,-0.09,1,0,3.00
2007-03-22T22:00:00,0.62,-0.3,-0.12,1.99,-0.26,-0.26,1.59,-0.55,-0.09,1,0,3.00
2007-03-22T23:00:00,0.59,-0.12,-0.23,2.0,-0.05,-0.52,2.03,-0.56,-0.07,1,0,3.00
2007-03-23T00:00:00,0.7,-0.21,-0.11,2.01,-0.32,-0.18,1.63,-0.55,-0.1,1,0,4.00
2007-03-23T01:00:00,0.65,-0.38,0.06,2.0,-0.55,0.11,1.73,-0.56,-0.1,1,0,3.00
2007-03-23T02:00:00,0.51,-0.54,-0.23,1.98,-0.38,-0.53,3.68,-0.55,-0.05,1,0,1.00
2007-03-23T03:00:00,0.56,-0.56,-0.04,1.93,-0.59,0.02,1.66,-0.54,-0.1,1,0,-2.00
2007-03-23T04:00:00,0.8,-0.59,0.45,1.89,-0.85,-0.43,1.41,-0.56,-0.16,1,0,-1.00
2007-03-23T05:00:00,0.38,-0.49,-0.23,1.75,-0.49,-0.16,2.54,-0.56,-0.06,1,0,-1.00
2007-03-23T06:00:00,0.4,-0.61,-0.16,1.62,-0.29,-0.17,2.93,-0.58,-0.1,1,0,-3.00
2007-03-23T07:00:00,0.61,-0.89,0.61,1.54,0.16,0.15,1.81,-0.5,-0.14,1,0,3.00
2007-03-23T08:00:00,0.35,-0.88,0.13,1.53,0.03,0.17,1.66,-0.49,-0.1,1,0,5.00
2007-03-23T09:00:00,-0.04,-0.68,-0.74,1.56,0.11,-0.76,2.19,-0.51,-0.13,1,0,2.00
2007-03-23T10:00:00,0.6,-0.69,-0.14,1.53,0.13,-0.06,2.06,-0.46,-0.06,1,0,5.00
2007-03-23T11:00:00,0.12,-0.54,-0.75,1.56,0.06,-0.18,1.95,-0.47,-0.11,1,0,3.00
2007-03-23T12:00:00,-0.16,-0.51,-0.97,1.52,0.02,-0.34,1.55,-0.5,-0.15,1,0,-1.00
2007-03-23T13:00:00,-0.18,-0.59,-0.73,1.43,0.08,-0.14,1.66,-0.49,-0.12,1,0,-1.00
2007-03-23T14:00:00,-0.26,-0.49,-0.45,1.32,0.2,0.82,3.4,-0.49,0.02,1,0,-10.00
2007-03-23T15:00:00,-0.11,0.09,-0.07,1.46,0.5,0.1,2.12,-0.42,2.39,1,0,-21.00
2007-03-23T16:00:00,-0.19,0.19,-0.18,1.37,0.06,-0.11,1.75,-0.4,0.67,1,0,-25.00
2007-03-23T17:00:00,0.4,-1.24,0.31,1.33,0.0,-0.25,1.15,-0.43,-0.14,1,0,-22.00
2007-03-23T18:00:00,-0.06,-1.02,-0.07,1.3,0.04,-0.34,1.78,-0.37,-0.04,1,0,-19.00
2007-03-23T19:00:00,-0.11,-0.28,-0.4,1.25,0.17,-0.27,1.75,-0.37,0.2,1,0,-17.00
2007-03-23T20:00:00,-0.2,0.6,-0.59,1.17,0.36,-0.03,1.58,-0.4,-0.07,1,0,-12.00
2007-03-23T21:00:00,0.01,-0.19,-0.62,1.18,0.3,-0.22,1.49,-0.33,0.04,1,0,-10.00
2007-03-23T22:00:00,0.32,-1.01,-0.34,1.17,0.18,0.25,1.27,-0.23,-0.04,1,0,-14.00
2007-03-23T23:00:00,-0.07,0.22,-0.68,1.1,0.62,0.41,1.14,0.0,0.15,1,0,-18.00
2007-03-24T00:00:00,0.1,0.35,-0.72,1.04,0.37,0.09,1.06,-0.1,0.04,1,0,-18.00
2007-03-24T01:00:00,-0.29,0.49,-0.47,1.05,0.26,-0.28,1.5,-0.18,0.13,1,0,-17.00
2007-03-24T02:00:00,0.63,-0.54,-0.79,1.04,0.28,-0.0,1.45,-0.23,-0.07,1,0,-23.00
2007-03-24T03:00:00,0.33,0.41,-1.03,1.01,0.38,0.09,1.31,-0.38,-0.13,1,0,-29.00
2007-03-24T04:00:00,0.35,0.41,-1.22,1.03,0.22,-0.03,1.05,-0.45,-0.16,1,0,-32.00
2007-03-24T05:00:00,-0.01,0.05,-1.33,1.03,0.33,-0.17,0.58,-0.52,-0.18,1,0,-35.00
2007-03-24T06:00:00,-0.33,-0.59,-1.4,0.96,-0.13,-0.31,-0.23,-0.51,-0.19,1,0,-41.00
2007-03-24T07:00:00,-0.43,-0.57,-1.39,1.0,-0.28,-0.48,-0.22,-0.51,-0.19,1,0,-57.00
2007-03-24T08:00:00,-0.25,-1.14,-1.13,1.01,-0.18,-0.56,0.06,-0.52,-0.18,1,0,-66.00
2007-03-24T09:00:00,-0.35,-1.34,-0.85,1.09,-0.22,-0.7,-0.05,-0.55,-0.19,1,0,-72.00
2007-03-24T10:00:00,-0.25,-1.39,-0.76,1.12,0.11,-0.71,-0.1,-0.53,-0.19,1,0,-66.00
2007-03-24T11:00:00,-0.25,-1.35,-0.76,1.11,0.16,-0.73,-0.15,-0.54,-0.19,1,0,-60.00
2007-03-24T12:00:00,-0.05,-0.66,0.56,1.14,0.43,0.12,0.77,-0.55,-0.14,1,0,-60.00
2007-03-24T13:00:00,-0.28,-0.77,0.78,1.1,0.67,0.28,1.32,-0.43,-0.11,1,0,-61.00
2007-03-24T14:00:00,-0.1,-0.77,0.87,1.1,0.59,0.13,2.16,-0.44,-0.1,1,0,-60.00
2007-03-24T15:00:00,-0.04,-0.91,0.76,1.16,0.46,-0.09,2.16,-0.49,-0.12,1,0,-51.00
2007-03-24T16:00:00,-0.14,-0.97,0.72,1.2,0.43,-0.42,1.24,-0.42,-0.12,1,0,-40.00
2007-03-24T17:00:00,-0.07,-0.89,0.56,1.24,0.4,-0.53,1.72,-0.42,-0.08,1,0,-35.00
2007-03-24T18:00:00,-0.08,-1.21,0.58,1.22,0.03,-0.69,2.22,-0.49,-0.14,1,0,-34.00
2007-03-24T19:00:00,-0.02,-1.68,0.74,1.12,-0.2,-0.84,1.07,-0.5,-0.17,1,0,-29.00
2007-03-24T20:00:00,0.14,-1.58,0.99,1.1,-0.36,-0.55,1.7,-0.56,-0.18,1,0,-21.00
2007-03-24T21:00:00,-0.02,-1.55,1.17,1.06,-0.14,-0.51,1.1,-0.58,-0.19,1,0,-21.00
2007-03-24T22:00:00,-0.56,-1.2,1.31,0.98,0.45,-0.35,1.69,-0.53,-0.18,1,0,-15.00
2007-03-24T23:00:00,0.29,0.37,1.55,1.09,1.12,-0.19,3.56,-0.48,-0.14,1,0,-9.00
2007-03-25T00:00:00,0.2,0.22,1.75,0.98,0.35,-0.31,2.73,-0.45,-0.15,1,0,-1.00
2007-03-25T01:00:00,0.43,0.52,1.67,0.96,0.35,-0.47,2.76,-0.5,-0.16,1,0,8.00
2007-03-25T02:00:00,0.39,1.02,1.54,1.03,0.4,-1.0,2.58,-0.56,-0.18,1,0,7.00
2007-03-25T03:00:00,0.41,0.85,1.21,1.02,0.3,-1.05,1.57,-0.38,-0.14,1,0,1.00
2007-03-25T04:00:00,1.07,1.38,0.27,0.98,-0.26,-1.56,0.66,-0.18,-0.14,1,0,-1.00
2007-03-25T05:00:00,0.68,1.16,0.34,0.88,-0.49,-1.17,0.44,0.1,-0.08,1,0,-5.00
2007-03-25T06:00:00,0.16,0.92,0.43,0.81,0.18,-0.71,0.72,0.21,0.09,1,0,-11.00
2007-03-25T07:00:00,0.4,0.59,-0.06,0.51,0.01,0.2,0.3,0.32,0.3,1,0,-14.00
2007-03-25T08:00:00,0.59,0.43,-0.66,0.31,0.14,1.33,0.17,0.36,0.01,1,0,-12.00
2007-03-25T09:00:00,0.12,-0.08,-0.13,0.21,0.57,1.03,0.18,0.31,3.03,1,0,-13.00
2007-03-25T10:00:00,-0.13,-0.13,-0.3,0.11,0.51,1.23,0.03,0.22,0.65,1,0,-22.00
2007-03-25T11:00:00,-0.4,0.11,-0.34,0.24,0.47,1.54,0.03,0.14,0.22,1,0,-30.00
2007-03-25T12:00:00,-0.57,-0.02,-0.62,0.22,0.6,1.73,-0.02,0.05,-0.05,1,0,-29.00
2007-03-25T13:00:00,-0.68,0.63,0.22,0.22,0.21,0.86,-0.08,0.01,-0.05,1,0,-28.00
2007-03-25T14:00:00,-0.91,-0.02,0.46,0.28,0.51,0.03,-0.27,-0.18,-0.12,1,0,-35.00
2007-03-25T15:00:00,-0.47,0.33,0.49,0.16,0.09,0.28,-0.22,-0.04,-0.02,1,0,-38.00
2007-03-25T16:00:00,-0.56,0.36,0.48,0.21,0.0,0.44,-0.22,-0.11,-0.06,1,0,-34.00
2007-03-25T17:00:00,-0.54,-0.02,0.67,0.27,0.28,0.46,-0.29,-0.22,-0.11,1,0,-30.00
2007-03-25T18:00:00,-0.29,0.74,0.22,0.49,-0.55,-0.22,-0.04,-0.27,-0.09,1,0,-27.00
2007-03-25T19:00:00,-0.08,0.54,-0.09,0.5,-0.38,-0.32,0.09,-0.17,0.11,1,0,-25.00
2007-03-25T20:00:00,-0.12,1.02,0.01,0.55,-0.58,-0.99,0.04,-0.17,-0.1,1,0,-22.00
2007-03-25T21:00:00,-0.55,0.65,0.47,0.62,-0.63,-0.98,-0.0,-0.27,-0.11,1,0,-20.00
2007-03-25T22:00:00,-0.93,0.2,0.71,0.63,-0.71,-1.03,-0.08,-0.25,-0.14,1,0,-24.00
2007-03-25T23:00:00,-0.34,0.6,0.62,0.42,-0.23,-0.39,0.01,-0.27,-0.11,1,0,-24.00
2007-03-26T00:00:00,-0.89,-0.31,0.8,0.31,-0.17,-0.05,0.12,-0.29,-0.14,1,0,-19.00
2007-03-26T01:00:00,-0.74,-0.27,0.54,0.33,-0.07,-0.26,0.07,-0.16,-0.07,1,0,-10.00
2007-03-26T02:00:00,-0.54,-0.81,0.07,0.27,0.24,0.09,0.01,-0.19,-0.09,1,0,-9.00
2007-03-26T03:00:00,-0.6,-0.34,0.03,0.25,0.34,0.2,-0.11,-0.25,-0.03,1,0,-10.00
2007-03-26T04:00:00,-0.43,-0.19,0.02,0.09,0.31,0.14,-0.05,0.06,0.45,1,0,-14.00
2007-03-26T05:00:00,-0.38,-0.09,0.24,-0.02,0.32,0.07,-0.06,0.13,0.64,1,0,-17.00
2007-03-26T06:00:00,-0.27,-0.28,0.03,-0.28,0.52,0.71,-0.13,0.11,0.79,1,0,-20.00
2007-03-26T07:00:00,-0.45,-0.4,0.05,-0.23,0.55,0.52,-0.18,0.08,0.17,1,0,-21.00
2007-03-26T08:00:00,-0.83,-0.16,0.26,-0.12,0.49,0.29,-0.19,-0.03,-0.05,1,0,-18.00
2007-03-26T09:00:00,-0.74,0.2,0.33,-0.08,0.03,0.46,-0.23,0.04,-0.03,0,0,-20.00
2007-03-26T10:00:00,-0.79,0.27,0.43,-0.08,-0.16,0.61,-0.25,0.16,-0.05,0,0,-18.00
2007-03-26T11:00:00,-0.55,0.59,0.03,-0.04,-0.34,1.09,-0.24,0.14,-0.0,0,0,-18.00
2007-03-26T12:00:00,-0.14,0.44,0.2,-0.14,-0.37,0.79,-0.16,0.05,0.28,0,0,-17.00
2007-03-26T13:00:00,-0.33,0.26,0.42,-0.05,0.06,0.78,-0.03,-0.08,0.12,0,0,-15.00
2007-03-26T14:00:00,0.38,-0.08,-0.76,0.04,0.1,0.78,-0.13,-0.34,-0.14,0,0,-16.00
2007-03-26T15:00:00,0.46,-0.04,-0.74,0.05,0.05,0.96,-0.04,-0.28,-0.12,0,0,-15.00
2007-03-26T16:00:00,0.52,0.55,-0.38,-0.01,-0.37,1.09,0.22,-0.19,-0.06,0,0,-17.00
2007-03-26T17:00:00,-0.24,0.01,0.02,0.25,0.18,0.81,0.08,0.14,2.54,0,0,-23.00
2007-03-26T18:00:00,-0.7,-0.3,0.48,0.25,0.03,0.11,0.0,0.02,-0.02,0,0,-24.00
2007-03-26T19:00:00,-0.43,0.35,0.28,0.19,-0.61,0.46,0.14,0.07,0.26,0,0,-25.00
2007-03-26T20:00:00,-0.82,-0.36,0.31,0.28,0.12,0.28,0.15,0.04,0.0,0,0,-19.00
2007-03-26T21:00:00,-0.78,0.11,0.33,0.33,-0.21,0.17,0.12,0.06,0.04,0,0,-12.00
2007-03-26T22:00:00,-0.13,0.12,0.85,0.11,-0.17,-0.48,0.04,-0.01,-0.03,0,0,-12.00
2007-03-26T23:00:00,-0.2,0.38,0.86,0.13,-0.36,-0.38,0.07,-0.07,-0.07,0,0,-14.00
2007-03-27T00:00:00,-0.36,0.68,0.37,0.19,-0.57,0.16,0.08,-0.08,-0.02,0,0,-14.00
2007-03-27T01:00:00,-0.73,0.03,0.4,0.31,0.08,0.18,0.18,-0.02,0.04,0,0,-11.00
2007-03-27T02:00:00,-0.78,0.08,0.57,0.33,-0.02,-0.04,0.13,-0.13,-0.06,0,0,-10.00
2007-03-27T03:00:00,-0.37,0.19,0.55,0.2,-0.12,0.04,0.2,-0.15,0.05,0,0,-11.00
2007-03-27T04:00:00,0.01,0.22,-0.68,0.1,-0.24,1.66,0.32,-0.19,-0.04,0,0,-10.00
2007-03-27T05:00:00,-0.79,0.51,0.35,0.35,-0.63,0.36,0.19,-0.11,-0.06,0,0,-7.00
2007-03-27T06:00:00,-0.99,0.79,0.57,0.38,-0.84,0.03,0.09,-0.26,-0.15,0,0,-14.00
2007-03-27T07:00:00,-1.01,0.83,0.58,0.4,-0.98,0.03,0.23,-0.23,-0.14,0,0,-24.00
2007-03-27T08:00:00,-0.75,0.71,-0.31,0.43,-1.0,0.98,0.56,-0.21,-0.08,0,0,-21.00
2007-03-27T09:00:00,-0.76,0.81,-0.32,0.5,-1.28,0.87,0.7,-0.18,-0.08,0,0,-16.00
2007-03-27T10:00:00,-0.96,0.79,0.02,0.59,-1.03,0.35,0.69,-0.13,-0.07,0,0,-15.00
2007-03-27T11:00:00,-0.95,0.27,0.1,0.53,-0.62,0.1,0.81,-0.14,0.01,0,0,-21.00
2007-03-27T12:00:00,-1.21,0.58,0.35,0.55,-0.88,-0.25,0.89,-0.14,-0.09,0,0,-24.00
2007-03-27T13:00:00,-0.94,0.35,0.32,0.53,-0.69,-0.29,0.68,-0.16,-0.04,0,0,-20.00
2007-03-27T14:00:00,-0.82,0.6,0.39,0.47,-0.69,-0.02,0.01,-0.15,-0.11,0,0,-18.00
2007-03-27T15:00:00,-0.52,0.13,0.29,0.32,-0.36,-0.17,0.18,-0.04,0.23,0,0,-18.00
2007-03-27T16:00:00,-0.19,0.62,-0.43,0.16,-0.38,0.7,0.2,-0.05,-0.0,0,0,-21.00
2007-03-27T17:00:00,-0.37,0.71,-0.06,-0.18,0.17,0.76,0.0,0.22,0.07,0,0,-19.00
2007-03-27T18:00:00,-0.92,-0.26,0.65,-0.83,1.98,1.48,-0.2,0.21,-0.09,0,0,-21.00
2007-03-27T19:00:00,-0.95,0.16,0.52,-0.79,1.69,0.88,-0.19,0.43,-0.04,0,0,-28.00
2007-03-27T20:00:00,-0.88,0.19,0.55,-0.74,1.75,1.12,-0.27,0.37,-0.05,0,0,-23.00
2007-03-27T21:00:00,-0.89,0.65,0.23,-0.57,1.32,1.48,-0.33,0.21,-0.1,0,0,-18.00
2007-03-27T22:00:00,-0.85,0.68,0.19,-0.57,1.12,1.44,-0.31,0.14,-0.1,0,0,-13.00
2007-03-27T23:00:00,-0.55,-0.49,0.65,-0.81,1.83,0.99,-0.33,0.21,-0.07,0,0,-14.00
2007-03-28T00:00:00,-0.52,-0.19,0.47,-0.82,1.42,1.32,-0.36,0.28,0.05,0,0,-17.00
2007-03-28T01:00:00,-0.53,0.28,0.34,-0.83,0.88,1.35,-0.38,0.2,0.04,0,0,-21.00
2007-03-28T02:00:00,-0.49,0.38,0.2,-0.87,0.63,1.3,-0.44,0.13,0.03,0,0,-18.00
2007-03-28T03:00:00,-0.33,0.16,-0.04,-0.98,0.87,1.54,-0.53,0.18,0.34,0,0,-18.00
2007-03-28T04:00:00,-0.29,0.13,0.16,-0.94,0.86,0.98,-0.52,0.16,0.49,0,0,-18.00
2007-03-28T05:00:00,-0.53,0.1,0.18,-0.78,0.76,0.53,-0.5,0.11,0.07,0,0,-22.00
2007-03-28T06:00:00,-0.26,0.35,0.28,-0.86,0.58,0.57,-0.6,0.19,0.07,0,0,-24.00
2007-03-28T07:00:00,-0.45,0.24,0.18,-0.72,0.89,0.51,-0.63,0.14,0.03,0,0,-18.00
2007-03-28T08:00:00,-0.03,0.32,0.16,-0.81,0.47,0.34,-0.64,0.1,0.26,0,0,-17.00
2007-03-28T09:00:00,0.46,0.35,0.04,-0.94,0.3,0.53,-0.66,-0.06,-0.07,0,0,-16.00
2007-03-28T10:00:00,0.17,0.2,-0.02,-0.79,0.58,0.65,-0.62,0.07,0.46,0,0,-13.00
2007-03-28T11:00:00,0.11,0.24,-0.05,-0.58,0.63,0.56,-0.65,-0.09,0.25,0,0,-12.00
2007-03-28T12:00:00,-0.14,0.16,0.2,-0.38,0.66,0.06,-0.65,-0.02,0.41,0,0,-10.00
2007-03-28T13:00:00,-0.08,0.23,0.19,-0.42,0.63,0.27,-0.66,-0.11,0.25,0,0,-11.00
2007-03-28T14:00:00,-0.02,0.14,0.11,-0.37,0.69,0.38,-0.65,-0.11,1.28,0,0,-13.00
2007-03-28T15:00:00,0.02,0.16,-0.0,-0.29,0.56,0.23,-0.69,-0.18,0.61,0,0,-14.00
2007-03-28T16:00:00,0.08,0.01,0.05,-0.15,0.51,0.22,-0.64,-0.22,4.95,0,0,-15.00
2007-03-28T17:00:00,-0.1,0.12,-0.01,-0.05,0.42,-0.02,-0.68,-0.25,0.46,0,0,-16.00
2007-03-28T18:00:00,0.26,0.07,0.04,0.02,0.1,-0.05,-0.62,-0.26,0.26,0,0,-15.00
2007-03-28T19:00:00,-0.05,0.06,0.04,0.15,0.13,0.07,-0.57,-0.31,2.71,0,0,-14.00
2007-03-28T20:00:00,-0.23,-0.04,0.23,0.24,0.19,0.05,-0.54,-0.31,0.17,0,0,-13.00
2007-03-28T21:00:00,-0.23,0.01,0.24,0.28,0.11,-0.14,-0.57,-0.35,0.1,0,0,-12.00
2007-03-28T22:00:00,-0.18,0.1,0.04,0.33,-0.06,-0.06,-0.58,-0.36,0.3,0,0,-14.00
2007-03-28T23:00:00,-0.03,0.17,0.17,0.38,0.02,-0.24,-0.63,-0.42,0.14,0,0,-15.00
2007-03-29T00:00:00,-0.15,0.17,-0.03,0.44,-0.14,-0.09,-0.64,-0.43,0.04,0,0,-16.00
2007-03-29T01:00:00,-0.19,-0.0,0.0,0.49,0.14,-0.31,-0.61,-0.43,0.22,0,0,-16.00
2007-03-29T02:00:00,-0.07,0.18,-0.1,0.51,-0.0,-0.31,-0.65,-0.47,-0.04,0,0,-17.00
2007-03-29T03:00:00,-0.28,0.01,-0.01,0.58,0.02,-0.48,-0.59,-0.43,0.02,0,0,-18.00
2007-03-29T04:00:00,-0.11,-0.02,0.14,0.53,0.1,-0.65,-0.63,-0.44,0.56,0,0,-18.00
2007-03-29T05:00:00,-0.27,0.08,0.13,0.64,-0.06,-0.62,-0.66,-0.43,-0.02,0,0,-15.00
2007-03-29T06:00:00,-0.3,0.05,0.06,0.68,-0.11,-0.53,-0.66,-0.41,-0.01,0,0,-13.00
2007-03-29T07:00:00,-0.18,0.03,-0.0,0.74,-0.29,-0.44,-0.6,-0.45,0.18,0,0,-13.00
2007-03-29T08:00:00,-0.24,-0.01,-0.05,0.78,-0.32,-0.2,-0.62,-0.49,-0.03,0,0,-13.00
2007-03-29T09:00:00,-0.22,-0.03,-0.05,0.83,-0.24,-0.1,-0.54,-0.49,0.03,0,0,-14.00
2007-03-29T10:00:00,-0.11,0.02,-0.13,0.77,-0.35,-0.26,-0.53,-0.49,0.03,0,0,-16.00
2007-03-29T11:00:00,-0.18,-0.0,-0.12,0.83,-0.38,-0.1,-0.53,-0.49,-0.02,0,0,-17.00
2007-03-29T12:00:00,-0.16,0.1,-0.07,0.86,-0.55,-0.15,-0.47,-0.49,0.06,0,0,-16.00
2007-03-29T13:00:00,-0.14,0.18,0.19,0.84,-0.55,-0.46,-0.4,-0.47,0.07,0,0,-15.00
2007-03-29T14:00:00,-0.15,0.09,0.32,0.82,-0.49,-0.64,-0.3,-0.48,0.01,0,0,-14.00
2007-03-29T15:00:00,0.05,0.37,0.21,0.74,-0.44,-0.45,-0.21,-0.5,-0.06,0,0,-11.00
2007-03-29T16:00:00,0.08,0.4,0.51,0.72,-0.5,-0.65,-0.2,-0.54,-0.15,0,0,-7.00
2007-03-29T17:00:00,0.1,0.46,0.51,0.73,-0.52,-0.46,-0.08,-0.55,-0.16,0,0,-5.00
2007-03-29T18:00:00,0.19,0.24,0.66,0.73,-0.32,-0.27,-0.07,-0.58,-0.17,0,0,-4.00
2007-03-29T19:00:00,0.27,-0.35,0.73,0.78,-0.05,0.1,-0.23,-0.6,-0.18,0,0,-3.00
2007-03-29T20:00:00,0.25,-0.13,0.77,0.77,-0.15,-0.03,-0.05,-0.59,-0.18,0,0,-1.00
2007-03-29T21:00:00,0.25,0.39,0.78,0.73,-0.31,-0.37,-0.04,-0.59,-0.18,0,0,-1.00
2007-03-29T22:00:00,0.14,0.85,0.48,0.75,-0.54,-0.43,0.17,-0.58,-0.18,0,0,0.00
2007-03-29T23:00:00,0.08,0.9,0.13,0.79,-0.32,-0.08,0.15,-0.52,-0.16,0,0,-2.00
2007-03-30T00:00:00,-0.15,0.09,-0.04,0.8,-0.42,0.01,0.36,-0.42,1.07,0,0,-2.00
2007-03-30T01:00:00,-0.12,-0.06,0.38,0.79,-0.59,-0.31,0.6,-0.33,0.49,0,0,-4.00
2007-03-30T02:00:00,0.12,0.62,0.34,0.8,-0.63,0.07,0.46,-0.35,-0.03,0,0,-2.00
2007-03-30T03:00:00,0.08,0.43,0.38,0.81,-0.46,0.5,0.18,-0.21,0.11,0,0,1.00
2007-03-30T04:00:00,0.44,-0.16,0.43,0.88,-0.35,0.84,0.03,-0.11,0.11,0,0,2.00
2007-03-30T05:00:00,0.1,-0.58,-0.2,0.9,-0.58,0.73,-0.04,-0.1,0.06,0,0,-1.00
2007-03-30T06:00:00,-0.26,-0.09,0.13,0.89,-0.76,0.95,0.45,-0.03,2.16,0,0,-2.00
2007-03-30T07:00:00,-0.17,-0.01,-0.31,0.87,-0.51,1.11,0.15,-0.12,0.36,0,0,-3.00
2007-03-30T08:00:00,-0.28,0.14,-0.56,0.87,-0.25,0.61,-0.08,-0.3,-0.09,0,0,-4.00
2007-03-30T09:00:00,-0.52,0.47,-0.4,0.82,0.04,0.29,-0.18,-0.23,-0.1,0,0,-6.00
2007-03-30T10:00:00,-0.74,0.42,-0.17,0.77,0.17,0.39,-0.15,-0.12,-0.08,0,0,-11.00
2007-03-30T11:00:00,-0.89,-0.15,0.15,0.77,-0.15,0.72,-0.12,-0.08,-0.06,0,0,-19.00
2007-03-30T12:00:00,-0.63,-0.12,0.53,0.85,-0.06,1.2,-0.24,-0.24,-0.1,0,0,-23.00
2007-03-30T13:00:00,-0.5,0.14,0.54,0.96,-0.08,0.81,-0.23,-0.29,-0.09,0,0,-21.00
2007-03-30T14:00:00,-0.36,0.42,0.41,1.03,-0.3,0.17,-0.13,-0.28,-0.05,0,0,-14.00
2007-03-30T15:00:00,-0.19,0.55,0.42,1.05,-0.07,0.3,-0.24,-0.37,-0.11,0,0,-12.00
2007-03-30T16:00:00,-0.2,0.48,0.4,1.02,-0.15,0.35,-0.13,-0.38,-0.08,0,0,-10.00
2007-03-30T17:00:00,0.03,0.33,0.53,0.99,-0.13,-0.03,-0.05,-0.45,-0.1,0,0,-11.00
2007-03-30T18:00:00,-0.03,0.43,0.58,1.05,-0.25,0.01,0.08,-0.47,-0.12,0,0,-9.00
2007-03-30T19:00:00,-0.2,0.57,0.43,1.13,-0.33,0.09,0.17,-0.44,-0.11,0,0,-7.00
2007-03-30T20:00:00,-0.09,0.55,0.41,1.1,-0.36,-0.06,0.12,-0.46,-0.1,0,0,-5.00
2007-03-30T21:00:00,-0.18,0.49,0.51,1.15,-0.38,-0.23,0.14,-0.49,-0.13,0,0,-2.00
2007-03-30T22:00:00,-0.24,0.45,0.36,1.14,-0.3,0.05,0.42,-0.46,-0.05,0,0,-2.00
2007-03-30T23:00:00,-0.01,0.41,0.49,1.09,-0.13,-0.06,0.22,-0.47,-0.09,0,0,-3.00
2007-03-31T00:00:00,0.0,0.24,0.4,1.08,-0.06,0.12,0.29,-0.41,0.09,0,0,-1.00
2007-03-31T01:00:00,-0.38,0.3,0.43,1.21,-0.17,0.08,0.42,-0.41,-0.03,0,0,0.00
2007-03-31T02:00:00,-0.5,0.29,0.41,1.25,-0.17,0.03,0.49,-0.41,-0.05,0,0,1.00
2007-03-31T03:00:00,-0.7,0.17,0.31,1.3,-0.1,0.1,0.57,-0.32,-0.01,0,0,1.00
2007-03-31T04:00:00,-0.76,0.21,0.11,1.3,-0.02,0.21,0.62,-0.27,0.01,0,0,0.00
2007-03-31T05:00:00,-0.29,0.27,0.22,1.25,-0.07,0.32,0.8,-0.36,0.34,0,0,-1.00
2007-03-31T06:00:00,-0.16,0.19,0.31,1.29,-0.08,0.4,0.77,-0.42,0.35,0,0,-2.00
2007-03-31T07:00:00,-0.19,0.2,0.39,1.34,-0.13,0.63,0.71,-0.43,0.14,0,0,-3.00
2007-03-31T08:00:00,-0.01,-0.41,0.07,1.34,-0.08,0.37,0.68,-0.45,0.25,0,0,-3.00
2007-03-31T09:00:00,0.11,-0.6,-0.15,1.33,-0.27,0.24,0.79,-0.47,-0.03,0,0,-4.00
2007-03-31T10:00:00,-0.64,-0.13,0.18,1.41,-0.28,0.08,0.84,-0.45,-0.02,0,0,-3.00
2007-03-31T11:00:00,-0.68,0.31,0.08,1.4,-0.53,0.11,1.05,-0.41,-0.01,0,0,-2.00
2007-03-31T12:00:00,-0.43,0.06,-0.26,1.33,-0.49,0.23,0.99,-0.4,0.1,0,0,-2.00
2007-03-31T13:00:00,0.17,0.58,0.41,1.16,-0.55,-0.15,0.82,-0.44,-0.05,0,0,2.00
2007-03-31T14:00:00,-0.43,0.64,0.24,1.2,-0.57,-0.28,0.46,-0.41,-0.08,0,0,1.00
2007-03-31T15:00:00,-0.43,0.35,0.23,1.19,-0.45,-0.24,0.4,-0.38,0.03,0,0,-1.00
2007-03-31T16:00:00,-0.36,0.48,0.24,1.22,-0.49,-0.29,0.49,-0.38,0.0,1,0,-1.00
2007-03-31T17:00:00,-0.53,0.35,0.21,1.28,-0.46,-0.28,0.53,-0.33,0.04,1,0,-3.00
2007-03-31T18:00:00,-0.6,0.45,0.08,1.29,-0.48,-0.59,1.61,-0.32,0.11,1,0,-2.00
2007-03-31T19:00:00,-0.7,0.58,0.14,1.26,-0.77,-0.22,0.6,-0.39,-0.09,1,0,-1.00
2007-03-31T20:00:00,-0.63,0.97,0.46,1.21,-1.28,-0.78,0.44,-0.47,-0.16,1,0,3.00
2007-03-31T21:00:00,-0.62,1.37,0.72,0.94,-1.44,-1.16,1.17,-0.45,-0.16,1,0,5.00
2007-03-31T22:00:00,0.07,0.07,0.79,0.83,-1.22,-0.62,2.41,-0.35,0.08,1,0,5.00
2007-03-31T23:00:00,0.33,-0.28,-0.82,0.72,-0.8,-1.13,3.95,-0.24,0.13,1,0,12.00
2007-04-01T00:00:00,0.41,-0.65,-0.82,0.64,-0.78,-1.34,2.49,-0.11,0.04,1,0,---
2007-04-01T01:00:00,0.32,-0.23,-1.04,0.55,-0.4,-0.95,0.62,0.51,0.02,1,0,19.00
2007-04-01T02:00:00,0.37,-0.25,0.63,0.53,-0.74,-1.2,0.83,0.46,0.5,1,0,1.00
2007-04-01T03:00:00,0.96,-0.33,-0.3,0.15,-0.24,0.02,0.75,0.43,0.15,1,0,-23.00
2007-04-01T04:00:00,1.18,-0.62,-0.34,-0.0,0.23,-0.33,0.78,0.35,0.0,1,0,-31.00
2007-04-01T05:00:00,1.01,-0.27,-0.92,-0.04,0.55,-0.9,0.73,0.3,-0.05,1,0,-24.00
2007-04-01T06:00:00,1.04,-0.67,-0.66,-0.24,0.58,-1.16,0.56,0.6,-0.01,1,0,-31.00
2007-04-01T07:00:00,1.28,-0.55,-0.06,-0.14,0.85,-0.99,0.65,0.56,0.03,1,0,-40.00
2007-04-01T08:00:00,0.93,-0.65,-0.29,-0.25,0.52,-1.51,0.69,0.41,0.08,1,0,-60.00
2007-04-01T09:00:00,0.34,-0.23,0.81,-0.45,0.67,-0.27,0.68,0.58,0.28,1,0,-63.00
2007-04-01T10:00:00,0.68,-0.72,-0.51,-0.46,0.49,-1.82,0.54,0.6,0.1,1,0,-40.00
2007-04-01T11:00:00,0.76,-0.46,-0.36,-0.61,0.74,-1.77,0.24,0.44,0.09,1,0,-28.00
2007-04-01T12:00:00,0.73,-0.58,-0.14,-0.63,0.52,-1.38,0.04,0.36,0.06,1,0,-23.00
2007-04-01T13:00:00,0.61,-0.0,0.55,-0.69,1.24,-0.49,-0.03,0.34,0.11,1,0,-31.00
2007-04-01T14:00:00,0.51,-0.33,0.44,-0.72,0.86,-0.57,-0.06,0.32,0.16,1,0,-40.00
2007-04-01T15:00:00,0.26,-0.71,0.14,-0.77,0.72,-1.06,-0.1,0.24,0.11,1,0,-39.00
2007-04-01T16:00:00,0.6,-0.35,0.34,-0.64,0.91,-0.74,-0.06,0.31,0.15,1,0,-36.00
2007-04-01T17:00:00,0.63,-0.67,-0.25,-0.6,0.67,-1.62,-0.1,0.34,0.01,1,0,-38.00
2007-04-01T18:00:00,0.36,-0.66,0.14,-0.71,0.49,-0.82,-0.06,0.37,0.18,1,0,-32.00
2007-04-01T19:00:00,0.58,-0.89,-0.18,-0.62,0.18,-0.78,0.01,0.4,-0.0,1,0,-33.00
2007-04-01T20:00:00,0.74,-0.99,-0.53,-0.57,0.12,-0.83,-0.16,0.24,-0.11,1,0,-33.00
2007-04-01T21:00:00,0.51,-0.91,-0.36,-0.6,-0.14,-0.62,-0.1,0.49,-0.03,1,0,-28.00
2007-04-01T22:00:00,0.93,-0.72,-0.61,-0.7,0.74,0.03,-0.23,0.41,-0.1,1,0,-30.00
2007-04-01T23:00:00,0.76,-0.64,-0.63,-0.88,0.79,0.35,-0.16,0.44,-0.07,1,0,-25.00
2007-04-02T00:00:00,0.8,-0.66,0.01,-0.84,0.48,1.38,-0.21,0.5,-0.0,1,0,-29.00
2007-04-02T01:00:00,0.78,-0.66,-0.17,-0.9,0.35,0.97,-0.34,0.49,-0.04,1,0,-37.00
2007-04-02T02:00:00,0.72,-0.6,-0.36,-0.95,0.28,0.21,-0.35,0.33,-0.07,1,0,-39.00
2007-04-02T03:00:00,0.54,-0.05,-0.52,-0.96,0.93,-0.19,-0.26,0.4,0.03,1,0,-36.00
2007-04-02T04:00:00,0.57,0.05,-0.65,-0.93,1.16,-0.36,-0.11,0.51,0.02,1,0,-35.00
2007-04-02T05:00:00,0.73,-0.72,-0.29,-0.85,0.13,0.11,-0.08,0.59,0.01,1,0,-33.00
2007-04-02T06:00:00,0.76,-0.87,0.12,-0.77,0.03,0.59,-0.09,0.38,-0.04,1,0,-47.00
2007-04-02T07:00:00,0.66,-0.28,-0.44,-0.73,0.74,-0.33,-0.02,0.45,0.08,1,0,-41.00
2007-04-02T08:00:00,0.77,-0.2,-0.29,-0.73,1.22,0.04,-0.07,0.45,0.08,1,0,-33.00
2007-04-02T09:00:00,0.82,-0.19,-0.03,-0.6,1.41,0.17,-0.12,0.62,0.15,1,0,-31.00
2007-04-02T10:00:00,0.3,-0.7,-0.07,-0.94,0.75,-0.23,-0.2,0.84,0.24,1,0,-28.00
2007-04-02T11:00:00,0.42,-0.41,-0.07,-1.16,0.48,-0.4,-0.45,0.37,0.15,0,0,-35.00
2007-04-02T12:00:00,0.54,-0.79,0.02,-1.27,-0.12,-0.3,-0.5,0.35,-0.07,0,0,-32.00
2007-04-02T13:00:00,0.28,-0.71,0.02,-1.48,0.29,-0.22,-0.43,0.52,0.06,0,0,-32.00
2007-04-02T14:00:00,0.17,-0.67,-0.16,-1.5,0.35,-0.5,-0.47,0.49,0.05,0,0,-28.00
2007-04-02T15:00:00,0.43,-0.64,-0.09,-1.31,-0.03,-0.32,-0.48,0.48,0.02,0,0,-23.00
2007-04-02T16:00:00,0.48,-0.65,0.13,-1.29,-0.19,0.08,-0.5,0.38,-0.02,0,0,-22.00
2007-04-02T17:00:00,0.3,-0.37,-0.23,-1.5,0.6,0.07,-0.47,0.66,0.24,0,0,-28.00
2007-04-02T18:00:00,0.43,-0.58,0.06,-1.49,0.28,0.29,-0.54,0.43,0.02,0,0,-29.00
2007-04-02T19:00:00,-0.06,-0.39,-0.21,-1.62,0.29,-0.21,-0.54,0.35,0.2,0,0,-26.00
2007-04-02T20:00:00,0.11,-0.33,-0.22,-1.5,0.36,-0.25,-0.57,0.16,0.13,0,0,-23.00
2007-04-02T21:00:00,-0.11,-0.28,-0.3,-1.5,0.33,-0.84,-0.59,0.06,0.04,0,0,-22.00
2007-04-02T22:00:00,0.17,-0.62,-0.2,-1.29,-0.27,-0.65,-0.55,0.15,-0.04,0,0,-24.00
2007-04-02T23:00:00,0.34,-0.62,0.24,-1.22,0.2,0.04,-0.6,0.2,-0.05,0,0,-29.00
2007-04-03T00:00:00,0.45,-0.42,0.25,-1.12,0.34,0.09,-0.6,0.15,-0.02,0,0,-30.00
2007-04-03T01:00:00,0.36,-0.32,0.19,-1.1,0.16,-0.22,-0.55,0.13,0.13,0,0,-26.00
2007-04-03T02:00:00,0.13,-0.3,-0.16,-1.22,0.07,-1.2,-0.55,0.15,0.26,0,0,-24.00
2007-04-03T03:00:00,0.56,-0.18,0.15,-1.0,-0.06,-0.38,-0.49,-0.0,0.02,0,0,-26.00
2007-04-03T04:00:00,0.33,-0.42,0.21,-1.06,-0.56,-0.04,-0.5,-0.05,0.03,0,0,-28.00
2007-04-03T05:00:00,0.32,-0.27,0.12,-1.07,-0.39,-0.36,-0.49,-0.01,0.24,0,0,-30.00
2007-04-03T06:00:00,0.35,-0.35,0.1,-1.04,-0.31,-0.16,-0.53,0.06,0.12,0,0,-28.00
2007-04-03T07:00:00,0.35,-0.23,-0.02,-1.05,0.02,-0.21,-0.54,0.14,0.26,0,0,-25.00
2007-04-03T08:00:00,0.42,0.46,-0.06,-1.08,0.82,-0.29,-0.52,-0.03,-0.04,0,0,-22.00
2007-04-03T09:00:00,-0.04,-0.17,0.33,-1.26,0.22,0.53,-0.55,0.04,0.37,0,0,-21.00
2007-04-03T10:00:00,0.0,-0.2,0.26,-1.23,0.01,0.3,-0.52,0.08,0.68,0,0,-20.00
2007-04-03T11:00:00,0.16,0.11,0.49,-1.16,0.38,0.55,-0.52,0.06,0.06,0,0,-17.00
2007-04-03T12:00:00,0.11,-0.44,0.42,-1.15,-0.39,0.5,-0.44,0.09,0.05,0,0,-15.00
2007-04-03T13:00:00,0.16,-0.63,0.22,-0.96,-0.49,0.4,-0.38,0.11,0.04,0,0,-15.00
2007-04-03T14:00:00,0.58,-0.34,-0.16,-0.9,-0.15,-0.27,-0.34,0.07,0.01,0,0,-15.00
2007-04-03T15:00:00,0.21,-0.29,-0.35,-0.98,-0.05,-0.54,-0.46,0.07,0.03,0,0,-16.00
2007-04-03T16:00:00,0.44,0.26,-0.25,-0.97,0.56,-0.21,-0.49,-0.06,-0.03,0,0,-18.00
2007-04-03T17:00:00,0.36,-0.3,0.17,-1.05,-0.13,0.32,-0.49,0.09,0.18,0,0,-23.00
2007-04-03T18:00:00,0.46,0.3,0.37,-1.03,0.86,0.72,-0.51,0.01,-0.03,0,0,-26.00
2007-04-03T19:00:00,0.69,0.06,0.24,-0.95,0.7,0.6,-0.49,-0.17,-0.09,0,0,-23.00
2007-04-03T20:00:00,0.73,0.08,0.33,-0.87,0.76,0.8,-0.59,-0.22,-0.13,0,0,-18.00
2007-04-03T21:00:00,0.79,0.08,0.08,-0.76,0.59,0.2,-0.58,-0.27,-0.14,0,0,-14.00
2007-04-03T22:00:00,0.64,0.17,0.12,-0.82,0.63,0.37,-0.5,-0.03,-0.04,0,0,-13.00
2007-04-03T23:00:00,0.69,-0.12,-0.13,-0.75,0.28,-0.05,-0.51,-0.12,-0.09,0,0,-14.00
2007-04-04T00:00:00,0.58,-0.12,-0.22,-0.76,0.17,-0.31,-0.54,-0.15,-0.08,0,0,-18.00
2007-04-04T01:00:00,0.71,-0.13,-0.12,-0.66,-0.13,0.42,-0.3,-0.19,-0.07,0,0,-24.00
2007-04-04T02:00:00,0.49,-0.42,-0.08,-0.65,-0.2,-0.08,-0.5,-0.05,-0.04,0,0,-29.00
2007-04-04T03:00:00,0.4,-0.51,-0.15,-0.68,-0.3,-0.43,-0.51,-0.04,-0.06,0,0,-33.00
2007-04-04T04:00:00,0.54,-0.33,-0.08,-0.57,0.13,-0.21,-0.48,-0.12,-0.05,0,0,-30.00
2007-04-04T05:00:00,0.55,-0.34,-0.11,-0.48,0.08,-0.63,-0.59,-0.29,-0.12,0,0,-28.00
2007-04-04T06:00:00,0.64,-0.34,0.03,-0.41,-0.08,-0.26,-0.61,-0.35,-0.14,0,0,-28.00
2007-04-04T07:00:00,0.72,-0.2,0.12,-0.34,0.24,0.1,-0.54,-0.3,-0.13,0,0,-26.00
2007-04-04T08:00:00,0.6,-0.33,-0.04,-0.37,-0.01,-0.1,-0.56,-0.26,-0.11,0,0,-26.00
2007-04-04T09:00:00,0.58,-0.28,-0.05,-0.3,-0.18,-0.08,-0.58,-0.33,-0.12,0,0,-26.00
2007-04-04T10:00:00,0.66,-0.12,0.1,-0.19,0.01,0.37,-0.54,-0.34,-0.12,0,0,-25.00
2007-04-04T11:00:00,0.64,-0.01,-0.16,-0.19,0.15,-0.16,-0.48,-0.29,-0.11,0,0,-25.00
2007-04-04T12:00:00,0.56,-0.35,0.09,-0.21,-0.06,0.09,-0.5,-0.3,-0.11,0,0,-19.00
2007-04-04T13:00:00,0.44,-0.23,0.18,-0.16,-0.31,0.15,-0.58,-0.08,0.02,0,0,-18.00
2007-04-04T14:00:00,0.14,-0.43,0.15,-0.2,-0.48,-0.03,-0.59,-0.22,-0.01,0,0,-20.00
2007-04-04T15:00:00,-0.07,-0.6,-0.11,-0.21,-0.52,-0.4,-0.59,-0.33,-0.12,0,0,-20.00
2007-04-04T16:00:00,-0.34,-0.33,-0.09,-0.27,-0.42,-0.32,-0.6,-0.32,-0.08,0,0,-19.00
2007-04-04T17:00:00,-0.19,-0.38,-0.09,-0.15,-0.46,-0.39,-0.53,-0.25,-0.0,0,0,-20.00
2007-04-04T18:00:00,0.28,-0.15,-0.22,0.03,-0.12,-0.54,-0.54,-0.22,0.0,0,0,-22.00
2007-04-04T19:00:00,-0.14,-0.43,0.08,-0.06,-0.45,-0.07,-0.55,-0.26,-0.0,0,0,-22.00
2007-04-04T20:00:00,0.15,-0.27,-0.05,0.08,-0.25,-0.2,-0.52,-0.26,0.2,0,0,-21.00
2007-04-04T21:00:00,0.43,-0.29,0.08,0.19,-0.25,-0.06,-0.55,-0.28,-0.05,0,0,-15.00
2007-04-04T22:00:00,0.28,-0.45,-0.01,0.14,-0.43,-0.2,-0.57,-0.28,-0.07,0,0,-14.00
2007-04-04T23:00:00,0.44,-0.4,0.02,0.21,-0.26,-0.27,-0.54,-0.32,-0.1,0,0,-19.00
2007-04-05T00:00:00,0.56,-0.03,0.05,0.33,0.19,0.21,-0.47,-0.35,-0.07,0,0,-19.00
2007-04-05T01:00:00,0.49,-0.29,-0.04,0.39,-0.07,0.13,-0.44,-0.23,-0.03,0,0,-20.00
2007-04-05T02:00:00,0.47,-0.13,-0.06,0.44,0.02,-0.33,-0.51,-0.21,-0.01,0,0,-20.00
2007-04-05T03:00:00,0.6,-0.18,0.03,0.47,-0.06,-0.13,-0.42,-0.1,-0.0,0,0,-21.00
2007-04-05T04:00:00,0.52,-0.31,-0.1,0.47,-0.29,-0.48,-0.47,-0.19,-0.06,0,0,-21.00
2007-04-05T05:00:00,0.46,-0.35,-0.08,0.5,-0.24,-0.34,-0.44,-0.27,-0.06,0,0,-17.00
2007-04-05T06:00:00,0.48,-0.29,-0.09,0.54,-0.13,-0.32,-0.38,-0.18,-0.01,0,0,-14.00
2007-04-05T07:00:00,0.45,-0.41,-0.08,0.59,-0.36,-0.22,-0.42,-0.27,-0.07,0,0,-17.00
2007-04-05T08:00:00,0.43,-0.4,0.05,0.6,-0.21,0.07,-0.35,-0.29,-0.04,0,0,-18.00
2007-04-05T09:00:00,0.5,-0.24,-0.04,0.66,0.13,-0.17,-0.26,-0.27,0.0,0,0,-17.00
2007-04-05T10:00:00,-0.41,-0.48,-0.02,0.4,-0.45,-0.28,-0.44,-0.35,-0.11,0,0,-14.00
2007-04-05T11:00:00,0.27,-0.55,0.05,0.62,-0.49,-0.09,-0.38,-0.38,-0.09,0,0,-14.00
2007-04-05T12:00:00,0.23,-0.58,0.01,0.6,-0.57,-0.06,-0.39,-0.36,-0.09,0,0,-15.00
2007-04-05T13:00:00,0.41,-0.49,0.15,0.66,-0.37,0.27,-0.31,-0.4,-0.1,0,0,-18.00
2007-04-05T14:00:00,0.34,-0.43,0.23,0.67,-0.17,0.35,-0.26,-0.4,-0.07,0,0,-19.00
2007-04-05T15:00:00,-0.27,-0.53,0.15,0.49,-0.39,0.01,-0.29,-0.41,-0.09,0,0,-19.00
2007-04-05T16:00:00,0.08,-0.34,0.0,0.6,-0.12,-0.04,-0.19,-0.37,0.21,0,0,-17.00
2007-04-05T17:00:00,-0.5,-0.48,0.06,0.54,-0.19,0.01,-0.24,-0.45,-0.12,0,0,-16.00
2007-04-05T18:00:00,0.21,-0.48,-0.01,0.67,-0.17,-0.02,-0.28,-0.41,-0.06,0,0,-12.00
2007-04-05T19:00:00,0.37,-0.45,0.1,0.73,-0.22,0.07,-0.25,-0.4,-0.07,0,0,-10.00
2007-04-05T20:00:00,0.46,-0.37,0.18,0.75,-0.21,0.14,-0.29,-0.38,-0.08,0,0,-12.00
2007-04-05T21:00:00,-0.37,-0.3,-0.24,0.65,-0.03,-0.26,-0.34,-0.42,-0.11,0,0,-11.00
2007-04-05T22:00:00,-0.37,0.04,-0.26,0.67,0.03,-0.22,-0.3,-0.44,-0.09,0,0,-12.00
2007-04-05T23:00:00,-0.29,-0.04,0.02,0.69,-0.03,-0.05,-0.28,-0.43,0.17,0,0,-13.00
2007-04-06T00:00:00,-0.35,-0.17,-0.07,0.67,-0.24,-0.14,-0.34,-0.41,-0.0,0,0,-16.00
2007-04-06T01:00:00,-0.37,-0.23,-0.02,0.76,-0.32,-0.01,-0.39,-0.43,-0.05,0,0,-17.00
2007-04-06T02:00:00,-0.29,-0.33,-0.02,0.82,-0.38,0.01,-0.41,-0.43,-0.05,0,0,-15.00
2007-04-06T03:00:00,-0.16,-0.37,0.02,0.88,-0.36,0.1,-0.37,-0.45,-0.02,0,0,-16.00
2007-04-06T04:00:00,0.03,-0.27,-0.02,0.92,-0.31,0.05,-0.34,-0.42,0.19,0,0,-15.00
2007-04-06T05:00:00,-0.29,-0.36,-0.11,0.95,-0.24,-0.12,-0.29,-0.45,-0.07,0,0,-14.00
2007-04-06T06:00:00,0.1,-0.31,-0.27,1.01,-0.21,-0.36,-0.24,-0.45,-0.07,0,0,-10.00
2007-04-06T07:00:00,0.54,0.08,-0.04,1.08,-0.1,-0.2,-0.24,-0.4,-0.06,0,0,-11.00
2007-04-06T08:00:00,0.38,0.33,0.05,1.07,0.09,-0.12,-0.25,-0.44,-0.07,0,0,-16.00
2007-04-06T09:00:00,0.58,-0.03,0.1,1.17,-0.25,-0.13,-0.2,-0.43,-0.08,0,0,-18.00
2007-04-06T10:00:00,0.3,-0.33,-0.05,1.12,-0.4,-0.35,-0.24,-0.45,-0.03,0,0,-17.00
2007-04-06T11:00:00,0.25,-0.21,0.25,1.12,-0.24,0.07,-0.25,-0.46,0.01,0,0,-17.00
2007-04-06T12:00:00,0.28,-0.45,0.22,1.12,-0.28,0.03,-0.27,-0.49,-0.11,0,0,-17.00
2007-04-06T13:00:00,-0.2,-0.36,-0.1,1.06,-0.27,-0.26,-0.23,-0.5,-0.07,0,0,-17.00
2007-04-06T14:00:00,-0.17,-0.21,-0.28,1.04,-0.18,-0.44,-0.19,-0.51,-0.1,0,0,-18.00
2007-04-06T15:00:00,0.06,-0.32,-0.18,1.09,-0.18,-0.3,-0.14,-0.5,-0.05,0,0,-16.00
2007-04-06T16:00:00,0.3,-0.2,0.02,1.15,-0.17,-0.23,-0.14,-0.46,0.08,0,0,-16.00
2007-04-06T17:00:00,-0.07,-0.02,-0.07,1.13,-0.07,-0.12,-0.15,-0.49,0.63,0,0,-17.00
2007-04-06T18:00:00,-0.05,-0.01,-0.1,1.13,-0.08,-0.05,-0.12,-0.5,0.42,0,0,-16.00
2007-04-06T19:00:00,-0.13,-0.04,-0.16,1.12,-0.07,-0.12,-0.13,-0.51,0.07,0,0,-15.00
2007-04-06T20:00:00,-0.17,0.02,-0.26,1.14,-0.04,-0.11,-0.13,-0.51,-0.06,0,0,-10.00
2007-04-06T21:00:00,-0.23,-0.16,-0.3,1.15,-0.06,-0.17,-0.14,-0.52,-0.11,0,0,-7.00
2007-04-06T22:00:00,-0.18,-0.32,-0.19,1.16,-0.15,-0.18,-0.16,-0.52,-0.1,0,0,-7.00
2007-04-06T23:00:00,-0.27,-0.1,-0.23,1.18,-0.03,-0.18,-0.1,-0.52,-0.08,0,0,-11.00
2007-04-07T00:00:00,-0.31,-0.17,-0.13,1.19,-0.1,-0.06,-0.09,-0.52,-0.07,0,0,-14.00
2007-04-07T01:00:00,-0.23,-0.33,-0.16,1.2,-0.21,-0.17,-0.18,-0.52,-0.1,0,0,-17.00
2007-04-07T02:00:00,-0.17,-0.27,-0.2,1.21,-0.24,-0.14,-0.16,-0.52,-0.09,0,0,-15.00
2007-04-07T03:00:00,-0.42,-0.21,-0.02,1.24,-0.15,-0.01,-0.17,-0.57,-0.13,0,0,-13.00
2007-04-07T04:00:00,-0.43,-0.13,-0.06,1.26,-0.16,-0.02,-0.14,-0.56,-0.13,0,0,-13.00
2007-04-07T05:00:00,0.06,-0.27,-0.04,1.34,-0.19,0.02,-0.14,-0.51,0.08,0,0,-12.00
2007-04-07T06:00:00,0.3,-0.27,0.04,1.36,-0.09,-0.02,-0.09,-0.49,0.0,0,0,-10.00
2007-04-07T07:00:00,-0.34,-0.16,-0.04,1.3,-0.15,-0.17,-0.16,-0.52,-0.06,0,0,-10.00
2007-04-07T08:00:00,-0.38,-0.15,-0.01,1.32,-0.16,-0.19,-0.16,-0.55,-0.1,0,0,-12.00
2007-04-07T09:00:00,-0.4,-0.05,-0.02,1.33,-0.1,-0.21,-0.15,-0.55,-0.1,0,0,-12.00
2007-04-07T10:00:00,-0.4,0.02,-0.0,1.33,-0.09,-0.21,-0.16,-0.55,-0.09,0,0,-11.00
2007-04-07T11:00:00,-0.38,-0.08,0.1,1.35,-0.15,-0.04,-0.17,-0.56,-0.09,0,0,-10.00
2007-04-07T12:00:00,-0.39,-0.06,0.08,1.36,-0.1,-0.06,-0.22,-0.56,-0.1,0,0,-9.00
2007-04-07T13:00:00,-0.38,-0.08,-0.02,1.39,-0.14,-0.18,-0.14,-0.55,-0.09,0,0,-10.00
2007-04-07T14:00:00,-0.29,-0.35,-0.07,1.43,-0.31,-0.26,-0.14,-0.55,-0.12,0,0,-11.00
2007-04-07T15:00:00,-0.0,-0.19,0.14,1.48,-0.19,-0.13,-0.11,-0.55,0.3,0,0,-11.00
2007-04-07T16:00:00,0.23,-0.2,0.03,1.53,-0.25,-0.19,-0.14,-0.54,0.02,0,0,-12.00
2007-04-07T17:00:00,0.27,-0.22,0.1,1.53,-0.23,-0.13,-0.15,-0.54,-0.02,0,0,-15.00
2007-04-07T18:00:00,0.3,-0.18,0.14,1.52,-0.18,-0.09,-0.14,-0.56,-0.06,0,0,-13.00
2007-04-07T19:00:00,0.34,-0.12,0.08,1.54,-0.16,-0.15,-0.12,-0.56,-0.05,0,0,-10.00
2007-04-07T20:00:00,0.34,-0.13,0.06,1.56,-0.18,-0.11,-0.07,-0.55,-0.04,0,0,-7.00
2007-04-07T21:00:00,0.39,-0.09,0.08,1.56,-0.19,-0.1,-0.07,-0.55,-0.07,0,0,-4.00
2007-04-07T22:00:00,0.37,-0.03,0.05,1.57,-0.21,-0.13,-0.09,-0.55,-0.05,0,0,-2.00
2007-04-07T23:00:00,0.39,-0.08,-0.0,1.58,-0.23,-0.17,-0.02,-0.56,-0.08,0,0,-3.00
2007-04-08T00:00:00,0.42,-0.1,-0.05,1.61,-0.22,-0.12,-0.04,-0.57,-0.11,0,0,-5.00
2007-04-08T01:00:00,0.26,-0.12,0.04,1.63,-0.21,-0.09,-0.0,-0.57,0.02,0,0,-5.00
2007-04-08T02:00:00,0.24,-0.18,0.06,1.66,-0.27,-0.06,0.09,-0.57,0.01,0,0,-5.00
2007-04-08T03:00:00,0.32,-0.06,0.12,1.68,-0.27,-0.02,0.1,-0.58,-0.04,0,0,-5.00
2007-04-08T04:00:00,0.32,0.07,0.09,1.66,-0.22,-0.08,0.02,-0.58,-0.05,0,0,-5.00
2007-04-08T05:00:00,0.32,0.08,0.05,1.45,-1.27,0.01,5.69,-0.58,0.58,0,0,-4.00
2007-04-08T06:00:00,0.07,-0.14,-0.04,1.66,0.56,0.01,1.92,-0.57,1.01,0,0,-2.00
2007-04-08T07:00:00,-0.02,-0.12,-0.08,1.62,0.07,0.18,0.69,-0.57,0.42,0,0,0.00
2007-04-08T08:00:00,0.14,-0.15,0.0,1.66,0.04,0.2,0.71,-0.56,0.47,0,0,0.00
2007-04-08T09:00:00,0.36,-0.15,0.05,1.73,0.08,0.29,0.76,-0.56,0.03,0,0,-1.00
2007-04-08T10:00:00,0.1,0.16,0.06,1.56,-0.03,0.29,0.78,-0.56,0.55,0,0,-5.00
2007-04-08T11:00:00,0.18,0.1,0.11,1.59,-0.08,0.39,0.79,-0.56,0.49,0,0,-6.00
2007-04-08T12:00:00,-0.21,-0.26,-0.07,1.6,-0.08,0.24,0.63,-0.57,0.0,0,0,-2.00
2007-04-08T13:00:00,-0.08,-0.09,0.01,1.63,0.02,0.27,0.82,-0.56,1.76,0,0,1.00
2007-04-08T14:00:00,0.4,0.11,0.22,1.61,0.05,0.32,1.15,-0.56,-0.01,0,0,1.00
2007-04-08T15:00:00,-0.07,-0.17,0.09,1.63,-0.03,0.46,1.26,-0.57,0.97,0,0,0.00
2007-04-08T16:00:00,-0.21,-0.48,0.1,1.64,-0.1,0.64,1.16,-0.57,-0.06,0,0,3.00
2007-04-08T17:00:00,0.09,-0.49,0.13,1.66,-0.16,0.63,1.32,-0.57,-0.05,0,0,3.00
2007-04-08T18:00:00,0.59,-0.16,0.14,1.67,0.03,0.57,1.27,-0.58,-0.11,0,0,2.00
2007-04-08T19:00:00,0.61,-0.28,0.15,1.67,-0.02,0.51,1.12,-0.58,-0.12,0,0,2.00
2007-04-08T20:00:00,0.61,-0.23,0.16,1.61,-0.08,0.45,1.27,-0.54,-0.07,0,0,2.00
2007-04-08T21:00:00,0.87,-0.48,0.33,1.48,-0.49,0.71,1.99,-0.51,-0.11,1,0,4.00
2007-04-08T22:00:00,1.05,-1.49,0.84,1.11,-0.82,1.33,6.68,-0.46,-0.12,1,0,6.00
2007-04-08T23:00:00,1.22,-1.94,1.46,0.92,-0.91,0.66,5.52,-0.44,-0.16,1,0,13.00
2007-04-09T00:00:00,0.52,-0.07,0.42,0.8,-2.2,0.55,10.3,-0.49,0.65,1,0,32.00
2007-04-09T01:00:00,2.19,1.27,0.63,1.1,-1.74,0.45,2.08,-0.24,-0.15,1,0,33.00
2007-04-09T02:00:00,2.27,1.41,0.86,1.35,-1.65,0.08,0.11,-0.12,-0.18,1,0,40.00
2007-04-09T03:00:00,1.42,1.37,0.76,1.47,-1.48,0.7,1.94,0.03,-0.1,1,0,10.00
2007-04-09T04:00:00,0.14,-0.02,0.22,1.4,-1.6,-0.78,9.95,-0.51,6.12,1,0,6.00
2007-04-09T05:00:00,-0.13,-0.27,-0.03,1.45,-1.28,-0.05,11.08,-0.47,4.43,1,0,12.00
2007-04-09T06:00:00,-0.33,0.51,0.31,1.36,-0.82,-0.48,0.98,0.15,0.5,1,0,30.00
2007-04-09T07:00:00,-0.32,-0.11,-0.27,1.16,-0.47,-0.35,2.39,0.19,2.0,1,0,32.00
2007-04-09T08:00:00,0.07,0.79,0.43,0.7,0.27,-0.79,1.42,0.12,0.26,1,0,4.00
2007-04-09T09:00:00,-1.19,0.91,-0.2,0.09,1.4,-1.55,0.81,0.42,-0.02,1,0,9.00
2007-04-09T10:00:00,-1.13,0.88,-0.07,0.04,1.36,-1.36,0.6,0.16,-0.06,1,0,6.00
2007-04-09T11:00:00,-0.91,0.53,-0.12,0.21,1.5,-0.91,0.55,0.17,0.04,1,0,1.00
2007-04-09T12:00:00,-0.85,0.27,0.03,-0.05,0.72,0.02,-0.38,-0.04,-0.09,1,0,-3.00
2007-04-09T13:00:00,-0.68,0.23,0.18,-0.08,0.74,0.15,-0.51,-0.06,-0.08,1,0,-5.00
2007-04-09T14:00:00,-0.64,0.12,0.22,-0.07,0.85,0.38,-0.52,-0.17,-0.08,0,0,-10.00
2007-04-09T15:00:00,-0.44,0.14,0.25,0.06,0.57,0.14,-0.53,-0.06,0.03,0,0,-11.00
2007-04-09T16:00:00,-0.37,0.28,0.32,0.09,0.18,0.15,-0.55,-0.22,-0.06,0,0,-10.00
2007-04-09T17:00:00,-0.43,0.3,0.37,0.01,-0.16,0.34,-0.5,-0.27,-0.1,0,0,-10.00
2007-04-09T18:00:00,-0.61,0.35,0.31,0.15,-0.31,0.05,-0.57,-0.37,-0.15,0,0,-8.00
2007-04-09T19:00:00,-0.63,0.36,0.24,0.18,0.02,0.2,-0.65,-0.13,-0.12,0,0,-7.00
2007-04-09T20:00:00,-0.58,0.26,0.31,0.39,-0.7,-0.13,-0.58,-0.23,-0.11,0,0,-7.00
2007-04-09T21:00:00,-0.63,0.19,0.34,0.34,-0.61,0.15,-0.56,-0.37,-0.14,0,0,-6.00
2007-04-09T22:00:00,0.24,-0.01,0.08,0.58,-0.52,0.01,-0.4,-0.32,0.61,0,0,-3.00
2007-04-09T23:00:00,0.57,-0.14,-0.1,0.65,-0.66,-0.23,-0.21,-0.3,-0.03,0,0,-3.00
2007-04-10T00:00:00,0.53,0.13,0.15,0.69,-0.66,-0.25,-0.14,-0.32,0.01,0,0,-2.00
2007-04-10T01:00:00,0.41,0.19,0.31,0.72,-0.48,-0.27,-0.07,-0.31,0.04,0,0,-2.00
2007-04-10T02:00:00,0.13,0.32,0.68,0.74,-0.6,-0.86,-0.08,-0.41,-0.12,0,0,-2.00
2007-04-10T03:00:00,-0.17,0.49,0.47,0.83,-1.02,-0.86,0.05,-0.49,-0.12,0,0,-4.00
2007-04-10T04:00:00,-0.42,0.42,0.49,0.94,-1.04,-0.96,0.12,-0.5,-0.14,0,0,-1.00
2007-04-10T05:00:00,-0.26,0.84,0.38,0.93,-1.26,-0.6,0.25,-0.51,-0.16,0,0,0.00
2007-04-10T06:00:00,-0.01,0.93,0.4,0.9,-1.27,-0.42,0.37,-0.52,-0.16,0,0,0.00
2007-04-10T07:00:00,-0.18,0.6,0.3,0.92,-1.0,-0.34,0.39,-0.4,-0.05,0,0,1.00
2007-04-10T08:00:00,-0.73,-0.01,-0.01,0.84,0.7,0.41,0.4,-0.12,0.09,0,0,1.00
2007-04-10T09:00:00,-0.24,0.22,0.33,0.78,-0.48,-0.89,0.32,-0.33,0.23,0,0,-1.00
2007-04-10T10:00:00,-0.21,0.29,0.34,0.71,-0.44,-0.78,0.69,-0.37,0.2,0,0,-2.00
2007-04-10T11:00:00,-1.14,0.59,-0.08,0.77,-1.0,-0.87,0.45,-0.27,-0.12,0,0,-3.00
2007-04-10T12:00:00,-1.2,0.55,-0.23,0.76,-0.43,-0.78,0.15,-0.29,-0.15,0,0,1.00
2007-04-10T13:00:00,-0.43,0.58,0.4,0.48,0.47,-0.65,0.51,-0.04,0.08,0,0,3.00
2007-04-10T14:00:00,0.02,0.56,0.6,0.57,0.68,-0.32,0.95,0.04,0.19,0,0,1.00
2007-04-10T15:00:00,-0.89,0.34,-0.15,0.42,1.1,-0.01,0.59,0.16,0.08,0,0,0.00
2007-04-10T16:00:00,-0.41,0.84,0.82,0.06,1.7,-0.54,0.07,0.47,-0.04,0,0,3.00
2007-04-10T17:00:00,-0.09,0.79,0.48,0.09,1.18,-1.14,0.51,0.43,0.19,0,0,4.00
2007-04-10T18:00:00,-0.66,0.81,0.32,0.3,0.54,-1.02,0.65,0.19,0.05,0,0,-4.00
2007-04-10T19:00:00,-1.19,0.62,0.01,0.48,0.62,-0.25,0.46,-0.03,-0.09,0,0,-1.00
2007-04-10T20:00:00,-1.13,0.42,-0.3,0.48,0.8,0.07,0.4,0.07,-0.06,0,0,2.00
2007-04-10T21:00:00,-1.11,0.38,-0.59,0.39,0.62,-0.07,0.39,0.15,-0.07,0,0,2.00
2007-04-10T22:00:00,-0.99,0.74,-0.04,0.38,0.18,-0.68,0.39,0.16,-0.04,0,0,2.00
2007-04-10T23:00:00,-0.51,0.35,0.26,0.35,0.18,-1.32,0.28,0.27,0.36,0,0,-1.00
2007-04-11T00:00:00,-0.45,0.11,0.52,0.33,0.42,-1.24,0.24,0.3,0.31,0,0,-8.00
2007-04-11T01:00:00,0.32,0.21,0.8,0.18,0.51,-0.56,0.21,0.03,-0.0,0,0,-11.00
2007-04-11T02:00:00,0.36,0.48,0.96,-0.17,0.68,-0.86,-0.01,-0.04,-0.11,0,0,-9.00
2007-04-11T03:00:00,-0.41,0.73,0.44,-0.26,0.43,-0.41,-0.16,-0.1,-0.09,0,0,-4.00
2007-04-11T04:00:00,-0.13,0.93,0.3,-0.29,-0.32,-0.33,-0.17,-0.1,-0.1,0,0,-1.00
2007-04-11T05:00:00,-0.57,0.67,0.2,-0.07,-0.06,-0.37,-0.21,-0.07,-0.07,0,0,-2.00
2007-04-11T06:00:00,0.11,0.76,0.4,-0.11,-0.46,-0.83,-0.32,-0.18,-0.11,0,0,-2.00
2007-04-11T07:00:00,0.12,0.76,0.29,-0.07,-0.39,-0.64,-0.47,-0.28,-0.13,0,0,-5.00
2007-04-11T08:00:00,0.16,0.71,0.28,-0.08,-0.27,-0.64,-0.52,-0.31,-0.14,0,0,-6.00
2007-04-11T09:00:00,-0.18,0.59,0.2,-0.12,-0.55,-0.79,-0.39,-0.26,-0.07,0,0,-5.00
2007-04-11T10:00:00,-0.48,0.52,0.2,-0.09,-0.25,-0.77,-0.42,-0.12,-0.07,0,0,-2.00
