2007-06-21T01:00:00,0.04,0.37,-0.25,0.84,-0.68,0.04,-0.18,-0.52,-0.12,0,0,-5.00
2007-06-21T02:00:00,0.21,0.2,-0.15,0.84,-0.64,-0.03,-0.11,-0.51,-0.03,1,0,-5.00
2007-06-21T03:00:00,0.07,0.16,-0.23,0.88,-0.65,0.01,-0.17,-0.47,-0.0,1,0,-2.00
2007-06-21T04:00:00,-0.22,0.22,-0.32,0.93,-0.79,0.14,-0.05,-0.5,-0.1,1,0,-3.00
2007-06-21T05:00:00,-0.07,0.26,-0.24,0.87,-0.93,0.15,0.29,-0.48,0.01,1,0,-4.00
2007-06-21T06:00:00,-0.24,0.07,-0.09,0.89,-0.84,-0.08,1.1,-0.52,0.31,1,0,-4.00
2007-06-21T07:00:00,-0.21,-0.3,-0.13,0.79,-0.6,-0.02,2.27,-0.53,0.21,1,0,-2.00
2007-06-21T08:00:00,-0.35,-0.25,0.4,0.63,-0.69,-0.05,3.79,-0.5,0.26,1,0,-1.00
2007-06-21T09:00:00,-0.31,-0.77,0.9,0.55,-0.55,-0.59,1.57,-0.28,-0.07,1,0,9.00
2007-06-21T10:00:00,-0.0,-0.74,-0.35,0.37,0.16,-0.81,0.75,-0.03,0.1,1,0,21.00
2007-06-21T11:00:00,-0.04,-1.3,0.0,0.33,0.19,-0.23,0.57,-0.05,-0.07,1,0,21.00
2007-06-21T12:00:00,-0.25,-0.65,-0.25,0.05,-0.4,0.18,0.46,0.03,0.15,1,0,20.00
2007-06-21T13:00:00,-0.38,-0.49,-0.5,-0.09,-0.32,0.25,0.1,0.01,-0.01,1,0,13.00
2007-06-21T14:00:00,-0.34,-0.36,0.11,-0.25,-0.46,0.62,0.01,0.03,0.41,1,0,9.00
2007-06-21T15:00:00,-0.69,-0.48,0.27,-0.3,-0.56,0.52,0.0,0.15,0.04,1,0,2.00
2007-06-21T16:00:00,-0.55,0.06,-0.48,-0.27,-0.9,0.65,0.19,0.16,0.08,1,0,-5.00
2007-06-21T17:00:00,-0.23,-0.08,-0.1,-0.27,1.03,-2.01,4.09,0.16,8.44,1,0,-3.00
2007-06-21T18:00:00,0.15,-0.33,0.86,-0.4,1.12,-1.29,1.73,0.21,0.3,1,0,0.00
2007-06-21T19:00:00,0.2,-0.71,0.51,-0.41,-0.02,0.24,0.48,0.43,0.23,1,0,-2.00
2007-06-21T20:00:00,-0.08,-0.79,-0.53,-0.38,-0.26,0.1,0.51,0.42,0.12,1,0,0.00
2007-06-21T21:00:00,0.1,-0.41,-0.42,-0.34,0.03,0.42,0.59,0.6,0.64,1,0,1.00
2007-06-21T22:00:00,0.58,-0.0,-0.12,-0.37,0.29,0.17,0.46,0.58,0.86,1,0,-3.00
2007-06-21T23:00:00,0.58,0.22,-0.0,-0.51,0.58,-0.07,0.06,0.32,0.37,1,0,-18.00
2007-06-22T00:00:00,0.54,-0.78,-0.31,-0.53,-0.2,-0.07,-0.1,0.27,-0.03,1,0,-28.00
2007-06-22T01:00:00,0.69,-0.49,-0.15,-0.49,-0.32,0.28,-0.14,0.12,-0.0,1,0,-28.00
2007-06-22T02:00:00,0.53,-0.34,-0.16,-0.54,-0.15,0.76,-0.17,0.17,0.13,1,0,-23.00
2007-06-22T03:00:00,0.65,-0.42,0.05,-0.49,0.0,1.1,-0.14,0.19,0.08,1,0,-17.00
2007-06-22T04:00:00,0.65,-0.24,-0.0,-0.52,0.09,0.94,-0.22,0.13,0.09,1,0,-17.00
2007-06-22T05:00:00,0.38,-0.48,-0.36,-0.59,-0.16,0.71,-0.29,0.16,0.01,1,0,-20.00
2007-06-22T06:00:00,0.23,-0.61,-0.04,-0.61,-0.21,1.33,-0.25,0.22,0.13,1,0,-21.00
2007-06-22T07:00:00,0.39,-0.41,-0.11,-0.53,0.09,1.14,-0.22,0.27,0.25,1,0,-20.00
2007-06-22T08:00:00,0.49,-0.35,-0.16,-0.51,0.09,1.24,-0.16,0.28,0.21,1,0,-19.00
2007-06-22T09:00:00,0.16,-0.41,-0.21,-0.64,0.3,1.3,-0.11,0.18,0.35,1,0,-18.00
2007-06-22T10:00:00,-0.53,-0.65,0.18,-0.87,0.18,1.48,-0.12,-0.01,-0.02,1,0,-16.00
2007-06-22T11:00:00,0.19,-0.81,0.04,-0.66,-0.15,0.7,-0.11,0.14,0.03,1,0,-11.00
2007-06-22T12:00:00,0.62,-0.33,0.31,-0.47,0.24,0.76,-0.02,0.37,0.2,1,0,-5.00
2007-06-22T13:00:00,0.73,0.18,0.42,-0.42,0.69,0.55,0.02,0.36,0.11,1,0,-6.00
2007-06-22T14:00:00,0.84,0.02,0.41,-0.34,0.58,0.6,0.1,0.23,0.05,1,0,-4.00
2007-06-22T15:00:00,0.93,-0.08,0.26,-0.27,0.44,0.24,0.16,0.2,0.05,1,0,-6.00
2007-06-22T16:00:00,0.83,-0.52,0.19,-0.28,-0.03,0.08,0.17,0.17,0.02,1,0,-8.00
2007-06-22T17:00:00,1.3,-0.32,0.3,-0.12,0.1,0.24,0.22,0.05,-0.09,1,0,-7.00
2007-06-22T18:00:00,1.41,-0.55,0.41,-0.14,0.34,0.64,-0.1,-0.2,-0.15,1,0,-7.00
2007-06-22T19:00:00,0.05,-0.42,-0.59,-0.35,-0.1,-0.52,0.14,0.12,0.05,1,0,-7.00
2007-06-22T20:00:00,0.64,-0.43,-0.23,-0.23,-0.31,-0.22,0.35,0.16,0.14,1,0,-6.00
2007-06-22T21:00:00,1.05,-0.37,-0.14,-0.11,0.01,-0.24,0.36,0.22,0.01,1,0,1.00
2007-06-22T22:00:00,0.77,-0.61,-0.17,-0.11,-0.01,-0.25,0.25,0.22,0.04,1,0,-10.00
2007-06-22T23:00:00,1.09,-0.87,0.31,-0.24,0.16,-0.07,0.09,0.03,-0.11,1,0,-10.00
2007-06-23T00:00:00,0.78,-0.7,-0.25,-0.34,0.16,-0.4,0.11,0.34,0.0,1,0,-9.00
2007-06-23T01:00:00,0.45,-0.73,-0.21,-0.53,0.25,-0.31,0.02,0.55,0.12,1,0,-11.00
2007-06-23T02:00:00,0.45,-0.39,-0.09,-0.7,0.02,-0.24,-0.3,0.28,0.18,1,0,-8.00
2007-06-23T03:00:00,-0.08,-0.4,-0.34,-0.93,0.02,-0.43,-0.38,0.21,0.1,1,0,-12.00
2007-06-23T04:00:00,0.1,-0.5,-0.05,-0.81,-0.04,0.0,-0.36,0.24,0.26,1,0,-17.00
2007-06-23T05:00:00,0.38,-0.54,-0.01,-0.75,0.23,0.03,-0.34,0.42,0.17,1,0,-19.00
2007-06-23T06:00:00,0.1,-0.5,-0.21,-0.8,0.34,-0.46,-0.36,0.15,0.11,1,0,-19.00
2007-06-23T07:00:00,0.49,0.02,0.37,-0.74,0.83,0.44,-0.35,0.2,0.15,1,0,-20.00
2007-06-23T08:00:00,0.46,-0.59,0.28,-0.7,0.19,0.04,-0.42,0.13,-0.03,1,0,-16.00
2007-06-23T09:00:00,0.69,-0.17,0.09,-0.63,0.6,-0.15,-0.41,-0.03,-0.03,1,0,-17.00
2007-06-23T10:00:00,0.47,0.12,0.53,-0.73,0.99,0.54,-0.53,-0.11,-0.09,1,0,-14.00
2007-06-23T11:00:00,0.61,-0.39,0.16,-0.7,0.41,0.01,-0.5,-0.18,-0.09,1,0,-12.00
2007-06-23T12:00:00,0.53,-0.43,0.19,-0.75,0.29,0.5,-0.53,-0.22,-0.1,1,0,-11.00
2007-06-23T13:00:00,0.08,-0.67,0.19,-0.87,-0.43,0.48,-0.59,-0.21,-0.11,1,0,-10.00
2007-06-23T14:00:00,-0.03,-0.51,0.23,-0.92,-0.39,0.54,-0.63,-0.2,-0.07,1,0,-11.00
2007-06-23T15:00:00,0.21,-0.49,0.04,-0.7,-0.3,0.12,-0.6,-0.18,-0.04,0,0,-11.00
2007-06-23T16:00:00,0.38,-0.41,-0.08,-0.58,-0.21,-0.06,-0.57,-0.14,-0.05,0,0,-12.00
2007-06-23T17:00:00,0.14,-0.37,-0.12,-0.55,-0.16,-0.22,-0.55,-0.15,0.05,0,0,-12.00
2007-06-23T18:00:00,0.03,-0.45,-0.1,-0.57,-0.23,-0.24,-0.51,-0.11,0.05,0,0,-11.00
2007-06-23T19:00:00,0.32,-0.54,-0.02,-0.48,-0.04,-0.14,-0.55,-0.14,-0.07,0,0,-10.00
2007-06-23T20:00:00,0.58,-0.47,0.08,-0.35,0.01,0.34,-0.55,-0.23,-0.12,0,0,-12.00
2007-06-23T21:00:00,0.51,-0.45,-0.16,-0.41,0.17,0.07,-0.5,-0.09,-0.07,0,0,-16.00
2007-06-23T22:00:00,0.51,-0.37,-0.14,-0.33,0.27,-0.22,-0.5,-0.17,-0.07,0,0,-13.00
2007-06-23T23:00:00,0.4,-0.48,0.06,-0.35,0.29,-0.15,-0.4,-0.14,-0.02,0,0,-8.00
2007-06-24T00:00:00,-0.35,-0.31,-0.13,-0.5,0.51,-0.36,-0.28,-0.12,0.11,0,0,-8.00
2007-06-24T01:00:00,0.52,-0.37,0.17,-0.39,0.37,-0.14,-0.17,0.06,0.13,0,0,-4.00
2007-06-24T02:00:00,0.55,-0.14,0.18,-0.37,0.67,-0.15,-0.2,0.15,0.24,0,0,-6.00
2007-06-24T03:00:00,0.66,-0.13,-0.04,-0.34,0.6,-0.18,-0.16,-0.03,0.06,0,0,-7.00
2007-06-24T04:00:00,0.6,-0.44,0.08,-0.34,0.12,-0.16,-0.1,-0.01,0.04,0,0,-6.00
2007-06-24T05:00:00,0.8,-0.43,0.25,-0.23,0.04,0.13,-0.16,-0.21,-0.1,0,0,-5.00
2007-06-24T06:00:00,0.49,-0.71,0.14,-0.28,-0.18,-0.22,-0.19,-0.17,-0.08,0,0,-7.00
2007-06-24T07:00:00,0.77,-0.13,0.35,-0.13,0.34,0.06,-0.16,-0.05,-0.04,0,0,-6.00
2007-06-24T08:00:00,1.04,-0.22,0.2,-0.11,0.38,-0.25,-0.17,-0.06,-0.1,0,0,-4.00
2007-06-24T09:00:00,0.92,-0.3,0.06,-0.07,0.2,-0.42,-0.25,-0.07,-0.09,0,0,-7.00
2007-06-24T10:00:00,0.87,-0.3,0.11,-0.02,0.15,-0.46,-0.22,-0.02,-0.06,0,0,-8.00
2007-06-24T11:00:00,0.79,-0.3,-0.05,0.04,0.06,-0.65,-0.25,0.01,-0.04,0,0,-6.00
2007-06-24T12:00:00,0.8,-0.1,0.1,0.1,0.3,-0.75,-0.27,-0.05,-0.04,0,0,-2.00
2007-06-24T13:00:00,-0.26,-0.61,-0.03,0.07,-0.14,-0.97,-0.39,-0.15,-0.04,0,0,-2.00
2007-06-24T14:00:00,-0.47,-0.59,-0.07,0.02,-0.12,-1.09,-0.31,-0.11,-0.06,0,0,-5.00
2007-06-24T15:00:00,-0.47,-0.48,-0.22,0.02,-0.2,-1.26,-0.27,-0.12,-0.04,0,0,-5.00
2007-06-24T16:00:00,-0.25,-0.31,-0.21,0.06,0.03,-1.1,-0.17,-0.03,0.22,0,0,-5.00
2007-06-24T17:00:00,-0.22,0.03,-0.34,0.15,0.24,-0.74,-0.24,-0.14,0.09,0,0,-5.00
2007-06-24T18:00:00,-0.29,-0.08,-0.36,0.17,-0.07,-0.75,-0.2,-0.13,0.06,0,0,-1.00
2007-06-24T19:00:00,-0.1,-0.32,-0.12,0.21,-0.16,-0.53,-0.34,-0.18,0.24,0,0,-1.00
2007-06-24T20:00:00,-0.59,-0.25,-0.27,0.09,-0.38,-0.88,-0.48,-0.37,-0.14,0,0,-2.00
2007-06-24T21:00:00,-0.49,-0.45,-0.2,0.18,-0.65,-0.86,-0.46,-0.36,-0.13,0,0,-4.00
2007-06-24T22:00:00,-0.23,-0.5,-0.02,0.28,-0.69,-0.31,-0.46,-0.28,-0.05,0,0,-4.00
2007-06-24T23:00:00,-0.16,-0.35,-0.15,0.35,-0.42,-0.64,-0.48,-0.32,-0.02,0,0,-5.00
2007-06-25T00:00:00,0.39,-0.07,0.14,0.61,-0.02,-0.12,-0.22,-0.31,0.16,0,0,-7.00
2007-06-25T01:00:00,0.45,-0.2,0.09,0.56,0.09,-0.02,-0.37,-0.32,0.01,0,0,-9.00
2007-06-25T02:00:00,0.37,-0.31,0.17,0.51,-0.18,0.08,-0.44,-0.36,-0.04,0,0,-7.00
2007-06-25T03:00:00,0.31,-0.37,0.06,0.45,-0.31,-0.2,-0.58,-0.37,-0.08,0,0,-7.00
2007-06-25T04:00:00,0.29,-0.38,0.08,0.55,-0.53,-0.3,-0.54,-0.42,-0.09,0,0,-4.00
2007-06-25T05:00:00,0.38,-0.24,0.05,0.59,-0.49,-0.33,-0.48,-0.42,-0.05,0,0,-7.00
2007-06-25T06:00:00,0.46,0.09,-0.04,0.67,-0.13,-0.55,-0.52,-0.43,-0.1,0,0,-9.00
2007-06-25T07:00:00,0.52,0.02,0.16,0.64,-0.19,-0.21,-0.51,-0.29,-0.05,0,0,-9.00
2007-06-25T08:00:00,0.55,-0.23,0.16,0.54,-0.37,-0.19,-0.5,-0.26,-0.07,0,0,-10.00
2007-06-25T09:00:00,0.59,0.05,0.14,0.55,0.04,-0.13,-0.42,-0.25,-0.04,0,0,-11.00
2007-06-25T10:00:00,0.47,-0.12,0.25,0.61,0.17,0.06,-0.36,-0.27,0.01,0,0,-10.00
2007-06-25T11:00:00,0.56,-0.16,0.17,0.65,-0.02,-0.01,-0.32,-0.23,-0.01,0,0,-8.00
2007-06-25T12:00:00,0.36,-0.15,0.25,0.57,0.2,-0.15,-0.32,-0.2,0.16,0,0,-6.00
2007-06-25T13:00:00,0.09,-0.61,0.08,0.5,-0.06,-0.31,-0.38,-0.32,-0.07,0,0,-8.00
2007-06-25T14:00:00,0.12,-0.66,0.07,0.47,-0.18,-0.41,-0.35,-0.35,-0.1,0,0,-7.00
2007-06-25T15:00:00,-0.18,-0.65,-0.04,0.38,-0.12,-0.77,-0.38,-0.37,-0.11,0,0,-6.00
2007-06-25T16:00:00,-0.35,-0.65,-0.04,0.41,-0.1,-0.99,-0.3,-0.35,-0.11,0,0,-7.00
2007-06-25T17:00:00,-0.25,-0.62,-0.01,0.5,-0.06,-0.91,-0.26,-0.34,-0.09,0,0,-10.00
2007-06-25T18:00:00,0.14,-0.58,-0.08,0.58,0.04,-0.92,-0.24,-0.35,-0.06,0,0,-8.00
2007-06-25T19:00:00,0.29,-0.55,0.03,0.62,-0.01,-0.89,-0.17,-0.31,-0.03,0,0,-5.00
2007-06-25T20:00:00,0.0,-0.76,-0.04,0.6,-0.14,-0.76,-0.22,-0.4,-0.12,0,0,-4.00
2007-06-25T21:00:00,0.82,-0.2,0.39,0.64,0.18,-0.57,-0.12,-0.35,-0.12,0,0,-6.00
2007-06-25T22:00:00,0.74,-0.2,0.4,0.65,0.37,-0.46,-0.08,-0.26,-0.08,0,0,-7.00
2007-06-25T23:00:00,0.67,0.12,0.44,0.66,0.47,-0.27,-0.17,-0.35,-0.11,0,0,-7.00
2007-06-26T00:00:00,0.7,0.06,0.48,0.71,0.46,-0.39,-0.2,-0.31,-0.11,0,0,-6.00
2007-06-26T01:00:00,0.82,-0.09,0.3,0.71,0.35,-0.36,-0.17,-0.21,-0.09,0,0,-3.00
2007-06-26T02:00:00,0.78,-0.26,0.2,0.76,0.15,-0.23,-0.27,-0.22,-0.09,0,0,-1.00
2007-06-26T03:00:00,0.59,-0.41,0.14,0.73,-0.06,-0.44,-0.27,-0.24,-0.07,0,0,1.00
2007-06-26T04:00:00,0.63,-0.25,0.29,0.77,0.08,-0.22,-0.32,-0.29,-0.09,0,0,1.00
2007-06-26T05:00:00,0.57,-0.2,0.24,0.75,0.22,-0.04,-0.28,-0.29,-0.05,0,0,1.00
2007-06-26T06:00:00,0.69,-0.18,0.22,0.77,0.19,-0.09,-0.2,-0.29,-0.07,0,0,0.00
2007-06-26T07:00:00,0.49,-0.34,0.18,0.85,-0.05,-0.03,-0.1,-0.27,0.01,0,0,0.00
2007-06-26T08:00:00,0.36,-0.46,0.05,0.85,-0.06,-0.06,-0.05,-0.38,-0.03,0,0,-1.00
2007-06-26T09:00:00,-0.27,-0.56,-0.19,0.82,-0.28,-0.22,-0.1,-0.47,-0.12,0,0,0.00
2007-06-26T10:00:00,0.32,-0.39,-0.07,0.89,-0.31,-0.16,-0.13,-0.39,-0.01,0,0,1.00
2007-06-26T11:00:00,0.59,-0.08,0.05,0.95,-0.2,0.01,-0.14,-0.38,-0.05,0,0,1.00
2007-06-26T12:00:00,0.51,-0.18,0.06,0.99,-0.25,0.07,-0.06,-0.42,-0.03,0,0,-1.00
2007-06-26T13:00:00,0.3,-0.15,-0.02,1.04,-0.38,0.05,0.16,-0.43,0.26,0,0,-3.00
2007-06-26T14:00:00,0.45,-0.22,-0.02,1.08,-0.52,-0.02,0.22,-0.44,0.02,0,0,-2.00
2007-06-26T15:00:00,0.43,-0.38,0.08,1.1,-0.6,-0.04,0.21,-0.44,-0.03,0,0,0.00
2007-06-26T16:00:00,0.33,-0.48,-0.12,1.1,-0.7,-0.2,0.12,-0.47,-0.08,0,0,2.00
2007-06-26T17:00:00,0.55,-0.3,-0.01,1.14,-0.51,-0.24,0.18,-0.46,-0.07,0,0,3.00
2007-06-26T18:00:00,0.49,-0.45,0.19,1.15,-0.61,-0.1,0.16,-0.45,-0.08,0,0,3.00
2007-06-26T19:00:00,0.14,-0.43,-0.28,1.12,-0.67,-0.23,0.31,-0.51,-0.09,0,0,3.00
2007-06-26T20:00:00,0.43,-0.52,0.14,1.14,-0.8,-0.26,0.5,-0.5,-0.08,0,0,3.00
2007-06-26T21:00:00,0.33,-0.29,0.63,1.13,-0.78,0.01,0.55,-0.49,-0.11,0,0,1.00
2007-06-26T22:00:00,0.65,-0.15,0.39,1.21,-0.82,0.08,0.46,-0.46,-0.09,0,0,-2.00
2007-06-26T23:00:00,0.48,-0.32,0.06,1.13,-0.9,-0.46,0.46,-0.46,-0.01,0,0,-4.00
2007-06-27T00:00:00,0.06,-0.38,-0.32,0.95,-0.76,-0.81,0.55,-0.4,0.04,0,0,-5.00
2007-06-27T01:00:00,0.13,-0.5,-0.14,0.98,-0.75,-0.38,0.43,-0.43,0.01,0,0,-3.00
2007-06-27T02:00:00,-0.34,0.18,-0.11,0.96,-0.27,-0.22,0.45,-0.41,0.16,0,0,4.00
2007-06-27T03:00:00,-0.17,0.04,-0.32,1.01,-0.31,-0.18,0.35,-0.42,0.07,0,0,4.00
2007-06-27T04:00:00,0.12,0.07,-0.26,1.06,-0.32,0.0,0.32,-0.42,0.16,0,0,4.00
2007-06-27T05:00:00,0.45,0.05,-0.14,1.05,-0.4,0.02,0.42,-0.38,0.11,0,0,3.00
2007-06-27T06:00:00,0.52,-0.36,0.24,1.05,-0.36,-0.0,0.55,-0.31,0.07,0,0,-2.00
2007-06-27T07:00:00,0.33,-0.35,0.45,1.02,-0.39,0.24,0.44,-0.39,-0.01,0,0,-2.00
2007-06-27T08:00:00,0.31,-0.29,0.28,1.01,-0.28,0.24,0.35,-0.38,0.14,0,0,-3.00
2007-06-27T09:00:00,0.21,-0.08,0.44,1.03,-0.1,0.38,0.15,-0.42,0.03,0,0,-1.00
2007-06-27T10:00:00,0.29,0.19,0.31,0.99,0.14,0.18,-0.01,-0.4,0.06,0,0,1.00
2007-06-27T11:00:00,0.5,0.11,0.32,0.98,0.12,0.08,-0.14,-0.22,0.03,0,0,2.00
2007-06-27T12:00:00,0.43,0.15,-0.05,0.93,0.08,-0.3,-0.14,-0.29,0.1,0,0,-1.00
2007-06-27T13:00:00,0.2,0.1,-0.04,0.89,0.11,-0.07,-0.09,-0.35,0.64,0,0,-3.00
2007-06-27T14:00:00,0.14,-0.29,-0.29,0.92,0.14,-0.27,-0.2,-0.38,-0.03,0,0,-2.00
2007-06-27T15:00:00,0.05,-0.48,-0.15,0.89,-0.04,-0.08,-0.24,-0.42,-0.07,0,0,1.00
2007-06-27T16:00:00,0.34,-0.19,0.11,0.93,0.23,0.15,-0.19,-0.26,0.28,0,0,2.00
2007-06-27T17:00:00,0.46,-0.2,0.19,0.91,0.29,-0.06,-0.2,-0.23,0.09,0,0,-1.00
2007-06-27T18:00:00,0.41,0.11,-0.04,0.94,0.44,-0.14,-0.18,-0.24,0.18,0,0,-4.00
2007-06-27T19:00:00,0.48,-0.05,0.11,0.94,0.33,-0.04,-0.21,-0.22,0.13,0,0,-5.00
2007-06-27T20:00:00,0.33,-0.33,-0.16,0.93,0.12,-0.3,1.22,-0.37,0.27,0,0,-7.00
2007-06-27T21:00:00,0.41,-0.28,-0.06,0.95,0.05,-0.08,-0.16,-0.34,0.03,0,0,-6.00
2007-06-27T22:00:00,0.23,-0.28,-0.26,0.93,0.1,-0.25,-0.13,-0.47,-0.07,0,0,-8.00
2007-06-27T23:00:00,0.48,-0.24,-0.08,0.98,0.15,0.07,-0.04,-0.41,-0.03,0,0,-9.00
2007-06-28T00:00:00,0.49,-0.3,-0.03,0.99,0.06,0.1,-0.1,-0.38,-0.03,0,0,-7.00
2007-06-28T01:00:00,0.55,-0.15,0.08,1.02,0.15,0.18,-0.07,-0.36,-0.01,0,0,-5.00
2007-06-28T02:00:00,0.16,-0.39,-0.14,0.95,-0.07,0.08,-0.12,-0.51,-0.09,0,0,-1.00
2007-06-28T03:00:00,-0.25,-0.39,-0.22,0.86,-0.21,-0.13,-0.14,-0.54,-0.13,0,0,4.00
2007-06-28T04:00:00,-0.06,-0.47,-0.27,0.94,-0.16,-0.09,-0.11,-0.55,-0.15,0,0,5.00
2007-06-28T05:00:00,-0.1,-0.48,-0.31,0.95,-0.16,-0.11,-0.11,-0.55,-0.15,0,0,2.00
2007-06-28T06:00:00,-0.09,-0.36,-0.41,0.96,-0.14,-0.19,-0.11,-0.55,-0.15,0,0,-1.00
2007-06-28T07:00:00,0.1,-0.37,-0.26,1.02,-0.24,-0.09,-0.02,-0.54,-0.11,0,0,-3.00
2007-06-28T08:00:00,0.11,-0.37,0.03,1.04,-0.13,0.15,0.03,-0.48,0.07,0,0,-7.00
2007-06-28T09:00:00,0.24,-0.32,0.33,1.05,-0.1,0.24,0.04,-0.49,-0.05,0,0,-11.00
2007-06-28T10:00:00,0.28,-0.37,0.23,1.07,-0.21,0.28,0.15,-0.48,-0.02,0,0,-12.00
2007-06-28T11:00:00,0.08,-0.56,-0.11,1.04,-0.39,0.23,0.24,-0.53,-0.1,0,0,-9.00
2007-06-28T12:00:00,0.03,-0.39,-0.25,1.04,-0.36,0.17,0.4,-0.51,-0.06,0,0,-3.00
2007-06-28T13:00:00,0.57,-0.33,0.21,1.14,-0.42,0.4,0.29,-0.48,-0.09,0,0,3.00
2007-06-28T14:00:00,0.58,-0.28,0.15,1.13,-0.46,0.31,0.38,-0.46,-0.06,0,0,3.00
2007-06-28T15:00:00,0.46,-0.43,-0.01,1.15,-0.57,0.18,0.51,-0.49,-0.06,0,0,0.00
2007-06-28T16:00:00,0.46,-0.44,0.05,1.13,-0.64,0.25,0.51,-0.49,-0.07,0,0,-1.00
2007-06-28T17:00:00,0.56,-0.61,0.02,1.13,-0.92,0.31,0.65,-0.49,-0.11,0,0,2.00
2007-06-28T18:00:00,0.54,-0.61,0.24,1.12,-0.94,0.46,0.74,-0.49,-0.11,0,0,3.00
2007-06-28T19:00:00,0.57,-0.81,0.25,1.08,-1.04,0.83,1.27,-0.49,-0.11,0,0,5.00
2007-06-28T20:00:00,0.27,-1.02,-0.2,1.06,-1.15,0.86,1.68,-0.49,-0.12,0,0,4.00
2007-06-28T21:00:00,0.51,-0.74,-0.04,1.16,-1.11,0.97,2.24,-0.54,-0.11,0,0,6.00
2007-06-28T22:00:00,0.18,0.29,0.28,1.14,-1.01,0.86,2.57,-0.54,0.2,0,0,5.00
2007-06-28T23:00:00,-0.64,0.58,0.15,1.09,-0.84,0.73,1.73,-0.45,-0.05,0,0,1.00
2007-06-29T00:00:00,0.06,0.83,0.37,1.16,-0.82,0.74,1.65,-0.48,-0.09,0,0,1.00
2007-06-29T01:00:00,0.28,0.91,0.22,1.17,-0.56,0.84,0.87,-0.43,-0.11,0,0,1.00
2007-06-29T02:00:00,0.25,0.33,0.7,1.2,-0.2,0.64,0.73,-0.39,-0.07,0,0,6.00
2007-06-29T03:00:00,-0.29,-0.34,0.24,1.3,-0.1,0.76,0.8,-0.33,0.32,0,0,8.00
2007-06-29T04:00:00,-0.23,0.55,0.51,1.34,-0.29,0.58,0.6,-0.43,-0.08,0,0,6.00
2007-06-29T05:00:00,-0.1,0.77,0.08,1.34,-0.4,0.64,0.34,-0.45,-0.11,0,0,5.00
2007-06-29T06:00:00,-0.27,0.76,0.01,1.22,0.03,0.36,-0.03,-0.38,-0.12,0,0,0.00
2007-06-29T07:00:00,-0.04,0.78,0.2,1.23,-0.08,0.76,-0.01,-0.41,-0.12,0,0,0.00
2007-06-29T08:00:00,-0.06,0.65,0.21,1.14,-0.25,0.85,0.25,-0.35,-0.03,0,0,-3.00
2007-06-29T09:00:00,0.15,1.16,0.27,1.19,0.08,1.07,0.05,-0.38,-0.15,0,0,-2.00
2007-06-29T10:00:00,-0.16,0.92,0.13,1.23,-0.2,1.12,0.35,-0.43,-0.12,0,0,1.00
2007-06-29T11:00:00,-0.27,0.74,0.22,1.27,-0.29,1.35,0.63,-0.44,-0.09,0,0,4.00
2007-06-29T12:00:00,0.0,0.41,0.33,1.28,-0.56,1.16,1.19,-0.49,0.06,0,0,3.00
2007-06-29T13:00:00,0.23,-0.34,-0.17,1.07,-0.84,1.43,4.59,-0.51,0.46,0,0,1.00
2007-06-29T14:00:00,-0.12,0.25,0.1,1.09,-0.96,0.62,5.87,-0.49,2.25,1,0,7.00
2007-06-29T15:00:00,-0.34,0.32,0.26,1.14,-1.16,0.5,5.89,-0.5,0.51,1,0,25.00
2007-06-29T16:00:00,-0.67,0.69,0.11,1.11,-1.37,0.49,6.06,-0.49,0.04,1,0,32.00
2007-06-29T17:00:00,-0.7,0.29,-0.35,0.54,0.81,0.76,2.12,0.09,0.4,1,0,33.00
2007-06-29T18:00:00,-1.08,0.97,-0.32,-0.14,3.81,0.86,0.87,1.09,0.1,1,0,37.00
2007-06-29T19:00:00,-0.89,1.0,0.1,-0.05,3.21,0.93,0.97,1.2,0.23,1,0,30.00
2007-06-29T20:00:00,-1.1,1.37,0.55,0.05,3.12,1.38,0.13,0.43,-0.12,1,0,11.00
2007-06-29T21:00:00,-1.15,1.37,0.14,0.14,2.5,0.23,-0.02,0.29,-0.13,1,0,-2.00
2007-06-29T22:00:00,0.0,1.1,0.56,0.44,1.31,0.0,0.04,0.21,-0.07,1,0,-5.00
2007-06-29T23:00:00,-0.06,0.81,0.53,0.03,1.38,-0.38,-0.04,0.27,-0.0,1,0,-5.00
2007-06-30T00:00:00,-0.89,0.28,-0.0,-0.39,1.58,-0.43,0.12,0.22,0.04,1,0,-6.00
2007-06-30T01:00:00,-1.28,-0.19,-0.32,-0.41,0.98,-0.86,0.05,-0.05,-0.12,1,0,-5.00
2007-06-30T02:00:00,-1.41,-0.0,-0.38,-0.42,1.19,-1.01,0.1,-0.14,-0.14,1,0,-1.00
2007-06-30T03:00:00,-0.96,0.22,-0.07,-0.56,1.38,-0.27,-0.01,0.13,-0.03,1,0,-7.00
2007-06-30T04:00:00,-1.17,0.27,-0.02,-0.48,1.62,0.04,-0.05,-0.08,-0.11,1,0,-11.00
2007-06-30T05:00:00,-1.08,0.55,0.02,-0.46,1.66,-0.26,-0.16,0.1,-0.1,1,0,-16.00
2007-06-30T06:00:00,-0.97,0.42,0.11,-0.47,1.21,0.0,-0.22,0.1,-0.08,1,0,-14.00
2007-06-30T07:00:00,-1.1,0.2,0.12,-0.42,1.23,-0.17,-0.21,-0.15,-0.12,1,0,-10.00
2007-06-30T08:00:00,-1.07,0.03,0.08,-0.37,1.4,-0.22,-0.36,0.01,-0.11,1,0,-10.00
2007-06-30T09:00:00,-0.89,-0.04,0.15,-0.3,0.89,0.44,-0.5,0.08,-0.09,1,0,-10.00
2007-06-30T10:00:00,-0.83,0.09,0.19,-0.3,0.82,0.9,-0.6,0.14,-0.1,1,0,-9.00
2007-06-30T11:00:00,-0.77,0.11,0.19,-0.33,1.23,0.42,-0.7,-0.0,-0.12,1,0,-6.00
2007-06-30T12:00:00,-0.71,0.1,0.13,-0.21,1.07,0.04,-0.64,-0.14,-0.12,0,0,-10.00
2007-06-30T13:00:00,-0.66,-0.1,0.06,-0.13,0.54,-0.1,-0.57,-0.2,-0.1,0,0,-12.00
2007-06-30T14:00:00,-0.71,0.07,0.12,-0.13,0.55,-0.13,-0.65,-0.33,-0.14,0,0,-9.00
2007-06-30T15:00:00,-0.7,0.11,0.15,-0.13,0.29,0.07,-0.58,-0.34,-0.14,0,0,-6.00
2007-06-30T16:00:00,-0.77,0.04,0.05,-0.04,0.36,-0.48,-0.68,-0.39,-0.16,0,0,-6.00
2007-06-30T17:00:00,-0.67,0.24,0.08,-0.03,0.48,-0.56,-0.55,-0.27,-0.12,0,0,-8.00
2007-06-30T18:00:00,-0.64,0.31,0.17,-0.02,0.28,-0.53,-0.55,-0.32,-0.13,0,0,-5.00
2007-06-30T19:00:00,-0.64,0.31,0.16,0.02,0.19,-0.36,-0.53,-0.23,-0.11,0,0,-3.00
2007-06-30T20:00:00,-0.76,0.38,0.12,0.06,0.25,-0.03,-0.57,-0.33,-0.15,0,0,-4.00
2007-06-30T21:00:00,-0.75,0.43,0.11,0.08,0.06,0.08,-0.53,-0.37,-0.16,0,0,-8.00
2007-06-30T22:00:00,-0.78,0.4,0.09,0.07,0.1,0.0,-0.53,-0.4,-0.16,0,0,-10.00
2007-06-30T23:00:00,-0.8,0.42,0.02,0.1,0.27,-0.06,-0.48,-0.34,-0.15,0,0,-10.00
2007-07-01T00:00:00,-0.63,0.45,0.05,0.25,-0.15,0.06,-0.41,-0.29,-0.12,0,0,---
2007-07-01T01:00:00,-0.21,0.55,0.16,0.53,-0.48,0.15,-0.2,-0.32,-0.05,0,0,-4.00
2007-07-01T02:00:00,0.14,0.42,0.2,0.62,-0.64,-0.14,-0.03,-0.39,0.03,0,0,3.00
2007-07-01T03:00:00,0.08,0.23,0.15,0.62,-0.71,-0.3,-0.07,-0.38,0.48,0,0,5.00
2007-07-01T04:00:00,0.15,0.3,0.06,0.64,-0.66,-0.07,0.08,-0.4,0.26,0,0,4.00
2007-07-01T05:00:00,0.19,0.46,-0.16,0.57,-0.62,0.1,-0.08,-0.44,-0.08,0,0,2.00
2007-07-01T06:00:00,-0.85,0.12,-0.22,0.65,-0.2,-0.2,-0.45,-0.47,-0.17,0,0,1.00
2007-07-01T07:00:00,-0.69,-0.28,-0.04,0.68,0.08,-0.6,-0.49,-0.45,-0.15,0,0,-3.00
2007-07-01T08:00:00,-0.45,0.05,-0.09,0.69,-0.03,-0.65,-0.41,-0.29,-0.01,0,0,-8.00
2007-07-01T09:00:00,-0.21,0.17,0.28,0.69,-0.13,-0.75,-0.25,-0.24,0.25,0,0,-9.00
2007-07-01T10:00:00,-0.32,-0.51,0.03,0.6,0.01,-0.6,-0.36,-0.33,-0.07,0,0,-8.00
2007-07-01T11:00:00,-0.12,-0.52,-0.09,0.58,-0.04,-0.56,-0.31,-0.34,-0.05,0,0,-3.00
2007-07-01T12:00:00,-0.16,0.02,0.12,0.62,-0.43,-0.68,-0.34,-0.21,1.65,0,0,-2.00
2007-07-01T13:00:00,-0.51,0.18,0.07,0.66,0.02,-0.71,-0.36,-0.18,0.02,0,0,-5.00
2007-07-01T14:00:00,-0.29,0.38,0.12,0.69,0.32,-0.68,-0.46,-0.32,-0.04,0,0,-7.00
2007-07-01T15:00:00,-0.4,0.31,0.1,0.68,0.57,-0.35,-0.47,-0.19,-0.01,0,0,-8.00
2007-07-01T16:00:00,-0.45,0.12,0.26,0.64,0.73,-0.34,-0.41,-0.15,0.04,0,0,-5.00
2007-07-01T17:00:00,-0.38,-0.21,0.24,0.63,1.0,-0.27,-0.35,-0.28,0.03,0,0,-6.00
2007-07-01T18:00:00,-0.41,-0.39,0.03,0.65,1.13,-0.25,-0.37,-0.37,-0.07,0,0,-3.00
2007-07-01T19:00:00,-0.58,-0.16,-0.17,0.69,0.63,-0.19,-0.4,-0.27,-0.08,0,0,0.00
2007-07-01T20:00:00,-0.43,-0.25,-0.04,0.67,0.74,-0.11,-0.31,-0.34,-0.01,0,0,1.00
2007-07-01T21:00:00,-0.01,-0.18,0.15,0.62,0.84,-0.32,-0.33,-0.34,1.0,0,0,1.00
2007-07-01T22:00:00,-0.68,-0.06,-0.08,0.8,0.61,-0.16,-0.43,-0.35,-0.12,0,0,1.00
2007-07-01T23:00:00,-0.69,0.06,-0.01,0.81,0.41,-0.06,-0.38,-0.38,-0.12,0,0,0.00
2007-07-02T00:00:00,-0.65,0.03,-0.02,0.83,0.3,-0.23,-0.41,-0.33,-0.1,0,0,-5.00
2007-07-02T01:00:00,-0.54,0.09,0.08,0.89,0.41,-0.25,-0.44,-0.16,0.0,0,0,-4.00
2007-07-02T02:00:00,-0.48,0.21,0.17,0.87,0.35,-0.37,-0.46,-0.26,-0.04,0,0,-2.00
2007-07-02T03:00:00,-0.54,0.14,0.2,0.9,0.35,-0.45,-0.4,-0.3,-0.06,0,0,-1.00
2007-07-02T04:00:00,-0.46,0.28,0.11,0.98,0.06,-0.39,-0.37,-0.3,-0.04,0,0,-1.00
2007-07-02T05:00:00,-0.43,0.13,-0.02,0.96,0.1,-0.33,-0.4,-0.32,-0.0,0,0,-4.00
2007-07-02T06:00:00,-0.48,0.04,-0.18,0.9,0.15,-0.44,-0.45,-0.3,-0.06,0,0,-5.00
2007-07-02T07:00:00,-0.31,-0.09,-0.09,0.86,0.27,-0.42,-0.38,-0.35,0.09,0,0,-5.00
2007-07-02T08:00:00,-0.26,0.31,0.05,0.89,0.09,-0.47,-0.28,-0.35,0.06,0,0,-6.00
2007-07-02T09:00:00,-0.21,0.24,-0.19,0.9,0.17,-0.22,-0.28,-0.38,-0.0,0,0,-4.00
2007-07-02T10:00:00,0.08,0.39,0.09,0.87,-0.05,-0.37,-0.29,-0.46,-0.04,0,0,-2.00
2007-07-02T11:00:00,-0.07,0.3,-0.04,0.91,0.02,-0.26,-0.3,-0.43,0.06,0,0,1.00
2007-07-02T12:00:00,-0.16,0.29,0.03,0.84,-0.03,-0.47,-0.36,-0.47,-0.01,0,0,2.00
2007-07-02T13:00:00,-0.19,0.36,0.03,0.88,-0.18,-0.39,-0.26,-0.48,-0.06,0,0,2.00
2007-07-02T14:00:00,-0.29,0.37,0.0,0.9,-0.15,-0.22,-0.29,-0.49,-0.1,0,0,1.00
2007-07-02T15:00:00,-0.19,0.39,0.07,0.93,-0.23,-0.04,-0.22,-0.52,-0.1,0,0,0.00
2007-07-02T16:00:00,0.04,0.4,0.12,1.0,-0.18,-0.06,-0.21,-0.53,-0.09,0,0,-2.00
2007-07-02T17:00:00,0.25,0.37,0.13,1.05,-0.25,-0.1,-0.21,-0.54,-0.11,0,0,0.00
2007-07-02T18:00:00,-0.09,0.32,0.19,0.97,0.42,0.62,0.9,-0.55,0.07,0,0,2.00
2007-07-02T19:00:00,0.02,0.37,0.26,0.92,-0.79,1.18,1.28,-0.55,0.03,0,0,4.00
2007-07-02T20:00:00,-0.23,0.33,0.15,1.02,-0.21,-0.07,-0.23,-0.53,-0.1,0,0,4.00
2007-07-02T21:00:00,-0.4,0.32,0.11,0.99,-0.16,-0.16,-0.21,-0.54,-0.13,0,0,3.00
2007-07-02T22:00:00,-0.48,0.28,0.05,1.04,-0.13,-0.15,-0.21,-0.55,-0.14,0,0,3.00
2007-07-02T23:00:00,-0.44,0.27,0.02,1.09,-0.15,-0.18,-0.06,-0.53,-0.11,0,0,2.00
2007-07-03T00:00:00,-0.34,0.13,0.12,1.14,-0.14,-0.22,0.31,-0.56,-0.03,0,0,1.00
2007-07-03T01:00:00,-0.34,0.05,0.04,1.21,-0.23,-0.39,0.58,-0.58,-0.02,0,0,0.00
2007-07-03T02:00:00,-0.28,0.2,0.03,1.2,-0.33,-0.52,0.31,-0.54,0.02,0,0,4.00
2007-07-03T03:00:00,-0.55,0.17,-0.09,1.25,-0.3,-0.46,0.07,-0.55,-0.14,0,0,10.00
2007-07-03T04:00:00,-0.47,0.13,-0.12,1.27,-0.35,-0.37,0.31,-0.55,-0.1,0,0,10.00
2007-07-03T05:00:00,-0.45,0.14,-0.13,1.29,-0.4,-0.34,0.28,-0.56,-0.11,0,0,4.00
2007-07-03T06:00:00,-0.41,0.15,-0.08,1.31,-0.48,-0.34,0.45,-0.56,-0.08,1,0,2.00
2007-07-03T07:00:00,-0.29,0.16,-0.16,1.27,-0.56,-0.21,0.7,-0.56,-0.04,1,0,0.00
2007-07-03T08:00:00,-0.05,0.05,-0.12,1.24,-0.74,0.04,1.66,-0.56,0.59,1,0,2.00
2007-07-03T09:00:00,-0.14,0.24,0.04,1.22,-0.88,0.31,2.96,-0.54,0.71,1,0,4.00
2007-07-03T10:00:00,0.53,-0.47,0.93,1.16,-1.34,0.63,1.4,-0.52,-0.15,1,0,10.00
2007-07-03T11:00:00,1.21,-0.99,0.5,1.23,-1.8,0.37,1.15,-0.54,-0.17,1,0,17.00
2007-07-03T12:00:00,1.22,-0.92,-0.55,1.24,-1.87,-0.69,1.55,-0.53,-0.17,1,0,15.00
2007-07-03T13:00:00,0.7,-0.53,-0.83,1.18,-1.65,-0.6,2.31,-0.5,-0.14,1,0,14.00
2007-07-03T14:00:00,0.63,-0.54,-1.08,1.15,-1.38,-0.77,2.55,-0.5,-0.15,1,0,13.00
2007-07-03T15:00:00,0.98,-1.26,-0.78,0.96,-0.53,0.05,1.16,-0.5,-0.17,1,0,10.00
2007-07-03T16:00:00,1.2,-1.1,-0.2,0.97,-1.0,0.09,0.75,-0.44,-0.16,1,0,0.00
2007-07-03T17:00:00,1.33,-0.86,0.24,0.88,-0.95,0.31,0.58,-0.39,-0.16,1,0,-8.00
2007-07-03T18:00:00,1.25,-1.0,-0.0,0.81,-1.06,0.86,0.9,-0.21,-0.12,1,0,-10.00
2007-07-03T19:00:00,1.24,-0.62,0.23,0.63,-0.77,0.5,1.23,-0.08,-0.05,1,0,-5.00
2007-07-03T20:00:00,0.93,-0.35,0.17,0.47,-0.29,0.28,1.06,-0.01,0.1,1,0,1.00
2007-07-03T21:00:00,0.58,0.26,0.56,0.41,-0.03,0.47,0.83,-0.03,0.13,1,0,4.00
2007-07-03T22:00:00,1.1,-0.12,0.56,0.33,0.17,0.25,0.28,0.19,-0.04,1,0,5.00
2007-07-03T23:00:00,1.03,-0.66,-0.33,-0.06,0.0,-0.67,0.14,0.31,-0.05,1,0,-7.00
2007-07-04T00:00:00,0.73,-0.49,-0.08,-0.43,0.67,-0.7,0.42,0.63,0.31,1,0,-12.00
2007-07-04T01:00:00,0.42,-0.23,0.41,-0.53,1.15,-0.98,0.55,1.14,1.41,1,0,-5.00
2007-07-04T02:00:00,0.57,-0.08,0.09,-0.76,1.38,0.5,0.42,1.18,1.57,1,0,-2.00
2007-07-04T03:00:00,0.75,-0.69,-0.19,-0.78,1.45,0.2,0.11,0.93,0.15,1,0,-1.00
2007-07-04T04:00:00,0.12,-0.72,-0.35,-0.9,1.44,-0.18,0.11,1.04,0.32,1,0,-2.00
2007-07-04T05:00:00,0.7,-0.67,-0.16,-0.78,0.57,-0.37,-0.33,0.39,-0.04,1,0,-5.00
2007-07-04T06:00:00,0.94,-0.22,0.67,-0.86,1.37,0.72,-0.51,-0.15,-0.15,1,0,-10.00
2007-07-04T07:00:00,0.82,-0.32,0.12,-1.02,1.5,-0.28,-0.4,0.35,-0.02,1,0,-15.00
2007-07-04T08:00:00,0.7,-0.03,0.21,-1.27,1.96,-0.3,-0.24,0.85,0.3,1,0,-14.00
2007-07-04T09:00:00,0.46,-0.31,-0.08,-1.31,2.27,-0.7,-0.2,0.94,0.67,1,0,-7.00
2007-07-04T10:00:00,0.71,-0.34,0.03,-1.16,2.43,-0.67,-0.16,0.98,0.3,1,0,-11.00
2007-07-04T11:00:00,0.72,-0.01,0.42,-1.08,2.93,-0.14,-0.08,0.74,0.22,1,0,-5.00
2007-07-04T12:00:00,0.68,-0.54,0.11,-0.96,2.6,-0.33,-0.03,0.66,0.19,1,0,-4.00
2007-07-04T13:00:00,1.01,-0.78,-0.02,-0.77,2.47,-0.47,-0.1,0.19,-0.09,1,0,-3.00
2007-07-04T15:00:00,0.63,-0.71,-0.16,-0.48,1.22,0.22,-0.2,0.38,-0.0,1,0,-4.00
2007-07-04T16:00:00,0.53,-0.67,-0.17,-0.39,0.59,-0.03,-0.2,0.13,-0.02,1,0,-5.00
2007-07-04T17:00:00,0.54,-0.6,-0.27,-0.28,0.86,-0.02,-0.2,-0.05,-0.06,1,0,-13.00
2007-07-04T18:00:00,0.34,-0.31,-0.28,-0.2,0.64,0.18,0.07,-0.11,0.14,1,0,-12.00
2007-07-04T19:00:00,0.45,0.04,0.04,-0.18,0.29,-0.11,0.11,-0.07,0.5,1,0,-3.00
2007-07-04T20:00:00,0.43,0.09,0.15,-0.2,0.24,0.06,-0.05,-0.18,0.31,1,0,-3.00
2007-07-04T21:00:00,0.54,-0.0,0.34,-0.3,-0.12,-0.26,-0.22,-0.25,-0.02,1,0,-6.00
2007-07-04T22:00:00,0.74,-0.12,0.32,-0.3,0.0,-0.13,-0.3,-0.19,-0.08,1,0,-6.00
2007-07-04T23:00:00,0.6,-0.27,0.22,-0.27,-0.11,-0.2,-0.17,-0.01,0.06,0,0,-10.00
2007-07-05T00:00:00,0.48,-0.56,0.16,-0.29,-0.31,-0.52,-0.32,-0.09,-0.04,0,0,-7.00
2007-07-05T01:00:00,0.32,-0.11,0.1,-0.37,0.43,-0.43,-0.27,0.29,1.21,0,0,-3.00
2007-07-05T02:00:00,0.1,-0.18,-0.04,-0.49,0.32,-0.8,-0.28,0.27,2.62,0,0,-3.00
2007-07-05T03:00:00,0.18,0.42,-0.03,-0.44,0.6,-0.67,-0.41,0.07,0.19,0,0,-2.00
2007-07-05T04:00:00,0.51,0.05,0.29,-0.37,0.37,-0.25,-0.4,0.19,0.15,0,0,-4.00
2007-07-05T05:00:00,-0.1,-0.27,-0.15,-0.52,-0.16,-0.87,-0.42,0.06,0.4,0,0,-11.00
2007-07-05T06:00:00,-0.15,-0.38,0.15,-0.5,-0.34,-0.38,-0.44,0.02,0.29,0,0,-14.00
2007-07-05T07:00:00,0.2,-0.34,0.16,-0.34,-0.24,-0.26,-0.45,0.0,0.31,0,0,-9.00
2007-07-05T08:00:00,0.32,-0.27,0.23,-0.29,-0.18,0.06,-0.51,-0.1,0.11,0,0,-7.00
2007-07-05T09:00:00,0.34,-0.4,-0.09,-0.23,-0.32,-0.25,-0.52,-0.13,-0.01,0,0,-7.00
2007-07-05T10:00:00,0.38,-0.48,0.02,-0.17,-0.48,-0.03,-0.53,-0.17,-0.06,0,0,-8.00
2007-07-05T11:00:00,-0.03,-0.55,0.04,-0.34,-0.65,-0.03,-0.58,-0.31,-0.09,0,0,-7.00
2007-07-05T12:00:00,0.22,-0.55,0.11,-0.18,-0.61,0.12,-0.54,-0.3,-0.09,0,0,-6.00
2007-07-05T13:00:00,0.45,-0.49,0.13,-0.01,-0.59,-0.14,-0.55,-0.32,-0.12,0,0,-5.00
2007-07-05T14:00:00,0.2,-0.42,0.07,-0.04,-0.53,-0.08,-0.5,-0.32,-0.02,0,0,-8.00
2007-07-05T15:00:00,-0.52,-0.35,0.12,-0.09,-0.69,-0.17,-0.45,-0.27,-0.08,0,0,-11.00
2007-07-05T16:00:00,-0.31,-0.42,0.22,-0.04,-0.6,-0.14,-0.45,-0.28,-0.05,0,0,-11.00
2007-07-05T17:00:00,-0.21,-0.63,0.09,0.02,-0.71,-0.28,-0.45,-0.35,-0.11,0,0,-10.00
2007-07-05T18:00:00,0.0,-0.53,0.02,0.06,-0.78,-0.25,-0.37,-0.22,0.01,0,0,-8.00
2007-07-05T19:00:00,-0.41,-0.43,0.19,-0.02,-0.58,-0.1,-0.39,-0.21,-0.04,0,0,-7.00
2007-07-05T20:00:00,0.39,-0.55,0.04,0.31,-1.03,-0.37,-0.41,-0.23,-0.07,0,0,-9.00
2007-07-05T21:00:00,0.47,-0.56,0.05,0.46,-0.93,-0.45,-0.31,-0.28,-0.09,0,0,-8.00
2007-07-05T22:00:00,0.14,-0.88,0.09,0.33,-1.53,-0.38,-0.39,-0.42,-0.15,0,0,-8.00
2007-07-05T23:00:00,0.41,-0.65,-0.02,0.5,-1.05,-0.67,-0.35,-0.37,-0.13,0,0,-6.00
2007-07-06T00:00:00,0.43,-0.69,0.17,0.44,-0.83,-0.34,-0.36,-0.27,-0.11,0,0,-4.00
2007-07-06T01:00:00,0.24,-0.66,0.28,0.23,-0.42,-0.01,-0.36,-0.25,-0.09,0,0,-4.00
2007-07-06T02:00:00,0.29,-0.73,0.09,0.26,-0.51,-0.24,-0.34,-0.19,-0.08,0,0,-3.00
2007-07-06T03:00:00,0.34,-0.45,0.12,0.31,-0.2,-0.4,-0.26,-0.09,0.1,0,0,2.00
2007-07-06T04:00:00,0.57,-0.37,0.19,0.41,-0.07,-0.35,-0.25,-0.11,-0.0,0,0,1.00
2007-07-06T05:00:00,0.63,-0.39,0.06,0.44,-0.3,-0.28,-0.2,-0.05,0.0,0,0,-2.00
2007-07-06T06:00:00,0.61,-0.17,0.05,0.36,-0.06,-0.21,-0.15,0.14,0.19,0,0,-4.00
2007-07-06T07:00:00,0.51,-0.29,0.26,0.32,0.0,0.35,-0.15,0.08,0.16,0,0,-4.00
2007-07-06T08:00:00,0.34,-0.47,0.23,0.22,-0.19,-0.04,-0.13,-0.09,0.1,0,0,-3.00
2007-07-06T09:00:00,0.6,-0.23,-0.21,0.28,0.07,-0.53,-0.12,-0.1,0.01,0,0,-3.00
2007-07-06T10:00:00,0.69,-0.17,-0.1,0.35,0.1,-0.32,-0.06,0.0,0.06,0,0,1.00
2007-07-06T11:00:00,0.47,-0.44,0.12,0.29,-0.13,0.16,-0.14,-0.11,0.06,0,0,2.00
2007-07-06T12:00:00,0.58,0.27,-0.22,0.29,0.65,-0.37,-0.17,-0.16,-0.03,0,0,-3.00
2007-07-06T13:00:00,0.67,0.03,-0.15,0.36,0.34,-0.29,-0.14,-0.2,-0.03,0,0,-7.00
2007-07-06T14:00:00,0.67,-0.21,-0.26,0.34,0.16,-0.43,-0.19,-0.19,-0.06,0,0,-10.00
2007-07-06T15:00:00,0.65,-0.3,-0.06,0.36,-0.07,-0.21,-0.24,-0.19,-0.04,0,0,-10.00
2007-07-06T16:00:00,0.7,-0.5,-0.18,0.36,-0.34,-0.32,-0.37,-0.3,-0.13,0,0,-8.00
2007-07-06T17:00:00,0.7,-0.61,-0.11,0.34,-0.47,-0.24,-0.38,-0.32,-0.14,0,0,-10.00
2007-07-06T18:00:00,0.8,-0.35,-0.22,0.39,-0.15,-0.26,-0.38,-0.35,-0.15,0,0,-9.00
2007-07-06T19:00:00,0.47,-0.7,-0.02,0.32,-0.65,0.1,-0.35,-0.28,-0.12,0,0,-6.00
2007-07-06T20:00:00,0.61,-0.57,-0.12,0.35,-0.14,-0.47,-0.38,-0.34,-0.14,0,0,-6.00
2007-07-06T21:00:00,0.43,-0.72,0.13,0.25,-0.22,-0.03,-0.33,-0.29,-0.12,0,0,-5.00
2007-07-06T22:00:00,0.49,-0.64,0.04,0.25,-0.05,-0.33,-0.31,-0.28,-0.11,0,0,-3.00
2007-07-06T23:00:00,0.54,-0.59,-0.1,0.31,-0.22,-0.83,-0.33,-0.29,-0.11,0,0,-3.00
2007-07-07T00:00:00,0.53,-0.42,-0.23,0.33,0.06,-1.15,-0.32,-0.32,-0.11,0,0,-3.00
2007-07-07T01:00:00,0.62,-0.48,-0.09,0.32,-0.07,-1.2,-0.31,-0.22,-0.09,0,0,-3.00
2007-07-07T02:00:00,0.5,-0.44,-0.24,0.27,0.18,-1.29,-0.24,-0.18,-0.06,0,0,-3.00
2007-07-07T03:00:00,0.65,-0.2,0.35,0.38,0.45,-0.45,-0.23,-0.22,-0.07,0,0,-5.00
2007-07-07T04:00:00,0.41,0.14,0.33,0.35,0.83,-0.57,-0.26,-0.13,0.1,0,0,-7.00
2007-07-07T05:00:00,0.32,-0.05,0.41,0.3,0.29,-0.69,-0.19,-0.12,0.17,0,0,-11.00
2007-07-07T06:00:00,0.38,0.36,-0.14,0.33,0.45,-1.32,-0.12,-0.07,0.12,0,0,-7.00
2007-07-07T07:00:00,0.25,0.01,0.31,0.33,0.36,-0.87,-0.19,-0.11,0.48,0,0,-2.00
2007-07-07T08:00:00,0.34,-0.44,0.35,0.38,-0.06,-0.73,-0.25,-0.12,0.02,0,0,-2.00
2007-07-07T09:00:00,0.51,-0.51,0.19,0.41,-0.19,-0.55,-0.17,-0.16,-0.02,0,0,-5.00
2007-07-07T10:00:00,0.58,-0.39,0.36,0.4,-0.06,-0.11,0.66,-0.14,0.12,0,0,-5.00
2007-07-07T11:00:00,0.35,-0.38,0.53,0.31,0.12,-0.19,-0.24,-0.17,-0.05,0,0,-2.00
2007-07-07T12:00:00,0.42,-0.48,0.39,0.33,0.14,-0.18,-0.15,-0.21,-0.04,0,0,-2.00
2007-07-07T13:00:00,0.37,-0.81,0.21,0.37,-0.15,-0.36,-0.23,-0.24,-0.11,0,0,-3.00
2007-07-07T14:00:00,0.38,-0.79,0.04,0.42,-0.09,-0.23,-0.32,-0.31,-0.13,0,0,-3.00
2007-07-07T15:00:00,0.43,-0.7,-0.1,0.46,0.03,-0.36,-0.39,-0.31,-0.13,0,0,-5.00
2007-07-07T16:00:00,0.31,-0.45,0.27,0.4,0.41,0.05,-0.33,-0.22,-0.01,0,0,-10.00
2007-07-07T17:00:00,0.34,-0.42,0.29,0.43,0.46,0.02,-0.33,-0.17,0.01,0,0,-13.00
2007-07-07T18:00:00,0.4,-0.27,-0.29,0.45,0.55,-0.77,-0.35,-0.23,-0.05,0,0,-11.00
2007-07-07T19:00:00,0.15,-0.43,-0.22,0.35,0.24,-0.38,-0.4,-0.29,-0.04,0,0,-8.00
2007-07-07T20:00:00,0.01,-0.37,-0.34,0.32,0.24,-0.48,-0.43,-0.32,-0.08,0,0,-6.00
2007-07-07T21:00:00,0.12,-0.25,-0.38,0.4,0.32,-0.44,-0.45,-0.35,-0.09,0,0,-7.00
2007-07-07T22:00:00,0.17,-0.16,-0.38,0.43,0.33,-0.6,-0.49,-0.36,-0.1,0,0,-8.00
2007-07-07T23:00:00,0.36,-0.22,-0.19,0.53,0.45,-0.31,-0.47,-0.33,-0.05,0,0,-9.00
2007-07-08T00:00:00,0.37,-0.11,-0.1,0.55,0.66,-0.07,-0.4,-0.33,0.04,0,0,-12.00
2007-07-08T01:00:00,0.47,-0.14,-0.09,0.63,0.6,0.11,-0.37,-0.3,-0.01,0,0,-16.00
2007-07-08T02:00:00,0.42,-0.26,-0.15,0.63,0.43,0.01,-0.4,-0.31,-0.05,0,0,-13.00
2007-07-08T03:00:00,0.3,-0.31,-0.19,0.62,0.36,-0.06,-0.43,-0.35,-0.06,0,0,-12.00
2007-07-08T04:00:00,0.31,-0.37,-0.04,0.62,0.29,0.14,-0.42,-0.36,-0.04,0,0,-9.00
2007-07-08T05:00:00,0.23,-0.49,0.06,0.62,0.09,0.24,-0.48,-0.37,-0.08,0,0,-8.00
2007-07-08T06:00:00,0.34,-0.38,0.09,0.69,0.26,0.28,-0.44,-0.33,-0.03,0,0,-11.00
2007-07-08T07:00:00,0.48,-0.3,-0.02,0.77,0.47,0.03,-0.4,-0.33,-0.06,0,0,-10.00
2007-07-08T08:00:00,0.45,-0.35,0.04,0.78,0.36,0.08,-0.39,-0.36,-0.07,0,0,-9.00
2007-07-08T09:00:00,0.36,-0.42,0.03,0.8,0.32,0.05,-0.39,-0.4,-0.08,0,0,-8.00
2007-07-08T10:00:00,0.21,-0.43,-0.17,0.83,-0.06,-0.29,-0.42,-0.46,-0.11,0,0,-7.00
2007-07-08T11:00:00,0.35,-0.45,0.03,0.9,0.02,-0.0,-0.3,-0.37,-0.06,0,0,-7.00
2007-07-08T12:00:00,0.31,-0.48,0.05,0.95,-0.03,0.1,-0.32,-0.39,-0.07,0,0,-6.00
2007-07-08T13:00:00,0.14,-0.43,0.15,0.96,-0.07,0.09,-0.33,-0.43,-0.04,0,0,-5.00
2007-07-08T14:00:00,0.3,-0.48,-0.09,0.98,0.03,0.05,-0.35,-0.41,-0.1,0,0,-7.00
2007-07-08T15:00:00,0.06,-0.27,-0.3,1.0,0.15,0.04,-0.36,-0.46,-0.1,0,0,-7.00
2007-07-08T16:00:00,0.26,-0.27,-0.29,1.07,0.04,-0.03,-0.34,-0.45,-0.11,0,0,-7.00
2007-07-08T17:00:00,0.44,-0.25,-0.16,1.08,0.11,-0.08,-0.34,-0.4,-0.08,0,0,-8.00
2007-07-08T18:00:00,0.48,-0.05,-0.16,1.08,0.2,0.03,-0.35,-0.46,-0.1,0,0,-9.00
2007-07-08T19:00:00,0.46,-0.09,-0.05,1.07,0.18,0.09,-0.3,-0.35,0.01,0,0,-10.00
2007-07-08T20:00:00,0.54,0.0,0.02,1.1,0.22,0.07,-0.27,-0.24,0.03,0,0,-10.00
2007-07-08T21:00:00,0.52,-0.05,0.08,1.12,0.06,0.25,-0.26,-0.28,0.03,0,0,-8.00
2007-07-08T22:00:00,0.38,-0.28,-0.0,1.09,-0.24,0.01,-0.29,-0.33,0.03,0,0,-7.00
2007-07-08T23:00:00,0.35,-0.24,-0.09,1.09,-0.2,-0.02,-0.29,-0.37,0.01,0,0,-9.00
2007-07-09T00:00:00,0.2,-0.3,-0.05,1.07,-0.2,0.01,-0.29,-0.46,0.01,0,0,-9.00
2007-07-09T01:00:00,0.14,-0.29,0.0,1.08,-0.62,-0.29,-0.24,-0.41,0.18,0,0,-9.00
2007-07-09T02:00:00,0.17,-0.25,0.04,1.11,-0.21,0.15,-0.23,-0.38,0.33,0,0,-8.00
2007-07-09T03:00:00,0.11,-0.22,0.1,1.13,-0.01,0.19,-0.2,-0.43,0.47,0,0,-5.00
2007-07-09T04:00:00,0.21,-0.5,-0.03,1.2,-0.38,0.08,-0.3,-0.53,-0.14,0,0,-3.00
2007-07-09T05:00:00,-0.04,-0.27,0.13,1.25,-0.28,-0.02,-0.2,-0.54,0.06,0,0,-2.00
2007-07-09T06:00:00,-0.49,0.18,0.17,1.32,-0.16,-0.18,-0.24,-0.58,-0.15,0,0,-2.00
2007-07-09T07:00:00,-0.48,0.18,0.08,1.37,-0.16,-0.08,-0.16,-0.58,-0.15,0,0,-3.00
2007-07-09T08:00:00,-0.28,0.15,0.12,1.42,-0.22,-0.12,-0.03,-0.57,-0.06,0,0,-4.00
2007-07-09T09:00:00,0.02,0.26,0.26,1.46,-0.25,-0.1,0.16,-0.56,-0.04,0,0,-4.00
2007-07-09T10:00:00,-0.47,-0.1,0.07,1.48,-0.25,0.04,-0.05,-0.55,-0.11,0,0,-1.00
2007-07-09T11:00:00,-0.5,-0.0,0.06,1.47,-0.28,0.04,-0.12,-0.58,-0.14,0,0,1.00
2007-07-09T12:00:00,-0.42,0.12,0.06,1.52,-0.24,0.03,0.02,-0.57,-0.11,0,0,0.00
2007-07-09T13:00:00,-0.46,0.12,0.08,1.52,-0.35,0.05,0.06,-0.58,-0.13,0,0,0.00
2007-07-09T14:00:00,-0.56,0.07,0.07,1.53,-0.32,0.08,-0.05,-0.58,-0.16,0,0,-3.00
2007-07-09T15:00:00,-0.56,0.01,0.06,1.55,-0.31,0.11,-0.05,-0.58,-0.15,0,0,-5.00
2007-07-09T16:00:00,-0.56,-0.04,0.09,1.55,-0.33,0.06,-0.04,-0.58,-0.15,0,0,-5.00
2007-07-09T17:00:00,-0.57,-0.02,0.17,1.57,-0.3,0.1,-0.02,-0.58,-0.16,0,0,-4.00
2007-07-09T18:00:00,-0.55,-0.05,0.2,1.58,-0.29,-0.0,2.2,-0.58,-0.07,0,0,-4.00
2007-07-09T19:00:00,-0.49,-0.01,0.26,1.55,-0.37,0.06,0.01,-0.58,-0.15,0,0,-2.00
2007-07-09T20:00:00,-0.46,-0.02,0.38,1.52,-0.39,0.08,0.03,-0.58,-0.15,0,0,4.00
2007-07-09T21:00:00,-0.18,0.1,0.28,1.56,-0.31,0.16,0.16,-0.55,0.0,0,0,6.00
2007-07-09T22:00:00,-0.01,0.2,0.38,1.58,-0.31,0.19,0.07,-0.55,-0.08,0,0,4.00
2007-07-09T23:00:00,-0.15,0.04,0.38,1.6,-0.25,0.15,0.09,-0.56,-0.07,0,0,1.00
2007-07-10T00:00:00,-0.12,-0.02,0.36,1.59,-0.21,0.24,0.11,-0.56,-0.05,0,0,1.00
2007-07-10T01:00:00,0.32,0.09,0.17,1.65,-0.14,0.11,0.12,-0.55,-0.02,0,0,1.00
2007-07-10T02:00:00,0.45,-0.02,-0.08,1.65,-0.15,0.04,0.21,-0.54,-0.07,0,0,4.00
2007-07-10T03:00:00,0.35,-0.11,-0.02,1.61,-0.16,0.13,0.38,-0.51,0.1,0,0,6.00
2007-07-10T04:00:00,0.5,-0.29,0.11,1.62,-0.33,0.23,0.38,-0.53,-0.09,0,0,4.00
2007-07-10T05:00:00,0.63,-0.25,0.05,1.64,-0.31,0.33,0.4,-0.54,-0.12,0,0,3.00
2007-07-10T06:00:00,0.3,-0.41,0.27,1.59,-0.41,0.54,0.45,-0.53,-0.07,0,0,1.00
2007-07-10T07:00:00,0.43,-0.48,0.21,1.64,-0.42,0.63,0.41,-0.52,-0.11,0,0,1.00
2007-07-10T08:00:00,0.26,-0.65,0.19,1.61,-0.51,0.68,0.49,-0.53,-0.12,0,0,3.00
2007-07-10T09:00:00,0.29,-0.63,-0.01,1.62,-0.6,0.71,0.67,-0.53,-0.11,0,0,5.00
2007-07-10T10:00:00,0.3,-0.46,0.11,1.62,-0.55,0.7,0.78,-0.53,-0.05,0,0,8.00
2007-07-10T11:00:00,0.08,-0.32,0.4,1.59,-0.37,0.85,0.94,-0.56,-0.06,0,0,9.00
2007-07-10T12:00:00,0.17,-0.52,0.26,1.6,-0.52,0.79,0.91,-0.57,-0.1,0,0,6.00
2007-07-10T13:00:00,0.08,-0.18,0.3,1.62,-0.67,0.74,1.0,-0.58,0.03,0,0,5.00
2007-07-10T14:00:00,0.0,0.05,0.08,1.62,-0.82,0.68,1.32,-0.58,6.04,0,0,4.00
2007-07-10T15:00:00,-0.21,0.45,0.28,1.61,-0.84,0.48,1.09,-0.58,-0.12,0,0,2.00
2007-07-10T16:00:00,-0.26,0.14,0.54,1.59,-1.15,0.21,2.1,-0.57,-0.07,0,0,3.00
2007-07-10T17:00:00,0.06,-0.85,0.93,1.36,-1.19,-0.05,3.31,-0.51,-0.12,1,0,5.00
2007-07-10T18:00:00,0.42,-1.62,0.68,1.29,-1.11,-0.16,3.53,-0.48,-0.15,1,0,13.00
2007-07-10T19:00:00,0.72,-2.01,0.37,1.26,-1.08,-0.2,2.83,-0.47,-0.16,1,0,24.00
2007-07-10T20:00:00,1.26,-1.99,-0.28,1.22,-1.21,-0.21,4.19,-0.51,-0.17,1,0,28.00
2007-07-10T21:00:00,1.39,-1.76,-0.7,1.2,-1.54,-0.17,7.05,-0.52,-0.16,1,0,26.00
2007-07-10T22:00:00,1.46,-1.46,-1.35,1.17,-1.72,-0.38,7.2,-0.5,-0.16,1,0,22.00
2007-07-10T23:00:00,1.07,-1.0,-1.38,1.14,-1.81,-0.52,9.52,-0.42,-0.1,1,0,26.00
2007-07-11T00:00:00,-0.72,0.79,0.24,1.13,-1.78,-0.53,9.8,-0.31,0.43,1,0,20.00
2007-07-11T01:00:00,0.14,0.07,1.2,0.67,-0.44,0.57,3.1,0.37,0.28,1,0,5.00
2007-07-11T14:00:00,-0.56,0.25,-0.24,-0.73,0.1,0.4,-0.25,0.13,0.05,1,0,-29.00
2007-07-11T15:00:00,-0.45,0.71,0.26,-0.76,-0.46,-0.24,-0.32,0.03,-0.07,1,0,-28.00
2007-07-11T16:00:00,-0.47,0.4,0.13,-0.92,0.15,-0.12,-0.29,0.15,0.1,1,0,-33.00
2007-07-11T17:00:00,0.1,0.13,0.47,-1.07,0.26,-0.43,-0.33,0.15,0.24,0,0,-31.00
2007-07-11T18:00:00,0.09,0.04,0.36,-1.04,0.46,0.1,-0.35,0.16,0.67,0,0,-25.00
2007-07-11T19:00:00,0.63,0.17,0.54,-1.11,0.25,0.07,-0.38,-0.06,-0.08,0,0,-22.00
2007-07-11T20:00:00,0.52,0.43,0.36,-1.09,-0.02,-0.1,-0.39,-0.14,-0.08,0,0,-20.00
2007-07-11T21:00:00,0.43,0.46,0.19,-1.07,-0.07,0.08,-0.41,-0.12,-0.04,0,0,-18.00
2007-07-11T22:00:00,0.26,0.44,0.12,-0.93,0.0,0.14,-0.35,-0.02,0.12,0,0,-19.00
2007-07-11T23:00:00,0.28,0.36,0.05,-0.92,0.08,0.22,-0.32,-0.08,0.19,0,0,-20.00
2007-07-12T00:00:00,0.03,0.24,0.39,-0.83,0.15,-0.42,-0.29,-0.05,0.24,0,0,-19.00
2007-07-12T01:00:00,-0.16,0.27,0.21,-0.78,-0.01,0.01,-0.28,-0.15,0.34,0,0,-19.00
2007-07-12T02:00:00,-0.01,-0.04,0.13,-0.9,0.29,-0.17,-0.34,-0.11,13.31,0,0,-18.00
2007-07-12T03:00:00,-0.17,0.12,0.15,-0.94,0.13,-0.53,-0.44,0.12,1.32,0,0,-15.00
2007-07-12T04:00:00,0.33,0.38,0.05,-0.81,0.29,-0.59,-0.51,0.14,0.12,0,0,-18.00
2007-07-12T05:00:00,-0.02,0.41,-0.26,-0.77,-0.06,-0.43,-0.55,-0.01,-0.01,0,0,-21.00
2007-07-12T06:00:00,0.06,0.35,-0.04,-0.79,0.31,-0.45,-0.59,-0.03,0.16,0,0,-22.00
2007-07-12T07:00:00,-0.23,0.09,0.09,-0.76,0.58,-0.07,-0.58,0.01,0.72,0,0,-24.00
2007-07-12T08:00:00,-0.03,0.27,0.15,-0.75,-0.17,-0.02,-0.62,-0.09,0.3,0,0,-21.00
2007-07-12T09:00:00,-0.23,0.15,0.32,-0.71,-0.08,-0.49,-0.61,-0.13,0.05,0,0,-19.00
