2007-09-19T18:00:00,0.0,-0.41,0.7,1.23,0.03,0.23,0.02,-0.58,-0.17,0,1,2.00
2007-09-19T19:00:00,-0.01,-0.47,0.73,1.27,0.1,0.18,-0.1,-0.58,-0.18,0,1,5.00
2007-09-19T20:00:00,-0.02,-0.5,0.76,1.29,-0.14,0.09,-0.18,-0.58,-0.18,0,1,4.00
2007-09-19T21:00:00,-0.06,-0.4,0.83,1.3,-0.04,0.14,-0.16,-0.6,-0.18,0,1,5.00
2007-09-19T22:00:00,-0.08,-0.28,0.86,1.32,-0.08,0.14,-0.16,-0.59,-0.18,0,1,6.00
2007-09-19T23:00:00,0.0,-0.31,0.82,1.32,-0.17,0.09,-0.18,-0.57,-0.18,0,1,7.00
2007-09-20T00:00:00,0.04,-0.13,0.9,1.33,-0.23,0.03,-0.26,-0.55,-0.18,0,1,7.00
2007-09-20T01:00:00,-0.08,-0.41,0.83,1.36,-0.11,0.09,-0.13,-0.57,-0.18,0,1,7.00
2007-09-20T02:00:00,-0.07,-0.23,0.85,1.36,-0.11,0.11,-0.13,-0.57,-0.18,0,1,5.00
2007-09-20T03:00:00,0.08,-0.24,0.88,1.38,-0.14,0.12,-0.19,-0.56,-0.18,0,1,4.00
2007-09-20T04:00:00,-0.19,0.62,0.59,1.34,-0.81,-0.14,0.59,-0.51,-0.14,0,0,4.00
2007-09-20T05:00:00,-0.2,0.65,0.32,1.36,-0.35,-0.2,1.49,-0.44,-0.01,0,0,4.00
2007-09-20T06:00:00,-0.1,0.52,0.42,1.34,-0.45,0.49,0.96,-0.43,-0.01,0,0,9.00
2007-09-20T07:00:00,-0.34,0.61,0.34,1.42,-0.36,0.52,1.06,-0.45,-0.06,0,0,13.00
2007-09-20T08:00:00,-0.34,0.76,0.16,1.45,-0.45,0.69,0.91,-0.48,-0.1,0,0,14.00
2007-09-20T09:00:00,-0.33,1.08,0.11,1.3,-0.42,1.3,2.12,-0.42,-0.08,0,0,14.00
2007-09-20T10:00:00,-0.41,0.82,0.06,1.11,-0.28,1.44,4.52,-0.35,0.19,1,0,11.00
2007-09-20T11:00:00,-0.27,0.94,0.26,1.07,-0.36,1.46,5.94,-0.37,0.19,1,0,14.00
2007-09-20T12:00:00,-0.43,1.06,0.18,1.08,-0.74,1.38,6.43,-0.41,0.07,1,0,21.00
2007-09-20T13:00:00,-0.12,-0.13,-0.16,1.07,-0.74,1.71,5.81,-0.38,3.48,1,0,30.00
2007-09-20T14:00:00,-0.24,-0.71,-0.58,0.82,-0.01,1.31,1.97,0.17,0.25,1,0,33.00
2007-09-20T15:00:00,0.69,0.39,0.55,0.69,-0.05,0.76,1.27,0.45,0.36,1,0,25.00
2007-09-20T16:00:00,0.15,-0.55,-0.28,0.75,0.02,1.03,1.08,0.59,0.94,1,0,8.00
2007-09-20T17:00:00,0.0,-0.26,-0.91,0.81,-0.03,0.9,1.19,0.18,0.08,1,0,-3.00
2007-09-20T18:00:00,0.51,1.0,-0.49,0.82,-0.05,1.36,1.91,-0.07,0.01,1,0,-5.00
2007-09-20T19:00:00,0.94,-0.65,-0.08,0.83,-0.22,0.84,1.74,-0.08,0.06,1,0,-10.00
2007-09-20T20:00:00,0.61,0.42,0.31,0.56,-0.26,0.23,0.95,0.09,0.28,1,0,-8.00
2007-09-20T21:00:00,0.24,-0.12,-0.32,0.41,-0.04,0.43,0.54,0.16,0.77,1,0,-13.00
2007-09-20T22:00:00,-0.06,-0.39,-0.2,0.23,0.22,0.66,0.8,-0.0,0.8,1,0,-10.00
2007-09-20T23:00:00,-0.34,-0.22,-0.1,0.04,-0.04,1.03,0.32,0.02,0.74,1,0,-8.00
2007-09-21T00:00:00,0.07,-0.26,-0.02,0.16,0.22,0.78,0.45,-0.03,2.4,1,0,-5.00
2007-09-21T01:00:00,0.14,-0.82,0.01,0.04,0.26,0.78,0.24,-0.02,0.05,1,0,-11.00
2007-09-21T02:00:00,1.02,-0.41,0.22,-0.03,0.34,0.5,0.07,0.31,-0.01,1,0,-12.00
2007-09-21T03:00:00,0.87,-0.24,0.39,-0.04,0.5,0.4,0.03,0.13,-0.01,1,0,-16.00
2007-09-21T04:00:00,0.61,-0.35,0.44,-0.03,1.21,0.73,0.36,0.31,0.23,1,0,-18.00
2007-09-21T05:00:00,1.0,-0.09,0.53,0.12,1.42,0.77,0.49,0.2,0.02,1,0,-15.00
2007-09-21T06:00:00,1.09,-0.46,-0.03,0.22,0.7,-0.09,0.49,0.06,-0.03,1,0,-7.00
2007-09-21T07:00:00,0.47,-0.79,0.27,0.09,0.53,0.19,0.76,0.21,0.17,1,0,-4.00
2007-09-21T08:00:00,0.38,-0.88,0.25,0.02,0.53,0.14,0.66,0.36,0.19,1,0,-2.00
2007-09-21T09:00:00,0.6,-0.92,0.56,0.06,0.29,0.25,0.76,0.51,0.09,1,0,-6.00
2007-09-21T10:00:00,1.01,-1.08,0.72,0.29,0.19,0.58,0.5,0.22,-0.09,1,0,-3.00
2007-09-21T11:00:00,0.6,-1.18,0.67,0.31,-0.09,0.53,0.77,0.14,-0.06,1,0,-2.00
2007-09-21T12:00:00,-0.42,-0.89,0.03,0.26,0.21,-0.05,1.02,0.22,0.2,1,0,-2.00
2007-09-21T13:00:00,0.79,-0.77,0.53,0.2,-0.33,0.15,0.46,0.28,0.01,1,0,3.00
2007-09-21T14:00:00,1.42,-0.68,0.68,0.05,-0.23,0.12,0.22,0.29,-0.11,1,0,3.00
2007-09-21T15:00:00,1.55,0.33,0.36,0.12,0.86,-0.99,0.65,0.35,-0.06,1,0,-5.00
2007-09-21T16:00:00,0.91,-1.25,0.32,-0.01,-0.51,-1.14,0.6,0.26,-0.07,1,0,-5.00
2007-09-21T17:00:00,1.05,-0.33,0.19,-0.03,0.56,-1.27,0.79,0.55,0.19,1,0,-1.00
2007-09-21T18:00:00,0.96,-0.61,0.67,-0.19,0.4,-1.25,0.47,0.45,0.0,1,0,3.00
2007-09-21T19:00:00,0.2,-1.54,0.4,-0.35,0.19,-1.51,0.41,0.4,-0.07,1,0,2.00
2007-09-21T20:00:00,0.09,-0.96,-0.04,-0.62,0.36,-1.64,0.72,0.65,0.32,1,0,3.00
2007-09-21T21:00:00,0.99,0.28,0.63,-0.57,0.99,-0.9,0.53,0.49,0.06,1,0,5.00
2007-09-21T22:00:00,0.91,-1.0,0.41,-0.65,-0.13,-1.27,0.26,0.57,-0.02,1,0,5.00
2007-09-21T23:00:00,0.48,-0.02,0.14,-0.88,0.99,-1.86,0.07,1.3,1.82,1,0,1.00
2007-09-22T00:00:00,0.89,-0.41,0.65,-0.69,0.85,-1.57,0.7,0.99,0.23,1,0,2.00
2007-09-22T01:00:00,1.02,-0.06,0.67,-0.77,1.0,-1.26,0.1,0.76,0.03,1,0,0.00
2007-09-22T02:00:00,1.25,-0.38,0.55,-0.78,1.0,-1.36,0.17,0.71,-0.02,1,0,-8.00
2007-09-22T03:00:00,0.99,-0.35,0.58,-0.89,0.62,-1.09,0.08,0.48,-0.01,1,0,-7.00
2007-09-22T04:00:00,0.83,-0.42,0.43,-1.03,0.82,-1.01,0.12,0.38,0.05,1,0,-4.00
2007-09-22T05:00:00,0.86,-0.63,0.14,-1.04,0.1,-0.83,-0.14,0.06,-0.07,1,0,-4.00
2007-09-22T06:00:00,0.64,-0.57,-0.01,-1.12,-0.02,-0.78,-0.24,0.16,-0.01,1,0,-3.00
2007-09-22T07:00:00,0.61,-0.39,0.19,-1.16,0.22,-0.36,-0.29,0.2,0.06,1,0,-6.00
2007-09-22T08:00:00,0.17,-0.71,0.08,-1.42,-0.12,-0.64,-0.38,0.54,0.12,0,0,-10.00
2007-09-22T09:00:00,0.38,-0.37,0.37,-1.41,0.38,-0.3,-0.37,0.51,0.21,0,0,-9.00
2007-09-22T10:00:00,0.48,-0.32,0.31,-1.33,0.18,-0.27,-0.42,0.41,0.14,0,0,-10.00
2007-09-22T11:00:00,0.72,-0.05,0.53,-1.23,0.45,0.5,-0.46,0.17,-0.07,0,0,-9.00
2007-09-22T12:00:00,0.93,-0.01,0.05,-1.0,0.59,-0.79,-0.58,-0.18,-0.14,0,0,-6.00
2007-09-22T13:00:00,0.02,-0.42,0.07,-1.58,-0.56,-0.63,-0.51,0.34,0.45,0,0,1.00
2007-09-22T14:00:00,0.15,-0.76,-0.19,-1.44,-1.15,-1.19,-0.5,0.32,-0.04,0,0,1.00
2007-09-22T15:00:00,0.36,-0.63,0.43,-1.32,-0.99,0.22,-0.53,0.21,-0.07,0,0,-3.00
2007-09-22T16:00:00,0.6,-0.4,0.5,-1.13,-0.6,0.46,-0.53,0.12,-0.09,0,0,-14.00
2007-09-22T17:00:00,0.75,-0.34,0.53,-1.04,-0.59,0.53,-0.54,0.07,-0.12,0,0,-14.00
2007-09-22T18:00:00,0.28,-0.31,-0.09,-1.28,-0.96,-0.56,-0.47,0.19,0.3,0,0,-11.00
2007-09-22T19:00:00,0.45,-0.32,-0.26,-1.22,-0.06,-1.57,-0.47,0.27,0.05,0,0,-6.00
2007-09-22T20:00:00,0.72,-0.46,0.17,-1.1,-0.44,-0.24,-0.44,0.28,-0.03,0,0,-5.00
2007-09-22T21:00:00,0.53,-0.58,0.28,-1.2,-0.63,-0.18,-0.43,0.44,0.01,0,0,-11.00
2007-09-22T22:00:00,0.65,-0.42,0.38,-1.18,-0.4,0.6,-0.47,0.16,-0.06,0,0,-6.00
2007-09-22T23:00:00,0.27,0.44,-0.15,-1.49,1.15,-0.4,-0.43,0.39,0.17,0,0,-4.00
2007-09-23T00:00:00,0.5,0.28,0.56,-1.47,0.7,0.32,-0.45,0.27,-0.03,0,0,0.00
2007-09-23T01:00:00,0.43,0.21,0.31,-1.53,0.56,0.09,-0.49,0.44,0.2,0,0,1.00
2007-09-23T02:00:00,0.63,0.12,0.34,-1.49,0.37,0.24,-0.42,0.34,0.06,0,0,1.00
2007-09-23T03:00:00,0.45,0.35,-0.35,-1.51,0.49,-2.21,-0.22,0.53,0.15,0,0,-3.00
2007-09-23T04:00:00,0.09,0.68,-0.19,-1.71,0.89,-0.85,-0.42,0.43,0.03,0,0,-4.00
2007-09-23T05:00:00,0.29,-0.69,0.0,-1.68,-0.59,-0.45,-0.53,0.42,0.0,0,0,-11.00
2007-09-23T06:00:00,0.44,-0.51,0.14,-1.61,-0.19,-0.29,-0.52,0.44,0.07,0,0,-25.00
2007-09-23T07:00:00,0.27,0.05,-0.09,-1.77,0.83,-0.94,-0.54,0.53,0.9,0,0,-25.00
2007-09-23T08:00:00,0.24,-0.37,0.13,-1.83,0.03,-0.45,-0.57,0.51,0.39,0,0,-17.00
2007-09-23T09:00:00,0.43,-0.43,-0.15,-1.7,0.07,-1.22,-0.58,0.36,0.03,0,0,-14.00
2007-09-23T10:00:00,0.45,-0.27,0.39,-1.74,0.22,0.14,-0.56,0.38,0.05,0,0,-16.00
2007-09-23T11:00:00,0.41,-0.47,0.31,-1.73,-0.02,-0.13,-0.58,0.42,0.02,0,0,-11.00
2007-09-23T12:00:00,0.45,-0.34,0.28,-1.67,-0.03,0.07,-0.59,0.24,0.03,0,0,-7.00
2007-09-23T13:00:00,0.59,-0.27,0.2,-1.53,0.06,-0.14,-0.61,-0.0,-0.06,0,0,-7.00
2007-09-23T14:00:00,0.53,-0.41,0.32,-1.52,-0.45,0.36,-0.66,-0.12,-0.11,0,0,-5.00
2007-09-23T15:00:00,0.42,-0.61,0.3,-1.59,-0.91,0.25,-0.7,-0.17,-0.14,0,0,-9.00
2007-09-23T16:00:00,0.38,-0.57,0.45,-1.6,-0.68,0.7,-0.5,-0.14,-0.11,0,0,-10.00
2007-09-23T17:00:00,0.22,-0.44,0.54,-1.7,-0.25,0.91,-0.24,-0.04,-0.01,0,0,-10.00
2007-09-23T18:00:00,0.59,-0.48,0.14,-1.42,-0.36,-0.05,-0.58,-0.09,-0.1,0,0,-8.00
2007-09-23T19:00:00,0.51,-0.55,0.14,-1.46,-0.35,0.23,-0.54,0.04,-0.07,0,0,-5.00
2007-09-23T20:00:00,0.6,-0.24,-0.11,-1.44,0.23,-0.37,-0.49,0.24,0.03,0,0,-8.00
2007-09-23T21:00:00,0.49,-0.39,-0.13,-1.48,-0.07,-0.47,-0.54,0.27,0.02,0,0,-7.00
2007-09-23T22:00:00,0.41,-0.47,0.09,-1.53,-0.16,0.03,-0.51,0.34,0.09,0,0,-8.00
2007-09-23T23:00:00,0.42,-0.22,-0.22,-1.55,0.28,-0.76,-0.54,0.34,0.11,0,0,-8.00
2007-09-24T00:00:00,0.19,-0.48,0.31,-1.66,-0.39,0.09,-0.63,0.23,0.01,0,0,-5.00
2007-09-24T01:00:00,0.4,-0.06,-0.18,-1.59,0.36,-0.73,-0.57,0.3,0.17,0,0,-9.00
2007-09-24T02:00:00,0.5,-0.23,0.41,-1.62,0.13,0.5,-0.56,0.24,-0.0,0,0,-6.00
2007-09-24T03:00:00,0.19,-0.27,-0.45,-1.66,-0.3,-1.06,-0.58,0.14,-0.04,0,0,-12.00
2007-09-24T04:00:00,0.38,-0.4,0.01,-1.69,-0.33,-0.55,-0.58,0.16,0.06,0,0,-12.00
2007-09-24T05:00:00,0.36,-0.07,0.2,-1.8,0.24,-0.34,-0.58,0.18,0.33,0,0,-20.00
2007-09-24T06:00:00,0.31,-0.25,-0.07,-1.84,-0.13,-0.95,-0.57,0.2,0.26,0,0,-16.00
2007-09-24T07:00:00,0.28,-0.27,0.08,-1.82,-0.15,-0.75,-0.6,0.19,0.32,0,0,-13.00
2007-09-24T08:00:00,0.25,0.17,0.24,-1.83,0.4,-0.26,-0.6,0.37,0.49,0,0,-13.00
2007-09-24T09:00:00,0.19,-0.3,0.41,-1.81,-0.15,0.14,-0.6,0.25,0.08,0,0,-14.00
2007-09-24T10:00:00,0.21,-0.39,0.28,-1.74,-0.2,-0.19,-0.6,0.11,0.07,0,0,-14.00
2007-09-24T11:00:00,0.01,-0.65,-0.0,-1.81,-0.73,-0.51,-0.66,0.0,-0.07,0,0,-11.00
2007-09-24T12:00:00,0.3,-0.18,0.11,-1.75,0.24,-0.43,-0.62,0.28,0.51,0,0,-9.00
2007-09-24T13:00:00,0.24,-0.06,0.09,-1.76,0.34,-0.41,-0.64,0.2,1.01,0,0,-8.00
2007-09-24T14:00:00,0.16,-0.22,0.15,-1.79,0.18,-0.2,-0.66,0.16,0.62,0,0,-9.00
2007-09-24T15:00:00,0.23,-0.28,0.12,-1.73,0.14,-0.29,-0.64,0.19,0.35,0,0,-14.00
2007-09-24T16:00:00,0.14,-0.31,0.03,-1.64,-0.11,-0.11,-0.66,-0.12,0.18,0,0,-14.00
2007-09-24T17:00:00,-0.29,-0.43,0.27,-1.51,-0.45,0.67,-0.67,-0.26,-0.1,0,0,-12.00
2007-09-24T18:00:00,-0.34,-0.49,0.24,-1.53,-0.51,0.64,-0.63,-0.24,-0.11,0,0,-9.00
2007-09-24T19:00:00,0.32,-0.0,0.27,-1.3,0.09,0.45,-0.6,-0.07,0.13,0,0,-7.00
2007-09-24T20:00:00,0.34,-0.07,0.13,-1.3,0.2,0.53,-0.64,0.02,0.26,0,0,-7.00
2007-09-24T21:00:00,0.29,0.15,0.48,-1.32,0.54,0.83,-0.62,-0.04,-0.05,0,0,-9.00
2007-09-24T22:00:00,0.56,-0.05,0.01,-1.21,0.28,0.16,-0.59,0.09,0.02,0,0,-8.00
2007-09-24T23:00:00,0.44,-0.12,0.03,-1.2,0.1,0.25,-0.62,0.12,0.13,0,0,-6.00
2007-09-25T00:00:00,0.43,-0.37,-0.0,-1.27,-0.54,-0.47,-0.64,0.05,-0.02,0,0,-8.00
2007-09-25T01:00:00,-0.15,-0.48,0.13,-0.91,-6.83,-9.96,5.82,-0.2,2.41,0,0,-15.00
2007-09-25T02:00:00,0.06,-0.38,0.19,-1.27,-0.44,0.16,-0.62,0.1,0.2,0,0,-13.00
2007-09-25T03:00:00,0.33,-0.34,0.26,-1.06,-0.27,0.54,-0.62,-0.06,-0.01,0,0,-11.00
2007-09-25T04:00:00,0.4,-0.33,0.4,-1.05,-0.25,0.78,-0.68,-0.17,-0.11,0,0,-11.00
2007-09-25T05:00:00,0.65,0.12,-0.07,-0.88,0.83,-0.72,-0.7,-0.27,-0.14,0,0,-12.00
2007-09-25T06:00:00,0.68,-0.01,0.15,-0.79,0.41,-0.29,-0.74,-0.39,-0.16,0,0,-11.00
2007-09-25T07:00:00,0.64,0.06,0.11,-0.78,0.48,-0.43,-0.72,-0.33,-0.14,0,0,-12.00
2007-09-25T08:00:00,0.44,-0.05,0.34,-0.86,0.22,0.26,-0.68,-0.16,-0.07,0,0,-12.00
2007-09-25T09:00:00,0.09,-0.3,0.33,-1.02,-0.1,-0.06,-0.69,-0.1,0.01,0,0,-11.00
2007-09-25T10:00:00,0.56,-0.14,0.24,-0.77,0.3,-0.21,-0.61,-0.02,-0.04,0,0,-8.00
2007-09-25T11:00:00,0.2,-0.35,0.34,-0.93,-0.25,0.2,-0.66,-0.12,-0.04,0,0,-6.00
2007-09-25T12:00:00,0.17,-0.34,0.29,-0.86,-0.19,0.04,-0.66,-0.11,0.01,0,0,-3.00
2007-09-25T13:00:00,0.32,-0.24,0.26,-0.73,-0.0,0.07,-0.63,-0.08,0.04,0,0,-1.00
2007-09-25T14:00:00,0.3,-0.3,0.27,-0.73,-0.16,0.22,-0.6,-0.12,0.01,0,0,-1.00
2007-09-25T15:00:00,0.3,-0.35,0.01,-0.73,-0.27,-0.2,-0.61,-0.08,0.05,0,0,-5.00
2007-09-25T16:00:00,0.34,0.02,0.16,-0.7,0.14,0.45,-0.55,-0.07,0.28,0,0,-9.00
2007-09-25T17:00:00,0.43,-0.18,0.12,-0.58,-0.01,0.27,-0.56,-0.08,0.07,0,0,-9.00
2007-09-25T18:00:00,0.32,-0.26,-0.18,-0.59,-0.07,-0.12,-0.58,-0.08,0.02,0,0,-7.00
2007-09-25T19:00:00,-0.21,-0.45,-0.22,-0.65,-0.06,0.11,-0.66,-0.26,-0.11,0,0,-6.00
2007-09-25T20:00:00,0.11,-0.22,0.34,-0.51,0.0,0.65,-0.62,-0.13,0.08,0,0,-7.00
2007-09-25T21:00:00,-0.16,-0.47,0.09,-0.54,-0.28,0.2,-0.6,-0.18,-0.02,0,0,-8.00
2007-09-25T22:00:00,-0.19,-0.15,-0.03,-0.46,0.05,0.13,-0.62,-0.07,0.5,0,0,-6.00
2007-09-25T23:00:00,0.1,-0.31,0.08,-0.35,-0.11,0.15,-0.65,-0.12,0.22,0,0,-5.00
2007-09-26T00:00:00,0.4,-0.03,0.03,-0.18,0.1,-0.01,-0.59,-0.03,0.16,0,0,-8.00
2007-09-26T01:00:00,0.43,-0.12,-0.06,-0.17,-0.14,0.1,-0.55,-0.11,0.05,0,0,-9.00
2007-09-26T02:00:00,0.42,-0.01,0.02,-0.15,-0.01,0.0,-0.54,-0.12,0.12,0,0,-6.00
2007-09-26T03:00:00,0.21,-0.26,0.03,-0.15,-0.11,-0.12,-0.58,-0.15,0.24,0,0,-6.00
2007-09-26T04:00:00,0.1,-0.33,0.09,-0.12,-0.16,-0.33,-0.62,-0.24,0.12,0,0,-7.00
2007-09-26T05:00:00,-0.12,-0.19,0.22,-0.15,-0.15,-0.31,-0.65,-0.34,0.11,0,0,-6.00
2007-09-26T06:00:00,-0.22,-0.2,0.12,-0.15,-0.15,-0.35,-0.66,-0.31,0.09,0,0,-6.00
2007-09-26T07:00:00,-0.3,-0.07,0.1,-0.11,-0.07,-0.4,-0.65,-0.39,0.01,0,0,-6.00
2007-09-26T08:00:00,-0.18,-0.22,0.04,-0.01,-0.11,-0.4,-0.63,-0.35,0.11,0,0,-6.00
2007-09-26T09:00:00,-0.18,-0.12,0.01,0.02,-0.13,-0.35,-0.63,-0.35,0.29,0,0,-6.00
2007-09-26T10:00:00,-0.25,-0.07,0.18,0.04,-0.09,-0.04,-0.65,-0.42,0.01,0,0,-6.00
2007-09-26T11:00:00,-0.2,-0.08,0.31,0.15,-0.19,0.18,-0.66,-0.46,-0.09,0,0,-6.00
2007-09-26T12:00:00,-0.23,-0.06,0.35,0.19,-0.1,0.25,-0.65,-0.49,-0.12,0,0,-5.00
2007-09-26T13:00:00,-0.33,0.03,0.32,0.19,-0.07,0.2,-0.66,-0.5,-0.14,0,0,-3.00
2007-09-26T14:00:00,-0.32,0.08,0.33,0.27,-0.01,0.06,-0.62,-0.49,-0.13,0,0,-3.00
2007-09-26T15:00:00,-0.41,-0.28,0.22,0.27,-0.33,0.04,-0.61,-0.49,-0.14,0,0,-5.00
2007-09-26T16:00:00,-0.37,-0.37,0.14,0.33,-0.34,0.16,-0.64,-0.49,-0.15,0,0,-8.00
2007-09-26T17:00:00,-0.31,-0.14,0.21,0.41,-0.27,0.17,-0.58,-0.44,-0.07,0,0,-9.00
2007-09-26T18:00:00,0.23,-0.07,-0.02,0.49,-0.25,0.08,-0.51,-0.33,0.34,0,0,-9.00
2007-09-26T19:00:00,0.11,-0.01,-0.02,0.53,-0.2,0.14,-0.55,-0.39,0.89,0,0,-9.00
2007-09-26T20:00:00,0.1,-0.24,0.32,0.55,-0.25,0.23,-0.55,-0.42,-0.04,0,0,-10.00
2007-09-26T21:00:00,0.16,0.09,0.32,0.59,-0.29,0.28,-0.58,-0.44,-0.05,0,0,-8.00
2007-09-26T22:00:00,0.06,0.0,0.28,0.63,-0.24,0.26,-0.58,-0.43,0.09,0,0,-5.00
2007-09-26T23:00:00,-0.13,-0.13,0.11,0.64,-0.35,0.23,-0.56,-0.44,0.36,0,0,-3.00
2007-09-27T00:00:00,-0.07,-0.08,0.01,0.7,-0.39,0.3,-0.54,-0.43,1.17,0,0,0.00
2007-09-27T01:00:00,0.23,-0.08,0.13,0.73,-0.35,0.3,-0.5,-0.41,0.23,0,0,1.00
2007-09-27T02:00:00,0.13,0.07,0.25,0.72,-0.37,0.46,-0.48,-0.45,0.1,0,0,2.00
2007-09-27T03:00:00,0.08,0.14,0.21,0.73,-0.41,0.39,-0.49,-0.48,0.1,0,0,3.00
2007-09-27T04:00:00,0.19,0.05,0.34,0.79,-0.31,0.81,-0.53,-0.5,-0.09,0,0,3.00
2007-09-27T05:00:00,0.25,-0.04,0.37,0.83,-0.43,0.87,-0.51,-0.5,-0.11,0,0,2.00
2007-09-27T06:00:00,0.16,0.02,0.36,0.89,-0.4,0.92,-0.45,-0.5,-0.07,0,0,-1.00
2007-09-27T07:00:00,0.31,-0.05,0.26,0.9,-0.37,0.97,-0.41,-0.46,-0.02,0,0,-1.00
2007-09-27T19:00:00,-1.21,-0.32,-0.29,-0.23,0.58,-0.11,0.4,0.23,-0.04,1,0,-4.00
2007-09-27T20:00:00,0.67,-0.03,0.08,-0.52,0.94,-0.4,0.16,0.75,0.6,1,0,-6.00
2007-09-27T21:00:00,0.51,0.19,-0.03,-0.65,0.74,-0.11,0.01,0.54,0.65,1,0,-14.00
2007-09-27T22:00:00,-0.18,0.49,-0.19,-0.47,0.16,0.01,-0.03,0.35,0.33,1,0,-12.00
2007-09-27T23:00:00,-0.12,0.69,-0.14,-0.59,0.53,-0.39,0.08,0.37,0.21,1,0,-14.00
2007-09-28T00:00:00,-0.92,1.04,-0.45,-0.66,0.43,-0.13,0.05,0.2,-0.11,1,0,-15.00
2007-09-28T01:00:00,-0.22,0.82,-0.18,-1.06,-0.04,-0.39,0.17,0.64,0.18,1,0,-12.00
2007-09-28T02:00:00,-0.09,0.43,0.15,-1.01,1.31,-0.71,0.1,0.94,1.47,1,0,-16.00
2007-09-28T03:00:00,-0.87,0.35,0.01,-0.86,1.5,-0.54,0.08,0.88,0.2,1,0,-22.00
2007-09-28T04:00:00,-0.56,0.76,0.33,-0.96,0.64,-1.09,0.05,0.6,0.08,1,0,-24.00
2007-09-28T05:00:00,-0.49,0.32,-0.23,-0.95,0.99,-0.26,-0.05,0.6,0.33,1,0,-19.00
2007-09-28T06:00:00,-0.43,0.2,-0.41,-0.94,1.08,0.26,-0.15,0.74,0.26,1,0,-14.00
2007-09-28T07:00:00,-0.31,0.63,-0.11,-0.96,0.81,-0.51,-0.22,0.72,0.21,1,0,-14.00
2007-09-28T08:00:00,-0.69,0.33,-0.06,-0.87,0.74,-0.66,-0.23,0.41,0.09,1,0,-22.00
2007-09-28T09:00:00,-0.5,0.48,0.14,-0.85,0.43,-0.39,-0.3,0.31,0.09,1,0,-22.00
2007-09-28T10:00:00,0.07,0.41,0.39,-0.87,-0.04,-0.32,-0.38,0.27,0.17,1,0,-24.00
2007-09-28T11:00:00,0.03,0.05,0.19,-0.42,-0.51,-0.17,-0.28,0.27,5.09,1,0,-22.00
2007-09-28T12:00:00,0.11,0.0,0.08,-0.55,-0.6,-0.12,-0.4,0.11,8.91,1,0,-16.00
2007-09-28T13:00:00,0.15,-0.27,0.29,-0.48,-0.53,-0.5,-0.47,-0.08,0.22,1,0,-13.00
2007-09-28T14:00:00,0.03,-0.12,0.25,-0.57,-0.39,0.03,-0.31,-0.13,1.19,1,0,-14.00
2007-09-28T15:00:00,0.52,0.43,0.12,-0.74,-0.19,0.14,0.0,-0.23,-0.0,1,0,-16.00
2007-09-28T16:00:00,-0.01,-0.48,0.43,-0.7,0.17,-0.37,0.5,-0.06,0.28,1,0,-12.00
2007-09-28T17:00:00,-0.55,-0.76,0.25,-0.82,0.08,-0.31,0.53,0.32,0.16,1,0,-7.00
2007-09-28T18:00:00,-0.67,-1.29,0.21,-1.01,0.24,-1.97,0.11,0.96,-0.01,1,0,-3.00
2007-09-28T19:00:00,-0.38,0.04,-0.13,-1.03,0.05,-1.7,0.1,0.85,1.51,1,0,-6.00
2007-09-28T20:00:00,-0.22,0.6,-0.6,-0.91,-0.2,-0.6,0.14,0.47,0.06,1,0,-9.00
2007-09-28T21:00:00,0.15,1.0,-0.22,-0.98,-0.59,-0.91,-0.01,0.36,-0.01,1,0,-16.00
2007-09-28T22:00:00,-0.43,0.82,-0.14,-0.93,-0.51,-0.96,0.02,0.34,0.03,1,0,-19.00
2007-09-28T23:00:00,-0.58,0.07,-0.04,-1.06,0.42,-0.78,0.8,0.62,1.16,1,0,-20.00
2007-09-29T00:00:00,-0.43,-0.09,-0.52,-1.15,0.41,-1.33,0.15,0.74,0.31,1,0,-22.00
2007-09-29T01:00:00,-0.9,0.81,-0.21,-1.08,-0.28,-2.13,0.17,0.76,0.03,1,0,-16.00
2007-09-29T02:00:00,-0.77,-0.2,-0.57,-1.09,0.64,-1.5,0.23,0.88,0.15,1,0,-14.00
2007-09-29T03:00:00,-0.76,-0.22,-0.35,-1.16,0.72,-1.31,-0.11,0.47,0.05,1,0,-28.00
2007-09-29T04:00:00,-0.54,0.53,-0.24,-1.37,-0.09,-0.64,-0.42,0.3,-0.03,1,0,-31.00
2007-09-29T05:00:00,-0.86,-0.04,0.02,-1.3,0.7,-0.95,-0.31,0.15,-0.03,0,0,-40.00
2007-09-29T06:00:00,-0.39,-0.39,-0.31,-1.42,1.29,-0.7,-0.33,0.26,0.07,0,0,-39.00
2007-09-29T07:00:00,-0.48,0.06,-0.28,-1.36,0.42,-0.8,-0.34,0.35,0.16,0,0,-33.00
2007-09-29T08:00:00,-0.27,0.45,-0.17,-1.52,0.1,-1.09,-0.36,0.55,0.24,0,0,-33.00
2007-09-29T09:00:00,-0.52,0.44,-0.01,-1.33,0.37,-1.28,-0.38,0.35,0.08,0,0,-29.00
2007-09-29T10:00:00,-0.34,0.64,0.11,-1.49,-0.25,-1.08,-0.46,0.23,-0.01,0,0,-35.00
2007-09-29T11:00:00,-0.38,0.31,-0.11,-1.41,0.28,-0.52,-0.46,0.26,0.15,0,0,-38.00
2007-09-29T12:00:00,-0.64,-0.11,0.06,-1.25,0.71,-0.7,-0.33,0.44,0.18,0,0,-30.00
2007-09-29T13:00:00,-0.2,0.29,-0.11,-1.66,0.19,1.56,-0.17,0.22,0.63,0,0,-22.00
2007-09-29T14:00:00,0.0,0.44,0.01,-1.6,-0.21,-0.55,-0.56,0.37,0.25,0,0,-18.00
2007-09-29T15:00:00,-0.01,0.5,-0.01,-1.63,-0.28,-0.26,-0.54,0.35,0.16,0,0,-22.00
2007-09-29T16:00:00,-0.08,0.42,-0.03,-1.56,-0.24,-0.2,-0.52,0.39,0.3,0,0,-26.00
2007-09-29T17:00:00,-0.47,0.23,0.01,-1.34,0.01,-0.13,-0.48,0.5,0.24,0,0,-29.00
2007-09-29T18:00:00,-0.33,-0.12,-0.39,-1.44,0.51,0.68,-0.46,0.32,0.08,0,0,-30.00
2007-09-29T19:00:00,-0.32,0.19,0.12,-1.37,-0.17,-0.31,-0.49,0.34,0.51,0,0,-26.00
2007-09-29T20:00:00,-0.41,-0.11,-0.1,-1.42,0.34,0.02,-0.54,0.43,0.29,0,0,-22.00
2007-09-29T21:00:00,-0.34,0.33,-0.09,-1.53,-0.27,0.05,-0.53,0.46,0.22,0,0,-23.00
2007-09-29T22:00:00,-0.26,0.41,0.13,-1.73,0.1,-0.5,-0.52,0.37,0.2,0,0,-29.00
2007-09-29T23:00:00,-0.14,0.42,-0.22,-1.74,-0.05,0.18,-0.54,0.42,0.13,0,0,-33.00
2007-09-30T00:00:00,-0.39,-0.18,0.23,-1.7,0.69,-0.91,-0.58,0.21,0.16,0,0,-26.00
2007-09-30T01:00:00,-0.29,-0.58,0.24,-1.78,1.37,-0.97,-0.61,0.15,-0.04,0,0,-26.00
2007-09-30T02:00:00,-0.5,-0.39,0.18,-1.69,0.83,-0.89,-0.63,0.04,-0.06,0,0,-24.00
2007-09-30T03:00:00,-0.41,-0.2,0.06,-1.69,0.55,-0.64,-0.62,0.12,0.12,0,0,-23.00
2007-09-30T04:00:00,-0.11,0.13,-0.03,-1.81,0.21,-0.61,-0.63,0.1,1.0,0,0,-22.00
2007-09-30T05:00:00,-0.46,0.13,-0.1,-1.61,0.22,-0.3,-0.62,0.03,0.01,0,0,-23.00
2007-09-30T06:00:00,-0.28,0.07,-0.14,-1.64,0.12,-0.14,-0.66,0.08,0.16,0,0,-27.00
2007-09-30T07:00:00,0.22,0.05,-0.14,-1.79,-0.05,0.16,-0.68,-0.0,0.22,0,0,-27.00
2007-09-30T08:00:00,-0.33,-0.02,-0.01,-1.42,0.24,-0.01,-0.64,-0.02,0.23,0,0,-23.00
2007-09-30T09:00:00,-0.05,0.0,-0.26,-1.47,0.23,0.36,-0.68,-0.01,0.08,0,0,-22.00
2007-09-30T10:00:00,-0.19,0.4,0.15,-1.36,-0.49,-0.56,-0.66,0.02,0.02,0,0,-22.00
2007-09-30T11:00:00,-0.02,0.1,0.14,-1.41,0.09,-0.53,-0.68,-0.05,1.62,0,0,-21.00
2007-09-30T12:00:00,-0.07,0.28,0.14,-1.37,-0.19,-0.54,-0.66,0.08,0.31,0,0,-21.00
2007-09-30T13:00:00,-0.07,0.21,0.08,-1.32,-0.15,-0.36,-0.68,-0.07,0.5,0,0,-16.00
2007-09-30T14:00:00,-0.24,0.32,0.1,-1.2,-0.51,-0.5,-0.67,-0.01,0.06,0,0,-15.00
2007-09-30T15:00:00,-0.16,0.36,-0.01,-1.16,-0.39,-0.2,-0.66,-0.07,0.03,0,0,-17.00
2007-09-30T16:00:00,-0.27,0.24,0.21,-1.07,-0.18,-0.45,-0.64,-0.09,0.06,0,0,-20.00
2007-09-30T17:00:00,-0.42,0.19,-0.02,-0.96,-0.08,0.12,-0.57,-0.22,-0.03,0,0,-18.00
2007-09-30T18:00:00,-0.09,0.31,-0.08,-1.05,-0.27,0.13,-0.67,-0.26,-0.0,0,0,-15.00
2007-09-30T19:00:00,-0.23,0.12,-0.2,-0.96,0.02,0.4,-0.65,-0.22,-0.01,0,0,-12.00
2007-09-30T20:00:00,0.02,0.27,0.34,-0.99,-0.14,-0.54,-0.66,-0.21,-0.02,0,0,-8.00
2007-09-30T21:00:00,-0.12,0.43,0.08,-0.88,-0.25,0.04,-0.64,-0.25,-0.05,0,0,-7.00
2007-09-30T22:00:00,-0.16,0.25,0.1,-0.85,-0.09,0.06,-0.65,-0.18,0.14,0,0,-5.00
2007-09-30T23:00:00,-0.35,-0.01,0.06,-0.73,0.34,0.14,-0.62,-0.1,0.16,0,0,-6.00
2007-10-01T00:00:00,-0.13,0.12,-0.25,-0.77,0.06,0.38,-0.65,-0.2,-0.01,0,0,---
2007-10-01T01:00:00,-0.25,0.25,-0.08,-0.67,-0.34,0.24,-0.65,-0.21,-0.0,0,0,-10.00
2007-10-01T02:00:00,-0.02,0.14,-0.22,-0.77,-0.13,0.33,-0.64,-0.28,0.0,0,0,-14.00
2007-10-01T03:00:00,-0.37,-0.04,-0.07,-0.59,0.07,0.18,-0.48,-0.26,0.07,0,0,-14.00
2007-10-01T04:00:00,-0.29,0.18,0.03,-0.58,-0.23,-0.11,-0.55,-0.26,0.1,0,0,-12.00
2007-10-01T05:00:00,-0.1,0.25,-0.01,-0.63,-0.51,-0.16,-0.59,-0.27,0.17,0,0,-14.00
2007-10-01T06:00:00,-0.29,-0.01,-0.03,-0.5,-0.14,0.03,-0.56,-0.24,0.19,0,0,-15.00
2007-10-01T07:00:00,-0.12,0.21,-0.07,-0.53,-0.27,0.02,-0.54,-0.3,0.17,0,0,-15.00
2007-10-01T08:00:00,0.09,0.32,-0.19,-0.57,-0.45,0.16,-0.61,-0.34,-0.07,0,0,-15.00
2007-10-01T09:00:00,-0.01,0.22,-0.19,-0.5,-0.37,0.14,-0.58,-0.27,0.02,0,0,-19.00
2007-10-01T10:00:00,-0.1,0.24,-0.23,-0.44,-0.39,0.4,-0.58,-0.32,-0.05,0,0,-24.00
2007-10-01T11:00:00,-0.13,0.15,-0.17,-0.43,-0.37,0.23,-0.57,-0.28,0.07,0,0,-25.00
2007-10-01T12:00:00,-0.42,-0.18,0.06,-0.37,-0.13,-0.3,-0.49,-0.27,0.01,0,0,-19.00
2007-10-01T13:00:00,-0.42,-0.16,0.1,-0.33,-0.09,-0.37,-0.52,-0.28,-0.01,0,0,-15.00
2007-10-01T14:00:00,-0.19,0.15,-0.05,-0.35,-0.44,-0.07,-0.56,-0.25,0.24,0,0,-9.00
2007-10-01T15:00:00,-0.27,0.28,-0.07,-0.22,-0.5,0.22,-0.55,-0.34,-0.04,0,0,-10.00
2007-10-01T16:00:00,0.03,0.34,0.07,-0.29,-0.42,0.01,-0.55,-0.35,0.02,0,0,-13.00
2007-10-01T17:00:00,-0.05,0.2,0.23,-0.17,-0.19,-0.13,-0.52,-0.33,0.17,0,0,-13.00
2007-10-01T18:00:00,-0.06,0.36,0.01,-0.13,-0.43,0.28,-0.5,-0.32,0.03,0,0,-13.00
2007-10-01T19:00:00,-0.14,0.17,-0.08,-0.07,-0.34,0.39,-0.52,-0.33,0.19,0,0,-11.00
2007-10-01T20:00:00,-0.32,-0.16,-0.09,0.02,0.15,0.4,-0.47,-0.31,0.06,0,0,-10.00
2007-10-01T21:00:00,-0.19,-0.12,-0.2,0.03,0.14,0.48,-0.43,-0.29,0.09,0,0,-11.00
2007-10-01T22:00:00,-0.38,0.13,0.13,0.12,0.05,0.16,-0.36,-0.21,0.15,0,0,-8.00
2007-10-01T23:00:00,-0.42,-0.31,-0.05,0.13,0.3,0.45,-0.38,-0.27,-0.02,0,0,-9.00
2007-10-02T00:00:00,-0.34,-0.07,-0.1,0.15,-0.06,0.53,-0.4,-0.27,0.12,0,0,-10.00
2007-10-02T01:00:00,-0.42,-0.23,-0.19,0.16,0.14,0.6,-0.41,-0.34,-0.07,0,0,-11.00
2007-10-02T02:00:00,-0.5,-0.29,-0.15,0.25,0.35,0.75,-0.51,-0.43,-0.14,0,0,-9.00
2007-10-02T03:00:00,-0.51,-0.31,-0.12,0.28,0.39,0.72,-0.55,-0.44,-0.14,0,0,-9.00
2007-10-02T04:00:00,-0.51,-0.22,-0.09,0.31,0.26,0.66,-0.49,-0.43,-0.12,0,0,-10.00
2007-10-02T05:00:00,-0.4,-0.05,-0.19,0.3,0.12,0.83,-0.53,-0.42,-0.11,0,0,-11.00
2007-10-02T06:00:00,-0.35,-0.27,-0.23,0.33,0.33,0.93,-0.56,-0.44,-0.13,0,0,-13.00
2007-10-02T07:00:00,-0.48,-0.15,-0.09,0.4,0.21,0.6,-0.6,-0.45,-0.14,0,0,-14.00
2007-10-02T08:00:00,-0.47,-0.13,-0.07,0.46,0.31,0.45,-0.59,-0.43,-0.12,0,0,-16.00
2007-10-02T09:00:00,-0.3,0.11,-0.12,0.48,0.14,0.56,-0.48,-0.35,0.02,0,0,-20.00
2007-10-02T10:00:00,-0.18,0.22,-0.08,0.44,-0.06,0.46,-0.5,-0.35,0.06,0,0,-19.00
2007-10-02T11:00:00,-0.08,0.43,-0.06,0.4,-0.48,0.34,-0.54,-0.41,-0.09,0,0,-15.00
2007-10-02T12:00:00,0.0,0.4,-0.06,0.38,-0.46,0.34,-0.53,-0.41,-0.07,0,0,-9.00
2007-10-02T13:00:00,0.12,0.44,-0.03,0.34,-0.71,0.36,-0.56,-0.47,-0.12,0,0,-5.00
2007-10-02T14:00:00,-0.26,0.34,-0.02,0.52,-0.58,0.48,-0.55,-0.4,-0.08,0,0,-5.00
2007-10-02T15:00:00,-0.34,0.39,-0.05,0.6,-1.02,0.46,-0.59,-0.48,-0.14,0,0,-9.00
2007-10-02T16:00:00,-0.32,0.33,0.11,0.61,-0.78,0.08,-0.56,-0.46,-0.12,0,0,-13.00
2007-10-02T17:00:00,-0.23,0.45,0.08,0.56,-1.02,0.26,-0.53,-0.47,-0.13,1,0,-13.00
2007-10-02T18:00:00,-0.33,0.52,0.02,0.61,-1.11,0.41,-0.47,-0.48,-0.15,1,0,-11.00
2007-10-02T19:00:00,-0.38,0.45,-0.22,0.64,-1.07,0.77,-0.41,-0.45,-0.14,1,0,-8.00
2007-10-02T20:00:00,-0.36,0.62,0.2,0.55,-1.36,0.22,-0.26,-0.42,-0.13,1,0,-8.00
2007-10-02T21:00:00,-0.16,0.47,0.03,0.21,-1.07,0.59,0.05,-0.31,0.08,1,0,-8.00
2007-10-02T22:00:00,-0.61,0.87,-0.43,0.31,-2.12,0.75,-0.27,-0.41,-0.17,1,0,-8.00
2007-10-02T23:00:00,-0.11,0.64,0.85,0.16,-1.3,-0.15,-0.04,-0.38,-0.15,1,0,-6.00
2007-10-03T00:00:00,-0.53,0.91,0.48,0.12,-1.61,-0.37,0.23,-0.39,-0.15,1,0,-14.00
2007-10-03T01:00:00,-1.12,0.81,-0.02,0.24,-0.22,0.41,-0.22,-0.38,-0.17,1,0,-10.00
2007-10-03T02:00:00,-0.95,0.75,-0.08,0.13,-0.5,0.36,-0.18,-0.27,-0.15,1,0,-12.00
2007-10-03T03:00:00,-0.83,0.33,-0.33,0.13,-0.64,0.58,0.18,-0.27,-0.1,1,0,-17.00
2007-10-03T04:00:00,-0.81,0.31,-0.25,0.13,-0.58,0.63,0.49,-0.2,-0.04,1,0,-17.00
2007-10-03T05:00:00,-0.79,-0.21,-0.66,0.14,-0.43,1.01,0.31,-0.28,-0.12,1,0,-14.00
2007-10-03T06:00:00,-0.72,-0.28,-0.64,0.12,-0.9,0.66,0.16,-0.21,-0.11,1,0,-14.00
2007-10-03T07:00:00,-0.04,-0.22,0.03,-0.01,-0.52,-0.15,-0.18,0.07,2.58,1,0,-9.00
2007-10-03T08:00:00,0.21,-0.35,0.29,-0.34,0.11,-0.45,-0.18,0.04,0.34,1,0,-23.00
2007-10-03T09:00:00,-0.17,-0.31,-0.09,-0.46,0.41,-1.11,-0.2,0.23,0.78,1,0,-20.00
2007-10-03T10:00:00,-0.07,-0.36,0.29,-0.55,0.55,-1.83,-0.19,0.5,0.83,1,0,-19.00
2007-10-03T11:00:00,-0.08,0.63,0.35,-0.44,0.4,-1.4,-0.13,0.49,0.19,1,0,-14.00
2007-10-03T12:00:00,-0.28,-0.0,-0.55,-0.56,1.12,-0.16,-0.19,0.5,0.12,1,0,-11.00
2007-10-03T13:00:00,-0.29,0.57,0.45,-0.77,1.03,-1.16,-0.25,0.45,0.08,1,0,-7.00
2007-10-03T14:00:00,-0.41,0.08,0.08,-0.9,1.19,-0.53,-0.34,0.24,0.51,1,0,-10.00
2007-10-03T15:00:00,-0.34,0.36,0.14,-0.94,0.46,-0.79,-0.45,0.17,0.16,1,0,-14.00
2007-10-03T16:00:00,-0.22,0.42,0.16,-0.94,0.47,-0.92,-0.45,0.21,0.2,1,0,-14.00
2007-10-03T17:00:00,-0.23,0.4,0.57,-0.89,0.72,-1.54,-0.42,0.19,-0.01,1,0,-13.00
2007-10-03T18:00:00,-0.4,0.63,0.04,-0.77,0.44,-0.64,-0.38,0.18,-0.01,1,0,-10.00
2007-10-03T19:00:00,-0.2,0.6,-0.04,-0.8,0.41,-0.37,-0.42,0.15,0.03,1,0,-6.00
2007-10-03T20:00:00,-0.48,0.01,-0.39,-0.65,1.0,0.24,-0.4,0.09,-0.01,1,0,-7.00
2007-10-03T21:00:00,-0.46,0.39,-0.19,-0.59,0.36,0.13,-0.44,0.11,-0.0,1,0,-9.00
2007-10-03T22:00:00,-0.72,0.21,0.08,-0.53,0.58,-0.08,-0.4,-0.06,-0.06,1,0,-11.00
2007-10-03T23:00:00,-0.45,0.5,-0.23,-0.69,0.49,-0.22,-0.53,-0.03,-0.09,1,0,-17.00
2007-10-04T00:00:00,-0.23,0.01,-0.31,-0.9,0.83,0.05,-0.44,-0.01,0.1,1,0,-19.00
2007-10-04T01:00:00,-0.15,-0.05,-0.15,-1.02,0.06,-0.17,-0.47,0.04,0.63,1,0,-22.00
2007-10-04T02:00:00,-0.15,-0.13,-0.21,-1.01,0.4,-0.16,-0.51,0.12,0.36,1,0,-29.00
2007-10-04T03:00:00,-0.36,0.07,-0.07,-0.85,0.52,-0.13,-0.5,0.07,0.27,1,0,-32.00
2007-10-04T04:00:00,-0.09,0.42,0.3,-0.9,0.82,-0.45,-0.58,-0.03,0.01,1,0,-29.00
2007-10-04T05:00:00,0.11,0.44,0.2,-0.98,-0.09,-0.39,-0.58,-0.06,0.02,0,0,-28.00
2007-10-04T06:00:00,-0.05,0.37,-0.06,-0.91,0.01,-0.04,-0.6,-0.03,0.1,0,0,-23.00
2007-10-04T07:00:00,-0.27,0.22,-0.01,-0.79,0.13,-0.12,-0.2,0.03,0.64,0,0,-18.00
2007-10-04T08:00:00,-0.56,0.07,0.14,-0.77,0.59,-0.02,-0.41,0.02,0.07,0,0,-18.00
2007-10-04T09:00:00,-0.33,0.38,-0.05,-0.76,-0.07,-0.21,-0.49,0.07,0.08,0,0,-20.00
2007-10-04T10:00:00,-0.1,0.44,-0.09,-0.83,0.02,-0.51,-0.49,-0.04,0.07,0,0,-19.00
2007-10-04T11:00:00,0.06,0.36,-0.22,-0.76,-0.19,-0.46,-0.46,-0.1,0.04,0,0,-17.00
2007-10-04T12:00:00,0.11,0.45,-0.08,-0.75,-0.28,-0.74,-0.47,-0.14,0.02,0,0,-15.00
2007-10-04T13:00:00,0.13,0.31,-0.01,-0.75,-0.34,-0.63,-0.48,-0.11,0.25,0,0,-8.00
2007-10-04T14:00:00,-0.38,-0.04,-0.16,-0.56,0.19,-0.46,-0.46,-0.02,0.13,0,0,-10.00
2007-10-04T15:00:00,-0.01,0.41,0.07,-0.63,-0.46,-0.78,-0.38,-0.13,0.18,0,0,-12.00
2007-10-04T16:00:00,0.12,0.42,-0.03,-0.55,-0.45,-0.57,-0.36,-0.1,0.14,0,0,-17.00
2007-10-04T17:00:00,-0.47,0.07,-0.15,-0.31,-0.02,-0.52,-0.29,-0.07,0.1,0,0,-17.00
2007-10-04T18:00:00,0.08,0.04,0.2,-0.37,0.25,-0.6,-0.37,-0.22,1.44,0,0,-16.00
2007-10-04T19:00:00,-0.38,-0.44,0.38,-0.33,0.44,-0.68,-0.35,-0.27,-0.08,0,0,-17.00
2007-10-04T20:00:00,-0.44,-0.24,0.33,-0.31,0.25,-0.3,-0.41,-0.28,-0.06,0,0,-15.00
2007-10-04T21:00:00,-0.04,0.2,0.3,-0.36,-0.09,-0.28,-0.5,-0.23,0.17,0,0,-12.00
2007-10-04T22:00:00,0.07,0.33,0.13,-0.38,-0.22,-0.28,-0.48,-0.22,0.17,0,0,-12.00
2007-10-04T23:00:00,0.09,0.34,0.22,-0.4,-0.16,-0.16,-0.51,-0.27,0.05,0,0,-11.00
2007-10-05T00:00:00,-0.2,0.33,0.05,-0.23,-0.25,0.1,-0.5,-0.22,0.08,0,0,-11.00
2007-10-05T01:00:00,0.09,0.45,-0.08,-0.31,-0.22,0.09,-0.57,-0.27,-0.06,0,0,-11.00
2007-10-05T02:00:00,0.2,0.4,0.02,-0.29,-0.05,-0.16,-0.57,-0.28,-0.04,0,0,-12.00
2007-10-05T03:00:00,0.1,0.44,-0.14,-0.26,-0.06,0.23,-0.58,-0.26,-0.07,0,0,-15.00
2007-10-05T04:00:00,0.12,0.35,-0.34,-0.25,-0.08,0.58,-0.59,-0.29,-0.11,0,0,-18.00
2007-10-05T05:00:00,-0.02,0.24,-0.27,-0.2,0.09,0.72,-0.61,-0.34,-0.08,0,0,-21.00
2007-10-05T06:00:00,0.15,0.23,-0.03,-0.24,-0.14,0.33,-0.57,-0.33,0.11,0,0,-25.00
2007-10-05T07:00:00,-0.41,0.14,0.14,0.12,0.35,-0.13,-0.42,-0.28,0.03,0,0,-27.00
2007-10-05T08:00:00,-0.45,0.16,0.07,0.14,0.21,-0.12,-0.37,-0.28,0.01,0,0,-25.00
2007-10-05T09:00:00,-0.51,0.05,-0.01,0.17,0.06,-0.0,-0.34,-0.34,-0.04,0,0,-19.00
2007-10-05T10:00:00,-0.49,0.07,0.03,0.19,-0.12,0.11,-0.39,-0.32,-0.03,0,0,-17.00
2007-10-05T11:00:00,0.02,0.24,-0.31,0.11,-0.24,0.36,-0.5,-0.43,-0.11,0,0,-15.00
2007-10-05T12:00:00,-0.4,0.09,-0.12,0.22,-0.22,0.27,-0.41,-0.35,-0.02,0,0,-15.00
2007-10-05T13:00:00,-0.55,-0.16,0.03,0.26,-0.15,0.21,-0.4,-0.35,-0.07,0,0,-10.00
2007-10-05T14:00:00,-0.56,-0.14,-0.04,0.28,-0.15,0.33,-0.37,-0.36,-0.08,0,0,-11.00
2007-10-05T15:00:00,0.13,0.22,-0.1,0.24,-0.24,-0.05,-0.44,-0.38,0.09,0,0,-12.00
2007-10-05T16:00:00,0.41,0.08,-0.0,0.25,-0.16,-0.22,-0.42,-0.41,-0.02,0,0,-12.00
2007-10-05T17:00:00,0.54,0.07,0.11,0.3,-0.23,-0.21,-0.39,-0.35,-0.06,0,0,-13.00
2007-10-05T18:00:00,0.43,0.23,0.03,0.32,-0.39,-0.05,-0.26,-0.3,0.04,0,0,-13.00
2007-10-05T19:00:00,0.42,0.15,0.04,0.39,-0.33,-0.2,-0.26,-0.28,0.1,0,0,-11.00
2007-10-05T20:00:00,0.17,0.22,0.27,0.46,-0.35,-0.37,-0.38,-0.42,0.01,0,0,-10.00
2007-10-05T21:00:00,0.03,0.24,0.26,0.49,-0.33,-0.4,-0.35,-0.42,0.06,0,0,-11.00
2007-10-05T22:00:00,-0.08,0.11,0.05,0.49,-0.19,-0.08,-0.34,-0.35,1.54,0,0,-10.00
2007-10-05T23:00:00,0.16,0.24,0.12,0.52,-0.12,-0.06,-0.38,-0.43,0.09,0,0,-9.00
2007-10-06T00:00:00,-0.15,0.22,-0.02,0.58,-0.25,-0.12,-0.29,-0.41,0.19,0,0,-9.00
2007-10-06T01:00:00,-0.16,0.22,-0.04,0.66,-0.33,0.05,-0.34,-0.41,0.14,0,0,-9.00
2007-10-06T02:00:00,-0.37,0.3,-0.02,0.73,-0.29,0.14,-0.24,-0.44,-0.06,0,0,-9.00
2007-10-06T03:00:00,-0.5,0.17,-0.13,0.78,-0.22,-0.01,-0.31,-0.44,-0.1,0,0,-11.00
2007-10-06T04:00:00,-0.51,0.1,-0.09,0.8,-0.25,0.12,-0.28,-0.42,-0.08,0,0,-12.00
2007-10-06T05:00:00,-0.5,0.09,0.04,0.83,-0.29,0.08,-0.26,-0.39,-0.04,0,0,-11.00
2007-10-06T06:00:00,-0.48,0.03,-0.03,0.86,-0.36,0.21,-0.3,-0.4,-0.04,0,0,-12.00
2007-10-06T07:00:00,-0.46,0.19,-0.03,0.89,-0.58,0.18,-0.32,-0.39,-0.06,0,0,-12.00
2007-10-06T08:00:00,-0.51,-0.1,-0.11,0.87,-0.48,0.31,-0.3,-0.3,-0.03,0,0,-11.00
2007-10-06T09:00:00,-0.43,-0.18,-0.23,0.89,-0.2,0.25,-0.3,-0.42,-0.1,0,0,-11.00
2007-10-06T10:00:00,-0.38,-0.23,-0.26,0.89,-0.19,0.39,-0.32,-0.46,-0.11,0,0,-11.00
2007-10-06T11:00:00,-0.33,0.09,-0.36,0.9,-0.29,0.49,-0.35,-0.48,-0.13,0,0,-9.00
2007-10-06T12:00:00,-0.32,0.18,-0.33,0.89,-0.26,0.39,-0.29,-0.46,-0.11,0,0,-8.00
2007-10-06T13:00:00,-0.23,0.41,-0.3,0.87,-0.43,0.37,-0.33,-0.49,-0.14,0,0,-9.00
2007-10-06T14:00:00,-0.25,0.52,-0.09,0.88,-0.43,0.27,-0.28,-0.43,-0.11,0,0,-9.00
2007-10-06T15:00:00,0.11,0.55,0.07,0.87,-0.59,0.19,-0.28,-0.48,-0.12,0,0,-10.00
2007-10-06T16:00:00,0.01,0.44,0.16,0.87,-0.56,0.17,-0.3,-0.5,-0.1,0,0,-10.00
2007-10-06T17:00:00,-0.22,0.33,0.27,0.91,-0.42,-0.0,-0.35,-0.47,-0.08,0,0,-9.00
2007-10-06T18:00:00,-0.45,-0.04,0.26,0.91,-0.42,0.56,0.49,-0.37,0.15,0,0,-7.00
2007-10-06T19:00:00,-0.39,-0.05,0.03,0.97,-0.09,0.31,-0.35,-0.4,0.02,0,0,-7.00
2007-10-06T20:00:00,-0.34,0.27,-0.11,0.94,-0.31,0.4,-0.28,-0.44,-0.07,0,0,-8.00
2007-10-06T21:00:00,0.24,0.36,0.07,0.86,-0.35,0.25,-0.31,-0.5,-0.08,0,0,-8.00
2007-10-06T22:00:00,0.42,0.24,0.07,0.81,-0.38,0.28,-0.25,-0.48,-0.08,0,0,-7.00
2007-10-06T23:00:00,0.23,0.19,-0.03,0.88,-0.37,0.3,-0.2,-0.47,0.09,0,0,-6.00
2007-10-07T00:00:00,-0.41,0.08,0.2,1.04,-0.24,-0.03,-0.14,-0.32,0.1,0,0,-7.00
2007-10-07T01:00:00,0.24,0.39,0.15,0.91,-0.47,-0.04,-0.21,-0.48,-0.08,0,0,-7.00
2007-10-07T02:00:00,-0.03,0.21,0.19,1.02,-0.3,-0.19,-0.18,-0.46,0.23,0,0,-6.00
2007-10-07T03:00:00,-0.43,-0.15,0.1,1.13,-0.14,0.11,-0.16,-0.41,0.01,0,0,-6.00
2007-10-07T04:00:00,-0.45,0.05,-0.16,1.11,-0.07,0.24,-0.24,-0.42,-0.06,0,0,-5.00
2007-10-07T05:00:00,-0.51,0.04,-0.18,1.07,-0.07,0.34,-0.27,-0.43,-0.1,0,0,-4.00
2007-10-07T06:00:00,-0.39,0.23,-0.11,1.17,-0.26,0.18,-0.23,-0.45,-0.07,0,0,-5.00
2007-10-07T07:00:00,-0.47,0.21,-0.14,1.19,-0.25,0.34,-0.21,-0.45,-0.09,0,0,-7.00
2007-10-07T08:00:00,-0.58,-0.06,-0.12,1.19,-0.22,0.36,-0.2,-0.45,-0.11,0,0,-5.00
2007-10-07T09:00:00,-0.54,-0.08,-0.03,1.2,-0.22,0.36,-0.11,-0.44,-0.07,0,0,-5.00
2007-10-07T10:00:00,-0.53,-0.12,0.12,1.2,-0.43,0.32,-0.08,-0.44,-0.06,0,0,-6.00
2007-10-07T11:00:00,-0.11,0.17,-0.04,1.15,-0.4,0.27,-0.15,-0.47,0.28,0,0,-4.00
2007-10-07T12:00:00,0.17,0.45,-0.07,1.15,-0.36,0.13,-0.2,-0.53,-0.12,0,0,-2.00
2007-10-07T13:00:00,0.02,0.39,-0.03,1.19,-0.38,0.07,-0.18,-0.5,-0.05,0,0,0.00
2007-10-07T14:00:00,-0.15,0.39,0.01,1.23,-0.44,0.11,-0.21,-0.49,-0.06,0,0,1.00
2007-10-07T15:00:00,-0.19,0.38,-0.11,1.3,-0.43,0.19,-0.25,-0.5,-0.1,0,0,0.00
2007-10-07T16:00:00,-0.31,0.33,-0.08,1.34,-0.35,0.03,-0.24,-0.48,-0.09,0,0,-1.00
2007-10-07T17:00:00,-0.25,0.3,-0.11,1.35,-0.35,-0.08,-0.23,-0.48,-0.06,0,0,-2.00
2007-10-07T18:00:00,-0.23,0.35,-0.09,1.34,-0.27,-0.06,-0.22,-0.5,-0.08,0,0,-2.00
2007-10-07T19:00:00,-0.21,0.32,0.1,1.32,-0.43,0.31,-0.18,-0.5,-0.04,0,0,-2.00
2007-10-07T20:00:00,-0.25,0.27,0.03,1.38,-0.13,-0.15,-0.17,-0.47,0.01,0,0,-3.00
2007-10-07T21:00:00,-0.32,0.22,0.03,1.38,-0.19,-0.15,-0.12,-0.45,0.02,0,0,-4.00
2007-10-07T22:00:00,-0.43,0.08,0.21,1.38,-0.15,-0.31,-0.09,-0.43,-0.01,0,0,-4.00
2007-10-07T23:00:00,-0.5,0.05,0.07,1.43,-0.18,-0.27,-0.09,-0.45,-0.04,0,0,-5.00
2007-10-08T00:00:00,-0.52,0.04,-0.02,1.44,-0.2,-0.36,-0.07,-0.47,-0.07,0,0,-7.00
2007-10-08T01:00:00,-0.52,0.07,-0.01,1.45,-0.18,-0.28,-0.02,-0.46,-0.06,0,0,-6.00
2007-10-08T02:00:00,-0.52,-0.03,-0.05,1.47,-0.16,-0.2,-0.04,-0.5,-0.09,0,0,-5.00
2007-10-08T03:00:00,-0.54,-0.05,0.01,1.49,-0.23,-0.21,-0.09,-0.5,-0.1,0,0,-5.00
2007-10-08T04:00:00,-0.53,-0.03,-0.02,1.48,-0.23,-0.16,0.22,-0.48,-0.05,0,0,-5.00
2007-10-08T05:00:00,-0.52,0.01,0.04,1.43,-0.48,-0.16,2.06,-0.5,0.13,0,0,-4.00
2007-10-08T06:00:00,-0.5,0.08,0.07,1.51,-0.24,-0.1,-0.13,-0.52,-0.11,0,0,-4.00
2007-10-08T07:00:00,-0.43,0.23,0.12,1.52,-0.33,-0.12,-0.07,-0.52,-0.1,0,0,-4.00
2007-10-08T08:00:00,-0.46,0.19,0.14,1.54,-0.33,-0.09,-0.0,-0.53,-0.11,0,0,-3.00
2007-10-08T09:00:00,-0.59,0.03,0.25,1.51,-0.19,-0.16,-0.07,-0.56,-0.15,0,0,-4.00
2007-10-08T10:00:00,-0.56,-0.1,0.32,1.52,-0.15,-0.26,-0.06,-0.57,-0.15,0,0,-3.00
2007-10-08T11:00:00,-0.55,-0.05,0.3,1.53,-0.17,-0.31,-0.04,-0.57,-0.15,0,0,-1.00
2007-10-08T12:00:00,-0.58,-0.1,0.23,1.55,-0.2,-0.32,-0.05,-0.57,-0.15,0,0,1.00
2007-10-08T13:00:00,-0.57,-0.06,0.2,1.58,-0.29,-0.31,-0.07,-0.57,-0.15,0,0,1.00
2007-10-08T14:00:00,-0.54,-0.14,0.27,1.59,-0.21,-0.41,-0.08,-0.58,-0.15,0,0,1.00
2007-10-08T15:00:00,-0.57,-0.17,0.19,1.61,-0.15,-0.39,-0.08,-0.57,-0.15,0,0,-1.00
2007-10-08T16:00:00,-0.56,-0.25,0.09,1.6,-0.06,-0.35,-0.02,-0.57,-0.15,0,0,-3.00
2007-10-08T17:00:00,-0.59,-0.22,0.08,1.63,-0.0,-0.28,-0.02,-0.57,-0.15,0,0,-2.00
2007-10-08T18:00:00,-0.64,-0.04,0.02,1.65,-0.08,-0.19,-0.05,-0.57,-0.15,0,0,-2.00
2007-10-08T19:00:00,-0.59,0.01,-0.14,1.67,-0.15,-0.1,-0.01,-0.57,-0.15,0,0,-1.00
2007-10-08T20:00:00,-0.52,-0.02,-0.25,1.67,-0.19,-0.0,0.05,-0.56,-0.15,0,0,0.00
2007-10-08T21:00:00,-0.0,0.29,-0.17,1.63,-0.24,-0.2,0.24,-0.56,-0.07,0,0,1.00
2007-10-08T22:00:00,-0.01,0.27,-0.02,1.68,-0.17,-0.12,0.22,-0.55,0.05,0,0,0.00
2007-10-08T23:00:00,0.06,0.25,0.01,1.69,-0.13,0.05,0.42,-0.54,0.19,0,0,-1.00
2007-10-09T00:00:00,-0.18,0.22,-0.09,1.7,-0.11,0.11,0.38,-0.55,0.02,0,0,-4.00
2007-10-09T01:00:00,-0.01,0.28,0.0,1.69,-0.16,0.1,0.4,-0.55,0.08,0,0,-5.00
2007-10-09T02:00:00,-0.39,0.2,-0.09,1.72,-0.18,0.18,0.28,-0.55,-0.08,0,0,-4.00
2007-10-09T03:00:00,-0.4,0.17,-0.15,1.73,-0.08,0.18,0.26,-0.55,-0.1,0,0,-3.00
2007-10-09T04:00:00,-0.2,0.19,-0.28,1.73,-0.11,0.22,0.32,-0.55,-0.09,0,0,-1.00
2007-10-09T05:00:00,-0.28,0.11,-0.27,1.73,-0.11,0.16,0.24,-0.55,-0.1,0,0,0.00
2007-10-09T06:00:00,-0.33,0.07,-0.22,1.73,-0.09,0.08,0.28,-0.54,-0.07,0,0,-1.00
2007-10-09T07:00:00,0.14,0.27,0.01,1.69,-0.16,0.03,0.33,-0.55,0.07,0,0,-2.00
2007-10-09T08:00:00,0.19,0.16,0.03,1.66,-0.04,-0.08,0.37,-0.54,0.24,0,0,-3.00
2007-10-09T09:00:00,0.0,0.2,-0.0,1.67,-0.09,-0.17,0.38,-0.54,0.33,0,0,-2.00
2007-10-09T10:00:00,0.09,0.29,-0.12,1.57,-0.47,0.63,1.07,-0.56,0.05,0,0,-1.00
2007-10-09T11:00:00,0.1,0.3,-0.09,1.61,-0.11,-0.77,1.23,-0.56,0.08,0,0,2.00
2007-10-09T12:00:00,-0.0,0.31,0.07,1.69,-0.31,-0.1,0.36,-0.55,0.04,0,0,3.00
2007-10-09T13:00:00,-0.06,0.27,0.15,1.71,-0.36,-0.09,0.31,-0.56,0.04,0,0,4.00
2007-10-09T14:00:00,-0.01,0.26,-0.03,1.76,-0.31,-0.12,0.38,-0.58,-0.0,0,0,5.00
2007-10-09T15:00:00,0.09,0.29,-0.08,1.77,-0.32,-0.1,0.4,-0.59,-0.08,0,0,4.00
2007-10-09T16:00:00,-0.01,0.4,0.03,1.79,-0.34,-0.16,0.39,-0.59,-0.11,0,0,4.00
2007-10-09T17:00:00,-0.06,0.29,0.12,1.77,-0.24,-0.2,0.51,-0.59,-0.05,0,0,2.00
2007-10-09T18:00:00,-0.11,0.25,0.12,1.78,-0.2,-0.2,0.59,-0.6,-0.05,0,0,1.00
2007-10-09T19:00:00,-0.14,0.18,0.18,1.8,-0.15,-0.33,0.66,-0.6,0.01,0,0,1.00
2007-10-09T20:00:00,-0.15,0.09,0.22,1.82,-0.06,-0.35,0.66,-0.6,0.04,0,0,2.00
2007-10-09T21:00:00,-0.2,0.04,0.23,1.84,-0.05,-0.29,0.75,-0.6,-0.01,0,0,3.00
2007-10-09T22:00:00,-0.05,0.22,0.14,1.85,-0.07,-0.3,0.75,-0.6,0.05,0,0,5.00
2007-10-09T23:00:00,0.1,0.4,0.08,1.85,-0.12,-0.16,0.49,-0.6,-0.12,0,0,6.00
2007-10-10T00:00:00,0.03,0.28,0.03,1.86,-0.03,-0.12,0.79,-0.6,-0.03,0,0,5.00
2007-10-10T01:00:00,-0.23,0.03,-0.06,1.9,-0.09,0.07,0.73,-0.6,0.0,0,0,3.00
2007-10-10T02:00:00,-0.28,-0.06,-0.2,1.9,-0.03,0.09,0.48,-0.6,-0.12,0,0,1.00
2007-10-10T03:00:00,-0.12,0.19,-0.21,1.88,-0.15,0.02,0.56,-0.59,-0.1,0,0,0.00
2007-10-10T04:00:00,-0.12,0.17,-0.25,1.89,-0.18,0.0,0.66,-0.59,-0.1,0,0,-1.00
2007-10-10T05:00:00,-0.33,0.2,-0.19,1.92,-0.15,0.06,0.46,-0.59,-0.13,0,0,-1.00
2007-10-10T06:00:00,-0.23,0.21,-0.2,1.93,-0.15,0.13,0.34,-0.59,-0.12,0,0,-3.00
2007-10-10T07:00:00,0.09,0.4,0.01,1.9,-0.22,0.01,0.46,-0.59,-0.11,0,0,-5.00
2007-10-10T08:00:00,0.15,0.33,0.03,1.92,-0.26,0.04,0.42,-0.58,-0.08,0,0,-4.00
2007-10-10T09:00:00,-0.02,0.29,-0.19,1.9,-0.2,-0.04,0.22,-0.58,-0.12,0,0,-4.00
2007-10-10T10:00:00,-0.1,0.22,-0.28,1.91,-0.15,-0.08,0.1,-0.58,-0.13,0,0,-3.00
2007-10-10T11:00:00,-0.14,0.1,-0.25,1.89,-0.22,-0.14,0.15,-0.58,-0.1,0,0,-2.00
2007-10-10T12:00:00,-0.1,0.11,-0.26,1.91,-0.12,-0.13,0.04,-0.58,-0.11,0,0,-3.00
2007-10-10T13:00:00,-0.21,-0.17,-0.17,1.91,-0.13,-0.19,0.0,-0.58,-0.11,0,0,-5.00
2007-10-10T14:00:00,-0.2,-0.14,-0.2,1.91,-0.1,-0.2,-0.0,-0.58,-0.11,0,0,-4.00
2007-10-10T15:00:00,-0.11,-0.12,-0.2,1.9,-0.08,-0.18,0.03,-0.58,-0.08,0,0,-4.00
2007-10-10T16:00:00,0.06,0.07,-0.23,1.89,-0.12,-0.23,0.16,-0.58,-0.08,0,0,-3.00
2007-10-10T17:00:00,-0.01,0.1,-0.17,1.89,-0.11,-0.23,0.19,-0.58,-0.02,0,0,-3.00
2007-10-10T18:00:00,-0.02,0.31,0.09,1.89,-0.17,-0.21,0.2,-0.58,-0.04,0,0,-2.00
2007-10-10T19:00:00,0.06,0.23,0.17,1.88,-0.13,-0.26,0.31,-0.58,0.0,0,0,-2.00
2007-10-10T20:00:00,0.07,0.25,0.1,1.88,-0.16,-0.26,0.34,-0.59,-0.0,0,0,-3.00
2007-10-10T21:00:00,-0.0,0.12,-0.02,1.89,-0.08,-0.3,0.42,-0.6,0.23,0,0,-3.00
2007-10-10T22:00:00,0.0,0.1,0.01,1.9,-0.05,-0.24,0.51,-0.6,0.38,0,0,-2.00
2007-10-10T23:00:00,0.01,0.13,0.08,1.91,-0.16,-0.22,0.51,-0.6,0.39,0,0,-1.00
2007-10-11T00:00:00,-0.02,0.15,0.13,1.93,-0.22,-0.33,0.54,-0.6,0.18,0,0,0.00
