2007-10-11T01:00:00,-0.07,0.16,0.09,1.94,-0.24,-0.34,0.79,-0.6,0.17,0,0,0.00
2007-10-11T02:00:00,-0.09,0.19,0.08,1.95,-0.29,-0.28,0.81,-0.6,0.08,0,0,0.00
2007-10-11T03:00:00,-0.05,0.19,0.11,1.94,-0.35,-0.28,0.84,-0.6,0.09,1,0,0.00
2007-10-11T04:00:00,0.01,0.06,0.12,1.93,-0.29,-0.19,0.86,-0.6,1.39,1,0,2.00
2007-10-11T05:00:00,0.05,-0.12,0.12,1.94,-0.23,-0.13,1.03,-0.6,0.88,1,0,4.00
2007-10-11T06:00:00,0.09,-0.12,0.11,1.95,-0.25,-0.11,1.15,-0.6,0.68,1,0,5.00
2007-10-11T07:00:00,0.13,-0.13,0.13,1.96,-0.28,-0.05,1.39,-0.61,0.35,1,0,5.00
2007-10-11T08:00:00,0.08,-0.18,0.02,1.95,-0.26,-0.08,1.36,-0.6,0.32,1,0,4.00
2007-10-11T09:00:00,0.05,-0.27,0.12,1.94,-0.22,-0.02,0.99,-0.6,0.07,1,0,4.00
2007-10-11T10:00:00,0.04,-0.21,0.2,1.94,-0.2,0.03,1.07,-0.59,0.16,1,0,5.00
2007-10-11T11:00:00,0.04,-0.16,0.21,1.95,-0.2,0.09,1.17,-0.59,0.22,1,0,5.00
2007-10-11T12:00:00,0.04,-0.16,0.2,1.96,-0.21,0.21,1.17,-0.6,0.2,1,0,3.00
2007-10-11T13:00:00,-0.08,-0.17,0.15,1.97,-0.23,0.24,1.5,-0.6,0.31,1,0,4.00
2007-10-11T14:00:00,-0.05,-0.12,0.04,1.98,-0.14,0.11,1.65,-0.6,1.08,1,0,7.00
2007-10-11T15:00:00,-0.05,-0.09,-0.02,1.97,-0.18,0.11,1.72,-0.6,0.74,1,0,10.00
2007-10-11T16:00:00,-0.03,-0.14,-0.03,1.98,-0.22,0.21,1.76,-0.6,0.52,1,0,9.00
2007-10-11T17:00:00,-0.05,-0.16,0.09,1.99,-0.51,0.24,2.01,-0.6,0.82,1,0,8.00
2007-10-11T18:00:00,-0.03,-0.31,0.01,2.0,-0.23,0.35,1.65,-0.6,0.02,1,0,7.00
2007-10-11T19:00:00,-0.05,-0.38,-0.13,2.01,-0.11,0.38,1.55,-0.6,-0.08,1,0,6.00
2007-10-11T20:00:00,0.07,0.05,0.1,1.99,-0.16,0.32,1.65,-0.6,1.91,1,0,6.00
2007-10-11T21:00:00,0.28,0.22,0.3,1.97,-0.27,0.36,1.73,-0.6,-0.07,1,0,6.00
2007-10-11T22:00:00,0.3,-0.02,0.39,1.95,-0.36,0.41,1.73,-0.58,-0.05,1,0,6.00
2007-10-11T23:00:00,0.09,-0.35,0.14,1.96,-0.3,0.5,2.09,-0.58,0.12,1,0,5.00
2007-10-12T00:00:00,-0.1,-0.56,-0.06,1.95,-0.27,0.39,2.28,-0.58,-0.07,1,0,8.00
2007-10-12T01:00:00,0.08,-0.39,-0.02,1.9,-0.25,0.22,3.08,-0.56,0.24,1,0,11.00
2007-10-12T02:00:00,-0.03,-0.55,-0.17,1.88,-0.36,0.33,3.17,-0.57,-0.01,1,0,14.00
2007-10-12T03:00:00,0.1,-0.57,-0.02,1.84,-0.06,0.19,5.71,-0.56,0.16,1,0,15.00
2007-10-12T04:00:00,0.33,-0.18,0.56,1.82,-0.25,0.32,2.72,-0.54,-0.03,1,0,16.00
2007-10-12T05:00:00,0.3,-0.52,0.32,1.76,-0.39,0.3,3.43,-0.52,0.07,1,0,14.00
2007-10-12T06:00:00,0.54,-0.75,0.5,1.66,-0.47,-0.09,2.77,-0.51,-0.09,1,0,11.00
2007-10-12T07:00:00,0.5,-0.31,0.96,1.63,-0.08,0.07,2.27,-0.51,-0.13,1,0,13.00
2007-10-12T08:00:00,0.45,-0.71,0.41,1.63,-0.26,0.04,1.74,-0.42,-0.04,1,0,14.00
2007-10-12T09:00:00,0.33,-0.77,-0.08,1.62,-0.31,0.14,1.92,-0.39,0.02,1,0,9.00
2007-10-12T10:00:00,0.56,-0.85,0.13,1.64,-0.33,0.24,2.14,-0.4,-0.03,1,0,8.00
2007-10-12T11:00:00,0.45,-0.22,0.71,1.65,-0.25,0.29,1.93,-0.4,-0.0,1,0,8.00
2007-10-12T12:00:00,0.49,-0.85,0.6,1.63,-0.34,0.26,1.42,-0.45,-0.12,1,0,7.00
2007-10-12T13:00:00,0.49,-1.42,0.11,1.6,-0.28,-0.04,1.01,-0.52,-0.17,1,0,6.00
2007-10-12T14:00:00,0.54,-1.29,0.42,1.57,-0.2,-0.13,0.97,-0.5,-0.16,1,0,8.00
2007-10-12T15:00:00,0.4,-1.03,0.64,1.5,-0.27,0.11,1.07,-0.41,-0.13,1,0,7.00
2007-10-12T16:00:00,0.45,-0.74,0.47,1.43,-0.19,-0.18,1.44,-0.29,-0.0,1,0,4.00
2007-10-12T17:00:00,0.68,-0.74,0.07,1.43,-0.21,-0.04,1.3,-0.31,-0.02,1,0,7.00
2007-10-12T18:00:00,0.31,-0.7,-0.62,1.4,-0.38,-0.29,1.22,-0.27,-0.05,1,0,9.00
2007-10-12T19:00:00,0.38,-0.69,-0.35,1.39,-0.21,-0.75,1.01,-0.23,0.02,1,0,7.00
2007-10-12T20:00:00,0.33,-0.64,0.55,1.31,0.23,-0.8,1.02,-0.17,0.06,1,0,3.00
2007-10-12T21:00:00,0.9,-0.2,0.43,1.26,0.06,-0.59,0.79,-0.21,-0.03,1,0,-4.00
2007-10-12T22:00:00,0.44,0.07,0.51,1.33,-0.15,-0.44,0.88,-0.25,0.14,1,0,-11.00
2007-10-12T23:00:00,0.28,-0.61,0.66,1.28,-0.2,-0.3,0.79,-0.36,-0.07,1,0,-10.00
2007-10-13T00:00:00,-0.51,-0.26,0.66,1.22,-0.25,-0.3,1.13,-0.4,-0.06,1,0,-7.00
2007-10-13T01:00:00,-0.33,-0.52,0.56,1.25,-0.37,-0.22,1.02,-0.4,-0.04,1,0,-4.00
2007-10-13T02:00:00,0.41,-0.31,0.66,1.39,-0.08,-0.23,0.93,-0.37,-0.04,1,0,-1.00
2007-10-13T03:00:00,0.07,-0.58,0.64,1.32,-0.36,-0.27,0.98,-0.41,-0.07,1,0,1.00
2007-10-13T04:00:00,-0.29,-0.36,0.69,1.22,-0.14,-0.05,0.89,-0.44,-0.08,1,0,0.00
2007-10-13T05:00:00,-0.31,-0.07,0.53,1.16,0.18,0.01,1.24,-0.42,0.07,1,0,2.00
2007-10-13T06:00:00,0.01,-0.02,0.56,1.17,0.17,0.08,1.19,-0.43,0.09,1,0,4.00
2007-10-13T07:00:00,0.23,-0.36,0.26,1.22,0.13,-0.07,1.5,-0.4,0.4,1,0,5.00
2007-10-13T08:00:00,0.33,-0.39,0.2,1.29,-0.03,-0.02,1.1,-0.44,0.15,1,0,4.00
2007-10-13T09:00:00,0.96,-0.44,0.13,1.42,-0.01,-0.04,0.78,-0.44,-0.12,1,0,7.00
2007-10-13T10:00:00,0.93,-0.47,0.06,1.45,0.03,0.03,0.71,-0.45,-0.12,1,0,6.00
2007-10-13T11:00:00,0.75,-0.52,0.28,1.4,0.09,0.19,0.66,-0.42,-0.1,1,0,2.00
2007-10-13T12:00:00,0.54,-0.28,0.33,1.47,-0.06,0.13,1.01,-0.37,0.07,1,0,-1.00
2007-10-13T13:00:00,0.52,-0.5,0.4,1.43,0.03,-0.04,0.88,-0.41,-0.05,1,0,1.00
2007-10-13T14:00:00,0.52,-0.58,0.3,1.36,0.0,0.05,0.89,-0.42,-0.05,1,0,4.00
2007-10-13T15:00:00,0.15,-0.64,0.42,1.32,-0.02,0.16,0.99,-0.45,-0.06,1,0,9.00
2007-10-13T16:00:00,-0.17,-0.51,0.68,1.32,-0.01,0.41,1.05,-0.46,-0.09,1,0,9.00
2007-10-13T17:00:00,-0.21,-0.57,0.49,1.34,0.09,0.31,1.07,-0.45,-0.05,1,0,11.00
2007-10-13T18:00:00,-0.34,-0.2,0.03,1.33,0.21,0.14,1.19,-0.39,0.6,1,0,13.00
2007-10-13T19:00:00,-0.07,0.49,0.19,1.32,0.44,0.48,0.91,-0.4,0.15,1,0,12.00
2007-10-13T20:00:00,-0.1,0.06,0.08,1.33,0.27,0.51,0.9,-0.37,6.1,1,0,10.00
2007-10-13T21:00:00,0.25,-0.2,-0.15,1.35,0.22,0.18,0.7,-0.39,0.39,1,0,9.00
2007-10-13T22:00:00,0.19,-0.41,0.21,1.32,0.2,0.37,0.63,-0.34,0.3,1,0,7.00
2007-10-13T23:00:00,0.2,-0.39,0.06,1.29,0.22,0.54,0.5,-0.36,0.32,1,0,2.00
2007-10-14T00:00:00,0.19,-0.76,0.07,1.27,-0.12,0.47,0.25,-0.41,-0.09,1,0,-3.00
2007-10-14T01:00:00,0.67,-0.21,-0.36,1.31,0.32,0.29,0.18,-0.3,-0.07,0,0,-2.00
2007-10-14T02:00:00,0.88,-0.42,-0.08,1.33,0.1,0.16,0.02,-0.16,-0.08,0,0,0.00
2007-10-14T03:00:00,0.59,-0.6,-0.26,1.33,0.12,0.26,0.17,-0.39,-0.11,0,0,1.00
2007-10-14T04:00:00,0.56,0.02,-0.57,1.42,0.19,-0.33,0.44,-0.54,-0.16,0,0,-4.00
2007-10-14T05:00:00,0.64,-0.16,-0.35,1.48,-0.16,-0.28,0.64,-0.53,-0.13,0,0,-8.00
2007-10-14T06:00:00,-0.13,0.27,-0.51,1.48,-0.1,-0.76,0.99,-0.56,-0.13,0,0,-9.00
2007-10-14T07:00:00,-0.39,0.19,-0.37,1.47,-0.08,-0.81,1.31,-0.56,-0.1,0,0,-12.00
2007-10-14T08:00:00,0.05,0.09,-0.55,1.58,-0.26,-0.93,1.23,-0.55,-0.11,0,0,-12.00
2007-10-14T09:00:00,0.33,-0.04,-0.58,1.63,-0.36,-0.89,1.23,-0.55,-0.13,0,0,-12.00
2007-10-14T10:00:00,0.16,-0.05,-0.57,1.59,-0.41,-0.53,0.98,-0.51,-0.1,0,0,-15.00
2007-10-14T11:00:00,-0.31,-0.12,-0.41,1.54,-0.42,-0.55,1.13,-0.5,-0.05,0,0,-18.00
2007-10-14T12:00:00,0.59,0.23,0.14,1.62,-0.28,-0.33,1.15,-0.5,-0.02,0,0,-14.00
2007-10-14T13:00:00,0.66,0.21,0.16,1.64,-0.26,-0.48,1.11,-0.49,-0.05,0,0,-9.00
2007-10-14T14:00:00,0.03,-0.32,0.08,1.57,-0.37,-0.68,1.22,-0.44,0.84,0,0,-1.00
2007-10-14T15:00:00,0.28,-0.51,0.37,1.61,-0.31,-0.33,1.19,-0.45,0.01,0,0,1.00
2007-10-14T16:00:00,0.35,-0.19,0.55,1.6,-0.22,-0.32,1.4,-0.43,0.04,0,0,1.00
2007-10-14T17:00:00,0.13,-0.57,0.33,1.59,-0.3,-0.35,1.45,-0.42,0.09,0,0,-1.00
2007-10-14T18:00:00,0.33,-0.28,0.54,1.61,-0.17,-0.27,1.37,-0.42,0.03,0,0,1.00
2007-10-14T19:00:00,0.48,-0.36,-0.26,1.62,-0.28,-0.37,1.34,-0.42,0.04,0,0,4.00
2007-10-14T20:00:00,0.5,-0.49,0.41,1.61,-0.36,0.09,1.44,-0.4,0.01,0,0,5.00
2007-10-14T21:00:00,0.64,-0.71,0.23,1.65,-0.46,0.03,1.45,-0.4,-0.05,0,0,4.00
2007-10-14T22:00:00,0.58,-0.89,-0.25,1.64,-0.43,-0.12,1.29,-0.44,-0.11,0,0,3.00
2007-10-14T23:00:00,0.46,-1.03,-0.26,1.57,-0.24,-0.1,1.13,-0.44,-0.13,0,0,1.00
2007-10-15T00:00:00,0.5,-1.0,0.06,1.55,-0.32,0.06,1.28,-0.43,-0.11,0,0,0.00
2007-10-15T01:00:00,0.28,-1.0,0.2,1.51,-0.29,0.05,1.42,-0.45,-0.1,0,0,-1.00
2007-10-15T02:00:00,0.41,-1.0,0.25,1.55,-0.36,0.14,1.53,-0.44,-0.1,0,0,-4.00
2007-10-15T03:00:00,0.25,-0.88,0.63,1.56,-0.3,0.37,1.51,-0.45,-0.11,0,0,-1.00
2007-10-15T04:00:00,0.49,-0.48,0.78,1.62,-0.21,0.4,1.42,-0.46,-0.11,0,0,0.00
2007-10-15T05:00:00,0.56,-0.26,0.86,1.65,-0.16,0.49,1.42,-0.52,-0.14,0,0,2.00
2007-10-15T06:00:00,0.54,0.57,0.92,1.61,0.27,0.42,1.47,-0.53,-0.16,0,0,2.00
2007-10-15T07:00:00,0.57,-0.91,0.59,1.57,-0.07,0.05,1.15,-0.51,-0.15,0,0,1.00
2007-10-15T08:00:00,0.26,-1.38,0.21,1.53,-0.24,-0.3,0.87,-0.51,-0.17,0,0,2.00
2007-10-15T09:00:00,0.42,-1.27,0.2,1.6,-0.2,-0.26,0.86,-0.51,-0.16,0,0,1.00
2007-10-15T10:00:00,0.37,-1.15,0.43,1.62,-0.22,-0.07,0.77,-0.47,-0.15,0,0,0.00
2007-10-15T11:00:00,0.06,-1.2,0.29,1.55,-0.26,-0.18,0.79,-0.5,-0.15,0,0,-2.00
2007-10-15T12:00:00,-0.11,-1.2,0.32,1.48,-0.31,-0.33,0.88,-0.51,-0.16,0,0,-1.00
2007-10-15T13:00:00,0.13,-1.21,0.26,1.59,-0.37,-0.37,0.59,-0.51,-0.16,0,0,4.00
2007-10-15T14:00:00,-0.22,-1.14,0.3,1.52,-0.26,-0.29,0.44,-0.49,-0.16,0,0,7.00
2007-10-15T15:00:00,-0.08,-1.18,0.27,1.58,-0.3,-0.25,0.41,-0.49,-0.16,0,0,4.00
2007-10-15T16:00:00,0.02,-1.14,0.33,1.61,-0.29,-0.09,0.43,-0.49,-0.16,0,0,0.00
2007-10-15T17:00:00,-0.07,-1.04,0.49,1.61,-0.29,0.02,0.36,-0.49,-0.16,0,0,1.00
2007-10-15T18:00:00,0.1,-1.03,0.38,1.61,-0.37,0.0,0.33,-0.53,-0.17,0,0,1.00
2007-10-15T19:00:00,0.09,-1.02,0.32,1.65,-0.31,-0.27,0.64,-0.58,-0.17,0,0,1.00
2007-10-15T20:00:00,-0.12,-0.89,0.53,1.63,-0.3,0.01,0.47,-0.6,-0.18,0,0,2.00
2007-10-15T21:00:00,0.3,-0.65,0.07,1.66,-0.03,-0.07,0.37,-0.53,-0.13,0,0,4.00
2007-10-15T22:00:00,0.04,-0.5,0.26,1.55,0.22,0.3,0.33,-0.48,-0.03,0,0,5.00
2007-10-15T23:00:00,0.06,-0.61,0.37,1.55,0.11,0.2,0.35,-0.51,-0.11,0,0,4.00
2007-10-16T00:00:00,0.19,-0.78,0.31,1.58,-0.28,0.02,0.63,-0.56,-0.15,0,0,0.00
2007-10-16T01:00:00,0.21,-0.75,0.38,1.62,-0.16,0.29,0.61,-0.55,-0.15,0,0,0.00
2007-10-16T02:00:00,0.07,-0.76,0.51,1.56,-0.19,0.28,0.83,-0.57,-0.16,0,0,0.00
2007-10-16T03:00:00,0.01,-0.71,0.63,1.55,-0.17,0.2,0.99,-0.57,-0.16,0,0,-1.00
2007-10-16T04:00:00,0.3,-0.56,0.25,1.48,0.07,0.19,0.5,-0.51,-0.09,0,0,1.00
2007-10-16T05:00:00,0.4,-0.27,0.0,1.52,0.15,-0.24,0.56,-0.47,0.06,0,0,4.00
2007-10-16T06:00:00,0.64,-0.32,-0.06,1.53,0.08,-0.22,0.65,-0.49,-0.08,0,0,5.00
2007-10-16T07:00:00,0.52,-0.57,0.03,1.45,-0.11,0.09,0.66,-0.49,-0.1,0,0,7.00
2007-10-16T08:00:00,0.54,-0.47,-0.18,1.44,0.01,-0.04,0.66,-0.47,-0.09,0,0,6.00
2007-10-16T09:00:00,0.33,-0.34,0.29,1.4,0.07,0.21,0.78,-0.45,0.07,0,0,5.00
2007-10-16T10:00:00,0.45,-0.46,0.17,1.4,-0.18,-0.01,0.79,-0.47,-0.03,0,0,3.00
2007-10-16T11:00:00,0.4,-0.41,0.2,1.36,-0.07,-0.03,0.45,-0.47,-0.03,0,0,1.00
2007-10-16T12:00:00,0.48,-0.63,-0.44,1.32,-0.08,-0.54,0.34,-0.49,-0.15,0,0,3.00
2007-10-16T13:00:00,0.55,-0.54,-0.43,1.34,-0.28,-0.72,0.24,-0.48,-0.15,0,0,4.00
2007-10-16T14:00:00,0.6,-0.56,-0.29,1.36,-0.2,-0.66,0.25,-0.48,-0.14,0,0,5.00
2007-10-16T15:00:00,0.67,-0.48,-0.29,1.4,-0.17,-0.87,0.14,-0.5,-0.15,0,0,0.00
2007-10-16T16:00:00,0.48,-0.48,-0.01,1.36,-0.08,-0.61,0.29,-0.45,-0.07,0,0,-4.00
2007-10-16T17:00:00,-0.04,-0.39,0.51,1.28,-0.07,0.01,0.27,-0.5,-0.1,0,0,-5.00
2007-10-16T18:00:00,-0.38,-0.06,0.64,1.2,0.24,0.3,0.17,-0.56,-0.16,0,0,-2.00
2007-10-16T19:00:00,0.07,-0.55,0.42,1.23,0.15,0.06,0.03,-0.52,-0.13,0,0,-1.00
2007-10-16T20:00:00,0.35,-0.38,0.33,1.32,0.42,-0.13,0.12,-0.45,-0.06,0,0,1.00
2007-10-16T21:00:00,0.28,-0.59,0.32,1.3,0.09,-0.01,0.02,-0.53,-0.14,0,0,2.00
2007-10-16T22:00:00,0.23,-0.66,0.02,1.28,0.29,-0.41,1.18,-0.52,-0.07,0,0,1.00
2007-10-16T23:00:00,0.28,-0.39,-0.02,1.31,0.24,-0.24,0.07,-0.51,-0.06,0,0,0.00
2007-10-17T00:00:00,0.07,-0.48,0.16,1.28,0.13,-0.02,0.06,-0.53,-0.08,0,0,-1.00
2007-10-17T01:00:00,0.06,-0.5,0.09,1.3,-0.0,-0.02,0.01,-0.52,-0.09,0,0,-2.00
2007-10-17T02:00:00,0.21,-0.52,0.09,1.32,-0.12,0.06,-0.09,-0.55,-0.13,0,0,-4.00
2007-10-17T03:00:00,0.3,-0.5,0.13,1.37,-0.16,0.02,-0.09,-0.53,-0.13,0,0,-3.00
2007-10-17T04:00:00,0.03,-0.4,0.34,1.27,-0.1,0.29,-0.05,-0.56,-0.12,0,0,-1.00
2007-10-17T05:00:00,-0.07,-0.31,0.36,1.23,0.07,0.33,-0.01,-0.56,-0.1,0,0,-1.00
2007-10-17T06:00:00,0.28,-0.33,0.16,1.33,-0.06,0.17,-0.05,-0.53,-0.07,0,0,1.00
2007-10-17T07:00:00,0.39,-0.31,0.1,1.38,-0.18,0.05,-0.04,-0.53,-0.1,0,0,3.00
2007-10-17T08:00:00,0.31,-0.41,0.05,1.36,-0.16,0.02,-0.08,-0.53,-0.11,0,0,2.00
2007-10-17T09:00:00,0.24,-0.45,0.05,1.33,-0.22,0.06,0.03,-0.55,-0.11,1,0,0.00
2007-10-17T10:00:00,0.25,-0.35,0.32,1.3,-0.16,0.44,0.2,-0.54,-0.09,1,0,-1.00
2007-10-17T11:00:00,0.17,-0.49,0.23,1.3,-0.29,0.39,0.26,-0.55,-0.11,1,0,-1.00
2007-10-17T12:00:00,0.18,-0.57,0.1,1.28,-0.27,0.36,0.26,-0.56,-0.13,1,0,-1.00
2007-10-17T13:00:00,0.28,-0.46,0.22,1.34,-0.34,0.56,0.37,-0.56,-0.12,1,0,1.00
2007-10-17T14:00:00,0.29,0.0,0.45,1.38,-0.2,1.02,0.82,-0.59,-0.13,1,0,4.00
2007-10-17T15:00:00,0.22,0.03,0.49,1.39,-0.34,1.17,0.93,-0.59,-0.13,1,0,3.00
2007-10-17T16:00:00,0.11,-0.35,0.39,1.38,-0.72,1.25,0.85,-0.58,-0.11,1,0,4.00
2007-10-17T17:00:00,0.24,0.0,0.61,1.38,-0.8,1.2,0.64,-0.58,-0.15,1,0,7.00
2007-10-17T18:00:00,0.45,-0.16,0.67,1.37,-1.0,1.58,1.31,-0.58,-0.15,1,0,8.00
2007-10-17T19:00:00,0.38,-0.61,0.44,1.45,-0.78,1.38,0.91,-0.57,-0.15,1,0,7.00
2007-10-17T20:00:00,0.31,-0.76,0.34,1.46,-0.73,1.19,0.82,-0.55,-0.14,1,0,6.00
2007-10-17T21:00:00,-0.15,-0.47,0.1,1.35,-0.72,0.88,0.8,-0.42,0.18,1,0,6.00
2007-10-17T22:00:00,-0.01,-0.47,0.12,1.36,-0.97,0.9,1.21,-0.42,0.32,1,0,5.00
2007-10-17T23:00:00,-0.26,-0.29,-0.05,1.46,-1.11,0.87,1.7,-0.46,0.45,1,0,5.00
2007-10-18T00:00:00,-0.41,0.35,-0.03,1.34,-0.44,0.79,1.19,-0.49,0.03,1,0,5.00
2007-10-18T01:00:00,-0.04,-0.81,-0.39,1.22,-0.65,0.6,0.82,-0.4,-0.09,1,0,7.00
2007-10-18T02:00:00,-0.07,-0.94,-0.49,1.14,-0.42,0.9,0.83,-0.43,-0.13,1,0,6.00
2007-10-18T03:00:00,0.66,-1.37,-0.1,1.18,-0.25,1.53,0.55,-0.5,-0.17,1,0,4.00
2007-10-18T04:00:00,0.82,-1.16,0.59,1.19,-0.36,1.97,1.19,-0.45,-0.15,1,0,2.00
2007-10-18T05:00:00,0.26,-1.67,0.08,1.03,-0.51,2.05,1.2,-0.47,-0.16,1,0,0.00
2007-10-18T06:00:00,-0.19,-1.76,-0.75,0.97,-0.6,1.81,0.84,-0.46,-0.17,1,0,4.00
2007-10-18T07:00:00,0.48,-1.56,0.04,0.86,0.01,1.47,0.98,-0.27,-0.13,1,0,11.00
2007-10-18T08:00:00,0.07,-1.28,-0.06,0.62,0.09,0.78,1.36,-0.27,-0.08,1,0,8.00
2007-10-18T09:00:00,0.07,-0.97,-0.53,0.55,0.39,0.67,1.19,-0.21,-0.05,1,0,-1.00
2007-10-18T10:00:00,1.01,-0.47,0.69,0.56,0.44,0.92,1.15,-0.06,-0.04,1,0,2.00
2007-10-18T11:00:00,1.04,0.09,0.66,0.59,0.41,0.75,0.78,-0.15,-0.07,1,0,0.00
2007-10-18T12:00:00,1.21,-0.2,0.81,0.69,0.31,1.13,0.63,-0.3,-0.14,1,0,1.00
2007-10-18T13:00:00,1.54,-0.42,0.88,0.65,0.82,1.06,0.3,-0.26,-0.16,1,0,7.00
2007-10-18T14:00:00,1.28,-0.93,0.48,0.38,0.81,0.34,0.34,-0.09,-0.13,1,0,9.00
2007-10-18T15:00:00,1.29,-1.07,0.25,0.56,0.8,0.77,0.38,0.06,-0.12,1,0,7.00
2007-10-18T16:00:00,0.91,-1.4,-0.07,0.25,0.27,0.37,0.45,0.19,-0.1,1,0,8.00
2007-10-18T17:00:00,0.41,-1.86,-0.21,-0.06,0.05,-0.12,0.38,0.15,-0.13,1,0,8.00
2007-10-18T18:00:00,0.83,-1.24,0.03,0.0,0.09,0.05,0.47,0.24,-0.07,1,0,7.00
2007-10-18T19:00:00,0.96,-1.59,-0.16,-0.15,0.33,-0.8,0.44,0.66,-0.08,1,0,-1.00
2007-10-18T20:00:00,1.26,-1.14,0.84,-0.07,0.38,0.04,0.29,1.1,-0.06,1,0,-11.00
2007-10-18T21:00:00,1.26,0.15,0.25,-0.34,1.74,-1.59,0.19,1.91,0.22,1,0,-15.00
2007-10-18T22:00:00,0.87,-1.05,0.3,-0.52,0.5,-1.02,0.12,1.59,0.09,1,0,-20.00
2007-10-18T23:00:00,0.61,-0.92,0.04,-0.72,0.76,-1.21,-0.11,1.25,0.11,1,0,-14.00
2007-10-19T00:00:00,0.86,-0.43,-0.37,-0.86,0.94,-1.69,-0.16,1.53,0.15,1,0,-14.00
2007-10-19T01:00:00,0.84,-0.18,0.35,-1.05,0.81,-1.39,0.02,1.06,0.27,1,0,-14.00
2007-10-19T02:00:00,0.92,-0.78,0.6,-1.06,0.2,-1.65,0.15,1.03,0.04,1,0,-17.00
2007-10-19T03:00:00,1.04,-1.42,0.5,-1.05,-0.55,-2.28,0.03,0.73,-0.1,1,0,-12.00
2007-10-19T04:00:00,1.25,-0.33,0.35,-0.92,1.21,-2.25,0.18,1.01,0.05,1,0,-6.00
2007-10-19T05:00:00,1.45,-0.02,0.3,-0.94,1.43,-1.94,0.13,0.64,-0.04,1,0,-5.00
2007-10-19T06:00:00,0.66,-1.09,0.55,-1.41,-0.28,-0.79,-0.19,0.77,-0.07,1,0,-7.00
2007-10-19T07:00:00,0.58,-1.01,0.79,-1.41,-0.32,-0.35,-0.18,0.8,-0.07,1,0,-8.00
2007-10-19T08:00:00,0.5,-0.85,0.71,-1.42,-0.11,-0.32,-0.09,1.12,0.03,1,0,-8.00
2007-10-19T09:00:00,0.91,-0.54,0.77,-1.15,0.24,-0.55,-0.0,0.79,-0.02,1,0,-8.00
2007-10-19T10:00:00,0.86,-0.95,0.45,-1.14,-0.52,-1.37,-0.09,0.77,-0.04,1,0,-6.00
2007-10-19T11:00:00,0.41,1.06,-0.41,-1.41,1.28,-2.68,0.15,0.88,0.03,1,0,-7.00
2007-10-19T12:00:00,0.6,0.76,-0.3,-1.32,1.1,-2.28,0.01,0.81,0.08,1,0,-5.00
2007-10-19T13:00:00,0.46,0.83,-0.31,-1.5,1.61,-1.47,-0.3,0.43,-0.05,1,0,-7.00
2007-10-19T14:00:00,0.72,0.3,0.13,-1.34,1.43,-1.02,0.14,0.46,0.25,1,0,-7.00
2007-10-19T15:00:00,0.76,0.49,-0.22,-1.33,1.66,-0.59,-0.39,0.35,-0.05,1,0,-18.00
2007-10-19T16:00:00,0.9,0.09,0.18,-1.21,0.81,0.74,-0.44,0.12,-0.08,1,0,-19.00
2007-10-19T17:00:00,0.8,0.28,-0.29,-1.25,1.11,-0.47,-0.46,0.23,-0.07,1,0,-16.00
2007-10-19T18:00:00,0.73,0.49,0.11,-1.23,1.29,0.6,-0.49,0.26,-0.06,1,0,-17.00
2007-10-19T19:00:00,0.69,0.07,0.03,-1.31,1.23,1.01,-0.29,0.26,0.11,1,0,-22.00
2007-10-19T20:00:00,0.04,-0.79,0.24,-1.55,-0.8,0.73,-0.56,0.3,-0.06,1,0,-21.00
2007-10-19T21:00:00,-0.04,-0.72,0.31,-1.57,-0.88,0.68,-0.6,0.33,-0.05,1,0,-18.00
2007-10-19T22:00:00,-0.07,-0.84,0.28,-1.53,-1.0,0.26,-0.6,0.22,-0.09,1,0,-18.00
2007-10-19T23:00:00,0.54,-0.42,-0.07,-1.53,-0.17,-0.05,-0.54,0.16,-0.02,1,0,-14.00
2007-10-20T00:00:00,0.41,0.26,-0.34,-1.7,1.25,-0.75,-0.56,0.25,-0.01,1,0,-13.00
2007-10-20T01:00:00,0.41,0.5,-0.07,-1.79,1.44,-0.53,-0.56,0.28,0.0,1,0,-13.00
2007-10-20T02:00:00,0.63,0.25,-0.24,-1.62,1.04,-0.94,-0.59,0.1,-0.08,1,0,-14.00
2007-10-20T03:00:00,0.78,0.15,0.09,-1.47,0.86,0.25,-0.58,-0.02,-0.1,1,0,-19.00
2007-10-20T04:00:00,0.61,0.2,0.21,-1.51,1.03,0.31,-0.59,0.16,-0.02,0,0,-24.00
2007-10-20T05:00:00,0.71,0.01,-0.01,-1.4,0.8,-0.23,-0.64,-0.01,-0.09,0,0,-28.00
2007-10-20T06:00:00,0.47,-0.5,0.09,-1.49,-0.29,0.3,-0.65,0.1,-0.07,0,0,-24.00
2007-10-20T07:00:00,0.56,-0.37,0.02,-1.41,-0.34,-0.08,-0.57,0.17,-0.01,0,0,-21.00
2007-10-20T08:00:00,0.42,-0.07,0.18,-1.44,0.11,-0.01,-0.48,0.42,0.44,0,0,-19.00
2007-10-20T09:00:00,0.62,-0.14,0.02,-1.4,-0.13,-0.13,-0.45,0.35,0.12,0,0,-17.00
2007-10-20T10:00:00,0.44,-0.32,0.11,-1.43,-0.37,-0.27,-0.51,0.32,0.18,0,0,-14.00
2007-10-20T11:00:00,0.01,-0.53,0.42,-1.65,-0.52,-0.02,-0.52,0.21,0.01,0,0,-10.00
2007-10-20T12:00:00,0.44,-0.24,0.32,-1.73,0.13,-0.42,-0.46,0.29,0.15,0,0,-12.00
2007-10-20T13:00:00,0.41,-0.16,0.06,-1.74,0.06,-0.47,-0.56,0.31,0.32,0,0,-8.00
2007-10-20T14:00:00,0.54,0.0,0.03,-1.72,0.4,-0.75,-0.57,0.28,0.13,0,0,-5.00
2007-10-20T15:00:00,0.51,0.0,0.04,-1.39,0.29,-0.94,-0.56,0.36,0.19,0,0,-4.00
2007-10-20T16:00:00,0.34,0.1,0.01,-1.6,0.17,-0.72,-0.65,0.21,0.33,0,0,-8.00
2007-10-20T17:00:00,0.26,-0.24,0.08,-1.5,-0.34,-0.87,-0.69,0.17,0.3,0,0,-14.00
2007-10-20T18:00:00,0.17,0.02,0.29,-1.5,-0.16,-0.72,-0.72,0.05,0.26,0,0,-16.00
2007-10-20T19:00:00,0.2,0.08,0.29,-1.34,0.09,-0.41,-0.66,0.02,0.24,0,0,-20.00
2007-10-20T20:00:00,-0.11,-0.08,0.23,-1.31,0.19,-0.31,-0.6,-0.12,0.67,0,0,-17.00
2007-10-20T21:00:00,-0.1,-0.14,0.23,-1.25,-0.09,-0.15,-0.63,-0.14,0.47,0,0,-15.00
2007-10-20T22:00:00,0.36,-0.12,0.2,-0.94,0.07,0.07,-0.58,-0.11,0.12,0,0,-12.00
2007-10-20T23:00:00,0.49,-0.08,0.14,-0.78,0.47,-0.22,-0.59,0.08,0.08,0,0,-9.00
2007-10-21T00:00:00,0.43,-0.07,0.22,-0.74,0.61,0.15,-0.56,0.02,0.1,0,0,-10.00
2007-10-21T01:00:00,0.45,-0.34,0.3,-0.59,-0.4,0.13,-0.63,-0.23,-0.1,0,0,-10.00
2007-10-21T02:00:00,0.33,0.05,0.37,-0.55,0.03,0.44,-0.63,-0.3,-0.07,0,0,-7.00
2007-10-21T03:00:00,0.43,0.29,0.24,-0.42,0.41,-0.03,-0.6,-0.37,-0.12,0,0,-8.00
2007-10-21T04:00:00,0.13,0.41,0.18,-0.44,0.28,-0.15,-0.57,-0.42,-0.1,0,0,-8.00
2007-10-21T05:00:00,0.0,0.57,0.15,-0.42,0.36,-0.24,-0.61,-0.47,-0.15,0,0,-9.00
2007-10-21T06:00:00,0.04,0.52,0.26,-0.41,0.13,0.07,-0.59,-0.44,-0.14,0,0,-8.00
2007-10-21T07:00:00,0.36,0.34,0.05,-0.18,-0.05,-0.43,-0.53,-0.35,-0.08,0,0,-8.00
2007-10-21T08:00:00,0.07,0.43,0.29,-0.33,0.24,0.24,-0.57,-0.42,-0.12,0,0,-8.00
2007-10-21T09:00:00,-0.39,0.15,0.25,-0.5,-0.03,0.26,-0.45,-0.36,-0.05,0,0,-7.00
2007-10-21T10:00:00,0.21,-0.07,0.02,-0.22,-0.29,-0.02,-0.52,-0.23,0.76,0,0,-3.00
2007-10-21T11:00:00,0.33,-0.18,0.05,-0.1,-0.29,0.1,-0.56,-0.29,0.07,0,0,-4.00
2007-10-21T12:00:00,0.05,-0.05,0.05,-0.28,-0.15,-0.07,-0.44,-0.11,16.57,0,0,-5.00
2007-10-21T13:00:00,-0.18,-0.04,0.12,-0.24,-0.19,-0.09,-0.39,-0.2,1.36,0,0,-4.00
2007-10-21T14:00:00,0.43,-0.08,0.15,0.08,-0.09,0.21,-0.41,-0.24,0.08,0,0,-3.00
2007-10-21T15:00:00,0.51,0.08,0.08,0.12,0.33,-0.13,-0.45,-0.23,0.0,0,0,-3.00
2007-10-21T16:00:00,0.47,0.17,0.05,0.13,0.37,-0.11,-0.49,-0.26,-0.02,0,0,-6.00
2007-10-21T17:00:00,0.41,-0.02,0.03,0.13,-0.18,-0.22,-0.44,-0.28,0.08,0,0,-5.00
2007-10-21T18:00:00,0.45,-0.15,0.08,0.14,-0.27,-0.13,-0.47,-0.28,0.0,0,0,-3.00
2007-10-21T19:00:00,0.22,-0.3,0.12,0.12,-0.48,-0.05,-0.56,-0.22,0.13,0,0,-7.00
2007-10-21T20:00:00,0.25,-0.34,0.05,0.14,-0.42,-0.12,-0.53,-0.25,0.05,0,0,-9.00
2007-10-21T21:00:00,0.49,0.02,0.14,0.28,0.29,0.43,-0.47,-0.31,-0.03,0,0,-9.00
2007-10-21T22:00:00,0.43,0.07,0.08,0.26,0.4,0.26,-0.51,-0.25,0.04,0,0,-8.00
2007-10-21T23:00:00,0.36,-0.25,0.21,0.27,-0.31,0.44,-0.51,-0.3,-0.01,0,0,-9.00
2007-10-22T00:00:00,0.34,-0.2,0.27,0.29,-0.07,0.71,-0.51,-0.32,-0.02,0,0,-12.00
2007-10-22T01:00:00,0.53,0.05,0.17,0.41,0.22,0.47,-0.47,-0.35,-0.07,0,0,-10.00
2007-10-22T02:00:00,0.43,-0.22,0.24,0.39,-0.01,0.69,-0.52,-0.36,-0.08,0,0,-9.00
2007-10-22T03:00:00,0.53,-0.18,0.03,0.44,0.18,0.22,-0.41,-0.35,-0.07,0,0,-10.00
2007-10-22T04:00:00,0.37,-0.2,0.4,0.37,0.2,1.0,-0.46,-0.36,-0.09,0,0,-13.00
2007-10-22T05:00:00,0.11,-0.53,0.25,0.26,-0.34,0.57,-0.47,-0.42,-0.11,0,0,-10.00
2007-10-22T06:00:00,0.1,-0.35,0.5,0.29,-0.02,1.07,-0.44,-0.44,-0.13,0,0,-9.00
2007-10-22T07:00:00,0.19,-0.25,0.5,0.36,0.09,0.98,-0.44,-0.44,-0.12,0,0,-6.00
2007-10-22T08:00:00,0.26,-0.28,0.45,0.45,0.11,0.56,-0.3,-0.45,-0.11,0,0,-2.00
2007-10-22T09:00:00,0.34,-0.57,0.15,0.47,-0.22,0.08,-0.28,-0.45,-0.12,0,0,-1.00
2007-10-22T10:00:00,-0.14,-0.63,0.4,0.32,-0.35,0.32,-0.3,-0.48,-0.15,0,0,0.00
2007-10-22T11:00:00,-0.16,-0.41,0.6,0.33,0.05,0.64,-0.16,-0.47,-0.14,0,0,-1.00
2007-10-22T12:00:00,-0.5,-0.65,0.37,0.24,-0.11,0.4,-0.04,-0.48,-0.15,0,0,-1.00
2007-10-22T13:00:00,0.49,-0.27,0.19,0.49,0.43,0.22,0.21,-0.37,0.03,0,0,3.00
2007-10-22T14:00:00,-0.1,-0.76,0.48,0.38,0.08,0.68,0.05,-0.42,-0.13,0,0,4.00
2007-10-22T15:00:00,-0.66,-0.76,0.07,0.24,0.12,0.3,-0.1,-0.46,-0.16,0,0,4.00
2007-10-22T16:00:00,-0.62,-0.62,-0.35,0.21,0.29,0.07,-0.01,-0.43,-0.15,0,0,0.00
2007-10-22T17:00:00,-0.6,-0.52,-0.31,0.21,0.44,0.04,0.11,-0.4,-0.12,0,0,-1.00
2007-10-22T18:00:00,-0.62,-0.59,-0.11,0.19,0.31,0.26,0.15,-0.4,-0.11,0,0,-2.00
2007-10-22T19:00:00,-0.6,-0.64,-0.24,0.16,0.41,-0.45,0.06,-0.4,-0.13,0,0,-5.00
2007-10-22T20:00:00,-0.62,-0.66,-0.46,0.15,0.44,-0.39,-0.13,-0.4,-0.15,0,0,-5.00
2007-10-22T21:00:00,-0.47,-0.46,-0.34,0.14,0.41,-0.18,-0.08,-0.23,-0.07,0,0,-9.00
2007-10-22T22:00:00,-0.51,-0.39,-0.11,0.16,0.3,-0.13,-0.02,-0.24,-0.0,0,0,-13.00
2007-10-22T23:00:00,-0.09,-0.44,0.07,0.2,0.1,0.33,0.06,-0.26,0.25,0,0,-15.00
2007-10-23T00:00:00,-0.17,-0.46,0.13,0.22,0.04,-0.04,0.21,-0.31,0.17,0,0,-16.00
2007-10-23T01:00:00,-0.29,-0.35,-0.21,0.27,-0.21,-0.25,0.19,-0.35,0.05,0,0,-9.00
2007-10-23T02:00:00,-0.13,-0.27,-0.15,0.34,-0.28,0.01,0.13,-0.34,0.3,0,0,-5.00
2007-10-23T03:00:00,0.37,-0.3,-0.06,0.47,-0.38,0.1,0.06,-0.34,0.1,0,0,-7.00
2007-10-23T04:00:00,0.29,-0.32,-0.25,0.52,-0.5,-0.1,-0.1,-0.42,-0.06,0,0,-11.00
2007-10-23T05:00:00,0.18,-0.26,-0.29,0.58,-0.48,-0.12,-0.12,-0.43,-0.05,0,0,-13.00
2007-10-23T06:00:00,0.22,0.19,-0.03,0.52,-0.18,0.96,-0.18,-0.4,0.22,0,0,-14.00
2007-10-23T07:00:00,0.13,0.12,-0.17,0.54,0.13,1.75,-0.12,-0.27,0.4,0,0,-16.00
2007-10-23T08:00:00,0.13,-0.55,-0.04,0.49,-0.61,1.65,-0.12,-0.31,0.0,0,0,-15.00
2007-10-23T09:00:00,0.37,0.28,0.25,0.58,-0.14,1.66,-0.09,-0.36,0.01,0,0,-12.00
2007-10-23T10:00:00,0.68,0.17,0.29,0.64,-0.1,1.66,-0.12,-0.39,-0.1,0,0,-10.00
2007-10-23T11:00:00,0.77,0.2,0.19,0.63,-0.21,1.62,-0.02,-0.34,-0.09,0,0,-8.00
2007-10-23T12:00:00,0.21,0.14,0.49,0.56,-0.28,1.43,0.24,-0.29,0.11,0,0,-8.00
2007-10-23T13:00:00,0.27,-0.06,0.47,0.57,-0.43,1.27,0.26,-0.27,0.15,0,0,-6.00
2007-10-23T14:00:00,0.16,-0.38,0.46,0.61,-0.7,1.24,0.3,-0.29,0.07,0,0,-2.00
2007-10-23T15:00:00,0.05,-0.69,0.06,0.58,-0.88,1.17,0.44,-0.36,-0.0,0,0,-1.00
2007-10-23T16:00:00,0.03,-0.48,-0.16,0.6,-0.91,1.01,0.44,-0.34,0.13,0,0,-1.00
2007-10-23T17:00:00,-0.09,-0.64,0.13,0.75,-0.79,1.03,0.42,-0.38,-0.0,0,0,0.00
2007-10-23T18:00:00,0.27,-0.53,-0.16,0.79,-0.78,1.04,0.37,-0.34,0.02,0,0,-3.00
2007-10-23T19:00:00,0.13,-0.26,-0.17,1.01,-0.65,0.8,0.5,-0.31,0.47,0,0,-8.00
2007-10-23T20:00:00,0.34,-0.13,-0.07,1.13,-0.26,0.71,0.52,-0.27,0.63,0,0,-7.00
2007-10-23T21:00:00,0.21,-0.18,0.12,1.12,-0.26,0.76,0.44,-0.32,1.28,0,0,-6.00
2007-10-23T22:00:00,0.66,-0.03,0.02,1.13,-0.51,0.29,0.41,-0.21,0.12,0,0,-6.00
2007-10-23T23:00:00,0.7,-0.09,-0.06,1.1,-0.68,0.73,0.41,-0.2,0.08,0,0,-5.00
2007-10-24T00:00:00,0.68,-0.05,0.15,1.11,-0.81,0.88,0.41,-0.26,0.07,0,0,-3.00
2007-10-24T01:00:00,0.3,-0.12,0.37,1.1,-0.76,0.89,0.5,-0.33,0.26,0,0,-2.00
2007-10-24T02:00:00,0.14,-0.44,0.29,1.0,-0.65,0.91,0.58,-0.38,0.13,0,0,-2.00
2007-10-24T03:00:00,-0.32,-0.57,0.14,1.0,-0.74,0.8,0.59,-0.44,-0.03,0,0,-1.00
2007-10-24T04:00:00,0.54,-0.32,0.48,0.93,-0.52,0.45,0.34,-0.47,-0.11,0,0,1.00
2007-10-24T05:00:00,0.86,-0.02,0.27,0.96,-0.47,0.46,0.19,-0.48,-0.14,0,0,2.00
2007-10-24T06:00:00,0.82,0.09,0.09,1.01,-0.52,0.49,0.17,-0.47,-0.13,0,0,0.00
2007-10-24T07:00:00,0.59,-0.09,0.28,1.05,-0.47,0.61,0.18,-0.47,-0.08,0,0,0.00
2007-10-24T08:00:00,0.47,0.1,0.31,1.09,-0.39,0.57,0.14,-0.47,-0.05,0,0,-2.00
2007-10-24T09:00:00,0.37,0.06,0.16,1.09,-0.44,0.52,0.07,-0.48,0.07,0,0,-5.00
2007-10-24T10:00:00,0.42,-0.16,-0.02,1.11,-0.43,0.45,0.03,-0.46,0.01,0,0,-4.00
2007-10-24T11:00:00,0.33,-0.04,0.23,1.1,-0.38,0.48,0.04,-0.48,0.07,0,0,-2.00
2007-10-24T12:00:00,0.16,0.05,0.24,1.11,-0.42,0.4,-0.01,-0.5,0.25,0,0,-4.00
2007-10-24T13:00:00,0.3,-0.09,0.11,1.14,-0.46,0.31,0.03,-0.48,0.21,0,0,-1.00
2007-10-24T14:00:00,0.16,-0.2,-0.11,1.13,-0.26,0.25,0.07,-0.48,0.18,0,0,1.00
2007-10-24T15:00:00,-0.21,-0.2,-0.19,1.01,-0.09,0.86,0.6,-0.42,0.24,0,0,1.00
2007-10-24T16:00:00,-0.4,-0.64,0.1,1.02,-0.27,1.16,0.97,-0.4,-0.01,0,0,1.00
2007-10-24T17:00:00,0.17,-0.4,0.46,1.09,-0.33,1.03,1.02,-0.42,0.05,0,0,3.00
2007-10-24T18:00:00,0.43,-0.03,0.51,1.1,-0.37,1.01,0.93,-0.47,-0.03,0,0,4.00
2007-10-24T19:00:00,0.61,0.29,0.39,1.03,-0.38,0.8,0.58,-0.52,-0.12,0,0,4.00
2007-10-24T20:00:00,-0.17,0.35,0.04,1.03,-0.59,0.65,0.47,-0.47,0.12,0,0,4.00
2007-10-24T21:00:00,-0.27,0.61,0.17,1.01,-0.76,0.58,0.2,-0.5,-0.12,0,0,2.00
2007-10-24T22:00:00,0.01,0.53,0.27,1.01,-0.76,0.57,0.39,-0.51,-0.08,0,0,0.00
2007-10-24T23:00:00,0.1,0.44,-0.05,1.05,-0.5,0.52,0.67,-0.51,0.0,0,0,-2.00
2007-10-25T00:00:00,0.2,0.44,0.1,1.12,-0.76,0.68,0.48,-0.5,-0.02,0,0,-1.00
2007-10-25T01:00:00,0.11,0.38,0.18,1.14,-0.76,0.69,0.7,-0.51,0.05,0,0,3.00
2007-10-25T02:00:00,-0.04,0.32,0.08,1.15,-0.69,1.0,1.31,-0.51,0.34,0,0,2.00
2007-10-25T03:00:00,-0.2,0.37,-0.05,1.2,-0.65,0.91,1.15,-0.54,0.02,0,0,2.00
2007-10-25T04:00:00,-0.35,0.42,-0.05,1.23,-0.74,0.91,0.8,-0.56,-0.1,0,0,6.00
2007-10-25T05:00:00,-0.19,0.37,0.01,1.27,-0.56,0.97,0.73,-0.54,-0.0,0,0,4.00
2007-10-25T06:00:00,-0.0,0.05,0.23,1.2,-0.39,0.72,0.79,-0.5,1.16,0,0,0.00
2007-10-25T07:00:00,-0.32,-0.03,0.05,1.14,-0.57,0.58,0.71,-0.5,0.31,0,0,-2.00
2007-10-25T08:00:00,-0.03,-0.6,0.04,1.14,-0.45,0.54,0.43,-0.54,-0.1,0,0,-4.00
2007-10-25T09:00:00,0.25,-0.51,0.11,1.14,-0.5,0.39,0.43,-0.54,-0.09,0,0,-1.00
2007-10-25T10:00:00,-0.33,-0.24,-0.31,0.95,-0.6,0.72,1.09,-0.45,0.04,0,0,1.00
2007-10-25T11:00:00,-0.76,-0.02,-0.75,0.46,0.02,1.02,3.1,-0.15,0.09,1,0,2.00
2007-10-25T12:00:00,-1.07,-0.41,-0.64,0.47,0.0,1.48,4.22,-0.05,0.13,1,0,11.00
2007-10-25T13:00:00,1.0,1.5,0.59,0.23,-0.22,0.8,4.15,-0.03,-0.01,1,0,18.00
2007-10-25T14:00:00,0.63,1.26,0.68,-0.38,0.26,-0.79,0.3,1.79,0.07,1,0,13.00
2007-10-25T15:00:00,-0.82,1.61,-0.32,-0.88,1.1,-2.13,0.45,1.87,0.03,1,0,3.00
2007-10-25T16:00:00,-0.86,1.18,-0.5,-1.04,1.37,-2.52,0.64,2.18,0.18,1,0,-9.00
2007-10-25T17:00:00,-0.74,1.23,-0.26,-1.13,1.52,-2.29,0.71,2.36,0.28,1,0,-6.00
2007-10-25T18:00:00,-0.98,1.06,-0.29,-1.13,1.4,-2.26,0.65,1.42,0.12,1,0,-25.00
2007-10-25T19:00:00,-0.75,0.09,-0.06,-1.66,0.87,-0.06,-0.36,0.22,0.01,1,0,-38.00
2007-10-25T20:00:00,-0.33,-0.19,-0.19,-2.06,0.63,0.7,-0.59,0.07,0.08,0,0,-37.00
2007-10-25T21:00:00,-0.47,0.18,0.15,-1.96,-0.1,0.01,-0.59,0.05,0.03,0,0,-52.00
2007-10-25T22:00:00,-0.45,-0.24,0.36,-2.04,0.74,-0.48,-0.55,0.12,0.01,0,0,-53.00
2007-10-25T23:00:00,-0.46,-0.52,0.12,-1.98,1.06,0.0,-0.52,0.15,-0.02,0,0,-47.00
2007-10-26T00:00:00,-0.37,-0.66,0.28,-1.99,1.34,-0.51,-0.58,0.12,-0.08,0,0,-45.00
2007-10-26T01:00:00,-0.43,-0.28,0.35,-1.92,0.74,-0.76,-0.55,0.18,0.03,0,0,-43.00
2007-10-26T02:00:00,-0.29,-0.39,-0.07,-1.99,0.82,0.11,-0.52,0.34,0.22,0,0,-37.00
2007-10-26T03:00:00,-0.5,-0.03,0.18,-1.82,0.11,-0.31,-0.5,0.22,0.16,0,0,-34.00
2007-10-26T04:00:00,-0.68,0.19,0.03,-1.73,-0.12,-0.33,-0.47,0.18,-0.0,0,0,-35.00
2007-10-26T05:00:00,-0.71,-0.13,-0.07,-1.72,0.16,-0.5,-0.45,0.28,0.01,0,0,-29.00
2007-10-26T06:00:00,-0.5,-0.57,-0.01,-1.83,0.7,-1.03,-0.52,0.58,0.03,0,0,-26.00
2007-10-26T07:00:00,-0.2,-0.01,0.24,-1.89,0.21,-1.62,-0.46,0.58,1.54,0,0,-26.00
2007-10-26T08:00:00,-0.38,0.29,0.12,-1.76,-0.06,-1.23,-0.4,0.61,0.46,0,0,-23.00
2007-10-26T09:00:00,-0.59,-0.17,0.06,-1.63,0.52,-1.35,-0.35,0.5,0.24,0,0,-18.00
2007-10-26T10:00:00,-0.49,0.09,-0.15,-1.63,0.0,-0.81,-0.38,0.54,0.31,0,0,-17.00
2007-10-26T11:00:00,-0.47,0.3,-0.18,-1.58,-0.41,-0.76,-0.36,0.55,0.21,0,0,-15.00
2007-10-26T12:00:00,-0.41,0.63,-0.11,-1.62,-1.27,-0.9,-0.37,0.53,0.06,0,0,-18.00
2007-10-26T13:00:00,-0.37,0.15,0.09,-1.67,-0.69,-1.19,-0.39,0.66,0.86,0,0,-18.00
2007-10-26T14:00:00,-0.25,0.57,0.37,-1.65,-0.86,-2.1,-0.17,0.53,0.19,0,0,-18.00
2007-10-26T15:00:00,-0.43,0.33,-0.14,-1.7,-0.31,-0.85,-0.44,0.54,0.19,0,0,-24.00
2007-10-26T16:00:00,-0.22,0.47,-0.11,-1.74,-0.33,-0.82,-0.52,0.54,0.17,0,0,-22.00
2007-10-26T17:00:00,-0.39,0.4,0.14,-1.6,-0.06,-1.39,-0.54,0.55,0.15,0,0,-17.00
2007-10-26T18:00:00,-0.67,0.04,-0.24,-1.31,0.54,-0.22,-0.57,0.23,-0.05,0,0,-19.00
2007-10-26T19:00:00,-0.66,0.17,-0.27,-1.19,0.33,-0.19,-0.56,0.27,-0.05,0,0,-22.00
2007-10-26T20:00:00,-0.7,0.37,-0.01,-1.14,-0.11,-1.01,-0.55,0.18,-0.07,0,0,-22.00
2007-10-26T21:00:00,-0.56,0.61,-0.09,-1.17,-0.69,-0.97,-0.55,0.23,-0.08,0,0,-22.00
2007-10-26T22:00:00,-0.96,0.27,-0.08,-0.88,-0.05,-1.23,-0.57,-0.15,-0.15,0,0,-21.00
2007-10-26T23:00:00,-1.03,0.2,-0.09,-0.83,0.17,-1.37,-0.57,-0.19,-0.15,0,0,-20.00
2007-10-27T00:00:00,-1.09,0.03,-0.1,-0.86,0.36,-1.75,-0.55,-0.16,-0.15,0,0,-25.00
2007-10-27T01:00:00,-1.13,-0.0,0.0,-0.91,1.16,-2.31,-0.43,-0.03,-0.13,0,0,-24.00
2007-10-27T02:00:00,-1.08,0.18,-0.32,-0.83,-0.11,-1.77,-0.52,-0.05,-0.15,0,0,-20.00
2007-10-27T03:00:00,-0.56,0.48,-0.34,-0.92,-0.31,-0.85,-0.5,0.14,-0.09,0,0,-20.00
2007-10-27T04:00:00,-0.11,0.54,0.03,-1.09,-0.39,-0.66,-0.49,0.1,0.05,0,0,-18.00
2007-10-27T05:00:00,0.05,0.56,0.36,-1.12,-0.3,-1.44,-0.45,0.07,-0.01,0,0,-13.00
2007-10-27T06:00:00,-0.05,0.5,0.23,-1.03,-0.11,-1.22,-0.41,0.04,0.09,0,0,-13.00
2007-10-27T07:00:00,-0.36,0.25,-0.2,-0.88,-0.02,-0.52,-0.39,0.11,0.12,0,0,-11.00
2007-10-27T08:00:00,-0.37,-0.05,-0.27,-0.81,0.38,-0.55,-0.44,0.05,0.08,0,0,-10.00
2007-10-27T09:00:00,-0.25,0.02,-0.34,-0.9,0.14,-0.05,-0.5,0.0,0.04,0,0,-14.00
2007-10-27T10:00:00,-0.23,0.1,-0.34,-0.89,0.19,-0.07,-0.52,0.0,0.03,0,0,-18.00
2007-10-27T11:00:00,-0.04,0.45,-0.05,-0.95,-0.48,-0.52,-0.56,-0.08,0.03,0,0,-24.00
2007-10-27T12:00:00,-0.22,0.33,-0.03,-0.76,-0.28,-0.25,-0.54,-0.06,0.12,0,0,-24.00
2007-10-27T13:00:00,-0.04,0.35,-0.18,-0.75,-0.51,0.28,-0.52,-0.11,0.05,0,0,-17.00
2007-10-27T14:00:00,0.1,0.14,-0.26,-0.83,0.06,0.23,-0.56,-0.14,0.06,0,0,-14.00
2007-10-27T15:00:00,0.19,0.05,-0.32,-0.87,0.33,0.2,-0.54,-0.2,-0.02,0,0,-13.00
2007-10-27T16:00:00,0.08,0.52,-0.11,-0.84,-0.35,0.13,-0.58,-0.2,-0.08,0,0,-15.00
2007-10-27T17:00:00,0.1,0.57,0.03,-0.8,-0.5,-0.04,-0.56,-0.21,-0.08,0,0,-17.00
2007-10-27T18:00:00,-0.13,0.41,0.16,-0.69,-0.37,-0.31,-0.55,-0.19,0.01,0,0,-17.00
2007-10-27T19:00:00,-0.06,0.31,0.07,-0.62,-0.25,-0.19,-0.57,-0.24,0.13,0,0,-18.00
2007-10-27T20:00:00,-0.22,0.29,0.28,-0.48,-0.21,-0.45,-0.57,-0.29,-0.04,0,0,-18.00
2007-10-27T21:00:00,-0.2,0.35,0.17,-0.45,-0.41,-0.15,-0.57,-0.3,-0.03,0,0,-17.00
2007-10-27T22:00:00,0.02,0.13,-0.24,-0.52,-0.04,0.83,-0.54,-0.31,0.01,0,0,-19.00
2007-10-27T23:00:00,-0.25,0.18,0.04,-0.36,-0.07,0.53,-0.5,-0.31,0.16,0,0,-20.00
2007-10-28T00:00:00,-0.15,0.23,0.19,-0.4,-0.2,-0.11,-0.51,-0.27,0.17,0,0,-20.00
2007-10-28T01:00:00,-0.3,-0.02,-0.07,-0.35,0.07,0.31,-0.37,-0.29,0.2,0,0,-22.00
2007-10-28T02:00:00,-0.11,0.25,-0.2,-0.41,-0.21,0.26,-0.44,-0.31,0.02,0,0,-18.00
2007-10-28T03:00:00,0.11,0.34,0.31,-0.43,-0.4,-0.51,-0.5,-0.34,-0.05,0,0,-16.00
2007-10-28T04:00:00,0.21,0.28,0.02,-0.43,-0.38,0.07,-0.53,-0.33,0.05,0,0,-15.00
2007-10-28T05:00:00,0.17,0.31,0.08,-0.35,-0.44,-0.04,-0.31,-0.32,0.15,0,0,-13.00
2007-10-28T06:00:00,-0.14,0.22,-0.06,-0.24,-0.3,0.24,-0.47,-0.31,0.19,0,0,-14.00
2007-10-28T07:00:00,-0.12,0.3,0.1,-0.23,-0.42,0.03,-0.49,-0.27,0.16,0,0,-15.00
2007-10-28T08:00:00,-0.26,0.23,0.03,-0.21,-0.44,0.12,-0.5,-0.26,0.11,0,0,-13.00
2007-10-28T09:00:00,-0.23,0.23,-0.24,-0.25,-0.43,0.39,-0.5,-0.28,-0.04,0,0,-14.00
2007-10-28T10:00:00,-0.31,0.07,-0.32,-0.17,-0.2,0.61,-0.51,-0.3,-0.08,0,0,-12.00
2007-10-28T11:00:00,-0.42,-0.31,-0.04,-0.07,0.17,0.05,-0.51,-0.32,-0.07,0,0,-11.00
2007-10-28T12:00:00,-0.34,-0.41,-0.06,-0.13,0.4,0.24,-0.5,-0.3,-0.07,0,0,-8.00
2007-10-28T13:00:00,-0.15,0.14,-0.2,-0.21,-0.47,0.39,-0.49,-0.33,0.03,0,0,-5.00
2007-10-28T14:00:00,-0.49,-0.38,-0.04,-0.05,0.44,0.25,-0.43,-0.35,-0.1,0,0,-6.00
2007-10-28T15:00:00,-0.47,-0.11,-0.3,-0.01,0.11,0.55,-0.38,-0.32,-0.09,0,0,-7.00
2007-10-28T16:00:00,-0.34,-0.18,-0.32,-0.0,0.13,0.68,-0.34,-0.27,-0.05,0,0,-8.00
2007-10-28T17:00:00,-0.58,-0.16,0.08,0.08,0.14,0.29,-0.22,-0.23,0.01,0,0,-11.00
2007-10-28T18:00:00,-0.01,0.18,0.16,-0.03,-0.13,0.14,-0.39,-0.27,0.77,0,0,-10.00
2007-10-28T19:00:00,-0.51,0.06,-0.06,0.18,-0.15,0.67,-0.37,-0.29,-0.03,0,0,-14.00
2007-10-28T20:00:00,-0.33,0.35,0.12,0.15,-0.55,0.3,-0.4,-0.33,-0.03,0,0,-15.00
2007-10-28T21:00:00,-0.39,0.2,0.12,0.16,-0.36,0.33,-0.35,-0.32,0.03,0,0,-15.00
2007-10-28T22:00:00,-0.21,0.3,-0.06,0.13,-0.53,0.68,-0.35,-0.35,0.05,0,0,-20.00
2007-10-28T23:00:00,-0.25,0.36,-0.02,0.16,-0.71,0.63,-0.38,-0.34,-0.01,0,0,-20.00
2007-10-29T00:00:00,-0.47,0.17,-0.08,0.27,-0.3,0.89,-0.39,-0.36,-0.06,0,0,-21.00
2007-10-29T01:00:00,-0.56,-0.19,-0.01,0.33,0.32,0.5,-0.34,-0.35,-0.07,0,0,-18.00
2007-10-29T02:00:00,-0.52,0.08,0.22,0.38,-0.16,0.01,-0.43,-0.42,-0.11,0,0,-14.00
2007-10-29T03:00:00,-0.54,0.22,0.23,0.38,-0.43,0.22,-0.38,-0.41,-0.11,0,0,-11.00
2007-10-29T04:00:00,-0.66,-0.08,-0.07,0.44,0.15,1.04,-0.26,-0.4,-0.11,0,0,-10.00
2007-10-29T05:00:00,0.1,0.48,0.1,0.24,-0.7,0.83,-0.43,-0.4,-0.08,0,0,-6.00
2007-10-29T06:00:00,0.01,0.74,-0.04,0.17,-0.69,0.68,-0.51,-0.4,-0.15,0,0,-6.00
2007-10-29T07:00:00,-0.07,0.73,-0.26,0.1,-0.73,0.96,-0.5,-0.42,-0.16,0,0,-10.00
2007-10-29T08:00:00,-0.3,0.62,-0.32,0.21,-0.68,0.98,-0.48,-0.42,-0.16,0,0,-10.00
2007-10-29T09:00:00,-0.49,0.41,-0.42,0.28,-0.57,1.02,-0.51,-0.41,-0.16,0,0,-11.00
2007-10-29T10:00:00,-0.3,0.32,-0.45,0.28,-0.55,0.96,-0.41,-0.36,-0.13,0,0,-14.00
2007-10-29T11:00:00,-0.36,0.16,-0.35,0.29,-0.23,0.72,-0.36,-0.2,-0.05,0,0,-18.00
2007-10-29T12:00:00,-0.64,0.02,-0.38,0.47,-0.35,1.1,-0.55,-0.37,-0.15,0,0,-16.00
2007-10-29T13:00:00,-0.52,-0.0,-0.49,0.34,-0.19,1.01,-0.55,-0.3,-0.15,1,0,-14.00
2007-10-29T14:00:00,-0.62,0.48,-0.18,0.29,-0.47,0.86,-0.38,-0.26,-0.12,1,0,-14.00
2007-10-29T15:00:00,-0.23,0.64,0.13,0.01,-0.61,0.3,-0.3,-0.24,-0.07,1,0,-18.00
2007-10-29T16:00:00,-0.74,0.31,-0.58,-0.0,-0.22,1.1,-0.23,-0.29,-0.15,1,0,-18.00
2007-10-29T17:00:00,-0.48,0.59,-0.36,-0.14,-0.5,0.88,0.08,-0.03,-0.03,1,0,-16.00
2007-10-29T18:00:00,-0.54,0.58,-0.3,-0.2,-0.59,0.98,0.42,0.03,0.04,1,0,-12.00
2007-10-29T19:00:00,-0.72,0.17,-0.86,-0.15,-0.24,1.33,0.42,-0.11,-0.1,1,0,-17.00
2007-10-29T20:00:00,0.24,0.53,0.1,-0.42,-0.18,0.32,0.3,0.17,0.43,1,0,-19.00
2007-10-29T21:00:00,-0.12,0.23,-0.04,-0.63,0.39,0.06,-0.05,0.43,2.09,1,0,-21.00
2007-10-29T22:00:00,-0.6,-0.3,-0.27,-0.76,0.46,-0.62,-0.12,0.72,0.24,1,0,-20.00
2007-10-29T23:00:00,-0.13,0.48,0.02,-1.01,0.58,-1.01,-0.25,0.52,0.49,1,0,-17.00
2007-10-30T00:00:00,-0.49,0.04,-0.19,-0.98,1.31,-1.03,-0.25,0.54,0.36,1,0,-15.00
2007-10-30T01:00:00,-0.52,0.42,-0.26,-0.97,0.6,-1.09,-0.22,0.48,0.11,1,0,-21.00
2007-10-30T02:00:00,-0.54,0.16,-0.25,-0.97,1.16,-0.83,-0.3,0.32,0.11,1,0,-25.00
2007-10-30T03:00:00,-0.57,0.07,-0.02,-0.99,1.27,-0.33,-0.52,0.03,0.01,1,0,-26.00
2007-10-30T04:00:00,-0.6,0.16,0.03,-0.79,0.79,0.01,-0.64,0.03,-0.06,1,0,-23.00
2007-10-30T05:00:00,-0.59,0.15,0.09,-0.75,0.86,-0.36,-0.63,0.04,-0.05,1,0,-26.00
2007-10-30T06:00:00,-0.57,0.17,0.09,-0.67,0.98,-0.6,0.74,-0.18,0.28,0,0,-26.00
2007-10-30T07:00:00,-0.58,0.22,0.04,-0.63,0.98,-0.13,-0.68,-0.25,-0.12,0,0,-25.00
2007-10-30T08:00:00,-0.47,0.33,-0.04,-0.53,0.58,-0.24,-0.7,-0.2,-0.11,0,0,-20.00
2007-10-30T09:00:00,-0.39,0.34,-0.02,-0.28,0.04,-0.21,-0.57,-0.24,-0.07,0,0,-19.00
2007-10-30T10:00:00,-0.47,0.3,-0.1,-0.2,0.2,0.19,-0.54,-0.28,-0.09,0,0,-22.00
2007-10-30T11:00:00,-0.5,0.2,-0.08,-0.21,0.28,0.1,-0.5,-0.22,-0.06,0,0,-20.00
2007-10-30T12:00:00,-0.34,0.2,-0.08,-0.09,-0.01,0.17,-0.48,-0.19,0.07,0,0,-16.00
2007-10-30T13:00:00,-0.26,0.36,-0.06,-0.08,-0.14,0.18,-0.54,-0.29,-0.04,0,0,-14.00
2007-10-30T14:00:00,-0.19,0.26,-0.3,-0.06,-0.28,0.45,-0.6,-0.39,-0.12,0,0,-12.00
2007-10-30T15:00:00,-0.16,0.27,-0.01,-0.06,-0.3,0.12,-0.58,-0.3,0.06,0,0,-12.00
2007-10-30T16:00:00,-0.03,0.45,-0.04,0.03,-0.58,0.31,-0.5,-0.34,-0.06,0,0,-14.00
2007-10-30T17:00:00,-0.31,0.19,-0.29,0.07,-0.58,0.44,-0.47,-0.29,-0.07,0,0,-16.00
2007-10-30T18:00:00,-0.23,0.14,-0.19,0.06,-0.51,0.27,-0.46,-0.28,0.04,0,0,-14.00
2007-10-30T19:00:00,-0.22,0.01,-0.05,0.1,-0.36,-0.58,0.1,-0.18,1.34,0,0,-14.00
2007-10-30T20:00:00,-0.32,0.36,-0.0,0.09,-0.29,0.12,-0.33,-0.19,0.06,0,0,-15.00
2007-10-30T21:00:00,-0.43,0.2,-0.09,0.14,-0.25,0.22,-0.26,-0.24,0.05,0,0,-15.00
2007-10-30T22:00:00,0.01,0.4,0.05,0.07,-0.5,0.14,-0.3,-0.33,0.07,0,0,-16.00
2007-10-30T23:00:00,0.0,0.34,0.31,0.03,-0.3,-0.09,-0.37,-0.29,0.03,0,0,-17.00
2007-10-31T00:00:00,-0.22,0.41,0.06,0.1,-0.39,0.16,-0.34,-0.24,0.05,0,0,-17.00
2007-10-31T01:00:00,-0.37,0.28,0.0,0.09,-0.3,-0.02,-0.3,-0.14,0.13,0,0,-16.00
2007-10-31T02:00:00,-0.57,0.13,0.0,0.07,-0.25,-0.2,-0.25,-0.04,0.08,0,0,-14.00
2007-10-31T03:00:00,-0.56,-0.05,0.15,0.17,0.15,-0.39,-0.24,-0.16,0.05,0,0,-14.00
2007-10-31T04:00:00,0.07,0.36,0.11,0.09,-0.14,-0.26,-0.21,-0.3,0.19,0,0,-11.00
2007-10-31T05:00:00,-0.08,0.24,0.06,0.14,-0.14,-0.26,-0.17,-0.25,0.72,0,0,-10.00
2007-10-31T06:00:00,0.12,0.32,0.19,0.12,0.06,-0.33,-0.16,-0.28,0.24,0,0,-9.00
2007-10-31T07:00:00,-0.25,0.55,-0.05,0.14,-0.08,-0.37,-0.18,-0.33,-0.06,0,0,-12.00
2007-10-31T08:00:00,-0.27,0.06,-0.21,0.16,-0.02,-0.13,-0.29,-0.31,0.07,0,0,-9.00
2007-10-31T09:00:00,-0.32,-0.1,-0.12,0.17,0.08,-0.19,-0.36,-0.32,0.08,0,0,-8.00
2007-10-31T10:00:00,-0.1,0.04,-0.17,0.16,0.02,-0.15,-0.35,-0.33,0.25,0,0,-12.00
2007-10-31T11:00:00,-0.24,0.06,-0.15,0.2,-0.03,-0.05,-0.4,-0.34,0.11,0,0,-14.00
2007-10-31T12:00:00,-0.11,0.21,-0.13,0.19,-0.03,0.03,-0.46,-0.36,0.07,0,0,-12.00
2007-10-31T13:00:00,-0.22,0.18,-0.07,0.29,-0.18,0.44,-0.37,-0.36,0.12,0,0,-9.00
2007-10-31T14:00:00,-0.38,0.17,-0.06,0.32,-0.26,0.51,-0.35,-0.37,-0.01,0,0,-10.00
2007-10-31T15:00:00,-0.36,0.22,-0.07,0.41,-0.22,0.19,-0.4,-0.41,-0.05,0,0,-9.00
2007-10-31T16:00:00,-0.29,0.21,-0.16,0.42,-0.15,0.23,-0.44,-0.42,-0.07,0,0,-10.00
2007-10-31T17:00:00,-0.24,0.24,-0.09,0.41,-0.11,0.12,-0.47,-0.42,-0.04,0,0,-9.00
2007-10-31T18:00:00,-0.25,0.28,-0.07,0.45,-0.25,0.27,-0.46,-0.43,-0.06,0,0,-11.00
2007-10-31T19:00:00,-0.36,0.1,0.05,0.51,-0.25,0.37,-0.43,-0.42,-0.0,0,0,-10.00
2007-10-31T20:00:00,-0.06,0.14,-0.01,0.59,-0.39,0.08,-0.44,-0.42,0.5,0,0,-11.00
