2008-06-24T14:00:00,0.26,-0.43,-0.15,1.42,-0.45,-0.27,-0.14,-0.56,-0.14,0,0,-6.00
2008-06-24T15:00:00,0.29,-0.49,-0.06,1.41,-0.54,-0.13,-0.02,-0.55,-0.13,0,0,-5.00
2008-06-24T16:00:00,0.28,-0.59,-0.06,1.4,-0.62,-0.04,0.08,-0.54,-0.14,0,0,-5.00
2008-06-24T17:00:00,0.26,-0.53,0.33,1.42,-0.64,0.21,0.16,-0.55,-0.14,0,0,-4.00
2008-06-24T18:00:00,0.38,-0.42,0.1,1.43,-0.63,0.09,0.25,-0.55,-0.11,0,0,-2.00
2008-06-24T19:00:00,0.54,-0.73,0.08,1.3,-0.86,0.68,1.15,-0.53,-0.13,0,0,1.00
2008-06-24T20:00:00,0.47,-1.01,-0.01,1.25,-0.97,0.74,1.38,-0.53,-0.14,1,0,3.00
2008-06-24T21:00:00,0.14,-1.14,-0.28,1.26,-0.76,0.92,1.57,-0.52,-0.15,1,0,9.00
2008-06-24T22:00:00,-0.38,-0.83,-0.69,1.14,-0.37,0.57,2.09,-0.52,-0.14,1,0,8.00
2008-06-24T23:00:00,-0.91,-0.31,-0.85,1.14,-0.14,0.86,1.66,-0.53,-0.16,1,0,7.00
2008-06-25T00:00:00,-0.08,-0.45,-0.67,1.03,-0.15,0.66,2.66,-0.45,-0.04,1,0,5.00
2008-06-25T01:00:00,-0.57,-0.49,-0.53,1.13,-0.09,0.55,2.54,-0.44,-0.05,1,0,-4.00
2008-06-25T02:00:00,-0.37,-0.03,-0.72,1.17,-0.3,0.69,2.66,-0.43,-0.03,1,0,-12.00
2008-06-25T03:00:00,0.06,0.64,0.19,1.17,-0.31,0.18,2.36,-0.42,0.14,1,0,-19.00
2008-06-25T04:00:00,-0.19,0.55,-0.25,1.2,-0.21,0.25,1.81,-0.43,0.06,1,0,-24.00
2008-06-25T05:00:00,-0.18,0.44,0.01,1.2,-0.24,0.11,1.67,-0.41,0.33,1,0,-29.00
2008-06-25T06:00:00,-0.2,0.54,-0.24,1.16,-0.25,0.3,1.22,-0.42,0.02,1,0,-26.00
2008-06-25T07:00:00,0.09,0.51,0.01,1.11,0.06,0.01,0.38,0.2,0.64,1,0,-24.00
2008-06-25T08:00:00,0.49,-0.04,0.56,0.96,-0.42,-0.49,0.44,-0.06,0.12,1,0,-21.00
2008-06-25T09:00:00,0.63,-0.3,0.46,0.88,-0.8,-0.3,0.49,-0.21,0.01,1,0,-23.00
2008-06-25T10:00:00,0.92,-0.17,0.35,0.81,-0.79,-0.13,0.79,-0.35,-0.07,1,0,-17.00
2008-06-25T11:00:00,0.81,-0.02,0.36,0.85,-0.94,-0.09,0.89,-0.29,-0.0,1,0,-13.00
2008-06-25T12:00:00,0.93,0.2,0.24,0.86,-0.86,-0.13,0.94,-0.3,-0.03,1,0,-11.00
2008-06-25T13:00:00,0.69,0.38,0.21,0.92,-0.82,-0.22,1.1,-0.23,0.1,1,0,-9.00
2008-06-25T14:00:00,0.76,0.15,0.6,0.92,-0.44,-0.25,1.17,-0.23,0.0,1,0,-6.00
2008-06-25T15:00:00,-0.36,0.11,-0.2,0.89,-0.37,-0.07,2.72,-0.19,1.25,1,0,-4.00
2008-06-25T16:00:00,-0.52,1.17,0.54,0.77,-0.69,-0.21,2.45,-0.18,-0.02,1,0,-2.00
2008-06-25T17:00:00,-1.17,1.78,-0.53,0.4,-0.3,-1.84,0.38,0.62,-0.12,1,0,5.00
2008-06-25T18:00:00,-0.12,0.7,0.58,0.3,0.08,-1.55,0.52,0.92,0.36,1,0,9.00
2008-06-25T19:00:00,-1.37,1.8,0.17,0.17,-0.19,-1.64,0.46,0.6,-0.12,1,0,2.00
2008-06-25T20:00:00,-0.81,1.41,0.61,0.03,-0.06,-1.28,0.88,0.59,-0.03,1,0,-2.00
2008-06-25T21:00:00,-0.54,0.94,-0.19,-0.2,0.59,-0.1,0.79,1.11,0.31,1,0,-2.00
2008-06-25T22:00:00,-0.76,0.97,0.41,-0.32,0.3,-1.09,0.35,0.64,0.02,1,0,2.00
2008-06-25T23:00:00,-0.99,0.79,0.52,-0.46,0.59,-0.91,0.15,0.39,-0.06,1,0,4.00
2008-06-26T00:00:00,-0.79,1.06,0.17,-0.48,0.2,-0.7,0.08,0.46,-0.05,1,0,-2.00
2008-06-26T01:00:00,-0.58,0.66,-0.23,-0.53,0.63,-0.02,0.17,0.65,0.15,1,0,-3.00
2008-06-26T02:00:00,-0.53,1.32,0.42,-0.6,-0.4,-0.61,0.37,0.37,-0.06,1,0,-4.00
2008-06-26T03:00:00,-0.5,0.06,-0.6,-0.59,0.34,0.57,0.68,0.82,0.4,1,0,-10.00
2008-06-26T04:00:00,-0.49,0.55,0.06,-0.69,-0.67,0.76,0.26,0.87,0.53,1,0,-2.00
2008-06-26T05:00:00,-0.01,0.69,0.54,-1.08,0.48,0.15,-0.17,0.71,0.1,1,0,-5.00
2008-06-26T06:00:00,-0.27,1.08,0.2,-1.28,0.44,0.52,-0.06,1.05,0.06,1,0,-17.00
2008-06-26T07:00:00,-0.19,1.09,-0.06,-1.34,0.3,0.32,-0.2,0.89,0.01,1,0,-16.00
2008-06-26T08:00:00,-0.32,0.39,-0.16,-1.5,0.55,0.17,-0.3,0.78,0.42,1,0,-10.00
2008-06-26T09:00:00,-0.62,0.56,0.22,-1.47,0.01,-0.22,-0.36,0.49,0.01,1,0,-17.00
2008-06-26T10:00:00,-0.93,-0.04,0.04,-1.36,0.9,0.82,-0.31,0.48,0.0,1,0,-17.00
2008-06-26T11:00:00,-0.82,0.26,0.4,-1.39,0.37,-0.05,-0.27,0.46,0.0,1,0,-15.00
2008-06-26T12:00:00,-0.68,0.18,0.41,-1.44,0.74,-0.03,-0.3,0.4,0.04,1,0,-9.00
2008-06-26T13:00:00,-0.58,0.51,0.28,-1.42,0.06,0.35,-0.29,0.5,0.06,1,0,-6.00
2008-06-26T14:00:00,-0.63,0.88,0.2,-1.3,-0.08,0.61,-0.22,0.45,-0.04,1,0,-8.00
2008-06-26T15:00:00,-0.34,1.09,0.24,-1.41,-0.42,0.69,-0.16,0.55,-0.04,1,0,-3.00
2008-06-26T16:00:00,-0.43,0.98,0.23,-1.39,-0.42,0.71,-0.1,0.59,0.0,1,0,-2.00
2008-06-26T17:00:00,-0.3,0.09,0.68,-1.5,0.56,-0.56,-0.2,0.36,0.08,1,0,-1.00
2008-06-26T18:00:00,-0.24,0.46,0.58,-1.48,-0.11,-0.49,-0.27,0.28,0.03,1,0,-1.00
2008-06-26T19:00:00,-0.74,0.3,0.12,-1.2,0.05,0.36,-0.21,0.24,0.04,1,0,0.00
2008-06-26T20:00:00,-0.46,0.19,0.59,-1.29,0.27,-0.54,-0.26,0.22,0.02,1,0,3.00
2008-06-26T21:00:00,-0.4,0.37,0.45,-1.27,0.07,-0.07,-0.22,0.42,0.15,1,0,-2.00
2008-06-26T22:00:00,-0.41,0.48,0.33,-1.26,0.11,-0.08,-0.24,0.57,0.19,1,0,-3.00
2008-06-26T23:00:00,-0.33,0.2,0.1,-1.37,0.4,0.26,-0.3,0.59,0.95,1,0,-4.00
2008-06-27T00:00:00,-0.17,-0.29,-0.27,-1.57,0.97,0.7,-0.52,0.28,0.17,0,0,-7.00
2008-06-27T01:00:00,-0.35,0.03,0.39,-1.53,0.29,-0.76,-0.58,0.19,0.08,0,0,-12.00
2008-06-27T02:00:00,-0.25,0.3,0.35,-1.58,-0.19,-0.54,-0.63,0.11,0.03,0,0,-16.00
2008-06-27T03:00:00,-0.28,0.32,0.03,-1.57,-0.13,0.2,-0.64,0.12,0.11,0,0,-16.00
2008-06-27T04:00:00,-0.39,0.21,0.07,-1.54,0.08,0.19,-0.61,0.14,0.13,0,0,-13.00
2008-06-27T05:00:00,-0.31,0.22,-0.09,-1.54,-0.14,0.5,-0.62,0.25,0.19,0,0,-13.00
2008-06-27T06:00:00,-0.3,0.29,0.32,-1.47,-0.17,-0.39,-0.59,0.17,0.07,0,0,-14.00
2008-06-27T07:00:00,-0.41,0.17,0.29,-1.4,-0.01,-0.24,-0.55,0.22,0.11,0,0,-15.00
2008-06-27T08:00:00,-0.6,0.12,0.09,-1.26,0.07,0.29,-0.51,0.04,0.0,0,0,-15.00
2008-06-27T09:00:00,-0.45,0.02,0.2,-1.35,0.37,0.03,-0.53,0.12,0.15,0,0,-11.00
2008-06-27T10:00:00,-0.65,-0.45,0.01,-1.22,1.43,0.47,-0.52,0.05,-0.07,0,0,-7.00
2008-06-27T11:00:00,-0.82,0.18,-0.18,-1.11,0.01,0.91,-0.45,-0.01,-0.1,0,0,-5.00
2008-06-27T12:00:00,-0.64,0.41,0.25,-1.18,-0.66,-0.14,-0.44,0.11,-0.05,0,0,-5.00
2008-06-27T13:00:00,-0.18,-0.19,0.26,-1.52,0.4,0.28,-0.44,0.55,1.07,0,0,-9.00
2008-06-27T14:00:00,-0.43,-0.25,-0.14,-1.41,0.48,0.95,-0.48,0.47,0.23,0,0,-7.00
2008-06-27T15:00:00,-0.32,-0.01,0.08,-1.44,0.02,0.55,-0.48,0.33,0.83,0,0,-5.00
2008-06-27T16:00:00,-0.52,0.32,0.37,-1.23,-0.53,0.02,-0.5,0.15,-0.03,0,0,-7.00
2008-06-27T17:00:00,-0.23,0.14,0.45,-1.3,0.07,0.1,-0.49,0.2,0.14,0,0,-12.00
2008-06-27T18:00:00,-0.2,0.43,0.41,-2.28,-13.89,12.93,0.3,-0.45,-0.06,0,0,-11.00
2008-06-27T19:00:00,0.05,0.34,0.56,-2.43,-7.52,4.99,0.04,0.06,0.14,0,0,-9.00
2008-06-27T20:00:00,-0.51,0.41,0.31,-0.9,1.48,0.75,-0.46,-0.02,-0.05,0,0,-6.00
2008-06-27T21:00:00,-0.32,0.33,0.53,-0.94,0.08,-0.43,-0.51,0.09,-0.05,0,0,-4.00
2008-06-27T22:00:00,-0.03,0.05,0.53,-1.17,0.19,-0.71,-0.53,-0.01,0.01,0,0,-5.00
2008-06-27T23:00:00,0.3,0.02,0.46,-1.41,0.26,-0.88,-0.59,-0.12,-0.04,0,0,-4.00
2008-06-28T00:00:00,0.39,-0.09,0.39,-1.45,0.47,-0.85,-0.59,-0.19,-0.05,0,0,-2.00
2008-06-28T01:00:00,0.03,0.12,0.49,-1.25,0.06,-1.09,-0.61,-0.17,-0.04,0,0,-3.00
2008-06-28T02:00:00,0.06,0.31,0.53,-1.25,-0.21,-1.1,-0.64,-0.19,-0.11,0,0,-5.00
2008-06-28T03:00:00,-0.08,0.6,0.11,-1.12,-0.85,-0.45,-0.59,-0.19,-0.09,0,0,-7.00
2008-06-28T04:00:00,0.21,0.6,0.24,-1.2,-0.87,-0.6,-0.59,-0.23,-0.12,0,0,-8.00
2008-06-28T05:00:00,0.05,0.56,0.14,-1.08,-0.83,-0.58,-0.57,-0.2,-0.07,0,0,-8.00
2008-06-28T06:00:00,0.16,0.66,0.14,-1.12,-0.83,-0.55,-0.59,-0.25,-0.12,0,0,-8.00
2008-06-28T07:00:00,0.28,0.61,0.22,-1.19,-0.9,-0.81,-0.56,-0.17,-0.1,0,0,-9.00
2008-06-28T08:00:00,0.24,0.59,0.14,-1.14,-0.83,-0.67,-0.54,-0.12,-0.07,0,0,-9.00
2008-06-28T09:00:00,0.21,0.59,-0.05,-1.11,-0.71,-0.31,-0.57,-0.14,-0.08,0,0,-8.00
2008-06-28T10:00:00,0.06,0.52,0.06,-1.0,-0.7,-0.57,-0.56,-0.12,-0.03,0,0,-6.00
2008-06-28T11:00:00,-0.03,0.55,-0.03,-0.98,-0.72,-0.44,-0.56,-0.14,-0.05,0,0,-5.00
2008-06-28T12:00:00,-0.0,0.6,-0.13,-0.92,-0.64,-0.36,-0.54,-0.15,-0.08,0,0,-3.00
2008-06-28T13:00:00,0.06,0.62,-0.15,-0.92,-0.57,-0.48,-0.54,-0.15,-0.09,0,0,-3.00
2008-06-28T14:00:00,0.02,0.72,-0.01,-0.88,-0.72,-0.85,-0.52,-0.12,-0.1,0,0,-4.00
2008-06-28T15:00:00,-0.11,0.72,0.02,-0.74,-0.65,-1.03,-0.54,-0.08,-0.1,0,0,-4.00
2008-06-28T16:00:00,-0.34,0.55,0.06,-0.64,0.0,-1.03,-0.46,-0.01,-0.03,0,0,-5.00
2008-06-28T17:00:00,-0.51,0.1,-0.43,-0.51,0.7,-0.03,-0.54,-0.11,-0.11,0,0,-6.00
2008-06-28T18:00:00,-0.31,0.31,0.09,-0.57,0.51,-0.87,-0.46,0.13,0.24,0,0,-6.00
2008-06-28T19:00:00,-0.25,0.34,-0.21,-0.53,0.45,-0.84,-0.46,-0.0,0.05,0,0,-8.00
2008-06-28T20:00:00,0.37,0.64,0.28,-0.52,0.26,-1.34,-0.44,-0.02,-0.07,0,0,-10.00
2008-06-28T21:00:00,0.1,0.15,0.36,-0.33,0.16,-0.87,-0.48,-0.13,0.17,0,0,-7.00
2008-06-28T22:00:00,-0.47,0.36,0.03,-0.14,-0.24,-0.45,-0.46,-0.07,-0.01,0,0,-8.00
2008-06-28T23:00:00,-0.29,0.39,0.25,-0.12,-0.39,-0.87,-0.4,-0.08,0.05,0,0,-8.00
2008-06-29T00:00:00,-0.15,-0.14,-0.19,-0.14,0.33,0.02,-0.35,0.05,0.54,0,0,-8.00
2008-06-29T01:00:00,-0.33,0.03,-0.37,-0.03,-0.06,0.49,-0.31,0.04,0.07,0,0,-6.00
2008-06-29T02:00:00,-0.39,0.27,-0.08,-0.01,-0.46,0.08,-0.31,0.04,0.17,0,0,-4.00
2008-06-29T03:00:00,-0.47,0.46,0.11,0.05,-0.67,-0.18,-0.38,-0.04,-0.02,0,0,-10.00
2008-06-29T04:00:00,-0.32,0.57,0.3,-0.0,-0.82,-0.37,-0.42,-0.13,-0.07,0,0,-15.00
2008-06-29T05:00:00,-0.54,0.15,0.41,0.13,-0.19,-0.68,-0.41,-0.24,-0.08,0,0,-15.00
2008-06-29T06:00:00,-0.54,0.44,0.13,0.11,-0.71,0.11,-0.41,-0.14,-0.07,0,0,-12.00
2008-06-29T07:00:00,-0.35,-0.04,-0.21,0.02,-0.11,0.73,-0.43,-0.15,0.07,0,0,-10.00
2008-06-29T08:00:00,-0.43,0.23,-0.09,0.02,-0.5,0.35,-0.39,-0.09,0.07,0,0,-10.00
2008-06-29T09:00:00,-0.31,0.63,0.2,-0.06,-0.68,-0.03,-0.38,-0.26,-0.1,0,0,-10.00
2008-06-29T10:00:00,-0.4,0.54,0.15,-0.04,-0.7,-0.06,-0.33,-0.27,-0.08,0,0,-12.00
2008-06-29T11:00:00,-0.44,0.55,0.13,-0.02,-0.83,0.06,-0.28,-0.24,-0.07,0,0,-8.00
2008-06-29T12:00:00,-0.54,0.46,0.13,0.01,-0.69,0.25,-0.23,-0.25,-0.07,0,0,-6.00
2008-06-29T13:00:00,-0.61,0.03,-0.23,0.07,-0.49,0.67,-0.05,-0.13,0.02,0,0,-2.00
2008-06-29T14:00:00,-0.61,0.05,-0.16,0.07,-0.28,0.88,-0.02,-0.19,0.01,0,0,-1.00
2008-06-29T15:00:00,-0.47,0.14,0.2,-0.0,-0.49,0.33,0.06,-0.13,0.24,0,0,-3.00
2008-06-29T16:00:00,-0.54,-0.07,0.31,-0.01,-0.22,0.53,0.16,0.01,0.24,0,0,-5.00
2008-06-29T17:00:00,-0.69,-0.11,0.25,0.05,-0.17,0.44,0.18,-0.02,0.11,0,0,-6.00
2008-06-29T18:00:00,-0.48,0.71,0.16,-0.01,-1.08,0.76,0.23,-0.06,0.01,0,0,-1.00
2008-06-29T19:00:00,-0.67,0.53,-0.4,0.02,-0.84,1.24,0.07,-0.13,-0.08,0,0,1.00
2008-06-29T20:00:00,-0.49,0.43,-0.48,0.01,-0.63,1.44,0.04,-0.15,-0.07,0,0,3.00
2008-06-29T21:00:00,-0.33,-0.01,-0.42,0.07,-0.3,1.51,0.04,-0.13,0.06,0,0,-4.00
2008-06-29T22:00:00,-0.4,0.36,0.05,-0.07,-0.05,0.87,-0.17,0.01,0.18,0,0,-11.00
2008-06-29T23:00:00,-0.16,0.12,0.23,-0.23,0.37,1.22,-0.28,0.05,1.11,0,0,-19.00
2008-06-30T00:00:00,0.14,0.36,0.24,-0.17,0.08,0.94,-0.26,-0.03,0.28,0,0,-18.00
2008-06-30T01:00:00,-0.09,-0.24,0.21,-0.09,0.57,0.66,-0.24,-0.19,0.65,0,0,-15.00
2008-06-30T02:00:00,-0.24,0.53,-0.05,-0.07,-0.07,0.75,-0.21,-0.08,0.06,0,0,-13.00
2008-06-30T03:00:00,0.28,0.27,0.25,-0.25,0.33,0.32,-0.33,-0.06,0.21,0,0,-9.00
2008-06-30T04:00:00,-0.08,0.59,0.3,-0.09,-0.0,0.43,-0.5,-0.28,-0.11,0,0,-9.00
2008-06-30T05:00:00,-0.02,0.71,0.18,-0.09,-0.24,0.61,-0.57,-0.34,-0.14,0,0,-11.00
2008-06-30T06:00:00,-0.08,0.4,0.33,-0.08,0.17,0.34,-0.48,-0.22,-0.02,0,0,-14.00
2008-06-30T07:00:00,0.03,0.38,0.33,-0.07,0.34,0.33,-0.45,-0.25,-0.01,0,0,-14.00
2008-06-30T08:00:00,0.45,0.44,0.14,-0.24,0.12,0.29,-0.28,-0.34,-0.08,0,0,-10.00
2008-06-30T09:00:00,0.68,0.23,0.12,-0.25,0.26,0.3,-0.12,-0.32,-0.07,0,0,-6.00
2008-06-30T10:00:00,0.23,0.5,0.1,-0.13,-0.19,0.46,-0.08,-0.26,0.04,0,0,0.00
2008-06-30T11:00:00,-0.62,0.35,-0.2,-0.05,-0.19,0.77,-0.37,-0.27,-0.11,0,0,2.00
2008-06-30T12:00:00,-0.21,0.36,-0.18,-0.18,0.21,0.23,-0.25,-0.11,0.11,0,0,2.00
2008-06-30T13:00:00,0.15,0.44,-0.05,-0.08,0.16,0.14,-0.29,-0.11,0.13,0,0,0.00
2008-06-30T14:00:00,0.16,0.37,0.06,-0.1,0.29,-0.01,-0.21,-0.1,0.33,0,0,0.00
2008-06-30T15:00:00,-0.13,0.34,-0.12,0.02,0.35,0.27,-0.2,-0.11,0.27,0,0,0.00
2008-06-30T16:00:00,0.18,0.31,-0.08,-0.05,0.24,0.31,-0.36,-0.24,0.13,0,0,0.00
2008-06-30T17:00:00,0.38,0.33,0.06,-0.11,0.07,-0.06,-0.42,-0.25,-0.0,0,0,0.00
2008-06-30T18:00:00,0.01,0.47,-0.11,0.01,-0.01,-0.14,-0.47,-0.23,-0.03,0,0,-2.00
2008-06-30T19:00:00,-0.28,0.13,0.32,0.1,0.3,-0.34,-0.45,-0.26,0.05,0,0,-3.00
2008-06-30T20:00:00,-0.3,0.13,0.32,0.09,0.14,-0.11,-0.47,-0.28,0.01,0,0,-6.00
2008-06-30T21:00:00,-0.21,-0.0,0.3,0.07,0.03,-0.28,-0.42,-0.27,0.21,0,0,-8.00
2008-06-30T22:00:00,-0.37,0.24,-0.09,0.08,-0.07,-0.09,-0.45,-0.27,-0.01,0,0,-7.00
2008-06-30T23:00:00,-0.39,0.02,-0.03,0.03,-0.21,-0.26,-0.4,-0.25,0.11,0,0,-3.00
2008-07-01T00:00:00,-0.44,-0.06,-0.0,-0.01,0.19,0.09,-0.32,-0.22,0.11,0,0,---
2008-07-01T01:00:00,-0.37,-0.15,0.02,0.01,0.15,0.05,-0.31,-0.19,0.24,0,0,-6.00
2008-07-01T02:00:00,-0.23,0.13,0.1,0.09,-0.02,-0.22,-0.17,-0.16,0.87,0,0,-7.00
2008-07-01T03:00:00,-0.37,-0.09,0.06,0.18,0.14,-0.02,-0.19,-0.26,0.27,0,0,-5.00
2008-07-01T04:00:00,-0.43,0.05,0.13,0.23,0.11,-0.1,-0.07,-0.29,0.15,0,0,-5.00
2008-07-01T05:00:00,-0.55,0.12,0.07,0.28,-0.01,0.21,-0.0,-0.3,0.03,0,0,-4.00
2008-07-01T06:00:00,-0.38,0.22,0.32,0.3,-0.33,0.12,-0.12,-0.27,0.05,0,0,-1.00
2008-07-01T07:00:00,-0.64,0.1,0.32,0.31,-0.41,-0.09,-0.09,-0.27,-0.05,0,0,-1.00
2008-07-01T08:00:00,-0.8,0.04,0.29,0.3,-0.3,-0.04,-0.15,-0.27,-0.09,0,0,-3.00
2008-07-01T09:00:00,-0.87,0.3,-0.05,0.28,-0.41,0.01,0.08,-0.27,-0.09,0,0,-3.00
2008-07-01T10:00:00,-0.73,0.26,-0.46,0.33,-0.23,0.26,-0.21,-0.35,-0.14,0,0,0.00
2008-07-01T11:00:00,-0.41,0.42,-0.04,0.39,-0.12,0.2,-0.04,-0.3,-0.01,0,0,2.00
2008-07-01T12:00:00,-0.46,0.49,-0.14,0.41,-0.2,0.1,0.03,-0.29,-0.05,0,0,-3.00
2008-07-01T13:00:00,0.3,0.22,-0.01,0.39,-0.28,0.15,0.08,-0.28,0.36,0,0,-2.00
2008-07-01T14:00:00,-0.39,0.27,0.08,0.48,-0.44,0.19,-0.03,-0.39,0.02,0,0,-4.00
2008-07-01T15:00:00,-0.49,0.37,0.04,0.55,-0.44,-0.0,-0.2,-0.39,-0.08,0,0,-4.00
2008-07-01T16:00:00,0.21,0.33,0.29,0.67,-0.61,-0.27,-0.26,-0.44,-0.05,0,0,-7.00
2008-07-01T17:00:00,0.37,0.25,0.22,0.71,-0.44,-0.35,-0.37,-0.44,-0.08,0,0,-8.00
2008-07-01T18:00:00,0.22,0.26,0.3,0.77,-0.47,-0.53,-0.43,-0.48,-0.09,0,0,-5.00
2008-07-01T19:00:00,-0.06,0.32,0.29,0.78,-0.29,-0.55,-0.39,-0.48,-0.08,0,0,-2.00
2008-07-01T20:00:00,0.01,0.43,0.36,0.7,-0.02,-0.69,-0.29,-0.49,-0.12,0,0,-1.00
2008-07-01T21:00:00,0.0,0.77,0.23,0.66,-0.16,-0.32,-0.28,-0.48,-0.15,0,0,0.00
2008-07-01T22:00:00,-0.24,0.51,-0.16,0.69,-0.23,-0.02,-0.25,-0.42,-0.11,0,0,4.00
2008-07-01T23:00:00,-0.29,-0.13,-0.06,0.68,0.23,-0.02,-0.23,-0.41,0.13,0,0,9.00
2008-07-02T00:00:00,0.23,0.34,0.04,0.6,-0.08,-0.12,-0.36,-0.5,-0.08,0,0,6.00
2008-07-02T01:00:00,0.34,0.34,0.01,0.58,0.02,-0.06,-0.4,-0.51,-0.12,0,0,2.00
2008-07-02T02:00:00,0.13,0.33,0.11,0.67,-0.12,-0.33,-0.37,-0.48,-0.03,0,0,0.00
2008-07-02T03:00:00,0.26,0.38,0.1,0.7,0.11,-0.38,-0.47,-0.48,-0.11,0,0,-1.00
2008-07-02T04:00:00,0.11,0.11,0.1,0.83,0.3,-0.29,-0.3,-0.48,0.67,0,0,-2.00
2008-07-02T05:00:00,-0.14,-0.24,0.12,0.82,0.23,-0.24,-0.32,-0.49,0.1,0,0,-2.00
2008-07-02T06:00:00,-0.19,-0.28,0.12,0.86,0.14,-0.37,-0.34,-0.48,0.01,0,0,-4.00
2008-07-02T07:00:00,0.01,-0.17,0.32,0.85,-0.01,-0.45,-0.33,-0.49,0.01,0,0,-4.00
2008-07-02T08:00:00,0.13,0.06,0.15,0.82,-0.04,-0.51,-0.28,-0.45,0.78,0,0,-5.00
2008-07-02T09:00:00,0.45,0.04,0.13,0.88,-0.09,-0.43,-0.36,-0.5,-0.09,0,0,-5.00
2008-07-02T10:00:00,0.08,0.16,0.02,0.91,-0.14,-0.45,-0.29,-0.48,0.42,0,0,-3.00
2008-07-02T11:00:00,0.02,0.32,-0.0,0.93,-0.19,-0.46,-0.25,-0.48,0.01,0,0,-3.00
2008-07-02T12:00:00,0.24,0.11,0.12,0.95,-0.06,-0.48,-0.27,-0.48,0.16,0,0,-3.00
2008-07-02T13:00:00,0.35,0.29,0.06,0.95,0.01,-0.56,-0.29,-0.5,-0.09,0,0,-1.00
2008-07-02T14:00:00,0.34,0.25,0.1,0.96,0.04,-0.62,-0.23,-0.5,-0.06,0,0,-2.00
2008-07-02T15:00:00,0.24,0.31,0.1,0.98,-0.39,-0.46,0.95,-0.5,0.17,0,0,-1.00
2008-07-02T16:00:00,-0.11,0.18,-0.05,1.09,0.01,-0.37,-0.14,-0.46,0.24,0,0,-1.00
2008-07-02T17:00:00,0.22,0.34,0.08,1.04,-0.19,-0.44,-0.13,-0.5,-0.05,0,0,0.00
2008-07-02T18:00:00,0.26,0.18,0.26,1.06,-0.17,-0.49,-0.1,-0.48,0.01,0,0,-1.00
2008-07-02T19:00:00,0.34,0.14,0.24,1.07,-0.22,-0.53,-0.13,-0.49,-0.03,0,0,2.00
2008-07-02T20:00:00,0.54,0.23,0.28,1.1,-0.36,-0.54,-0.2,-0.53,-0.14,0,0,2.00
2008-07-02T21:00:00,0.31,0.42,0.18,1.13,-0.35,-0.58,-0.21,-0.51,-0.12,0,0,2.00
2008-07-02T22:00:00,-0.04,0.28,0.1,1.19,-0.25,-0.49,-0.13,-0.49,0.11,0,0,1.00
2008-07-02T23:00:00,-0.27,0.19,0.05,1.21,-0.33,-0.36,-0.06,-0.48,0.08,0,0,4.00
2008-07-03T00:00:00,0.16,0.3,0.31,1.19,-0.11,-0.64,-0.06,-0.54,-0.09,0,0,4.00
2008-07-03T01:00:00,-0.13,0.41,0.22,1.25,-0.18,-0.59,-0.11,-0.54,-0.11,0,0,3.00
2008-07-03T02:00:00,-0.11,0.3,0.11,1.24,-0.15,-0.57,-0.19,-0.54,-0.05,0,0,3.00
2008-07-03T03:00:00,-0.17,0.17,0.27,1.22,-0.05,-0.53,-0.13,-0.54,-0.04,0,0,1.00
2008-07-03T04:00:00,-0.01,0.13,0.2,1.23,-0.02,-0.46,-0.11,-0.54,0.21,0,0,-2.00
2008-07-03T05:00:00,-0.01,0.03,0.17,1.23,0.02,-0.49,-0.09,-0.54,1.08,0,0,-3.00
2008-07-03T06:00:00,-0.2,0.14,0.19,1.24,-0.06,-0.58,-0.07,-0.55,0.01,0,0,-3.00
2008-07-03T07:00:00,-0.03,0.15,0.12,1.25,-0.07,-0.48,-0.03,-0.54,0.41,0,0,-3.00
2008-07-03T08:00:00,0.0,0.04,0.1,1.29,0.02,-0.45,0.02,-0.53,4.94,0,0,-2.00
2008-07-03T09:00:00,0.25,0.04,0.08,1.28,-0.01,-0.46,-0.02,-0.53,0.19,0,0,1.00
2008-07-03T10:00:00,0.36,0.09,0.19,1.26,-0.04,-0.43,0.01,-0.51,-0.02,0,0,3.00
2008-07-03T11:00:00,0.13,0.32,0.11,1.24,-0.17,-0.38,0.29,-0.54,0.01,0,0,4.00
2008-07-03T12:00:00,-0.11,0.39,-0.05,1.28,-0.34,-0.18,0.37,-0.56,-0.07,0,0,4.00
2008-07-03T13:00:00,-0.21,0.21,-0.12,1.26,-0.28,-0.2,0.52,-0.57,-0.03,0,0,4.00
2008-07-03T14:00:00,0.16,0.22,0.19,1.26,-0.1,-0.23,0.48,-0.55,0.08,0,0,6.00
2008-07-03T15:00:00,0.2,0.33,0.23,1.21,0.05,-0.46,0.54,-0.55,-0.03,0,0,11.00
2008-07-03T16:00:00,0.05,0.42,0.04,1.23,-0.12,-0.53,0.54,-0.55,-0.04,0,0,12.00
2008-07-03T17:00:00,0.09,0.34,0.08,1.26,-0.03,-0.39,0.46,-0.54,0.02,0,0,13.00
2008-07-03T18:00:00,0.21,0.24,0.43,1.29,0.11,-0.39,0.24,-0.55,-0.11,0,0,13.00
2008-07-03T19:00:00,0.34,0.04,0.44,1.32,0.09,-0.48,0.23,-0.55,-0.11,0,0,13.00
2008-07-03T20:00:00,0.23,0.05,0.25,1.32,0.1,-0.6,0.36,-0.53,0.13,0,0,7.00
2008-07-03T21:00:00,-0.09,0.32,0.02,1.37,0.13,-0.49,0.38,-0.5,0.12,0,0,5.00
2008-07-03T22:00:00,0.03,0.3,0.09,1.36,0.15,-0.53,0.37,-0.5,0.2,0,0,4.00
2008-07-03T23:00:00,0.04,0.26,0.3,1.33,0.12,-0.56,0.48,-0.5,0.11,0,0,6.00
2008-07-04T00:00:00,0.13,0.37,0.15,1.39,0.05,-0.7,0.43,-0.51,0.04,0,0,5.00
2008-07-04T01:00:00,-0.06,0.37,0.25,1.4,0.04,-0.84,0.36,-0.53,-0.03,0,0,3.00
2008-07-04T02:00:00,0.01,0.19,0.17,1.4,-0.11,-0.72,0.54,-0.56,0.26,0,0,4.00
2008-07-04T03:00:00,0.12,0.14,0.1,1.47,-0.52,-0.53,0.65,-0.58,0.39,0,0,4.00
2008-07-04T04:00:00,0.44,0.14,0.05,1.52,-0.14,-0.79,0.27,-0.56,-0.09,1,0,5.00
2008-07-04T05:00:00,0.45,0.14,0.09,1.55,-0.2,-0.73,0.32,-0.57,-0.1,1,0,6.00
2008-07-04T06:00:00,0.37,0.19,0.17,1.56,-0.19,-0.63,0.48,-0.57,-0.07,1,0,5.00
2008-07-04T07:00:00,0.36,0.13,0.22,1.57,-0.29,-0.6,0.63,-0.57,-0.04,1,0,3.00
2008-07-04T08:00:00,0.23,0.19,0.11,1.58,-0.28,-0.59,0.77,-0.55,0.17,1,0,4.00
2008-07-04T09:00:00,0.19,0.15,0.12,1.56,-0.36,-0.6,1.01,-0.55,0.45,1,0,5.00
2008-07-04T10:00:00,0.25,0.31,0.34,1.55,-0.21,-0.23,0.85,-0.54,-0.04,1,0,7.00
2008-07-04T11:00:00,0.34,0.17,0.44,1.56,-0.25,-0.18,0.88,-0.54,-0.07,1,0,9.00
2008-07-04T12:00:00,-0.31,-0.29,-0.44,1.49,-0.45,-0.62,0.85,-0.55,-0.13,1,0,10.00
2008-07-04T13:00:00,0.01,-0.68,-0.41,1.52,-0.56,-0.5,0.77,-0.54,-0.14,1,0,9.00
2008-07-04T14:00:00,0.12,-0.76,0.04,1.54,-0.78,-0.4,0.96,-0.54,-0.12,1,0,9.00
2008-07-04T15:00:00,0.19,-0.67,0.27,1.51,-0.57,-0.6,0.56,-0.48,-0.09,1,0,7.00
2008-07-04T16:00:00,0.05,-0.22,0.39,1.44,-0.18,-0.86,0.54,-0.4,0.24,1,0,6.00
2008-07-04T17:00:00,0.1,-0.31,0.24,1.41,-0.22,-0.72,0.73,-0.37,0.52,1,0,6.00
2008-07-04T18:00:00,0.05,-0.25,0.29,1.33,-0.33,-0.64,1.01,-0.37,0.76,1,0,6.00
2008-07-04T19:00:00,-0.1,0.32,0.7,1.32,-0.24,-0.44,0.87,-0.39,-0.05,1,0,10.00
2008-07-04T20:00:00,0.12,-0.24,0.47,1.31,-0.51,-0.53,1.24,-0.36,0.28,1,0,14.00
2008-07-04T21:00:00,0.03,-0.15,0.5,1.38,-0.64,-0.62,1.23,-0.4,0.22,1,0,14.00
2008-07-04T22:00:00,0.31,-0.4,-0.08,1.39,-0.7,-0.61,1.2,-0.41,0.21,1,0,16.00
2008-07-04T23:00:00,0.35,-0.32,0.22,1.37,-0.61,-0.37,1.12,-0.42,0.24,1,0,15.00
2008-07-05T00:00:00,0.35,-0.71,0.24,1.31,-0.83,-0.36,1.5,-0.43,-0.02,1,0,11.00
2008-07-05T01:00:00,0.18,-0.2,0.22,1.27,-0.53,-0.42,2.47,-0.5,0.97,1,0,5.00
2008-07-05T02:00:00,0.58,-0.4,0.68,1.31,-0.74,-0.05,1.65,-0.48,-0.1,1,0,8.00
2008-07-05T03:00:00,0.53,-0.5,0.61,1.31,-0.68,-0.01,1.72,-0.5,-0.1,1,0,16.00
2008-07-05T04:00:00,0.69,-0.37,0.46,1.31,-0.55,0.1,1.84,-0.52,-0.1,1,0,13.00
2008-07-05T05:00:00,0.47,-0.22,0.45,1.3,-0.41,0.21,1.85,-0.55,-0.06,1,0,14.00
2008-07-05T06:00:00,0.54,-0.26,0.44,1.37,-0.36,0.31,2.05,-0.58,-0.11,1,0,16.00
2008-07-05T07:00:00,0.61,-0.34,0.38,1.37,-0.38,0.47,1.78,-0.56,-0.11,1,0,16.00
2008-07-05T08:00:00,0.62,-0.63,-0.34,1.41,-0.69,-0.04,0.66,-0.44,-0.12,1,0,13.00
2008-07-05T09:00:00,0.71,-0.66,-0.58,1.39,-0.57,-0.58,0.48,-0.44,-0.15,1,0,10.00
2008-07-05T10:00:00,0.16,-0.16,-0.73,1.18,-0.28,-0.61,0.8,-0.32,-0.06,1,0,5.00
2008-07-05T11:00:00,0.81,-0.62,-0.66,1.03,0.15,-0.64,0.31,-0.28,-0.13,1,0,2.00
2008-07-05T12:00:00,0.73,-0.7,-0.73,0.77,0.65,-1.49,0.16,-0.18,-0.13,1,0,4.00
2008-07-05T13:00:00,0.84,-0.99,0.05,0.82,0.52,-0.47,0.22,-0.04,-0.1,1,0,-2.00
2008-07-05T14:00:00,0.85,-0.94,0.31,0.89,0.24,-0.01,0.14,-0.09,-0.11,1,0,-5.00
2008-07-05T15:00:00,0.66,-0.88,0.4,0.86,0.52,-0.48,0.07,-0.1,-0.1,1,0,-10.00
2008-07-05T16:00:00,0.9,-0.98,0.46,0.97,0.44,-0.3,-0.02,-0.1,-0.13,1,0,-7.00
2008-07-05T17:00:00,0.68,-0.94,0.25,0.84,0.65,-0.65,0.16,0.11,-0.05,1,0,-4.00
2008-07-05T18:00:00,0.46,-0.58,0.62,0.77,1.07,-0.4,0.23,0.22,0.05,1,0,-4.00
2008-07-05T19:00:00,0.57,-0.83,0.29,0.84,1.11,-0.56,0.27,0.28,0.05,1,0,-2.00
2008-07-05T20:00:00,0.37,-0.91,0.09,0.77,1.07,-0.75,0.23,0.21,0.05,1,0,-4.00
2008-07-05T21:00:00,0.28,-0.81,-0.3,0.73,1.25,-1.41,0.15,0.19,0.03,1,0,-3.00
2008-07-05T22:00:00,0.4,-0.9,-0.01,0.72,0.88,-0.79,0.12,0.19,0.01,1,0,-3.00
2008-07-05T23:00:00,0.1,-0.83,-0.0,0.66,0.85,-0.88,0.01,0.09,0.04,1,0,-4.00
2008-07-06T00:00:00,-0.07,-0.8,0.16,0.6,0.9,-0.54,0.01,-0.03,0.02,1,0,-6.00
2008-07-06T01:00:00,0.47,-0.6,0.32,0.77,1.15,-0.46,0.24,0.01,0.08,1,0,-9.00
2008-07-06T02:00:00,0.66,-0.16,0.07,0.86,1.47,-1.11,0.4,-0.0,0.24,1,0,-9.00
2008-07-06T03:00:00,0.41,-0.48,-0.23,0.83,0.99,-1.47,0.29,-0.11,0.1,1,0,-6.00
2008-07-06T04:00:00,0.43,-0.55,-0.09,0.87,0.81,-1.26,0.22,-0.16,0.06,1,0,-1.00
2008-07-06T05:00:00,0.19,-0.71,0.04,0.85,0.65,-1.14,0.15,-0.24,-0.01,1,0,0.00
2008-07-06T06:00:00,0.09,-0.64,-0.17,0.84,0.52,-1.35,0.06,-0.3,-0.03,1,0,-3.00
2008-07-06T07:00:00,0.21,-0.5,0.07,0.91,0.39,-0.7,0.08,-0.3,0.09,1,0,-2.00
2008-07-06T08:00:00,0.14,-0.65,0.13,0.93,0.2,-0.6,0.07,-0.37,-0.04,1,0,-3.00
2008-07-06T09:00:00,0.2,-0.4,0.33,0.93,0.23,-0.45,0.17,-0.36,0.05,1,0,-3.00
2008-07-06T10:00:00,-0.2,-0.36,0.31,0.89,0.07,-0.42,0.25,-0.4,0.07,1,0,-1.00
2008-07-06T11:00:00,0.26,-0.44,0.21,0.96,-0.07,-0.4,0.27,-0.36,0.08,1,0,0.00
2008-07-06T12:00:00,0.22,-0.48,-0.04,1.0,-0.19,-0.34,0.24,-0.37,0.07,0,0,0.00
2008-07-06T13:00:00,0.24,-0.48,-0.11,1.02,-0.18,-0.39,0.14,-0.39,0.01,0,0,-3.00
2008-07-06T14:00:00,0.52,-0.31,0.06,1.05,-0.08,-0.17,0.13,-0.34,0.02,0,0,-4.00
2008-07-06T15:00:00,0.57,-0.2,-0.09,1.06,-0.08,-0.06,0.06,-0.36,-0.02,0,0,-1.00
2008-07-06T16:00:00,0.62,-0.04,-0.06,1.11,-0.05,0.1,-0.03,-0.38,-0.05,0,0,1.00
2008-07-06T17:00:00,0.64,0.04,-0.0,1.14,0.03,0.17,-0.04,-0.35,-0.04,0,0,0.00
2008-07-06T18:00:00,0.63,0.08,0.16,1.19,-0.1,0.25,-0.14,-0.43,-0.09,0,0,0.00
2008-07-06T19:00:00,0.55,0.11,0.3,1.2,-0.04,0.35,-0.14,-0.45,-0.1,0,0,-3.00
2008-07-06T20:00:00,0.6,0.14,0.16,1.23,0.05,0.22,-0.1,-0.46,-0.1,0,0,-3.00
2008-07-06T21:00:00,0.62,0.06,-0.07,1.21,-0.11,0.03,-0.04,-0.44,-0.09,0,0,-3.00
2008-07-06T22:00:00,0.61,0.13,-0.14,1.23,-0.03,0.08,-0.09,-0.46,-0.11,0,0,-5.00
2008-07-06T23:00:00,0.56,0.25,-0.16,1.24,0.08,0.02,-0.08,-0.46,-0.11,0,0,-4.00
2008-07-07T00:00:00,0.57,0.32,-0.14,1.24,0.12,0.04,-0.05,-0.46,-0.12,0,0,-5.00
2008-07-07T01:00:00,0.52,0.42,-0.16,1.24,0.14,-0.13,-0.08,-0.47,-0.13,0,0,-8.00
2008-07-07T02:00:00,0.46,0.34,-0.28,1.25,0.03,-0.37,-0.14,-0.49,-0.14,0,0,-8.00
2008-07-07T03:00:00,0.48,0.26,-0.25,1.29,0.05,-0.41,-0.17,-0.49,-0.13,0,0,-8.00
2008-07-07T04:00:00,0.1,-0.05,0.04,1.25,-0.16,-0.2,-0.05,-0.39,4.32,0,0,-8.00
2008-07-07T05:00:00,0.46,-0.06,-0.01,1.3,-0.07,-0.49,-0.1,-0.33,0.1,0,0,-9.00
2008-07-07T06:00:00,0.18,-0.36,0.12,1.26,-0.1,-0.17,-0.26,-0.36,0.1,0,0,-10.00
2008-07-07T07:00:00,0.29,-0.5,0.08,1.2,-0.24,-0.09,-0.33,-0.44,-0.1,0,0,-10.00
2008-07-07T08:00:00,0.17,-0.49,0.16,1.1,-0.46,-0.0,-0.36,-0.47,-0.11,0,0,-9.00
2008-07-07T09:00:00,0.28,-0.44,0.06,1.09,-0.36,0.22,-0.35,-0.45,-0.08,0,0,-7.00
2008-07-07T10:00:00,0.14,-0.47,0.16,1.17,-0.23,0.2,-0.33,-0.46,-0.08,0,0,-8.00
2008-07-07T11:00:00,-0.01,-0.53,0.21,1.26,-0.15,0.18,-0.36,-0.49,-0.12,0,0,-8.00
2008-07-07T12:00:00,-0.04,-0.42,0.21,1.32,-0.25,0.17,-0.3,-0.46,-0.05,0,0,-6.00
2008-07-07T13:00:00,0.17,-0.33,0.24,1.33,-0.1,0.33,-0.26,-0.43,0.01,0,0,-8.00
2008-07-07T14:00:00,0.05,-0.31,0.15,1.37,-0.19,0.45,-0.18,-0.47,0.13,0,0,-8.00
2008-07-07T15:00:00,0.1,-0.37,0.19,1.39,-0.35,0.23,-0.19,-0.5,-0.03,0,0,-6.00
2008-07-07T16:00:00,0.03,-0.35,0.24,1.36,-0.4,0.22,-0.22,-0.5,-0.04,0,0,-6.00
2008-07-07T17:00:00,-0.4,-0.35,0.24,1.27,-0.32,0.15,-0.24,-0.53,-0.13,0,0,-4.00
2008-07-07T18:00:00,-0.21,-0.53,0.07,1.34,-0.46,-0.02,-0.14,-0.52,-0.12,0,0,-3.00
2008-07-07T19:00:00,-0.12,-0.59,0.02,1.37,-0.48,0.05,-0.16,-0.53,-0.14,0,0,-2.00
2008-07-07T20:00:00,0.29,-0.28,-0.19,1.43,-0.25,-0.1,-0.18,-0.5,-0.1,0,0,-1.00
2008-07-07T21:00:00,0.08,-0.47,-0.22,1.38,-0.34,-0.12,-0.18,-0.53,-0.13,0,0,-2.00
2008-07-07T22:00:00,0.1,-0.49,0.04,1.39,-0.35,-0.05,-0.07,-0.5,-0.07,0,0,-3.00
2008-07-07T23:00:00,0.15,-0.54,-0.01,1.43,-0.4,-0.12,-0.14,-0.51,-0.12,0,0,-4.00
2008-07-08T00:00:00,0.15,-0.48,0.05,1.44,-0.29,0.01,-0.07,-0.5,-0.08,0,0,-1.00
2008-07-08T01:00:00,-0.02,-0.38,0.1,1.47,-0.21,-0.03,0.03,-0.5,0.04,0,0,0.00
2008-07-08T02:00:00,-0.19,-0.45,0.1,1.47,-0.25,0.02,-0.03,-0.54,-0.1,0,0,1.00
2008-07-08T03:00:00,-0.24,-0.4,0.14,1.49,-0.14,0.08,-0.06,-0.53,-0.09,0,0,3.00
2008-07-08T04:00:00,-0.07,-0.41,0.14,1.54,0.02,0.12,0.01,-0.54,-0.06,0,0,3.00
2008-07-08T05:00:00,-0.32,-0.27,0.33,1.52,-0.13,0.27,-0.05,-0.54,-0.11,0,0,3.00
2008-07-08T06:00:00,0.09,-0.38,0.24,1.57,0.01,0.11,0.27,-0.54,-0.04,0,0,2.00
2008-07-08T07:00:00,0.2,-0.37,-0.07,1.57,0.05,0.15,0.29,-0.55,-0.05,0,0,1.00
2008-07-08T08:00:00,0.39,-0.33,0.04,1.57,-0.05,0.16,0.25,-0.51,-0.05,0,0,2.00
2008-07-08T09:00:00,0.23,-0.11,-0.01,1.55,-0.03,0.15,0.7,-0.57,0.21,0,0,3.00
2008-07-08T10:00:00,0.28,-0.07,0.15,1.55,0.03,0.14,0.79,-0.58,0.07,0,0,3.00
2008-07-08T11:00:00,0.18,-0.03,-0.03,1.55,0.04,0.15,0.69,-0.58,0.36,0,0,4.00
2008-07-08T12:00:00,-0.28,-0.24,0.28,1.53,0.01,0.25,0.32,-0.57,-0.08,0,0,5.00
2008-07-08T13:00:00,0.03,-0.13,0.08,1.59,0.03,0.13,0.39,-0.57,1.51,0,0,3.00
2008-07-08T14:00:00,0.19,-0.12,-0.03,1.58,-0.1,0.15,0.56,-0.58,0.16,0,0,0.00
2008-07-08T15:00:00,0.1,-0.13,-0.01,1.58,-0.16,0.17,0.54,-0.58,0.5,0,0,1.00
2008-07-08T16:00:00,-0.3,-0.35,0.17,1.53,-0.43,0.29,0.21,-0.57,-0.11,0,0,1.00
2008-07-08T17:00:00,-0.31,-0.56,0.1,1.59,-0.26,0.09,0.01,-0.58,-0.16,0,0,0.00
2008-07-08T18:00:00,-0.25,-0.61,-0.03,1.57,-0.3,0.01,0.21,-0.58,-0.16,0,0,-1.00
2008-07-08T19:00:00,-0.27,-0.58,-0.01,1.56,-0.25,0.04,0.32,-0.58,-0.14,0,0,-3.00
2008-07-08T20:00:00,-0.24,-0.58,-0.02,1.54,-0.24,0.02,0.47,-0.57,-0.14,0,0,-1.00
2008-07-08T21:00:00,-0.28,-0.48,0.07,1.59,-0.11,0.05,0.47,-0.57,-0.11,0,0,0.00
2008-07-08T22:00:00,0.21,-0.37,-0.07,1.6,-0.06,0.07,0.74,-0.56,-0.04,0,0,2.00
2008-07-08T23:00:00,0.48,-0.09,-0.2,1.6,-0.13,-0.03,0.67,-0.57,-0.11,0,0,2.00
2008-07-09T00:00:00,0.45,-0.04,-0.21,1.58,-0.2,-0.03,0.89,-0.58,-0.1,0,0,2.00
2008-07-09T01:00:00,0.6,0.01,-0.22,1.53,-0.21,0.12,0.37,-0.55,-0.13,0,0,5.00
2008-07-09T02:00:00,0.69,0.22,0.01,1.48,-0.3,0.24,-0.09,-0.48,-0.13,0,0,8.00
2008-07-09T03:00:00,0.64,0.25,0.05,1.49,-0.22,0.24,-0.08,-0.46,-0.11,0,0,9.00
2008-07-09T04:00:00,0.64,-0.1,0.17,1.5,-0.21,0.37,-0.0,-0.42,-0.08,0,0,4.00
2008-07-09T05:00:00,0.52,-0.16,0.14,1.52,-0.04,0.46,0.23,-0.42,0.01,0,0,3.00
2008-07-09T06:00:00,0.69,0.12,0.17,1.51,0.19,0.37,0.38,-0.43,-0.07,0,0,1.00
2008-07-09T07:00:00,0.62,0.03,0.02,1.53,0.16,0.14,0.36,-0.42,-0.02,0,0,0.00
2008-07-09T08:00:00,0.5,-0.39,-0.09,1.51,-0.14,-0.2,0.4,-0.44,-0.05,0,0,2.00
2008-07-09T09:00:00,0.38,-0.48,-0.0,1.51,-0.12,-0.24,0.38,-0.47,-0.05,0,0,4.00
2008-07-09T10:00:00,-0.24,-0.32,0.34,1.36,-0.13,0.03,0.53,-0.47,0.02,0,0,4.00
2008-07-09T11:00:00,0.34,-0.42,0.11,1.49,-0.39,-0.16,0.44,-0.42,0.05,0,0,2.00
2008-07-09T12:00:00,0.05,-0.47,0.1,1.48,-0.3,-0.14,0.36,-0.5,0.0,0,0,2.00
2008-07-09T13:00:00,-0.12,-0.57,0.14,1.45,-0.29,-0.02,0.27,-0.51,-0.09,0,0,4.00
2008-07-09T14:00:00,-0.1,-0.4,0.12,1.43,-0.1,0.05,0.32,-0.51,0.04,0,0,6.00
2008-07-09T15:00:00,-0.3,-0.35,0.29,1.37,-0.12,0.39,0.27,-0.52,-0.07,0,0,7.00
2008-07-09T16:00:00,-0.36,-0.26,0.29,1.37,-0.04,0.46,0.24,-0.51,-0.06,0,0,7.00
2008-07-09T17:00:00,-0.2,-0.37,0.15,1.41,-0.25,0.25,0.23,-0.51,-0.0,0,0,4.00
2008-07-09T18:00:00,-0.11,-0.3,-0.14,1.41,-0.16,0.23,0.21,-0.51,0.03,0,0,3.00
2008-07-09T19:00:00,0.22,-0.37,0.25,1.46,-0.12,0.27,0.63,-0.49,0.05,0,0,4.00
2008-07-09T20:00:00,0.06,-0.29,0.25,1.41,-0.16,0.13,0.91,-0.48,0.35,0,0,5.00
2008-07-09T21:00:00,-0.13,-0.21,0.33,1.43,-0.3,-0.08,0.99,-0.53,0.12,0,0,2.00
2008-07-09T22:00:00,0.03,-0.21,0.16,1.43,-0.34,-0.08,1.15,-0.54,0.75,0,0,-1.00
2008-07-09T23:00:00,-0.2,-0.43,0.31,1.36,-0.21,0.3,0.51,-0.55,-0.1,0,0,1.00
2008-07-10T00:00:00,0.0,-0.76,0.12,1.43,-0.33,0.21,0.23,-0.56,-0.15,0,0,3.00
2008-07-10T01:00:00,-0.14,-0.75,0.3,1.44,-0.26,0.27,0.1,-0.56,-0.16,0,0,4.00
2008-07-10T02:00:00,-0.13,-0.6,0.41,1.46,-0.22,0.27,0.32,-0.55,-0.14,0,0,3.00
2008-07-10T03:00:00,-0.17,-0.42,0.36,1.37,0.12,0.41,0.34,-0.49,-0.06,0,0,5.00
2008-07-10T04:00:00,-0.05,-0.47,0.32,1.38,0.01,0.42,0.37,-0.47,-0.02,0,0,6.00
2008-07-10T05:00:00,0.03,-0.37,0.27,1.36,0.09,0.37,0.56,-0.42,0.2,0,0,9.00
2008-07-10T06:00:00,0.01,-0.05,0.52,1.34,0.25,0.3,0.7,-0.41,0.11,0,0,9.00
2008-07-10T07:00:00,0.19,-0.68,0.41,1.35,-0.08,0.18,0.83,-0.35,-0.01,0,0,10.00
2008-07-10T08:00:00,0.52,-0.44,-0.15,1.39,-0.14,-0.23,0.84,-0.32,0.06,0,0,11.00
2008-07-10T09:00:00,0.27,-0.32,-0.2,1.3,-0.35,-0.21,0.77,-0.31,0.29,0,0,13.00
2008-07-10T10:00:00,0.18,-0.92,-0.1,1.32,-0.21,-0.17,0.35,-0.4,-0.12,0,0,12.00
2008-07-10T11:00:00,0.01,-0.45,0.73,1.35,-0.17,0.15,0.31,-0.39,-0.1,0,0,10.00
2008-07-10T12:00:00,0.28,-0.06,0.51,1.4,0.03,-0.18,0.28,-0.27,0.09,0,0,3.00
2008-07-10T13:00:00,0.4,-0.47,0.51,1.43,-0.13,-0.29,0.13,-0.34,-0.08,0,0,-2.00
2008-07-10T14:00:00,0.51,-0.79,0.22,1.43,-0.22,-0.31,0.02,-0.35,-0.12,0,0,1.00
2008-07-10T15:00:00,0.51,-0.42,-0.37,1.47,-0.18,-0.46,0.07,-0.35,-0.1,0,0,3.00
2008-07-10T16:00:00,0.53,-0.22,-0.24,1.5,-0.12,-0.2,-0.0,-0.33,-0.04,0,0,3.00
2008-07-10T17:00:00,0.65,-0.08,-0.17,1.53,-0.09,-0.31,-0.08,-0.29,-0.05,0,0,2.00
2008-07-10T18:00:00,0.56,-0.13,-0.23,1.52,-0.08,-0.17,-0.09,-0.29,-0.04,0,0,-1.00
2008-07-10T19:00:00,0.46,-0.3,-0.22,1.48,-0.09,0.05,-0.04,-0.36,-0.05,0,0,-3.00
2008-07-10T20:00:00,0.48,-0.38,-0.21,1.47,-0.1,-0.1,-0.06,-0.39,-0.08,0,0,-3.00
2008-07-10T21:00:00,0.53,-0.13,-0.15,1.49,-0.09,0.07,-0.01,-0.39,-0.03,0,0,-2.00
2008-07-10T22:00:00,0.63,-0.18,-0.17,1.47,-0.06,0.09,-0.01,-0.4,-0.09,0,0,-6.00
2008-07-10T23:00:00,0.57,-0.21,-0.16,1.45,-0.16,0.04,0.09,-0.42,-0.07,0,0,-8.00
2008-07-11T00:00:00,0.56,-0.35,-0.12,1.36,-0.23,0.05,0.26,-0.47,-0.09,1,0,-9.00
2008-07-11T01:00:00,0.04,-0.09,0.61,1.19,-0.22,0.67,0.49,-0.49,-0.07,1,0,-6.00
2008-07-11T02:00:00,0.56,-0.45,0.52,1.22,-0.63,0.5,0.61,-0.47,-0.12,1,0,1.00
2008-07-11T03:00:00,0.75,-0.69,0.02,1.19,-1.01,0.34,1.07,-0.46,-0.11,1,0,6.00
2008-07-11T04:00:00,0.36,-0.67,0.31,1.14,-0.94,0.57,1.36,-0.48,-0.06,1,0,10.00
2008-07-11T05:00:00,-0.06,-0.12,0.81,1.17,-0.8,0.36,1.15,-0.51,-0.12,1,0,11.00
2008-07-11T06:00:00,0.5,-0.74,0.2,1.17,-1.05,0.26,1.45,-0.46,-0.07,1,0,10.00
2008-07-11T07:00:00,0.49,-0.84,-0.29,1.15,-1.11,0.17,1.96,-0.46,-0.09,1,0,8.00
2008-07-11T08:00:00,0.47,-0.26,0.65,1.02,-0.72,-0.03,1.2,-0.16,0.12,1,0,11.00
2008-07-11T09:00:00,0.45,-0.44,-0.5,0.95,-0.62,-0.49,1.07,-0.09,0.1,1,0,12.00
2008-07-11T10:00:00,0.46,-0.46,-0.52,1.04,-0.84,-0.75,1.13,-0.14,0.06,1,0,9.00
2008-07-11T11:00:00,0.57,-0.68,-0.45,1.05,-1.26,-0.6,0.74,-0.3,-0.08,1,0,10.00
2008-07-11T12:00:00,1.02,-1.0,-0.31,1.01,-1.15,-0.11,0.22,-0.3,-0.15,1,0,3.00
2008-07-11T13:00:00,0.75,-0.91,0.77,0.72,-0.17,0.42,0.21,-0.11,-0.12,1,0,-1.00
2008-07-11T14:00:00,0.48,-0.58,0.7,0.59,0.48,-0.23,0.41,0.11,0.01,1,0,-6.00
2008-07-11T15:00:00,0.07,-0.3,0.7,0.57,0.53,-0.47,0.6,0.15,0.22,1,0,-3.00
2008-07-11T16:00:00,-0.68,0.43,0.78,0.45,0.74,0.08,0.78,-0.17,-0.06,1,0,2.00
2008-07-11T17:00:00,-0.46,-0.0,1.04,0.5,0.17,0.39,0.94,-0.2,-0.07,1,0,4.00
2008-07-11T18:00:00,-0.5,-0.45,0.56,0.43,-0.08,0.04,1.05,-0.18,0.07,1,0,8.00
2008-07-11T19:00:00,-0.14,-0.42,0.4,0.37,-0.26,0.06,1.53,-0.04,0.75,1,0,12.00
2008-07-11T20:00:00,0.12,-0.43,0.66,0.37,-0.28,0.1,1.83,-0.07,0.32,1,0,13.00
2008-07-11T21:00:00,-0.62,0.08,0.73,0.1,-0.0,0.26,2.7,-0.06,0.25,1,0,16.00
2008-07-11T22:00:00,-0.53,-0.25,1.3,0.03,-0.3,0.66,2.17,-0.16,-0.06,1,0,20.00
2008-07-11T23:00:00,-0.98,0.14,2.01,0.02,-0.25,0.43,0.83,-0.37,-0.18,1,0,24.00
2008-07-12T00:00:00,-0.98,0.29,1.86,0.03,-0.01,-0.09,0.92,-0.43,-0.18,1,0,20.00
2008-07-12T01:00:00,-1.04,2.07,-0.14,-0.08,-0.02,0.63,1.11,-0.18,-0.15,1,0,17.00
2008-07-12T02:00:00,-0.32,0.74,-0.45,-0.12,-0.19,1.31,1.07,0.5,0.27,1,0,18.00
2008-07-12T03:00:00,0.8,-1.17,-0.18,-0.17,-0.12,1.38,0.75,1.1,0.12,1,0,16.00
2008-07-12T04:00:00,0.55,-1.16,-0.88,-0.17,0.01,1.03,0.53,1.16,0.01,1,0,8.00
2008-07-12T05:00:00,0.78,-1.8,-0.91,-0.21,-0.02,0.9,0.23,0.87,-0.11,1,0,-4.00
2008-07-12T06:00:00,0.73,-2.03,-0.85,-0.33,0.14,0.78,0.08,0.75,-0.14,1,0,-12.00
2008-07-12T07:00:00,0.99,-1.35,-0.11,-0.3,1.19,1.91,0.26,1.08,-0.03,1,0,-24.00
2008-07-12T08:00:00,1.15,-1.5,-0.18,-0.37,1.3,0.52,0.03,0.93,-0.1,1,0,-30.00
2008-07-12T09:00:00,1.13,-1.24,0.42,-0.84,1.79,0.83,0.16,0.83,-0.07,1,0,-34.00
2008-07-12T10:00:00,0.89,-0.6,0.29,-1.05,1.41,0.63,-0.34,0.85,-0.01,1,0,-30.00
2008-07-12T11:00:00,0.35,-0.73,-0.12,-1.38,0.72,-0.48,-0.44,1.14,0.12,0,0,-19.00
2008-07-12T12:00:00,0.48,-0.54,0.24,-1.4,0.86,-0.21,-0.37,0.96,0.21,0,0,-23.00
2008-07-12T13:00:00,0.44,-0.56,0.3,-1.41,-0.13,0.25,-0.41,0.85,0.15,0,0,-25.00
2008-07-12T14:00:00,0.06,-0.6,0.1,-1.5,0.19,-0.69,-0.41,0.85,0.36,0,0,-26.00
2008-07-12T15:00:00,0.66,-0.33,0.38,-1.31,0.26,-0.33,-0.5,0.32,-0.03,0,0,-25.00
2008-07-12T16:00:00,0.17,-0.29,0.13,-1.45,0.08,-0.57,-0.58,0.22,0.55,0,0,-27.00
2008-07-12T17:00:00,0.08,-0.66,0.2,-1.46,-0.63,-0.2,-0.62,0.15,-0.04,0,0,-26.00
2008-07-12T18:00:00,0.11,-0.57,-0.1,-1.39,-0.75,-1.08,-0.61,0.06,-0.03,0,0,-21.00
2008-07-12T19:00:00,0.5,-0.57,-0.05,-1.16,-0.46,-0.66,-0.58,0.09,-0.07,0,0,-20.00
2008-07-12T20:00:00,0.29,0.14,-0.06,-1.23,0.63,-0.58,-0.55,0.11,0.39,0,0,-23.00
2008-07-12T21:00:00,0.22,0.35,0.39,-1.32,0.88,0.23,-0.53,0.24,0.07,0,0,-23.00
2008-07-12T22:00:00,0.57,-0.26,0.25,-1.19,-0.06,0.05,-0.51,0.2,0.02,0,0,-23.00
2008-07-12T23:00:00,0.41,-0.3,0.37,-1.31,-0.11,0.4,-0.55,0.15,0.02,0,0,-19.00
2008-07-13T00:00:00,0.43,-0.52,0.13,-1.27,-0.66,-0.24,-0.54,0.2,0.0,0,0,-19.00
2008-07-13T01:00:00,0.46,-0.34,0.34,-1.24,-0.25,0.38,-0.53,0.25,0.03,0,0,-19.00
2008-07-13T02:00:00,0.6,-0.32,-0.08,-1.15,-0.39,-0.86,-0.49,0.18,-0.0,0,0,-17.00
2008-07-13T03:00:00,0.44,-0.41,0.05,-1.33,-0.55,-0.53,-0.52,0.17,0.06,0,0,-17.00
2008-07-13T04:00:00,0.27,-0.29,0.5,-1.51,-0.25,0.68,-0.48,0.21,0.04,0,0,-17.00
2008-07-13T05:00:00,0.22,0.02,0.03,-1.64,0.24,-0.38,-0.4,0.42,2.59,0,0,-16.00
2008-07-13T06:00:00,0.28,-0.24,0.31,-1.7,-0.1,0.35,-0.47,0.29,0.35,0,0,-14.00
2008-07-13T07:00:00,0.13,-0.52,-0.18,-1.71,-0.31,-0.69,-0.48,0.22,0.08,0,0,-12.00
2008-07-13T08:00:00,0.55,0.05,0.01,-1.55,0.62,-0.34,-0.42,0.28,0.2,0,0,-11.00
2008-07-13T09:00:00,0.49,0.03,0.09,-1.62,0.7,-0.08,-0.45,0.29,0.29,0,0,-15.00
2008-07-13T10:00:00,0.42,0.18,0.24,-1.7,0.74,0.01,-0.44,0.41,0.33,0,0,-11.00
2008-07-13T11:00:00,0.32,-0.34,0.12,-1.73,0.17,-0.34,-0.44,0.45,0.44,0,0,-12.00
2008-07-13T12:00:00,0.17,-0.25,-0.15,-1.76,0.23,-0.82,-0.51,0.42,0.56,0,0,-13.00
2008-07-13T13:00:00,0.34,0.1,0.22,-1.69,0.71,0.14,-0.49,0.43,0.55,0,0,-13.00
2008-07-13T14:00:00,0.48,-0.04,0.2,-1.64,0.39,0.13,-0.48,0.35,0.27,0,0,-16.00
2008-07-13T15:00:00,0.45,0.0,0.36,-1.65,0.36,0.46,-0.5,0.27,0.13,0,0,-16.00
2008-07-13T16:00:00,0.6,0.22,-0.12,-1.57,0.71,-0.44,-0.47,0.25,0.04,0,0,-16.00
2008-07-13T17:00:00,0.47,-0.32,-0.12,-1.6,-0.31,-0.3,-0.53,0.16,0.04,0,0,-12.00
2008-07-13T18:00:00,0.46,-0.35,-0.3,-1.71,-0.29,-0.4,-0.56,0.31,-0.01,0,0,-11.00
2008-07-13T19:00:00,0.38,-0.23,-0.09,-1.91,0.33,0.24,-0.5,0.45,0.36,0,0,-10.00
2008-07-13T20:00:00,0.0,0.23,-0.32,-2.13,1.01,-0.23,-0.49,0.52,0.27,0,0,-12.00
2008-07-13T21:00:00,0.32,-0.23,0.08,-1.96,0.38,0.5,-0.52,0.68,0.77,0,0,-11.00
2008-07-13T22:00:00,0.43,-0.11,0.08,-2.0,0.73,0.26,-0.52,0.4,0.4,0,0,-15.00
2008-07-13T23:00:00,0.38,-0.41,0.14,-2.0,-0.0,0.62,-0.61,0.2,0.05,0,0,-18.00
2008-07-14T00:00:00,0.54,-0.3,0.13,-1.88,-0.03,0.41,-0.64,-0.09,-0.07,0,0,-19.00
2008-07-14T01:00:00,0.61,-0.28,-0.01,-1.81,-0.14,0.03,-0.68,-0.23,-0.12,0,0,-19.00
2008-07-14T02:00:00,0.66,-0.23,0.01,-1.75,-0.16,-0.21,-0.66,-0.23,-0.13,0,0,-16.00
2008-07-14T03:00:00,0.49,-0.36,0.09,-1.7,-0.56,-0.0,-0.64,-0.1,-0.07,0,0,-16.00
2008-07-14T04:00:00,0.57,-0.27,0.15,-1.72,-0.67,-0.19,-0.66,-0.16,-0.1,0,0,-15.00
2008-07-14T05:00:00,0.45,-0.09,0.26,-1.88,-0.03,0.0,-0.57,0.12,0.1,0,0,-15.00
2008-07-14T06:00:00,0.09,-0.03,-0.22,-2.07,-0.07,-0.84,-0.6,0.66,0.73,0,0,-14.00
2008-07-14T07:00:00,0.27,-0.19,-0.04,-1.74,-0.28,-0.31,-0.59,0.48,0.71,0,0,-10.00
2008-07-14T08:00:00,0.46,-0.07,-0.02,-1.83,-0.04,-0.83,-0.62,0.25,0.15,0,0,-10.00
2008-07-14T09:00:00,0.45,-0.3,0.09,-1.81,-0.36,-0.49,-0.64,0.18,0.04,0,0,-14.00
2008-07-14T10:00:00,0.33,-0.33,0.03,-1.92,-0.29,-0.8,-0.58,0.23,0.2,0,0,-10.00
2008-07-14T11:00:00,0.37,-0.37,0.06,-1.86,-0.22,-0.94,-0.56,0.35,0.18,0,0,-9.00
2008-07-14T12:00:00,0.43,-0.46,0.26,-1.77,-0.41,-0.38,-0.56,0.33,0.03,0,0,-8.00
2008-07-14T13:00:00,0.26,-0.17,0.41,-1.89,0.04,-0.02,-0.62,0.34,0.13,0,0,-7.00
2008-07-14T14:00:00,0.38,-0.44,-0.21,-1.85,-0.17,-1.26,-0.62,0.15,-0.04,0,0,-7.00
2008-07-14T15:00:00,0.53,-0.38,0.07,-1.77,-0.15,-0.57,-0.66,-0.03,-0.08,0,0,-6.00
2008-07-14T16:00:00,0.45,-0.25,0.1,-1.73,0.94,-1.36,-0.63,0.11,0.05,0,0,-12.00
2008-07-14T17:00:00,0.27,-0.11,0.3,-1.94,0.45,0.27,-0.65,0.23,0.25,0,0,-11.00
2008-07-14T18:00:00,-0.01,-0.34,0.38,-2.1,-0.08,0.7,-0.69,0.09,0.02,0,0,-7.00
2008-07-14T19:00:00,0.26,-0.36,0.06,-1.87,-0.21,-0.19,-0.68,0.04,0.07,0,0,-4.00
2008-07-14T20:00:00,0.41,0.1,0.23,-1.69,0.66,0.41,-0.68,0.06,0.04,0,0,-6.00
2008-07-14T21:00:00,0.5,-0.07,-0.04,-1.62,0.27,-0.26,-0.67,-0.06,-0.03,0,0,-11.00
2008-07-14T22:00:00,0.28,-0.4,0.14,-1.77,-0.5,0.3,-0.7,0.11,0.03,0,0,-14.00
2008-07-14T23:00:00,0.34,0.17,0.08,-1.73,0.8,-0.12,-0.66,0.06,0.17,0,0,-16.00
2008-07-15T00:00:00,0.47,0.04,0.02,-1.65,0.4,-0.36,-0.6,-0.05,0.05,0,0,-14.00
2008-07-15T01:00:00,0.3,-0.4,0.02,-1.66,-0.55,-0.3,-0.7,-0.04,-0.02,0,0,-15.00
2008-07-15T02:00:00,0.38,-0.2,-0.03,-1.61,0.05,-0.37,-0.62,0.09,0.12,0,0,-13.00
2008-07-15T03:00:00,0.32,-0.26,0.25,-1.59,-0.21,0.42,-0.66,0.01,0.05,0,0,-13.00
2008-07-15T04:00:00,0.28,-0.05,0.2,-1.64,0.47,0.12,-0.64,0.03,0.33,0,0,-12.00
2008-07-15T05:00:00,0.3,-0.17,0.51,-1.6,0.07,0.91,-0.66,-0.02,-0.07,0,0,-10.00
2008-07-15T06:00:00,0.31,-0.24,0.35,-1.56,-0.12,0.5,-0.63,-0.0,0.01,0,0,-10.00
2008-07-15T07:00:00,0.47,-0.21,0.15,-1.39,0.03,-0.01,-0.61,-0.01,0.01,0,0,-9.00
2008-07-15T08:00:00,0.43,-0.15,0.01,-1.38,-0.24,-0.53,-0.64,-0.07,0.03,0,0,-7.00
2008-07-15T09:00:00,0.23,-0.23,0.21,-1.49,-0.24,0.26,-0.62,0.02,0.25,0,0,-7.00
