2009-01-02T02:00:00,-0.62,0.34,0.08,0.74,-0.47,0.1,-0.53,-0.38,-0.14,0,0,-6.00
2009-01-02T03:00:00,-0.46,0.34,0.05,0.81,-0.49,0.01,-0.39,-0.24,-0.04,1,0,-8.00
2009-01-02T04:00:00,-0.74,0.37,0.1,0.77,-0.47,-0.23,-0.48,-0.2,-0.12,1,0,-6.00
2009-01-02T05:00:00,-0.88,0.13,0.14,0.82,0.01,-0.53,-0.5,-0.23,-0.14,1,0,-6.00
2009-01-02T06:00:00,-0.93,0.06,0.08,0.84,0.04,-0.3,-0.54,-0.22,-0.14,1,0,-7.00
2009-01-02T07:00:00,-0.96,0.39,0.24,0.64,-0.78,-0.42,-0.66,-0.04,-0.15,1,0,-8.00
2009-01-02T08:00:00,-0.9,0.51,0.12,0.66,-1.31,-0.18,-0.68,-0.25,-0.17,1,0,-5.00
2009-01-02T09:00:00,-0.67,0.85,0.2,0.48,-1.73,-0.39,-0.55,-0.33,-0.17,1,0,-3.00
2009-01-02T10:00:00,-0.87,0.74,0.08,0.45,-1.19,-0.26,-0.68,-0.04,-0.16,1,0,-1.00
2009-01-02T11:00:00,-1.08,0.56,0.04,0.54,-1.24,0.11,-0.68,-0.08,-0.17,1,0,-2.00
2009-01-02T12:00:00,-0.85,0.77,0.12,0.63,-1.53,0.05,-0.54,-0.31,-0.17,1,0,-6.00
2009-01-02T13:00:00,-0.65,0.98,0.08,0.68,-1.77,0.06,-0.4,-0.4,-0.17,1,0,-10.00
2009-01-02T14:00:00,-0.56,1.06,-0.0,0.73,-1.89,0.13,-0.18,-0.42,-0.17,1,0,-8.00
2009-01-02T15:00:00,0.2,0.9,-0.18,0.68,-2.04,0.5,0.02,-0.45,-0.15,1,0,-6.00
2009-01-02T16:00:00,-0.06,0.8,-0.27,0.54,-1.46,0.58,-0.09,-0.26,-0.11,1,0,-2.00
2009-01-02T17:00:00,-0.43,0.72,-0.17,0.35,-0.35,0.19,-0.18,-0.06,-0.07,1,0,-2.00
2009-01-02T18:00:00,-0.55,0.77,-0.04,0.33,-0.15,0.02,-0.24,-0.07,-0.09,1,0,-8.00
2009-01-02T19:00:00,0.26,0.69,-0.23,0.01,0.33,0.26,-0.53,0.01,-0.1,1,0,-11.00
2009-01-02T20:00:00,0.21,0.85,-0.1,0.11,0.49,0.5,-0.45,0.01,-0.1,1,0,-11.00
2009-01-02T21:00:00,0.06,0.85,-0.21,0.18,0.58,0.45,-0.43,-0.02,-0.11,1,0,-10.00
2009-01-02T22:00:00,0.15,0.83,-0.38,0.1,0.49,0.6,-0.46,0.04,-0.12,1,0,-9.00
2009-01-02T23:00:00,0.0,0.92,-0.22,-0.0,-0.12,0.49,-0.37,0.01,-0.11,1,0,-4.00
2009-01-03T00:00:00,-0.54,0.64,-0.17,0.14,-0.38,0.75,-0.24,-0.15,-0.09,1,0,-7.00
2009-01-03T01:00:00,0.14,0.72,-0.17,-0.06,-0.43,0.61,-0.24,-0.23,-0.09,1,0,-9.00
2009-01-03T02:00:00,-0.17,0.7,-0.02,-0.01,0.01,0.55,-0.21,0.02,0.01,1,0,-7.00
2009-01-03T03:00:00,0.79,0.56,-0.55,-0.2,0.22,0.62,-0.35,-0.16,-0.15,1,0,-7.00
2009-01-03T04:00:00,-0.78,0.65,0.21,-0.34,-0.15,0.92,-0.24,0.48,-0.02,1,0,-8.00
2009-01-03T05:00:00,-0.66,0.26,0.28,-0.34,0.88,0.44,-0.06,0.21,0.1,1,0,-9.00
2009-01-03T06:00:00,-0.79,0.14,0.73,-0.26,0.99,0.18,0.07,0.1,-0.06,1,0,-11.00
2009-01-03T07:00:00,-0.63,0.75,-0.04,-0.22,0.26,1.12,0.02,0.15,-0.02,1,0,-8.00
2009-01-03T08:00:00,-0.24,0.63,-0.55,-0.35,0.4,1.48,-0.04,0.35,0.01,1,0,-4.00
2009-01-03T09:00:00,-0.43,0.24,-0.44,-0.27,0.89,1.31,-0.03,0.37,0.15,1,0,-3.00
2009-01-03T10:00:00,-0.49,0.24,0.03,-0.25,0.92,0.51,0.04,0.61,0.7,1,0,-8.00
2009-01-03T11:00:00,-0.68,0.23,0.04,-0.21,0.92,0.35,0.01,0.39,0.23,1,0,-12.00
2009-01-03T12:00:00,-0.77,0.31,0.06,-0.23,0.59,0.42,-0.07,0.21,0.05,1,0,-12.00
2009-01-03T13:00:00,-0.55,0.32,0.21,-0.48,0.29,-0.0,-0.29,0.03,0.04,1,0,-9.00
2009-01-03T14:00:00,-0.42,-0.17,-0.02,-0.58,0.88,0.41,-0.36,-0.02,0.2,1,0,-8.00
2009-01-03T15:00:00,-0.39,-0.37,-0.22,-0.57,1.12,0.72,-0.38,-0.02,0.02,1,0,-9.00
2009-01-03T16:00:00,-0.8,0.09,0.21,-0.44,0.54,-0.02,-0.3,-0.15,-0.08,1,0,-11.00
2009-01-03T17:00:00,-0.5,-0.02,0.44,-0.47,0.64,-0.63,-0.38,-0.04,-0.01,1,0,-15.00
2009-01-03T18:00:00,-0.19,-0.39,0.31,-0.6,1.13,-0.29,-0.41,-0.09,0.08,1,0,-16.00
2009-01-03T19:00:00,-0.5,-0.45,0.26,-0.42,1.11,-0.09,-0.44,-0.18,-0.07,1,0,-13.00
2009-01-03T20:00:00,-0.22,-0.25,-0.03,-0.47,0.9,0.34,-0.41,-0.09,0.41,1,0,-10.00
2009-01-03T21:00:00,-0.29,-0.34,-0.09,-0.38,0.92,0.43,-0.42,-0.13,0.09,1,0,-9.00
2009-01-03T22:00:00,-0.12,0.5,-0.06,-0.47,-0.08,1.03,-0.12,-0.23,0.05,1,0,-9.00
2009-01-03T23:00:00,-0.24,0.55,0.16,-0.3,-0.22,0.06,-0.6,-0.22,-0.1,1,0,-7.00
2009-01-04T00:00:00,-0.28,0.6,0.15,-0.29,-0.05,0.32,-0.63,-0.29,-0.13,1,0,-8.00
2009-01-04T01:00:00,-0.4,0.52,0.12,-0.1,-0.14,0.39,-0.58,-0.33,-0.13,0,0,-10.00
2009-01-04T02:00:00,-0.49,0.43,0.1,-0.02,-0.19,0.37,-0.52,-0.35,-0.12,0,0,-9.00
2009-01-04T03:00:00,-0.6,0.33,0.1,0.04,0.26,0.29,-0.51,-0.36,-0.13,0,0,-10.00
2009-01-04T04:00:00,-0.54,0.39,0.11,0.09,-0.03,0.25,-0.47,-0.35,-0.12,0,0,-11.00
2009-01-04T05:00:00,-0.51,0.4,0.03,0.12,-0.14,0.38,-0.48,-0.33,-0.11,0,0,-10.00
2009-01-04T06:00:00,-0.58,0.38,0.0,0.18,-0.18,0.26,-0.41,-0.31,-0.11,0,0,-9.00
2009-01-04T07:00:00,-0.58,0.36,0.11,0.21,-0.02,0.39,-0.46,-0.39,-0.13,0,0,-7.00
2009-01-04T08:00:00,-0.52,0.4,0.03,0.17,-0.08,0.44,-0.53,-0.37,-0.13,0,0,-7.00
2009-01-04T09:00:00,-0.23,0.52,-0.11,0.11,0.07,1.09,-0.02,-0.44,-0.08,0,0,-6.00
2009-01-04T10:00:00,0.15,0.66,-0.04,0.12,-0.48,0.41,-0.55,-0.49,-0.16,0,0,-5.00
2009-01-04T11:00:00,0.18,0.66,-0.08,0.12,-0.44,0.34,-0.53,-0.48,-0.16,0,0,-6.00
2009-01-04T12:00:00,0.17,0.67,-0.06,0.15,-0.36,0.24,-0.53,-0.49,-0.16,0,0,-7.00
2009-01-04T13:00:00,0.28,0.67,0.17,0.12,-0.37,-0.21,-0.53,-0.49,-0.16,0,0,-8.00
2009-01-04T14:00:00,0.24,0.55,-0.16,0.15,-0.4,0.41,-0.57,-0.4,-0.14,0,0,-9.00
2009-01-04T15:00:00,0.06,0.58,-0.25,0.24,-0.38,0.49,-0.58,-0.43,-0.15,0,0,-9.00
2009-01-04T16:00:00,-0.24,0.44,-0.28,0.35,-0.24,0.63,-0.56,-0.4,-0.14,0,0,-12.00
2009-01-04T17:00:00,-0.05,0.51,-0.17,0.29,-0.22,0.4,-0.55,-0.42,-0.13,0,0,-15.00
2009-01-04T18:00:00,-0.31,0.4,-0.01,0.3,-0.12,0.37,-0.45,-0.39,-0.09,0,0,-18.00
2009-01-04T19:00:00,-0.41,0.31,0.13,0.32,-0.19,0.12,-0.46,-0.39,-0.09,0,0,-19.00
2009-01-04T20:00:00,-0.25,0.4,0.08,0.28,-0.18,0.22,-0.47,-0.4,-0.08,0,0,-15.00
2009-01-04T21:00:00,-0.28,0.39,0.02,0.3,-0.18,0.13,-0.47,-0.42,-0.09,0,0,-12.00
2009-01-04T22:00:00,-0.42,0.26,0.01,0.35,-0.05,0.24,-0.42,-0.38,-0.07,0,0,-6.00
2009-01-04T23:00:00,-0.29,0.41,-0.04,0.34,-0.35,0.33,-0.47,-0.47,-0.12,0,0,-4.00
2009-01-05T00:00:00,-0.29,0.45,0.14,0.36,-0.39,0.09,-0.49,-0.45,-0.12,0,0,-5.00
2009-01-05T01:00:00,-0.2,0.44,0.05,0.36,-0.23,0.16,-0.44,-0.45,-0.1,0,0,-6.00
2009-01-05T02:00:00,0.32,0.52,0.18,0.26,0.1,0.11,-0.51,-0.51,-0.16,0,0,-5.00
2009-01-05T03:00:00,0.37,0.49,0.24,0.32,0.35,0.13,-0.5,-0.55,-0.17,0,0,-5.00
2009-01-05T04:00:00,0.26,0.57,0.28,0.38,0.18,-0.01,-0.56,-0.54,-0.17,0,0,-7.00
2009-01-05T05:00:00,0.36,0.59,0.09,0.34,-0.05,0.09,-0.47,-0.54,-0.17,0,0,-8.00
2009-01-05T06:00:00,0.24,0.6,-0.07,0.39,-0.11,0.26,-0.46,-0.53,-0.16,0,0,-10.00
2009-01-05T07:00:00,0.09,0.68,-0.07,0.45,-0.03,0.04,-0.55,-0.53,-0.17,0,0,-8.00
2009-01-05T08:00:00,0.08,0.76,0.04,0.46,0.02,0.03,-0.61,-0.53,-0.18,0,0,-8.00
2009-01-05T09:00:00,0.21,0.69,0.27,0.43,-0.15,-0.2,-0.48,-0.49,-0.16,0,0,-10.00
2009-01-05T10:00:00,0.47,0.57,0.17,0.39,-0.09,-0.27,-0.32,-0.52,-0.16,0,0,-9.00
2009-01-05T11:00:00,-0.13,0.62,0.21,0.52,-0.18,-0.11,-0.41,-0.47,-0.15,0,0,-6.00
2009-01-05T12:00:00,-0.05,0.64,0.16,0.57,-0.29,-0.23,-0.26,-0.49,-0.14,0,0,-6.00
2009-01-05T13:00:00,0.25,0.69,-0.22,0.54,-0.31,0.1,-0.2,-0.51,-0.16,0,0,-6.00
2009-01-05T14:00:00,0.19,0.74,-0.06,0.6,-0.35,-0.13,-0.21,-0.51,-0.16,0,0,-5.00
2009-01-05T15:00:00,0.13,0.58,-0.32,0.65,-0.4,0.3,-0.18,-0.5,-0.15,0,0,-7.00
2009-01-05T16:00:00,-0.05,0.22,-0.28,0.7,-0.09,0.09,-0.03,-0.43,0.0,0,0,-8.00
2009-01-05T17:00:00,0.12,0.42,-0.2,0.7,-0.09,0.05,0.0,-0.41,-0.03,0,0,-8.00
2009-01-05T18:00:00,0.08,0.6,-0.04,0.75,-0.25,0.03,-0.04,-0.42,-0.08,0,0,-12.00
2009-01-05T19:00:00,-0.07,0.22,-0.27,1.06,0.08,0.26,0.07,-0.39,0.06,0,0,-13.00
2009-01-05T20:00:00,-0.19,0.37,-0.01,0.83,-0.17,0.1,-0.06,-0.37,0.08,0,0,-12.00
2009-01-05T21:00:00,-0.17,0.24,-0.05,0.8,-0.01,0.21,-0.1,-0.37,0.26,0,0,-11.00
2009-01-05T22:00:00,0.07,0.32,0.35,0.74,-0.12,-0.24,-0.16,-0.38,0.01,0,0,-7.00
2009-01-05T23:00:00,-0.09,0.56,0.01,0.84,-0.23,0.18,-0.19,-0.4,-0.08,0,0,-7.00
2009-01-06T00:00:00,0.25,0.58,-0.15,0.79,-0.12,0.28,-0.31,-0.44,-0.13,0,0,-7.00
2009-01-06T01:00:00,0.42,0.53,-0.18,0.77,-0.05,0.29,-0.31,-0.45,-0.14,0,0,-4.00
2009-01-06T02:00:00,0.19,0.64,-0.1,0.81,-0.1,0.27,-0.35,-0.45,-0.14,0,0,-4.00
2009-01-06T03:00:00,0.12,0.53,0.02,0.8,-0.04,0.33,-0.32,-0.45,-0.1,0,0,-8.00
2009-01-06T04:00:00,0.25,0.58,-0.1,0.75,-0.22,0.32,-0.44,-0.48,-0.15,0,0,-11.00
2009-01-06T05:00:00,0.03,0.62,-0.14,0.81,-0.38,0.33,-0.55,-0.5,-0.16,0,0,-11.00
2009-01-06T06:00:00,-0.43,0.34,-0.04,0.95,-0.41,0.22,-0.42,-0.36,-0.09,0,0,-13.00
2009-01-06T07:00:00,-0.34,0.46,-0.06,0.95,-0.5,0.16,-0.51,-0.39,-0.12,0,0,-14.00
2009-01-06T08:00:00,0.27,0.35,-0.05,0.67,-0.52,-0.03,-0.48,-0.42,-0.08,0,0,-14.00
2009-01-06T09:00:00,-0.27,0.26,-0.16,0.96,-0.44,0.19,-0.5,-0.42,-0.08,0,0,-13.00
2009-01-06T10:00:00,-0.34,0.3,-0.21,1.02,-0.45,0.32,-0.5,-0.41,-0.12,0,0,-11.00
2009-01-06T11:00:00,-0.36,0.21,-0.21,1.04,-0.32,0.32,-0.48,-0.39,-0.1,0,0,-12.00
2009-01-06T12:00:00,0.05,0.35,-0.34,0.99,-0.29,0.49,-0.59,-0.51,-0.16,0,0,-11.00
2009-01-06T13:00:00,0.01,0.27,-0.4,1.03,-0.07,0.42,-0.6,-0.5,-0.16,0,0,-11.00
2009-01-06T14:00:00,-0.09,0.35,-0.37,1.04,0.15,0.87,-0.26,-0.5,-0.14,0,0,-12.00
2009-01-06T15:00:00,-0.14,0.4,-0.26,1.01,-0.24,0.76,-0.62,-0.51,-0.16,0,0,-13.00
2009-01-06T16:00:00,-0.14,0.42,-0.28,1.01,-0.13,0.58,-0.7,-0.5,-0.17,0,0,-13.00
2009-01-06T17:00:00,-0.44,0.3,-0.14,1.19,-0.12,0.41,-0.69,-0.48,-0.16,0,0,-14.00
2009-01-06T18:00:00,-0.43,0.38,0.06,1.22,-0.38,0.13,-0.61,-0.45,-0.14,0,0,-15.00
2009-01-06T19:00:00,-0.49,0.41,0.15,1.31,-0.48,0.02,-0.63,-0.52,-0.17,0,0,-15.00
2009-01-06T20:00:00,-0.46,0.49,0.13,1.29,-0.65,0.05,-0.64,-0.54,-0.17,0,0,-13.00
2009-01-06T21:00:00,-0.08,0.56,-0.02,1.22,-0.54,0.21,-0.41,-0.54,-0.15,0,0,-11.00
2009-01-06T22:00:00,0.04,0.66,-0.02,1.19,-0.61,0.23,-0.33,-0.55,-0.17,0,0,-9.00
2009-01-06T23:00:00,-0.08,0.73,-0.08,1.24,-0.59,0.42,-0.33,-0.55,-0.17,0,0,-6.00
2009-01-07T00:00:00,-0.24,0.63,-0.24,1.23,-0.36,0.61,-0.42,-0.54,-0.17,0,0,-6.00
2009-01-07T01:00:00,-0.29,0.64,0.07,1.24,-0.62,0.17,-0.26,-0.53,-0.16,0,0,-6.00
2009-01-07T02:00:00,-0.27,0.59,-0.06,1.25,-0.78,0.2,-0.02,-0.55,-0.15,0,0,-8.00
2009-01-07T03:00:00,0.01,0.4,0.08,1.24,-0.61,0.14,0.21,-0.57,-0.08,0,0,-11.00
2009-01-07T04:00:00,0.21,0.55,0.43,1.29,-0.44,0.16,0.08,-0.55,-0.15,0,0,-9.00
2009-01-07T05:00:00,-0.24,0.6,-0.07,1.38,-0.42,0.37,0.24,-0.55,-0.14,0,0,-7.00
2009-01-07T06:00:00,-0.35,0.28,-0.4,1.41,-0.36,0.73,0.18,-0.58,-0.16,0,0,-7.00
2009-01-07T07:00:00,-0.34,0.31,-0.29,1.41,-0.41,0.65,0.24,-0.57,-0.14,0,0,-5.00
2009-01-07T08:00:00,-0.41,0.28,-0.4,1.41,-0.28,0.83,0.06,-0.57,-0.16,0,0,-4.00
2009-01-07T09:00:00,-0.24,0.29,-0.16,1.41,-0.25,0.64,0.23,-0.56,-0.09,0,0,-3.00
2009-01-07T10:00:00,0.17,0.37,0.18,1.37,-0.24,0.29,1.17,-0.51,0.11,0,0,-3.00
2009-01-07T11:00:00,0.15,0.43,0.12,1.34,-0.17,0.19,0.26,-0.5,-0.03,0,0,-3.00
2009-01-07T12:00:00,-0.16,0.45,0.03,1.4,-0.29,0.17,0.13,-0.48,-0.04,0,0,-1.00
2009-01-07T13:00:00,0.2,0.47,0.05,1.35,-0.37,0.08,0.2,-0.46,-0.03,0,0,-1.00
2009-01-07T14:00:00,0.05,0.44,-0.14,1.36,-0.42,0.14,0.12,-0.47,-0.05,0,0,-3.00
2009-01-07T15:00:00,-0.12,0.45,-0.17,1.38,-0.26,0.24,0.18,-0.48,-0.06,0,0,-5.00
2009-01-07T16:00:00,-0.21,0.49,-0.12,1.46,-0.39,0.05,0.16,-0.52,-0.11,0,0,-6.00
2009-01-07T17:00:00,-0.24,0.44,-0.04,1.54,-0.49,-0.08,0.28,-0.52,-0.07,0,0,-7.00
2009-01-07T18:00:00,-0.47,0.22,0.0,1.62,-0.41,-0.16,0.23,-0.52,-0.08,0,0,-7.00
2009-01-07T19:00:00,-0.49,0.21,-0.03,1.65,-0.41,-0.13,0.18,-0.53,-0.1,0,0,-5.00
2009-01-07T20:00:00,-0.48,0.26,0.07,1.65,-0.39,-0.3,0.19,-0.53,-0.1,0,0,-5.00
2009-01-07T21:00:00,-0.34,0.37,-0.03,1.61,-0.42,-0.23,0.18,-0.51,-0.08,0,0,-4.00
2009-01-07T22:00:00,-0.18,0.45,-0.06,1.58,-0.47,-0.26,0.29,-0.52,-0.07,0,0,-2.00
2009-01-07T23:00:00,-0.15,0.44,0.05,1.59,-0.44,-0.36,0.31,-0.52,-0.05,0,0,0.00
2009-01-08T00:00:00,-0.11,-0.2,0.02,1.61,-0.01,-0.41,0.29,-0.53,0.42,1,0,-1.00
2009-01-08T01:00:00,-0.25,-0.47,0.07,1.65,0.06,-0.45,0.29,-0.53,-0.08,1,0,1.00
2009-01-08T02:00:00,-0.33,-0.27,0.03,1.69,-0.01,-0.5,0.36,-0.51,0.02,1,0,0.00
2009-01-08T03:00:00,-0.53,0.1,0.2,1.72,-0.21,-0.68,0.4,-0.5,-0.06,1,0,-2.00
2009-01-08T04:00:00,-0.55,-0.04,-0.04,1.71,-0.17,-0.47,0.61,-0.48,-0.02,1,0,-2.00
2009-01-08T05:00:00,-0.46,0.12,-0.21,1.66,-0.33,-0.39,0.93,-0.48,0.0,1,0,-2.00
2009-01-08T06:00:00,-0.58,-0.37,0.01,1.73,-0.05,-0.45,0.82,-0.5,-0.07,1,0,-2.00
2009-01-08T07:00:00,-0.47,-0.53,0.15,1.69,0.0,-0.34,0.93,-0.49,-0.06,1,0,-1.00
2009-01-08T08:00:00,-0.43,-0.7,-0.2,1.62,0.17,0.2,0.86,-0.5,-0.12,1,0,0.00
2009-01-08T09:00:00,-0.36,-0.55,-0.33,1.56,0.04,0.17,1.03,-0.48,-0.09,1,0,0.00
2009-01-08T10:00:00,-0.18,-0.24,-0.56,1.52,-0.08,0.22,1.39,-0.5,-0.08,1,0,3.00
2009-01-08T11:00:00,-0.23,-0.64,0.07,1.53,0.04,0.1,1.57,-0.5,-0.02,1,0,2.00
2009-01-08T12:00:00,-0.18,-0.28,-0.04,1.45,-0.35,0.14,1.57,-0.41,0.87,1,0,0.00
2009-01-08T13:00:00,-0.39,0.04,-0.52,1.42,-0.45,0.08,1.1,-0.36,0.0,1,0,-5.00
2009-01-08T14:00:00,-0.52,0.33,-0.11,1.43,-0.22,-0.17,1.15,-0.27,0.19,1,0,-6.00
2009-01-08T15:00:00,-0.19,0.65,0.2,1.44,-0.38,-0.36,1.41,-0.37,0.07,1,0,-6.00
2009-01-08T16:00:00,-0.03,0.55,0.46,1.45,-0.27,-0.27,1.34,-0.42,0.01,1,0,-7.00
2009-01-08T17:00:00,-0.07,0.66,0.12,1.41,-0.28,-0.18,1.89,-0.49,0.01,1,0,-5.00
2009-01-08T18:00:00,0.3,0.2,0.51,1.34,-0.1,-0.54,1.45,-0.52,-0.04,1,0,-3.00
2009-01-08T19:00:00,0.36,-0.7,0.46,1.34,-0.15,-0.56,1.26,-0.5,-0.11,1,0,1.00
2009-01-08T20:00:00,-0.14,-0.61,-0.21,1.33,-0.03,-0.63,1.16,-0.44,-0.01,1,0,2.00
2009-01-08T21:00:00,-0.41,0.41,-0.12,1.25,-0.14,-0.87,1.02,-0.41,0.05,1,0,3.00
2009-01-08T22:00:00,-0.46,-0.03,0.07,1.13,0.06,-1.18,1.61,-0.36,0.53,1,0,4.00
2009-01-08T23:00:00,-0.3,0.36,0.07,1.14,0.02,-0.94,1.49,-0.42,0.31,1,0,2.00
2009-01-09T00:00:00,-0.24,0.38,0.08,1.13,-0.11,-0.59,1.59,-0.46,0.25,1,0,3.00
2009-01-09T01:00:00,0.18,0.22,-0.2,1.16,-0.1,-0.58,1.14,-0.42,0.35,1,0,6.00
2009-01-09T02:00:00,0.35,-0.3,-0.17,1.14,0.05,-0.72,1.14,-0.42,0.18,1,0,5.00
2009-01-09T03:00:00,0.69,-0.77,-0.17,1.35,-0.07,-1.56,0.25,-0.38,-0.13,1,0,1.00
2009-01-09T04:00:00,-0.25,-1.01,0.25,1.24,-0.48,-1.28,0.13,-0.47,-0.15,1,0,-4.00
2009-01-09T05:00:00,0.02,-0.85,-0.23,1.36,-0.26,-1.61,0.01,-0.43,-0.14,1,0,-9.00
2009-01-09T06:00:00,0.27,-0.49,-0.44,1.39,-0.1,-1.58,0.01,-0.42,-0.12,1,0,-9.00
2009-01-09T07:00:00,0.41,-0.58,-0.19,1.38,-0.14,-1.32,-0.12,-0.35,-0.1,1,0,-6.00
2009-01-09T08:00:00,0.22,-0.81,0.03,1.29,-0.37,-1.05,-0.23,-0.4,-0.13,1,0,-6.00
2009-01-09T09:00:00,0.5,-0.78,-0.26,1.27,-0.17,-1.46,-0.27,-0.42,-0.16,1,0,-7.00
2009-01-09T10:00:00,0.62,-0.85,-0.32,1.23,-0.33,-1.16,-0.37,-0.49,-0.18,1,0,-5.00
2009-01-09T11:00:00,0.56,-0.19,-0.71,1.16,-0.06,-1.16,-0.24,-0.43,-0.16,1,0,-6.00
2009-01-09T12:00:00,-0.06,-0.43,0.53,0.8,0.59,0.03,-0.18,-0.26,-0.05,1,0,-9.00
2009-01-09T13:00:00,0.01,-0.93,0.35,0.83,-0.37,0.16,-0.22,-0.21,-0.12,1,0,-16.00
2009-01-09T14:00:00,-0.13,-0.44,0.74,0.78,-0.31,0.83,0.04,-0.33,-0.11,1,0,-14.00
2009-01-09T15:00:00,0.03,-0.46,0.66,0.72,-0.47,1.12,1.17,-0.44,-0.06,1,0,-8.00
2009-01-09T16:00:00,0.02,-0.46,0.65,0.76,-0.56,0.33,0.5,-0.49,-0.12,1,0,-3.00
2009-01-09T17:00:00,0.46,-0.05,-0.48,0.78,0.04,0.7,0.79,-0.14,0.11,1,0,2.00
2009-01-09T18:00:00,0.03,-0.57,-0.02,0.84,0.13,1.0,0.82,-0.18,0.36,1,0,2.00
2009-01-09T19:00:00,0.24,-0.1,0.56,0.88,0.15,0.62,0.9,-0.19,0.26,1,0,1.00
2009-01-09T20:00:00,0.55,-0.59,0.33,0.85,0.16,0.05,0.94,-0.21,0.05,1,0,-5.00
2009-01-09T21:00:00,0.81,-0.69,0.21,0.84,0.15,-0.26,1.2,-0.41,-0.1,1,0,-4.00
2009-01-09T22:00:00,0.94,-0.75,-0.15,0.81,-0.27,-0.14,0.98,-0.45,-0.14,1,0,-1.00
2009-01-09T23:00:00,1.05,-0.15,-0.37,0.91,-0.0,0.03,0.97,-0.38,-0.11,1,0,4.00
2009-01-10T00:00:00,0.8,0.26,-0.55,0.93,0.08,-0.01,0.64,-0.3,-0.1,1,0,3.00
2009-01-10T01:00:00,0.59,-0.39,-0.56,0.83,-0.11,0.45,0.37,-0.21,-0.07,1,0,1.00
2009-01-10T02:00:00,0.51,0.27,-0.55,0.89,0.07,0.16,0.32,-0.21,-0.05,1,0,-1.00
2009-01-10T03:00:00,0.37,-0.25,-0.4,0.83,0.45,0.31,0.37,-0.16,0.09,1,0,-5.00
2009-01-10T04:00:00,0.22,-0.24,-0.19,0.85,0.47,0.06,0.22,-0.26,0.34,1,0,-8.00
2009-01-10T05:00:00,0.45,-0.84,-0.23,0.9,0.11,0.03,0.07,-0.27,-0.11,1,0,-7.00
2009-01-10T06:00:00,0.5,-0.06,-0.29,0.9,0.61,-0.01,0.27,-0.24,0.07,1,0,-8.00
2009-01-10T07:00:00,0.1,0.24,-0.0,0.83,0.59,0.28,0.39,-0.24,1.28,1,0,-6.00
2009-01-10T08:00:00,0.2,0.26,0.06,0.85,0.59,0.2,0.38,-0.31,0.67,1,0,-3.00
2009-01-10T09:00:00,0.21,0.52,-0.14,0.84,0.75,-0.1,0.44,-0.34,0.05,1,0,-5.00
2009-01-10T10:00:00,0.58,0.05,-0.08,0.96,0.54,-0.06,0.41,-0.23,0.17,1,0,-5.00
2009-01-10T11:00:00,0.43,-0.22,0.26,0.92,0.44,0.15,0.4,-0.27,0.22,1,0,-5.00
2009-01-10T12:00:00,0.24,0.07,0.32,0.88,0.69,0.1,0.32,-0.32,0.41,1,0,-6.00
2009-01-10T13:00:00,0.26,0.21,0.46,0.87,0.8,0.21,0.31,-0.35,0.05,1,0,-7.00
2009-01-10T14:00:00,0.41,0.25,0.4,0.9,0.83,0.21,0.31,-0.34,0.03,1,0,-5.00
2009-01-10T15:00:00,0.54,-0.02,0.4,0.93,0.63,0.15,0.34,-0.32,0.03,1,0,-4.00
2009-01-10T16:00:00,0.55,0.1,0.33,0.96,0.8,0.2,0.28,-0.33,0.03,1,0,-4.00
2009-01-10T17:00:00,0.57,-0.15,0.04,1.0,0.51,0.01,0.17,-0.31,0.06,1,0,-5.00
2009-01-10T18:00:00,0.25,-0.51,0.11,0.95,0.26,0.09,0.03,-0.41,-0.03,1,0,-7.00
2009-01-10T19:00:00,0.48,-0.43,0.05,1.01,0.25,0.12,0.01,-0.38,-0.05,1,0,-7.00
2009-01-10T20:00:00,0.41,-0.37,-0.19,1.01,0.15,-0.07,-0.08,-0.42,-0.07,1,0,-6.00
2009-01-10T21:00:00,0.34,-0.42,-0.14,0.99,0.08,-0.08,-0.14,-0.45,-0.09,1,0,-5.00
2009-01-10T22:00:00,0.41,-0.1,-0.18,1.02,0.43,-0.01,-0.1,-0.42,-0.02,1,0,-4.00
2009-01-10T23:00:00,0.41,-0.15,-0.14,1.06,0.43,0.14,-0.1,-0.4,0.01,0,0,-5.00
2009-01-11T00:00:00,0.41,-0.09,-0.04,1.05,0.49,0.12,-0.04,-0.37,0.13,0,0,-7.00
2009-01-11T01:00:00,-0.24,-0.35,0.21,0.88,0.4,0.29,-0.06,-0.43,0.02,0,0,-8.00
2009-01-11T02:00:00,-0.52,-0.13,0.22,0.85,0.77,0.22,0.01,-0.43,-0.05,0,0,-10.00
2009-01-11T03:00:00,-0.28,-0.48,-0.07,0.93,0.4,-0.05,-0.04,-0.45,-0.07,0,0,-7.00
2009-01-11T04:00:00,-0.31,-0.48,-0.12,0.94,0.29,-0.13,-0.1,-0.46,-0.1,0,0,-5.00
2009-01-11T05:00:00,-0.43,-0.5,-0.08,0.96,0.14,-0.21,-0.14,-0.51,-0.14,0,0,-3.00
2009-01-11T06:00:00,-0.34,-0.51,-0.16,1.02,-0.01,-0.42,-0.15,-0.51,-0.14,0,0,-1.00
2009-01-11T07:00:00,-0.22,-0.61,-0.07,1.08,-0.21,-0.26,-0.18,-0.52,-0.15,0,0,-2.00
2009-01-11T08:00:00,-0.19,-0.55,-0.11,1.11,-0.14,-0.5,-0.21,-0.51,-0.13,0,0,-4.00
2009-01-11T09:00:00,-0.07,-0.56,-0.03,1.17,-0.11,-0.44,-0.23,-0.52,-0.13,0,0,-7.00
2009-01-11T10:00:00,-0.18,-0.57,0.11,1.12,-0.24,-0.26,-0.27,-0.52,-0.14,0,0,-8.00
2009-01-11T11:00:00,0.08,-0.57,-0.02,1.23,-0.32,-0.37,-0.31,-0.53,-0.14,0,0,-8.00
2009-01-11T12:00:00,0.0,-0.55,-0.0,1.23,-0.38,-0.19,-0.36,-0.53,-0.14,0,0,-7.00
2009-01-11T13:00:00,0.32,-0.43,-0.08,1.37,-0.21,-0.22,-0.34,-0.5,-0.13,0,0,-7.00
2009-01-11T14:00:00,0.23,-0.44,-0.15,1.35,-0.22,-0.32,-0.39,-0.52,-0.14,0,0,-7.00
2009-01-11T15:00:00,0.34,-0.33,-0.14,1.44,-0.12,-0.41,-0.45,-0.52,-0.14,0,0,-7.00
2009-01-11T16:00:00,0.26,-0.35,-0.17,1.43,-0.15,-0.43,-0.48,-0.53,-0.14,0,0,-7.00
2009-01-11T17:00:00,0.38,-0.29,-0.14,1.5,-0.18,-0.36,-0.54,-0.54,-0.15,0,0,-10.00
2009-01-11T18:00:00,0.39,-0.29,-0.11,1.53,-0.14,-0.24,-0.57,-0.55,-0.16,0,0,-11.00
2009-01-11T19:00:00,0.26,-0.25,-0.22,1.48,-0.07,-0.48,-0.57,-0.55,-0.16,0,0,-11.00
2009-01-11T20:00:00,0.37,-0.13,-0.12,1.52,0.12,-0.03,-0.47,-0.49,-0.1,0,0,-11.00
2009-01-11T21:00:00,0.4,-0.22,-0.03,1.54,-0.06,-0.05,-0.46,-0.49,-0.11,0,0,-11.00
2009-01-11T22:00:00,0.4,-0.23,0.07,1.54,-0.16,0.1,-0.42,-0.47,-0.08,0,0,-10.00
2009-01-11T23:00:00,0.41,-0.24,0.01,1.53,-0.09,0.07,-0.44,-0.47,-0.09,0,0,-9.00
2009-01-12T00:00:00,0.38,-0.28,-0.0,1.54,-0.35,0.09,-0.4,-0.49,-0.1,0,0,-8.00
2009-01-12T01:00:00,0.31,-0.37,0.1,1.54,-0.29,0.15,-0.45,-0.53,-0.13,0,0,-8.00
2009-01-12T02:00:00,0.42,-0.15,-0.09,1.59,-0.07,-0.11,-0.39,-0.49,-0.1,0,0,-7.00
2009-01-12T03:00:00,0.34,-0.29,-0.01,1.58,-0.15,0.08,-0.41,-0.51,-0.11,0,0,-7.00
2009-01-12T04:00:00,0.25,-0.4,0.1,1.54,-0.15,0.15,-0.49,-0.52,-0.13,0,0,-8.00
2009-01-12T05:00:00,-0.02,-0.4,0.19,1.47,-0.15,0.23,-0.44,-0.56,-0.13,0,0,-6.00
2009-01-12T06:00:00,0.19,-0.34,0.24,1.58,-0.14,0.33,-0.41,-0.54,-0.12,0,0,-4.00
2009-01-12T07:00:00,0.22,-0.29,0.29,1.56,-0.11,0.36,-0.44,-0.53,-0.12,0,0,-3.00
2009-01-12T08:00:00,0.09,-0.25,0.33,1.55,-0.08,0.41,-0.45,-0.56,-0.13,0,0,-1.00
2009-01-12T09:00:00,0.05,-0.28,0.24,1.55,-0.08,0.17,-0.37,-0.57,-0.1,0,0,-1.00
2009-01-12T10:00:00,0.12,-0.22,0.36,1.57,0.01,0.28,-0.35,-0.57,-0.13,0,0,-1.00
2009-01-12T11:00:00,0.1,-0.3,0.32,1.57,-0.07,0.22,-0.3,-0.57,-0.13,0,0,-1.00
2009-01-12T12:00:00,0.24,-0.33,0.25,1.61,-0.11,0.2,-0.32,-0.57,-0.14,0,0,0.00
2009-01-12T13:00:00,0.27,-0.37,0.16,1.65,-0.18,0.17,-0.33,-0.57,-0.14,0,0,-1.00
2009-01-12T14:00:00,0.26,-0.39,0.15,1.67,-0.24,0.22,-0.37,-0.58,-0.15,0,0,0.00
2009-01-12T15:00:00,0.2,-0.4,0.17,1.64,-0.2,0.22,-0.28,-0.58,-0.15,0,0,0.00
2009-01-12T16:00:00,-0.0,-0.58,0.14,1.49,-0.23,0.12,-0.14,-0.57,-0.15,0,0,-2.00
2009-01-12T17:00:00,-0.05,-0.66,0.1,1.4,-0.2,0.14,0.06,-0.57,-0.15,0,0,-5.00
2009-01-12T18:00:00,0.08,-0.69,0.08,1.44,-0.25,0.16,0.32,-0.58,-0.15,0,0,-4.00
2009-01-12T19:00:00,0.43,-0.41,0.38,1.55,-0.06,0.55,0.29,-0.5,-0.11,0,0,-2.00
2009-01-12T20:00:00,0.4,-0.61,0.34,1.55,-0.3,0.51,0.26,-0.51,-0.13,0,0,0.00
2009-01-13T20:00:00,-0.51,-1.02,-0.24,1.57,-0.11,0.48,0.43,-0.51,-0.16,0,0,-5.00
2009-01-13T21:00:00,-0.38,-1.0,-0.32,1.59,-0.12,0.49,0.34,-0.51,-0.16,0,0,-4.00
2009-01-13T22:00:00,-0.25,-0.99,-0.22,1.64,-0.07,0.47,0.45,-0.53,-0.16,0,0,-2.00
2009-01-13T23:00:00,-0.26,-1.01,-0.12,1.63,-0.02,0.39,0.39,-0.53,-0.16,0,0,-3.00
2009-01-14T00:00:00,-0.23,-1.02,-0.69,1.43,-0.3,0.71,1.32,-0.46,-0.15,0,0,-2.00
2009-01-14T01:00:00,0.04,-1.23,-0.49,1.36,-0.25,0.36,1.06,-0.44,-0.15,0,0,-1.00
2009-01-14T02:00:00,-0.06,-1.16,-0.32,1.42,-0.2,-0.11,1.1,-0.42,-0.13,0,0,4.00
2009-01-14T03:00:00,0.07,-1.1,-0.36,1.41,-0.36,-0.03,1.0,-0.45,-0.14,0,0,1.00
2009-01-14T04:00:00,0.21,-1.13,-0.01,1.39,-0.22,-0.22,1.03,-0.48,-0.14,0,0,-1.00
2009-01-14T05:00:00,0.19,-0.79,0.0,1.42,-0.09,0.01,1.66,-0.49,-0.06,0,0,-2.00
2009-01-14T06:00:00,-0.26,-0.55,-0.29,1.48,-0.0,0.33,1.86,-0.5,-0.04,0,0,-1.00
2009-01-14T07:00:00,-0.46,0.36,-0.5,1.53,-0.35,0.47,1.6,-0.49,-0.09,0,0,5.00
2009-01-14T08:00:00,-0.36,0.56,-0.53,1.44,-0.18,0.35,1.21,-0.42,-0.08,0,0,9.00
2009-01-14T09:00:00,-0.34,0.28,-0.83,1.39,0.03,0.03,0.44,-0.39,-0.13,0,0,7.00
2009-01-14T10:00:00,-0.35,0.77,-0.48,1.39,-0.24,-0.23,0.35,-0.36,-0.12,0,0,4.00
2009-01-14T11:00:00,-0.62,0.74,-0.3,1.36,-0.24,-0.29,0.68,-0.35,-0.1,0,0,-8.00
2009-01-14T12:00:00,-0.43,0.74,-0.07,1.3,-0.73,-0.75,0.82,-0.33,-0.04,0,0,-17.00
2009-01-14T13:00:00,-0.23,0.93,0.72,1.2,-0.08,-0.49,0.38,-0.48,-0.16,0,0,-19.00
2009-01-14T14:00:00,-0.29,1.13,0.25,1.17,-0.14,-0.3,0.33,-0.45,-0.16,0,0,-20.00
2009-01-14T15:00:00,-0.52,1.13,0.1,1.19,-0.24,-0.27,0.11,-0.5,-0.17,0,0,-17.00
2009-01-14T16:00:00,-0.6,1.12,0.03,1.2,-0.24,-0.34,-0.02,-0.53,-0.18,0,0,-15.00
2009-01-14T17:00:00,-0.67,1.13,0.12,1.2,-0.35,-0.58,-0.13,-0.54,-0.18,0,0,-15.00
2009-01-14T18:00:00,-0.87,0.94,-0.23,1.32,-0.1,-0.13,-0.17,-0.55,-0.18,0,0,-15.00
2009-01-14T19:00:00,-0.6,1.08,-0.23,1.25,-0.33,-0.05,-0.25,-0.56,-0.18,0,0,-15.00
2009-01-14T20:00:00,-0.22,1.08,-0.24,1.15,-0.43,0.08,-0.09,-0.51,-0.17,0,0,-13.00
2009-01-14T21:00:00,-0.06,1.05,-0.36,1.16,-0.41,0.41,-0.09,-0.5,-0.17,0,0,-14.00
2009-01-14T22:00:00,-0.47,0.87,-0.38,1.34,-0.23,0.62,-0.09,-0.5,-0.17,0,0,-12.00
2009-01-14T23:00:00,-0.4,0.88,-0.43,1.32,-0.41,0.44,-0.05,-0.5,-0.17,0,0,-13.00
2009-01-15T00:00:00,-0.63,0.55,-0.25,1.3,-0.09,0.27,0.46,-0.32,-0.08,0,0,-15.00
2009-01-15T01:00:00,-0.81,0.56,-0.03,1.32,-0.2,0.07,0.64,-0.3,-0.07,0,0,-14.00
2009-01-15T02:00:00,-0.84,0.24,0.26,1.35,-0.06,-0.37,0.45,-0.41,-0.1,0,0,-10.00
2009-01-15T03:00:00,-1.24,0.27,0.43,1.48,-0.15,-0.71,0.26,-0.49,-0.17,0,0,-9.00
2009-01-15T04:00:00,-1.27,0.59,0.05,1.48,-0.58,-0.13,0.33,-0.45,-0.16,0,0,-10.00
2009-01-15T05:00:00,-0.8,0.64,-0.42,1.45,-0.78,0.55,0.4,-0.44,-0.15,0,0,-10.00
2009-01-15T06:00:00,-0.6,0.33,-0.55,1.43,-0.46,0.87,0.39,-0.43,-0.13,0,0,-13.00
2009-01-15T07:00:00,-0.43,0.45,-0.11,1.34,-0.65,0.32,0.68,-0.32,0.06,0,0,-15.00
2009-01-15T08:00:00,-0.39,0.2,-0.16,1.36,-0.5,0.49,0.61,-0.33,0.2,0,0,-15.00
2009-01-15T09:00:00,-0.47,0.2,-0.28,1.4,-0.62,0.62,0.39,-0.29,0.04,0,0,-12.00
2009-01-15T10:00:00,-0.63,-0.5,-0.24,1.41,0.27,0.34,0.33,-0.42,-0.11,0,0,-8.00
2009-01-15T11:00:00,-0.55,-0.82,0.1,1.36,0.45,-0.12,0.43,-0.4,-0.11,0,0,-7.00
2009-01-15T12:00:00,-0.24,-1.15,0.32,1.26,0.57,-0.37,0.46,-0.46,-0.15,0,0,-11.00
2009-01-15T13:00:00,0.13,-0.82,0.84,1.15,0.49,-1.13,0.72,-0.41,-0.14,0,0,-14.00
2009-01-15T14:00:00,-0.25,0.58,0.43,1.22,-0.79,-0.54,1.59,-0.29,0.12,0,0,-13.00
2009-01-15T15:00:00,-0.21,-0.65,-0.13,1.22,0.04,0.13,1.36,-0.31,0.14,0,0,-9.00
2009-01-15T16:00:00,-0.52,0.01,-0.66,1.33,-0.68,0.5,0.46,-0.31,-0.09,0,0,-4.00
2009-01-15T17:00:00,-0.71,0.89,-0.24,1.3,-1.0,-0.24,0.08,-0.38,-0.15,0,0,-1.00
2009-01-15T18:00:00,-0.72,0.7,-0.25,1.27,-0.64,0.11,0.13,-0.35,-0.13,0,0,-10.00
2009-01-15T19:00:00,-0.27,0.13,-0.4,1.15,-0.29,-0.26,1.25,-0.33,0.18,0,0,-13.00
2009-01-15T20:00:00,0.28,-0.3,-0.61,0.92,0.23,-0.07,0.76,-0.34,-0.05,0,0,-11.00
2009-01-15T21:00:00,0.64,-0.67,-0.21,0.86,0.06,-0.08,0.28,-0.4,-0.12,0,0,-9.00
2009-01-15T22:00:00,0.31,-0.31,-0.02,0.78,0.43,0.45,0.78,-0.24,0.6,0,0,-11.00
2009-01-15T23:00:00,0.23,-0.05,-0.17,0.74,0.5,0.21,0.39,-0.14,0.94,0,0,-12.00
2009-01-16T00:00:00,-0.03,-0.0,-0.02,0.62,0.68,0.72,0.43,-0.11,10.79,0,0,-9.00
2009-01-16T01:00:00,-0.34,0.24,0.12,0.66,0.68,0.47,0.36,-0.21,0.48,0,0,-7.00
2009-01-16T02:00:00,-0.36,0.15,0.26,0.75,0.55,0.44,0.37,-0.18,0.45,0,0,-5.00
2009-01-16T03:00:00,0.08,-0.45,0.18,0.67,0.64,0.36,0.5,-0.26,0.38,0,0,-13.00
2009-01-16T04:00:00,0.51,-0.4,0.16,0.8,0.55,0.15,0.24,-0.15,0.13,0,0,-7.00
2009-01-16T05:00:00,0.11,-0.5,0.24,0.73,0.2,0.33,0.18,-0.24,0.15,0,0,-8.00
2009-01-16T06:00:00,-0.39,-0.36,0.25,0.63,0.41,0.09,0.23,-0.14,0.21,0,0,-6.00
2009-01-16T07:00:00,-0.02,-0.62,0.27,0.74,0.15,0.13,0.02,-0.33,-0.03,0,0,-4.00
2009-01-16T08:00:00,0.28,-0.43,0.25,0.71,0.41,0.06,0.05,-0.18,0.16,0,0,0.00
2009-01-16T09:00:00,-0.07,-0.49,0.26,0.66,0.23,0.11,-0.01,-0.26,0.09,0,0,-2.00
2009-01-16T10:00:00,-0.07,-0.58,0.31,0.73,0.26,0.16,-0.0,-0.33,-0.03,0,0,-2.00
2009-01-16T11:00:00,-0.24,-0.47,0.26,0.74,0.37,0.08,0.1,-0.32,0.05,0,0,-6.00
2009-01-16T12:00:00,-0.05,-0.48,0.24,0.78,0.31,0.05,0.02,-0.34,0.05,0,0,-8.00
2009-01-16T13:00:00,0.03,-0.48,0.11,0.84,0.47,-0.07,0.14,-0.32,0.16,0,0,-5.00
2009-01-16T14:00:00,0.6,-0.13,-0.0,1.07,0.46,-0.02,-0.09,-0.23,0.03,0,0,-6.00
2009-01-16T15:00:00,0.78,0.09,0.06,1.1,0.99,0.01,-0.12,-0.21,-0.05,0,0,-9.00
2009-01-16T16:00:00,0.59,-0.25,0.18,1.01,0.53,0.44,-0.1,-0.26,-0.01,0,0,-14.00
2009-01-16T17:00:00,0.82,-0.45,0.24,1.2,-0.09,0.71,-0.47,-0.47,-0.17,0,0,-13.00
2009-01-16T18:00:00,0.78,-0.35,0.27,1.19,0.1,0.86,-0.28,-0.33,-0.13,0,0,-11.00
2009-01-16T19:00:00,0.71,-0.47,0.25,1.26,-0.11,0.6,-0.42,-0.44,-0.16,0,0,-7.00
2009-01-16T20:00:00,0.67,-0.61,0.13,1.31,-0.62,0.36,-0.46,-0.51,-0.17,0,0,-6.00
2009-01-16T21:00:00,0.69,-0.57,0.06,1.36,-0.61,0.2,-0.49,-0.53,-0.17,0,0,-7.00
2009-01-16T22:00:00,0.8,-0.19,0.31,1.42,0.24,0.92,-0.43,-0.47,-0.16,0,0,-6.00
2009-01-16T23:00:00,0.61,-0.07,0.47,1.19,0.45,0.79,-0.18,-0.41,-0.12,0,0,-6.00
2009-01-17T00:00:00,0.5,-0.41,0.49,1.16,0.11,0.68,-0.24,-0.41,-0.13,0,0,-7.00
2009-01-17T01:00:00,0.59,-0.52,0.36,1.26,-0.15,0.58,-0.35,-0.46,-0.16,0,0,-5.00
2009-01-17T02:00:00,0.57,-0.56,-0.03,1.27,-0.35,-0.04,-0.43,-0.48,-0.16,0,0,-7.00
2009-01-17T03:00:00,0.45,-0.49,-0.06,1.25,-0.25,0.06,-0.2,-0.38,-0.09,0,0,-8.00
2009-01-17T04:00:00,0.17,-0.48,-0.25,1.1,-0.25,-0.52,-0.25,-0.45,-0.11,0,0,-6.00
2009-01-17T05:00:00,0.3,-0.61,-0.15,1.18,-0.56,-0.5,-0.4,-0.49,-0.15,0,0,-3.00
2009-01-17T06:00:00,0.2,-0.66,-0.12,1.14,-0.59,-0.42,-0.45,-0.49,-0.15,0,0,-3.00
2009-01-17T07:00:00,0.03,-0.7,-0.13,1.12,-0.51,-0.34,-0.52,-0.49,-0.16,0,0,-3.00
2009-01-17T08:00:00,-0.2,-0.59,-0.19,1.07,-0.31,-0.42,-0.44,-0.51,-0.16,0,0,1.00
2009-01-17T09:00:00,0.01,-0.68,-0.2,1.09,-0.19,-0.47,-0.44,-0.53,-0.17,0,0,2.00
2009-01-17T10:00:00,0.26,-0.78,-0.06,1.19,-0.28,-0.29,-0.44,-0.51,-0.17,0,0,-1.00
2009-01-17T11:00:00,0.27,-0.78,0.06,1.2,-0.39,-0.13,-0.46,-0.51,-0.17,0,0,-4.00
2009-01-17T12:00:00,0.26,-0.73,0.01,1.22,-0.36,-0.39,-0.52,-0.54,-0.17,0,0,-9.00
2009-01-17T13:00:00,0.29,-0.75,-0.08,1.27,-0.43,-0.62,-0.46,-0.55,-0.18,0,0,-9.00
2009-01-17T14:00:00,0.29,-0.77,-0.01,1.26,-0.48,-0.49,-0.38,-0.55,-0.17,0,0,-9.00
2009-01-17T15:00:00,0.23,-0.74,-0.06,1.23,-0.54,-0.33,-0.32,-0.54,-0.17,0,0,-10.00
2009-01-17T16:00:00,-0.05,-0.74,-0.19,1.08,-0.43,-0.78,-0.2,-0.56,-0.17,0,0,-8.00
2009-01-17T17:00:00,-0.31,-0.62,-0.31,0.95,-0.34,-0.92,0.16,-0.55,-0.16,0,0,-8.00
2009-01-17T18:00:00,0.12,-0.62,-0.29,1.06,-0.3,-1.0,0.05,-0.5,-0.14,0,0,-7.00
2009-01-17T19:00:00,0.67,-0.73,-0.01,1.22,-0.5,-0.9,-0.08,-0.49,-0.16,0,0,-3.00
2009-01-17T20:00:00,0.76,-0.65,-0.01,1.28,-0.41,-1.09,-0.34,-0.53,-0.18,0,0,-7.00
2009-01-17T21:00:00,0.68,-0.67,-0.07,1.3,-0.38,-1.23,-0.32,-0.52,-0.17,0,0,-9.00
2009-01-17T22:00:00,0.38,-0.79,0.01,1.23,-0.59,-0.97,-0.13,-0.55,-0.17,0,0,-9.00
2009-01-17T23:00:00,0.3,-0.77,-0.04,1.26,-0.88,-0.94,-0.05,-0.54,-0.16,0,0,-6.00
2009-01-18T00:00:00,0.46,-0.76,-0.07,1.36,-0.98,-0.99,-0.22,-0.51,-0.16,0,0,-3.00
2009-01-18T01:00:00,0.43,-0.73,-0.05,1.43,-1.04,-1.02,-0.1,-0.5,-0.15,0,0,-4.00
2009-01-18T02:00:00,0.78,-0.37,-0.12,1.54,-0.65,-1.14,-0.4,-0.53,-0.17,0,0,-5.00
2009-01-18T03:00:00,0.63,-0.48,-0.19,1.48,-1.06,-1.27,-0.38,-0.52,-0.17,0,0,-6.00
2009-01-18T04:00:00,0.59,-0.51,0.13,1.47,-0.96,-0.62,-0.32,-0.55,-0.17,0,0,-8.00
2009-01-18T05:00:00,0.69,-0.43,0.15,1.36,-0.74,-0.37,-0.2,-0.56,-0.17,0,0,-9.00
2009-01-18T06:00:00,0.12,-0.63,0.25,1.22,-0.48,-0.53,0.06,-0.52,-0.13,0,0,-5.00
2009-01-18T07:00:00,0.04,-0.9,0.09,1.23,-0.52,-0.6,0.22,-0.59,-0.17,0,0,-1.00
2009-01-18T08:00:00,-0.0,-0.9,0.19,1.22,-0.7,-0.39,0.17,-0.58,-0.17,0,0,2.00
2009-01-18T09:00:00,0.17,-0.33,0.14,1.21,-0.35,-0.37,0.34,-0.52,0.07,0,0,4.00
2009-01-18T10:00:00,-0.24,-0.67,0.36,1.1,-0.58,-0.15,0.26,-0.51,-0.13,0,0,2.00
2009-01-18T11:00:00,-0.12,0.11,0.15,1.14,-0.47,-0.32,0.13,-0.48,0.79,0,0,-1.00
2009-01-18T12:00:00,-0.58,-0.1,0.43,1.12,-0.45,-0.24,0.13,-0.48,-0.12,0,0,-3.00
2009-01-18T13:00:00,-0.55,-0.19,0.42,1.15,-0.39,-0.3,0.13,-0.46,-0.11,0,0,-4.00
2009-01-18T14:00:00,0.18,-0.3,0.05,1.15,-0.55,-0.41,-0.01,-0.4,0.29,0,0,-3.00
2009-01-18T15:00:00,0.65,-0.66,-0.05,1.16,-0.54,-0.46,-0.29,-0.4,-0.15,0,0,-2.00
2009-01-18T16:00:00,0.73,-0.48,-0.11,1.2,-0.31,-0.72,-0.36,-0.28,-0.13,0,0,-2.00
2009-01-18T17:00:00,0.77,-0.17,-0.13,1.0,0.09,-0.5,-0.24,-0.27,-0.1,0,0,-6.00
2009-01-18T18:00:00,0.45,-0.54,0.23,0.99,-0.08,-0.51,-0.21,-0.33,-0.09,0,0,-7.00
2009-01-18T19:00:00,0.55,-0.63,-0.02,1.02,-0.36,-0.94,-0.17,-0.24,-0.09,1,0,-5.00
2009-01-18T20:00:00,0.28,0.08,0.23,1.08,-0.71,-0.89,0.37,-0.26,0.72,1,0,-2.00
2009-01-18T21:00:00,0.14,0.62,-0.07,1.0,-0.36,-1.3,0.73,-0.29,0.08,1,0,1.00
2009-01-18T22:00:00,-0.07,-1.05,0.54,0.41,-0.44,-0.11,0.78,-0.35,-0.11,1,0,1.00
2009-01-18T23:00:00,-0.6,-1.2,0.43,0.31,0.12,0.16,0.84,-0.18,-0.1,1,0,3.00
2009-01-19T00:00:00,0.39,-0.38,-0.79,0.41,0.67,0.33,0.88,-0.01,0.0,1,0,9.00
2009-01-19T01:00:00,0.17,-0.71,-0.2,0.42,0.7,0.52,0.48,-0.24,0.01,1,0,13.00
2009-01-19T02:00:00,-0.45,-1.97,0.79,0.42,0.1,0.75,0.61,-0.54,-0.18,1,0,7.00
2009-01-19T03:00:00,-0.45,-2.03,0.45,0.43,-0.11,0.62,0.51,-0.54,-0.18,1,0,-3.00
2009-01-19T04:00:00,0.28,-2.09,0.13,0.58,-0.24,0.53,0.54,-0.55,-0.19,1,0,2.00
2009-01-19T05:00:00,0.73,-1.02,-0.63,0.65,0.7,0.07,0.41,-0.03,-0.11,1,0,4.00
2009-01-19T06:00:00,-0.59,-1.24,0.47,0.67,1.02,-0.12,-0.08,0.43,-0.09,1,0,3.00
2009-01-19T07:00:00,-0.9,-1.11,0.66,0.62,1.51,0.11,-0.26,0.39,-0.13,1,0,-1.00
2009-01-19T08:00:00,-0.0,-1.28,0.03,0.81,1.16,-0.25,-0.08,0.64,-0.04,1,0,-8.00
2009-01-19T09:00:00,-0.4,-1.09,0.28,0.76,1.88,-0.02,-0.11,0.57,-0.03,1,0,-6.00
2009-01-19T10:00:00,-0.14,-1.27,0.47,0.84,1.22,0.05,-0.28,0.46,-0.1,1,0,-6.00
2009-01-19T11:00:00,0.07,-0.64,0.38,0.8,1.09,-0.47,0.1,0.25,0.2,1,0,-8.00
2009-01-19T12:00:00,-0.18,-0.77,0.53,0.69,0.59,0.1,0.15,0.02,-0.02,1,0,-9.00
2009-01-19T13:00:00,0.03,-0.48,0.37,0.64,0.15,0.05,0.88,-0.11,0.42,1,0,-8.00
2009-01-19T14:00:00,-0.2,-0.39,0.01,0.51,-0.07,0.16,0.87,-0.11,0.92,1,0,-6.00
2009-01-19T15:00:00,-0.01,-0.93,-0.22,0.32,-0.27,0.8,0.27,-0.12,-0.05,1,0,2.00
2009-01-19T16:00:00,0.46,-0.08,-0.29,0.13,-0.06,0.63,-0.04,0.09,0.2,1,0,5.00
2009-01-19T17:00:00,0.31,-0.05,-0.1,-0.03,0.15,0.25,-0.28,0.03,0.61,1,0,-1.00
2009-01-19T18:00:00,0.27,-0.48,-0.17,-0.01,-0.22,0.13,-0.28,-0.04,0.06,1,0,-4.00
2009-01-19T19:00:00,0.55,-0.12,-0.19,0.02,-0.06,0.11,-0.2,0.06,0.11,0,0,-6.00
2009-01-19T20:00:00,0.59,0.15,0.04,0.04,0.35,0.28,-0.24,0.09,0.14,0,0,-10.00
2009-01-19T21:00:00,0.54,-0.04,0.12,0.0,0.02,0.28,-0.28,0.05,0.2,0,0,-13.00
2009-01-19T22:00:00,0.35,-0.43,0.02,-0.02,-0.01,0.24,-0.32,0.02,0.15,0,0,-16.00
2009-01-19T23:00:00,0.41,-0.13,-0.12,0.06,0.08,0.42,-0.35,0.1,0.28,0,0,-14.00
2009-01-20T00:00:00,0.34,0.02,-0.03,0.09,0.34,0.44,-0.34,0.01,0.57,0,0,-12.00
2009-01-20T01:00:00,0.4,-0.28,0.16,0.1,0.49,0.24,-0.29,0.14,0.33,0,0,-10.00
2009-01-20T02:00:00,0.53,-0.06,0.21,0.12,0.59,0.17,-0.26,0.22,0.27,0,0,-8.00
2009-01-20T03:00:00,0.36,0.12,0.36,0.16,0.45,0.21,-0.34,0.01,0.16,0,0,-10.00
2009-01-20T04:00:00,-0.01,-0.29,-0.13,0.18,0.51,0.39,-0.45,-0.12,0.28,0,0,-9.00
2009-01-20T05:00:00,0.29,-0.4,-0.06,0.25,0.4,0.11,-0.45,-0.18,0.03,0,0,-6.00
2009-01-20T06:00:00,-0.19,-0.18,0.32,0.24,0.26,0.13,-0.37,-0.3,0.11,0,0,-5.00
2009-01-20T07:00:00,-0.63,0.08,0.28,0.26,0.23,-0.01,-0.21,-0.36,-0.09,0,0,-7.00
2009-01-20T08:00:00,-0.79,0.07,0.22,0.37,0.11,0.34,-0.43,-0.48,-0.16,0,0,-4.00
2009-01-20T09:00:00,-0.69,0.17,0.11,0.41,-0.05,0.31,-0.43,-0.49,-0.15,0,0,-1.00
2009-01-20T10:00:00,-0.64,0.19,0.13,0.44,-0.14,0.36,-0.4,-0.5,-0.15,0,0,-1.00
2009-01-20T11:00:00,0.0,-0.1,0.13,0.48,-0.28,0.18,-0.29,-0.31,3.96,0,0,-3.00
2009-01-20T12:00:00,-0.09,-0.28,0.2,0.44,-0.55,0.27,-0.3,-0.36,0.21,0,0,-5.00
2009-01-20T13:00:00,0.06,-0.45,0.1,0.45,-0.39,0.01,-0.35,-0.36,0.01,0,0,-6.00
2009-01-20T14:00:00,-0.01,-0.16,0.51,0.49,-0.31,0.23,-0.3,-0.36,-0.05,0,0,-5.00
2009-01-20T15:00:00,0.22,0.04,0.14,0.5,-0.1,0.06,-0.31,-0.3,0.74,0,0,-4.00
2009-01-20T16:00:00,0.37,0.05,-0.16,0.52,-0.1,0.27,-0.28,-0.25,0.1,0,0,-2.00
2009-01-20T17:00:00,0.2,-0.46,-0.02,0.53,-0.38,0.18,-0.27,-0.29,0.03,0,0,-1.00
2009-01-20T18:00:00,0.15,-0.39,-0.31,0.55,-0.2,-0.07,-0.3,-0.32,-0.06,0,0,-1.00
2009-01-20T19:00:00,0.25,-0.06,-0.4,0.58,-0.15,-0.0,-0.37,-0.37,-0.09,0,0,-2.00
2009-01-20T20:00:00,0.38,-0.24,-0.19,0.63,-0.23,-0.13,-0.31,-0.31,-0.02,0,0,-4.00
2009-01-20T21:00:00,0.22,-0.19,0.02,0.62,-0.0,-0.29,-0.28,-0.33,0.44,0,0,-7.00
2009-01-20T22:00:00,0.3,-0.11,0.15,0.65,-0.1,-0.27,-0.24,-0.42,0.18,0,0,-11.00
2009-01-20T23:00:00,0.2,-0.26,-0.02,0.65,-0.31,-0.31,-0.21,-0.41,0.18,0,0,-10.00
2009-01-21T00:00:00,-0.01,-0.22,0.2,0.67,-0.32,-0.13,-0.24,-0.45,0.29,0,0,-8.00
2009-01-21T01:00:00,-0.14,-0.12,0.29,0.69,-0.29,-0.07,-0.27,-0.43,0.14,0,0,-6.00
2009-01-21T02:00:00,-0.04,-0.23,0.21,0.69,-0.31,0.01,-0.24,-0.44,0.24,0,0,-5.00
2009-01-21T03:00:00,-0.1,-0.26,0.26,0.65,-0.23,-0.04,-0.21,-0.44,0.09,0,0,-5.00
2009-01-21T04:00:00,-0.21,-0.33,0.3,0.58,-0.05,-0.12,-0.23,-0.45,-0.06,0,0,-3.00
2009-01-21T05:00:00,-0.03,-0.57,0.17,0.57,-0.19,0.09,-0.21,-0.46,-0.1,0,0,0.00
2009-01-21T06:00:00,0.2,-0.55,-0.12,0.59,-0.16,0.31,-0.06,-0.45,-0.09,0,0,1.00
2009-01-21T07:00:00,0.15,-0.2,-0.17,0.61,-0.18,0.24,-0.05,-0.42,0.13,0,0,4.00
2009-01-21T08:00:00,-0.05,-0.5,0.29,0.65,-0.08,0.11,-0.03,-0.44,-0.06,0,0,3.00
2009-01-21T09:00:00,0.46,-0.33,0.02,0.71,0.21,0.15,0.1,-0.27,0.09,0,0,0.00
2009-01-21T10:00:00,0.49,0.08,0.11,0.78,0.28,0.18,0.09,-0.31,0.13,0,0,-1.00
2009-01-21T11:00:00,0.47,0.22,0.14,0.77,0.12,0.07,0.03,-0.37,0.03,0,0,-1.00
2009-01-21T12:00:00,0.42,-0.05,-0.1,0.68,0.29,0.19,-0.16,-0.36,0.05,0,0,-1.00
2009-01-21T13:00:00,0.17,-0.32,0.03,0.43,0.26,0.85,-0.26,-0.34,0.2,0,0,-2.00
2009-01-21T14:00:00,0.44,0.02,-0.15,0.49,0.46,0.58,-0.18,-0.17,0.14,0,0,-5.00
2009-01-21T15:00:00,0.41,-0.07,0.16,0.5,0.4,0.88,-0.07,-0.21,0.31,0,0,-4.00
2009-01-21T16:00:00,0.39,-0.22,0.08,0.57,0.26,0.51,-0.05,-0.28,0.21,0,0,-6.00
2009-01-21T17:00:00,0.4,0.25,-0.15,0.6,0.45,0.24,-0.02,-0.31,0.04,0,0,-7.00
2009-01-21T18:00:00,0.25,0.44,-0.17,0.61,0.37,0.16,-0.07,-0.39,-0.05,0,0,-7.00
2009-01-21T19:00:00,0.47,0.17,-0.08,0.69,0.13,0.12,-0.01,-0.28,0.09,0,0,-8.00
2009-01-21T20:00:00,0.53,-0.03,0.15,0.72,0.09,0.01,0.04,-0.24,0.13,0,0,-5.00
2009-01-21T21:00:00,0.41,-0.3,0.17,0.66,-0.12,0.09,-0.16,-0.32,0.04,0,0,-3.00
2009-01-21T22:00:00,0.51,-0.16,0.08,0.62,-0.11,0.07,-0.23,-0.23,0.07,0,0,-5.00
2009-01-21T23:00:00,0.52,-0.06,0.07,0.62,0.13,-0.12,-0.25,-0.29,0.03,0,0,-7.00
2009-01-22T00:00:00,0.46,-0.21,0.16,0.61,0.05,-0.21,-0.27,-0.36,-0.01,0,0,-7.00
2009-01-22T01:00:00,0.41,-0.25,0.16,0.6,0.07,-0.03,-0.3,-0.43,-0.05,0,0,-7.00
2009-01-22T02:00:00,0.38,-0.29,0.12,0.62,0.12,0.09,-0.32,-0.43,-0.04,0,0,-6.00
2009-01-22T03:00:00,0.38,-0.27,0.09,0.63,0.09,0.28,-0.29,-0.39,0.01,0,0,-4.00
2009-01-22T15:00:00,0.03,-0.23,-0.18,1.46,-0.19,0.34,0.7,-0.58,-0.01,0,0,2.00
2009-01-22T16:00:00,0.16,-0.19,-0.16,1.45,-0.27,0.35,0.68,-0.58,-0.01,0,0,2.00
2009-01-22T17:00:00,0.32,-0.18,-0.04,1.44,-0.3,0.33,0.73,-0.58,-0.01,0,0,4.00
2009-01-22T18:00:00,0.25,-0.15,-0.05,1.45,-0.21,0.35,0.79,-0.57,0.1,0,0,5.00
2009-01-22T19:00:00,0.2,-0.22,-0.02,1.47,-0.22,0.38,0.89,-0.58,0.09,0,0,5.00
2009-01-22T20:00:00,0.03,-0.21,0.09,1.51,-0.19,0.3,0.7,-0.56,0.55,0,0,4.00
2009-01-22T21:00:00,-0.16,0.15,0.19,1.52,-0.32,0.2,0.49,-0.53,0.27,0,0,5.00
2009-01-22T22:00:00,-0.24,-0.07,0.28,1.54,-0.15,0.04,0.49,-0.54,0.08,0,0,4.00
2009-01-22T23:00:00,-0.26,-0.19,0.29,1.56,-0.09,0.02,0.43,-0.54,-0.01,0,0,5.00
2009-01-23T00:00:00,-0.18,-0.12,0.14,1.58,-0.1,0.19,0.39,-0.55,0.32,0,0,5.00
2009-01-23T01:00:00,-0.0,-0.42,0.0,1.55,-0.03,0.23,0.35,-0.57,-0.07,0,0,3.00
2009-01-23T02:00:00,0.03,-0.31,-0.02,1.57,-0.07,0.18,0.75,-0.59,-0.01,0,0,2.00
2009-01-23T03:00:00,-0.02,-0.13,0.07,1.57,-0.1,0.19,0.58,-0.58,1.38,0,0,2.00
2009-01-23T04:00:00,-0.16,-0.08,0.13,1.52,-0.1,0.19,0.3,-0.57,0.35,0,0,4.00
2009-01-23T05:00:00,0.17,-0.09,-0.03,1.55,-0.07,0.15,0.52,-0.57,0.31,0,0,3.00
2009-01-23T06:00:00,0.25,-0.13,0.1,1.57,-0.05,0.13,0.43,-0.58,0.09,0,0,3.00
2009-01-23T07:00:00,0.23,-0.05,0.15,1.58,0.07,0.04,0.39,-0.57,0.15,0,0,3.00
2009-01-23T08:00:00,0.22,-0.05,0.11,1.55,0.18,-0.0,0.42,-0.57,0.26,0,0,3.00
2009-01-23T09:00:00,0.16,-0.11,0.12,1.56,0.15,0.21,0.51,-0.58,0.38,0,0,4.00
2009-01-23T10:00:00,0.13,-0.16,0.12,1.53,0.12,0.21,0.46,-0.57,0.38,0,0,7.00
2009-01-23T11:00:00,0.11,-0.16,-0.07,1.54,0.16,0.1,0.5,-0.58,0.19,0,0,8.00
2009-01-23T12:00:00,-0.09,0.1,0.41,1.54,0.17,0.18,-0.04,-0.54,-0.09,0,0,7.00
2009-01-23T13:00:00,-0.17,0.24,0.19,1.54,0.07,0.15,-0.03,-0.54,-0.01,0,0,5.00
2009-01-23T14:00:00,-0.14,0.1,0.27,1.5,0.19,0.25,-0.16,-0.55,-0.02,0,0,3.00
2009-01-23T15:00:00,-0.26,0.33,0.19,1.48,0.17,0.34,-0.28,-0.56,-0.13,0,0,4.00
2009-01-23T16:00:00,-0.19,0.36,0.2,1.47,0.1,0.16,-0.27,-0.56,-0.13,0,0,4.00
2009-01-23T17:00:00,-0.19,0.3,0.27,1.48,0.16,0.04,-0.26,-0.57,-0.13,0,0,3.00
2009-01-23T18:00:00,-0.12,0.4,0.21,1.48,0.17,0.13,-0.28,-0.57,-0.14,0,0,3.00
2009-01-23T19:00:00,-0.23,0.48,0.09,1.5,0.06,0.15,-0.3,-0.56,-0.15,0,0,4.00
2009-01-23T20:00:00,-0.08,0.52,0.03,1.53,-0.02,0.14,-0.29,-0.56,-0.15,0,0,4.00
2009-01-23T21:00:00,-0.14,0.47,-0.07,1.55,-0.07,0.2,-0.25,-0.56,-0.15,0,0,4.00
2009-01-23T22:00:00,-0.26,0.36,0.07,1.56,-0.02,0.11,-0.18,-0.55,-0.12,0,0,5.00
2009-01-23T23:00:00,-0.31,0.43,0.0,1.55,0.01,0.3,-0.21,-0.55,-0.14,0,0,4.00
2009-01-24T00:00:00,-0.3,0.31,-0.19,1.57,0.02,0.45,-0.19,-0.55,-0.14,0,0,3.00
2009-01-24T01:00:00,-0.3,0.05,-0.24,1.57,0.09,0.55,-0.16,-0.55,-0.12,0,0,4.00
2009-01-24T02:00:00,-0.33,-0.05,-0.27,1.59,-0.05,0.58,-0.11,-0.56,-0.13,0,0,4.00
2009-01-24T03:00:00,-0.35,-0.09,-0.21,1.58,0.02,0.42,-0.12,-0.52,-0.1,0,0,3.00
2009-01-24T04:00:00,-0.35,0.07,-0.05,1.56,-0.03,0.2,-0.09,-0.43,0.08,0,0,3.00
2009-01-24T05:00:00,-0.29,0.14,0.15,1.57,-0.15,0.05,-0.1,-0.42,0.16,0,0,2.00
2009-01-24T06:00:00,-0.21,0.18,0.32,1.54,-0.09,0.01,-0.2,-0.52,-0.07,0,0,0.00
2009-01-24T07:00:00,-0.25,0.16,0.32,1.5,-0.0,0.07,-0.23,-0.54,-0.11,0,0,0.00
