2009-07-09T09:00:00,0.3,-0.51,0.05,1.6,-0.51,-0.55,0.05,-0.43,-0.05,0,0,0.00
2009-07-09T10:00:00,0.34,-0.45,0.11,1.64,-0.54,-0.68,0.05,-0.42,-0.02,0,0,-1.00
2009-07-09T11:00:00,0.33,-0.46,-0.08,1.59,-0.44,-0.38,0.03,-0.48,-0.08,0,0,0.00
2009-07-09T12:00:00,0.08,-0.24,0.22,1.54,-0.16,-0.13,0.02,-0.48,0.21,0,0,2.00
2009-07-09T13:00:00,0.03,-0.31,0.25,1.53,0.02,-0.29,0.11,-0.46,0.12,0,0,2.00
2009-07-09T14:00:00,0.33,-0.47,-0.07,1.48,0.36,-0.39,0.0,-0.48,-0.09,0,0,2.00
2009-07-09T15:00:00,0.28,0.04,-0.25,1.48,0.16,-0.43,0.16,-0.47,0.0,0,0,3.00
2009-07-09T16:00:00,0.12,0.03,-0.3,1.44,-0.01,-0.5,0.42,-0.45,0.08,0,0,2.00
2009-07-09T17:00:00,0.09,0.58,-0.48,1.2,-0.24,-1.33,1.37,-0.38,-0.03,0,0,1.00
2009-07-09T18:00:00,-0.85,1.32,0.65,0.96,-0.06,-1.4,1.44,-0.36,-0.14,1,0,3.00
2009-07-09T19:00:00,-0.59,-0.14,0.63,0.98,-0.52,-0.8,2.08,-0.3,0.08,1,0,8.00
2009-07-09T20:00:00,-0.15,-1.31,0.66,0.97,-1.03,-0.3,1.49,-0.38,-0.13,1,0,7.00
2009-07-09T21:00:00,0.04,-1.3,0.0,0.98,-0.74,-0.76,1.73,-0.33,-0.08,1,0,13.00
2009-07-09T22:00:00,-0.38,-1.0,0.5,0.93,-0.7,-0.47,1.86,-0.38,-0.08,1,0,11.00
2009-07-09T23:00:00,0.17,-1.28,0.35,1.01,-0.8,-0.54,2.25,-0.44,-0.11,1,0,11.00
2009-07-10T00:00:00,0.38,-1.25,0.5,1.06,-0.85,-0.23,2.18,-0.45,-0.12,1,0,11.00
2009-07-10T01:00:00,-0.2,-0.33,0.64,0.92,-0.35,-0.15,3.98,-0.47,0.1,1,0,15.00
2009-07-10T02:00:00,-0.46,1.51,0.39,0.95,-0.24,-0.77,2.3,-0.49,-0.15,1,0,15.00
2009-07-10T03:00:00,0.78,1.08,-0.26,0.92,-0.04,-0.09,1.01,-0.21,-0.1,1,0,25.00
2009-07-10T04:00:00,0.71,-0.63,-0.35,0.9,1.3,0.0,-0.12,0.25,-0.04,1,0,21.00
2009-07-10T05:00:00,0.59,-1.19,0.13,0.66,1.95,-0.08,-0.28,0.17,-0.12,1,0,11.00
2009-07-10T06:00:00,0.21,-1.37,0.27,0.87,2.03,-0.38,-0.34,-0.07,-0.15,1,0,-3.00
2009-07-10T07:00:00,-0.34,-1.14,0.51,1.26,0.05,0.13,-0.11,-0.14,-0.13,1,0,-3.00
2009-07-10T08:00:00,-0.22,-1.16,0.56,1.27,0.45,0.51,-0.09,-0.11,-0.13,1,0,-2.00
2009-07-10T09:00:00,-0.2,-1.24,0.3,0.8,0.25,0.13,0.26,-0.16,-0.11,1,0,-2.00
2009-07-10T10:00:00,-0.38,-0.54,0.32,0.45,0.82,0.81,0.15,0.21,0.21,1,0,0.00
2009-07-10T11:00:00,-0.13,-0.13,0.05,0.34,1.17,0.82,0.13,0.19,5.89,1,0,5.00
2009-07-10T12:00:00,-0.83,0.02,0.45,0.16,1.13,1.34,0.18,-0.16,-0.05,1,0,5.00
2009-07-10T13:00:00,-0.24,0.2,0.82,0.4,1.04,1.15,0.32,-0.1,-0.02,1,0,4.00
2009-07-10T14:00:00,0.55,0.44,-0.07,0.63,0.9,0.68,0.4,-0.08,0.12,1,0,6.00
2009-07-10T15:00:00,0.77,-0.36,0.11,0.63,0.6,1.01,0.06,-0.08,-0.0,1,0,9.00
2009-07-10T16:00:00,1.07,-0.42,-0.14,0.12,0.7,1.37,-0.54,-0.26,-0.16,1,0,9.00
2009-07-10T17:00:00,0.59,-0.46,0.01,0.13,-0.19,0.52,-0.56,-0.2,-0.11,1,0,1.00
2009-07-10T18:00:00,0.29,-0.57,0.24,0.21,-0.61,0.19,-0.42,-0.27,-0.09,0,0,0.00
2009-07-10T19:00:00,0.32,-0.48,0.18,0.23,-0.56,0.24,-0.46,-0.31,-0.08,0,0,0.00
2009-07-10T20:00:00,0.37,-0.64,0.03,0.18,-0.57,0.37,-0.5,-0.37,-0.14,0,0,2.00
2009-07-10T21:00:00,0.44,-0.52,-0.11,0.19,-0.88,0.21,-0.46,-0.35,-0.12,0,0,0.00
2009-07-10T22:00:00,0.36,-0.36,-0.07,0.31,-0.3,0.51,-0.38,-0.18,0.03,0,0,0.00
2009-07-10T23:00:00,0.3,-0.34,-0.06,0.33,-0.15,0.37,-0.43,-0.35,-0.03,0,0,0.00
2009-07-11T00:00:00,0.18,-0.54,0.01,0.29,-0.2,0.34,-0.49,-0.38,-0.1,0,0,0.00
2009-07-11T01:00:00,0.32,-0.36,-0.06,0.36,-0.27,0.02,-0.48,-0.33,-0.04,0,0,1.00
2009-07-11T02:00:00,0.43,-0.23,-0.05,0.37,-0.18,0.12,-0.47,-0.3,-0.03,0,0,1.00
2009-07-11T03:00:00,0.38,-0.11,0.1,0.32,0.15,-0.25,-0.44,-0.29,0.11,0,0,3.00
2009-07-11T04:00:00,0.23,-0.12,0.06,0.26,-0.22,0.34,-0.38,-0.29,0.62,0,0,5.00
2009-07-11T05:00:00,0.06,0.12,0.23,0.3,0.11,0.45,-0.4,-0.36,0.41,0,0,7.00
2009-07-11T06:00:00,-0.05,0.15,0.33,0.35,0.17,0.13,-0.42,-0.41,0.04,0,0,6.00
2009-07-11T07:00:00,0.03,-0.04,0.15,0.36,0.21,0.15,-0.45,-0.37,2.65,0,0,7.00
2009-07-11T08:00:00,0.28,0.16,0.01,0.36,0.17,0.23,-0.45,-0.4,0.08,0,0,5.00
2009-07-11T09:00:00,0.24,0.2,0.29,0.4,0.08,0.28,-0.45,-0.42,-0.04,0,0,5.00
2009-07-11T10:00:00,0.42,0.15,-0.02,0.46,0.07,0.12,-0.45,-0.41,-0.06,0,0,3.00
2009-07-11T11:00:00,0.38,-0.2,-0.11,0.49,-0.13,0.15,-0.48,-0.4,-0.06,0,0,4.00
2009-07-11T12:00:00,0.44,-0.01,-0.05,0.45,-0.19,0.25,-0.56,-0.37,-0.06,0,0,5.00
2009-07-11T13:00:00,0.22,-0.2,0.08,0.42,-0.04,0.38,-0.53,-0.36,0.16,0,0,4.00
2009-07-11T14:00:00,0.19,-0.07,0.22,0.42,0.04,0.5,-0.44,-0.01,0.93,0,0,2.00
2009-07-11T15:00:00,0.11,-0.19,0.25,0.41,-0.11,0.53,-0.51,-0.43,0.06,0,0,2.00
2009-07-11T16:00:00,-0.01,-0.18,0.23,0.39,-0.08,0.4,-0.52,-0.45,0.12,0,0,2.00
2009-07-11T17:00:00,0.03,-0.37,0.12,0.42,-0.15,0.25,-0.53,-0.49,-0.07,0,0,1.00
2009-07-11T18:00:00,-0.09,-0.26,0.27,0.39,0.09,0.43,-0.53,-0.47,-0.05,0,0,2.00
2009-07-11T19:00:00,-0.36,-0.29,0.07,0.41,-0.02,-0.06,-0.58,-0.5,-0.13,0,0,1.00
2009-07-11T20:00:00,-0.35,-0.22,0.05,0.43,0.01,-0.08,-0.59,-0.51,-0.12,0,0,2.00
2009-07-11T21:00:00,-0.12,-0.08,0.09,0.35,-0.16,0.45,0.11,-0.48,1.69,0,0,2.00
2009-07-11T22:00:00,0.05,-0.13,0.04,0.61,0.15,0.18,-0.58,-0.5,0.57,0,0,2.00
2009-07-11T23:00:00,0.32,-0.13,0.0,0.68,-0.05,0.28,-0.54,-0.48,-0.04,0,0,1.00
2009-07-12T00:00:00,-0.04,-0.22,-0.2,0.72,0.0,0.19,-0.49,-0.52,-0.11,0,0,3.00
2009-07-12T01:00:00,0.13,-0.15,-0.09,0.7,0.06,0.2,-0.48,-0.47,0.09,0,0,4.00
2009-07-12T02:00:00,0.33,0.12,-0.02,0.63,0.19,0.21,-0.45,-0.46,-0.03,0,0,5.00
2009-07-12T03:00:00,0.28,0.15,-0.07,0.67,0.21,0.11,-0.41,-0.47,-0.03,0,0,6.00
2009-07-12T04:00:00,0.4,0.05,-0.17,0.71,0.19,0.08,-0.4,-0.45,-0.09,0,0,6.00
2009-07-12T05:00:00,0.18,-0.25,-0.08,0.74,0.11,0.0,-0.38,-0.45,0.02,0,0,5.00
2009-07-12T06:00:00,-0.32,-0.21,0.07,0.75,0.13,0.02,-0.35,-0.5,-0.05,0,0,1.00
2009-07-12T07:00:00,-0.33,-0.32,0.06,0.74,-0.02,0.07,-0.39,-0.51,-0.11,0,0,-1.00
2009-07-12T08:00:00,-0.19,-0.11,0.16,0.81,0.13,0.17,-0.42,-0.5,0.11,0,0,1.00
2009-07-12T09:00:00,0.21,-0.1,-0.05,0.85,0.25,0.11,-0.45,-0.47,0.09,0,0,3.00
2009-07-12T10:00:00,0.07,-0.17,-0.07,0.89,0.17,0.09,-0.46,-0.48,0.16,0,0,5.00
2009-07-12T11:00:00,0.23,-0.17,-0.0,0.9,0.13,0.01,-0.48,-0.47,0.06,0,0,6.00
2009-07-12T12:00:00,0.07,-0.27,0.04,0.91,0.12,0.09,-0.5,-0.48,0.07,0,0,6.00
2009-07-12T13:00:00,0.11,-0.17,0.0,0.93,0.11,0.11,-0.49,-0.48,0.25,0,0,6.00
2009-07-12T14:00:00,0.11,-0.26,0.08,0.93,0.0,0.18,-0.48,-0.47,0.09,0,0,4.00
2009-07-12T15:00:00,-0.08,-0.21,0.15,0.95,-0.02,0.25,-0.48,-0.48,0.16,0,0,3.00
2009-07-12T16:00:00,-0.0,-0.27,0.14,0.95,-0.01,0.33,-0.47,-0.49,0.06,0,0,4.00
2009-07-12T17:00:00,0.0,-0.26,-0.01,0.98,0.02,0.26,-0.47,-0.49,0.05,0,0,5.00
2009-07-12T18:00:00,-0.32,-0.24,0.03,0.99,0.1,0.29,-0.5,-0.52,-0.11,0,0,8.00
2009-07-12T19:00:00,0.34,0.06,0.08,0.99,0.22,0.49,-0.44,-0.42,0.05,0,0,9.00
2009-07-12T20:00:00,0.43,-0.02,0.22,0.99,0.22,0.51,-0.43,-0.44,-0.07,0,0,7.00
2009-07-12T21:00:00,0.5,-0.05,0.09,1.04,0.13,0.59,-0.44,-0.45,-0.09,0,0,5.00
2009-07-12T22:00:00,0.47,-0.1,0.1,1.07,-0.03,0.65,-0.4,-0.42,-0.05,0,0,5.00
2009-07-12T23:00:00,-0.2,0.03,-0.1,1.13,-0.09,0.39,-0.4,-0.5,0.03,0,0,7.00
2009-07-13T00:00:00,-0.32,0.02,-0.1,1.14,-0.19,0.26,-0.36,-0.49,-0.04,0,0,7.00
2009-07-13T01:00:00,-0.27,-0.12,-0.01,1.17,-0.26,0.38,-0.32,-0.48,0.07,0,0,8.00
2009-07-13T02:00:00,-0.01,-0.11,-0.1,1.25,-0.22,0.51,-0.28,-0.48,0.33,0,0,7.00
2009-07-13T03:00:00,-0.1,-0.26,0.08,1.25,-0.26,0.52,-0.24,-0.48,0.18,0,0,5.00
2009-07-13T04:00:00,-0.09,-0.29,0.11,1.28,-0.29,0.46,-0.21,-0.49,0.11,0,0,4.00
2009-07-13T05:00:00,-0.04,-0.28,0.15,1.29,-0.31,0.41,-0.14,-0.5,0.1,0,0,6.00
2009-07-13T06:00:00,-0.15,-0.12,0.2,1.27,-0.37,0.34,-0.03,-0.55,0.15,0,0,7.00
2009-07-13T07:00:00,-0.24,-0.24,0.02,1.28,-0.5,0.17,0.2,-0.54,0.04,0,0,8.00
2009-07-13T08:00:00,-0.29,-0.19,0.25,1.23,-0.83,0.03,1.03,-0.53,0.12,0,0,8.00
2009-07-13T09:00:00,-0.34,-0.14,0.44,1.24,-0.95,0.03,1.27,-0.54,-0.04,1,0,10.00
2009-07-13T10:00:00,0.51,-0.27,0.42,1.15,-1.04,0.5,1.95,-0.41,0.12,1,0,15.00
2009-07-13T11:00:00,0.88,-0.4,-0.22,1.18,-1.39,0.26,2.26,-0.54,-0.12,1,0,18.00
2009-07-13T12:00:00,0.35,-0.13,-0.6,1.12,-1.54,0.28,2.74,-0.5,-0.04,1,0,24.00
2009-07-13T13:00:00,-0.98,0.69,-0.03,0.91,-1.05,1.17,1.38,-0.31,-0.08,1,0,24.00
2009-07-13T14:00:00,-0.04,-0.03,-0.5,0.65,-0.35,0.91,1.15,-0.25,0.2,1,0,17.00
2009-07-13T15:00:00,-0.82,0.43,0.4,0.64,-0.06,0.91,1.05,-0.14,0.02,1,0,6.00
2009-07-13T16:00:00,-0.05,0.85,0.35,0.39,0.32,1.37,1.24,-0.04,0.13,1,0,-1.00
2009-07-13T17:00:00,-0.12,0.34,1.3,0.4,0.67,0.5,0.98,0.09,-0.06,1,0,0.00
2009-07-13T18:00:00,-0.54,1.31,0.4,0.3,0.84,1.07,0.68,0.78,0.04,1,0,4.00
2009-07-13T19:00:00,-0.6,0.98,0.43,0.44,0.4,0.37,0.81,0.5,0.09,1,0,9.00
2009-07-13T20:00:00,-0.07,0.39,0.62,0.16,1.51,-0.99,0.73,0.72,0.64,1,0,10.00
2009-07-13T21:00:00,-0.26,0.97,-0.67,0.13,1.36,-0.31,0.38,0.99,0.07,1,0,12.00
2009-07-13T22:00:00,-0.7,1.03,0.53,0.17,1.2,-1.39,0.44,0.79,0.04,1,0,17.00
2009-07-13T23:00:00,-0.76,1.02,0.12,0.12,1.04,-0.85,0.34,0.66,0.03,1,0,9.00
2009-07-14T00:00:00,-0.27,0.09,-1.02,0.01,1.3,0.05,-0.05,0.38,-0.07,1,0,4.00
2009-07-14T01:00:00,-0.2,0.45,-0.28,-0.33,0.58,-0.18,-0.27,0.37,0.17,1,0,5.00
2009-07-14T02:00:00,-0.33,0.27,0.25,-0.6,0.27,-0.33,-0.51,0.04,0.11,0,0,-8.00
2009-07-14T03:00:00,-0.41,0.08,-0.02,-0.5,0.44,0.21,-0.51,-0.02,0.15,0,0,-22.00
2009-07-14T04:00:00,-0.35,0.48,0.18,-0.47,-0.23,-0.3,-0.54,-0.13,-0.06,0,0,-20.00
2009-07-14T05:00:00,-0.43,0.49,0.14,-0.37,-0.24,-0.13,-0.55,-0.14,-0.08,0,0,-14.00
2009-07-14T06:00:00,-0.57,0.18,0.08,-0.35,0.45,0.1,-0.49,-0.18,-0.05,0,0,-14.00
2009-07-14T07:00:00,-0.4,0.44,0.17,-0.45,0.0,0.15,-0.46,-0.08,-0.02,0,0,-14.00
2009-07-14T08:00:00,-0.53,-0.13,0.37,-0.43,0.77,-0.09,-0.4,-0.03,-0.0,0,0,-14.00
2009-07-14T09:00:00,-0.03,-0.49,0.07,-0.55,0.77,0.2,-0.34,-0.03,0.18,0,0,-10.00
2009-07-14T10:00:00,0.07,-0.7,0.02,-0.54,0.88,-0.03,-0.38,-0.05,-0.03,0,0,-7.00
2009-07-14T11:00:00,0.11,0.26,-0.3,-0.49,0.09,0.36,-0.45,-0.06,0.05,0,0,-3.00
2009-07-14T12:00:00,0.05,0.34,-0.19,-0.47,-0.04,0.29,-0.46,-0.05,0.11,0,0,-6.00
2009-07-14T13:00:00,-0.63,-0.02,0.03,-0.32,0.46,0.22,-0.35,-0.09,0.0,0,0,-8.00
2009-07-14T14:00:00,-0.07,0.22,-0.07,-0.45,0.31,0.5,-0.46,0.03,0.66,0,0,-13.00
2009-07-14T15:00:00,0.09,0.34,-0.17,-0.51,0.54,1.4,-0.49,-0.0,0.13,0,0,-11.00
2009-07-14T16:00:00,-0.3,0.34,0.15,-0.28,0.21,0.83,-0.52,-0.02,0.1,0,0,-10.00
2009-07-14T17:00:00,-0.21,0.21,0.29,-0.36,0.48,0.45,-0.59,-0.1,0.09,0,0,-10.00
2009-07-14T18:00:00,-0.1,0.33,0.07,-0.44,0.14,0.61,-0.59,-0.12,0.14,0,0,-11.00
2009-07-14T19:00:00,-0.16,0.41,0.03,-0.43,-0.02,0.55,-0.6,-0.17,-0.0,0,0,-9.00
2009-07-14T20:00:00,-0.1,0.39,-0.07,-0.43,0.05,0.51,-0.55,-0.15,0.03,0,0,-8.00
2009-07-14T21:00:00,-0.16,0.31,-0.15,-0.33,0.38,0.55,-0.5,-0.15,0.06,0,0,-6.00
2009-07-14T22:00:00,-0.47,0.23,-0.0,-0.23,0.38,0.33,-0.44,-0.2,-0.01,0,0,-3.00
2009-07-14T23:00:00,-0.32,0.3,-0.06,-0.16,0.32,0.41,-0.42,-0.08,0.11,0,0,-4.00
2009-07-15T00:00:00,-0.39,0.3,0.15,-0.1,0.37,0.07,-0.47,-0.09,0.05,0,0,-5.00
2009-07-15T01:00:00,-0.34,0.27,-0.15,0.07,0.02,0.38,-0.47,-0.22,-0.01,0,0,-6.00
2009-07-15T02:00:00,-0.39,0.38,0.16,0.07,-0.21,0.12,-0.49,-0.21,-0.05,0,0,-6.00
2009-07-15T03:00:00,-0.38,0.43,-0.0,0.1,-0.4,0.14,-0.49,-0.19,-0.05,0,0,-8.00
2009-07-15T04:00:00,-0.31,0.25,0.04,0.15,-0.35,-0.07,-0.44,-0.26,0.08,0,0,-9.00
2009-07-15T05:00:00,0.16,0.46,0.1,-0.05,-0.39,-0.35,-0.36,-0.3,-0.01,0,0,-9.00
2009-07-15T06:00:00,-0.22,-0.24,-0.07,0.03,0.03,-0.38,-0.3,-0.2,0.33,0,0,-9.00
2009-07-15T07:00:00,-0.27,-0.13,0.29,0.08,0.01,-0.75,0.18,-0.15,0.62,0,0,-4.00
2009-07-15T08:00:00,0.02,0.06,0.45,0.13,0.21,-0.86,-0.27,-0.28,0.07,0,0,-1.00
2009-07-15T09:00:00,0.09,0.1,0.06,0.09,-0.07,-0.55,-0.33,-0.21,2.74,0,0,1.00
2009-07-15T10:00:00,-0.15,-0.04,-0.17,0.1,-0.22,-0.41,-0.37,-0.07,0.52,0,0,4.00
2009-07-15T11:00:00,-0.1,0.03,-0.17,0.13,-0.08,-0.17,-0.44,-0.15,0.42,0,0,5.00
2009-07-15T12:00:00,-0.25,0.0,-0.18,0.13,-0.04,-0.18,-0.46,-0.2,0.13,0,0,2.00
2009-07-15T13:00:00,-0.39,-0.08,-0.23,0.19,0.07,0.01,-0.5,-0.24,-0.04,0,0,-2.00
2009-07-15T14:00:00,-0.29,-0.12,0.02,0.18,0.18,-0.15,-0.5,-0.23,0.24,0,0,-6.00
2009-07-15T15:00:00,-0.3,0.1,0.16,0.2,0.04,-0.19,-0.48,-0.29,0.14,0,0,-8.00
2009-07-15T16:00:00,-0.28,0.0,0.18,0.25,0.27,-0.24,-0.5,-0.31,0.18,0,0,-7.00
2009-07-15T17:00:00,-0.14,0.23,-0.02,0.25,-0.09,0.18,-0.52,-0.31,0.16,0,0,-6.00
2009-07-15T18:00:00,-0.31,0.22,0.11,0.3,-0.0,0.12,-0.5,-0.34,0.02,0,0,-5.00
2009-07-15T19:00:00,-0.36,0.21,0.1,0.36,-0.07,-0.11,-0.52,-0.34,-0.02,0,0,-4.00
2009-07-15T20:00:00,-0.29,0.23,0.01,0.41,-0.11,-0.14,-0.55,-0.34,0.0,0,0,-5.00
2009-07-15T21:00:00,-0.11,0.35,0.0,0.41,-0.29,-0.12,-0.56,-0.35,-0.02,0,0,-6.00
2009-07-15T22:00:00,-0.28,0.22,0.13,0.47,-0.34,-0.05,-0.57,-0.3,0.03,0,0,-7.00
2009-07-15T23:00:00,-0.22,0.33,0.03,0.55,-0.62,0.11,-0.58,-0.4,-0.07,0,0,-6.00
2009-07-16T00:00:00,-0.21,0.24,0.36,0.59,-0.59,-0.75,-0.63,-0.46,-0.13,0,0,-5.00
2009-07-16T01:00:00,-0.24,0.26,0.24,0.61,-0.49,-0.53,-0.62,-0.45,-0.11,0,0,-7.00
2009-07-16T02:00:00,-0.22,0.25,0.17,0.6,-0.21,-0.28,-0.58,-0.44,-0.06,0,0,-5.00
2009-07-16T03:00:00,-0.16,0.29,0.13,0.64,-0.27,-0.3,-0.58,-0.43,-0.05,0,0,-3.00
2009-07-16T04:00:00,-0.12,0.29,-0.01,0.63,-0.17,-0.14,-0.59,-0.43,-0.04,0,0,-1.00
2009-07-16T05:00:00,-0.25,0.0,0.04,0.68,0.02,-0.06,-0.57,-0.35,0.23,0,0,1.00
2009-07-16T06:00:00,-0.21,0.09,-0.02,0.71,-0.16,-0.01,-0.58,-0.41,0.12,0,0,0.00
2009-07-16T07:00:00,-0.1,0.05,-0.12,0.68,-0.15,0.15,-0.6,-0.42,0.11,0,0,0.00
2009-07-16T08:00:00,0.01,0.22,-0.07,0.65,-0.31,0.11,-0.6,-0.41,0.05,0,0,-1.00
2009-07-16T09:00:00,-0.26,0.25,-0.06,0.8,-0.4,0.21,-0.57,-0.38,-0.05,0,0,-2.00
2009-07-16T10:00:00,-0.24,0.36,-0.01,0.85,-0.52,0.11,-0.59,-0.45,-0.11,0,0,-1.00
2009-07-16T11:00:00,-0.13,0.27,-0.01,0.84,-0.28,0.09,-0.56,-0.46,-0.04,0,0,-3.00
2009-07-16T12:00:00,-0.27,0.2,0.01,0.9,-0.21,0.21,-0.53,-0.35,0.04,0,0,-3.00
2009-07-16T13:00:00,-0.28,0.22,0.04,0.93,-0.19,0.2,-0.53,-0.37,0.01,0,0,-3.00
2009-07-16T14:00:00,-0.36,0.14,0.16,1.0,-0.05,0.05,-0.5,-0.4,-0.04,0,0,-4.00
2009-07-16T15:00:00,-0.35,-0.07,0.19,0.99,0.13,0.01,-0.5,-0.4,-0.01,0,0,-3.00
2009-07-16T16:00:00,-0.29,-0.24,0.08,0.98,0.35,0.18,-0.52,-0.43,-0.03,0,0,0.00
2009-07-16T17:00:00,-0.3,-0.29,0.08,1.03,0.37,0.16,-0.54,-0.46,-0.08,0,0,-1.00
2009-07-16T18:00:00,-0.34,-0.18,0.04,1.07,0.17,0.21,-0.5,-0.42,-0.03,0,0,-1.00
2009-07-16T19:00:00,-0.35,-0.19,0.03,1.09,0.19,0.31,-0.52,-0.41,-0.04,0,0,-3.00
2009-07-16T20:00:00,-0.38,-0.13,0.11,1.1,0.01,0.28,-0.49,-0.41,-0.03,0,0,-4.00
2009-07-16T21:00:00,-0.36,0.02,0.02,1.17,-0.08,0.29,-0.46,-0.46,-0.03,0,0,-1.00
2009-07-16T22:00:00,-0.38,-0.1,0.15,1.17,0.15,0.03,-0.46,-0.45,-0.06,0,0,-1.00
2009-07-16T23:00:00,-0.33,-0.08,0.24,1.16,0.12,0.08,-0.46,-0.47,-0.06,0,0,-1.00
2009-07-17T00:00:00,-0.25,0.1,0.33,1.17,-0.13,0.07,-0.47,-0.5,-0.1,0,0,-2.00
2009-07-17T01:00:00,-0.3,0.21,0.16,1.18,-0.12,0.18,-0.46,-0.48,-0.07,0,0,-3.00
2009-07-17T02:00:00,-0.32,0.04,0.21,1.19,-0.05,0.13,-0.47,-0.45,-0.03,0,0,-2.00
2009-07-17T03:00:00,-0.1,0.25,0.03,1.14,-0.23,0.31,-0.46,-0.52,-0.03,0,0,-3.00
2009-07-17T04:00:00,-0.05,0.29,0.03,1.15,-0.22,0.23,-0.45,-0.55,-0.09,0,0,-3.00
2009-07-17T05:00:00,-0.24,0.25,0.14,1.22,-0.18,0.18,-0.48,-0.53,-0.11,0,0,-2.00
2009-07-17T06:00:00,-0.17,0.22,0.13,1.24,-0.23,0.14,-0.44,-0.54,-0.06,0,0,-2.00
2009-07-17T07:00:00,-0.09,0.22,0.13,1.25,-0.29,0.15,-0.42,-0.54,-0.03,0,0,-2.00
2009-07-17T08:00:00,-0.08,0.22,0.09,1.26,-0.33,0.22,-0.43,-0.54,-0.01,0,0,-2.00
2009-07-17T09:00:00,-0.02,0.2,0.04,1.24,-0.34,0.24,-0.42,-0.55,0.04,0,0,0.00
2009-07-17T10:00:00,-0.05,0.26,0.06,1.25,-0.36,0.22,-0.39,-0.56,-0.05,0,0,1.00
2009-07-17T11:00:00,-0.13,0.18,0.08,1.25,-0.33,0.18,-0.4,-0.52,0.08,0,0,1.00
2009-07-17T12:00:00,-0.3,0.2,0.13,1.29,-0.37,0.2,-0.47,-0.53,-0.1,0,0,1.00
2009-07-17T13:00:00,-0.37,0.16,0.13,1.29,-0.34,0.22,-0.52,-0.52,-0.12,0,0,1.00
2009-07-17T14:00:00,-0.39,0.11,0.15,1.3,-0.36,0.2,-0.52,-0.52,-0.12,0,0,0.00
2009-07-17T15:00:00,-0.36,0.11,0.1,1.34,-0.43,0.23,-0.43,-0.51,-0.09,0,0,-1.00
2009-07-17T16:00:00,-0.38,0.09,0.15,1.34,-0.43,0.17,-0.46,-0.52,-0.11,0,0,0.00
2009-07-17T17:00:00,-0.33,0.13,0.08,1.36,-0.45,0.19,-0.37,-0.52,-0.08,0,0,2.00
2009-07-17T18:00:00,0.1,0.21,0.0,1.32,-0.5,0.18,-0.21,-0.58,-0.03,0,0,2.00
2009-07-17T19:00:00,-0.2,0.2,0.14,1.39,-0.46,0.08,-0.22,-0.57,-0.06,0,0,3.00
2009-07-17T20:00:00,-0.29,-0.01,0.16,1.43,-0.37,0.03,-0.2,-0.56,-0.05,0,0,5.00
2009-07-17T21:00:00,-0.26,0.18,0.1,1.45,-0.48,0.1,-0.15,-0.57,-0.07,0,0,5.00
2009-07-17T22:00:00,-0.27,0.17,0.11,1.46,-0.49,0.03,-0.09,-0.57,-0.07,0,0,4.00
2009-07-17T23:00:00,-0.31,0.09,0.06,1.5,-0.41,0.08,-0.13,-0.58,-0.08,0,0,3.00
2009-07-18T00:00:00,-0.34,0.1,0.08,1.54,-0.38,-0.0,-0.07,-0.57,-0.08,0,0,4.00
2009-07-18T01:00:00,-0.34,0.13,0.09,1.56,-0.44,-0.03,-0.08,-0.57,-0.08,0,0,4.00
2009-07-18T02:00:00,-0.3,0.13,0.09,1.57,-0.37,-0.05,-0.04,-0.57,-0.07,0,0,3.00
2009-07-18T03:00:00,-0.11,0.19,0.14,1.59,-0.32,0.03,0.04,-0.56,0.1,0,0,4.00
2009-07-18T04:00:00,-0.32,0.06,0.09,1.62,-0.3,0.09,0.11,-0.55,0.01,0,0,6.00
2009-07-18T05:00:00,-0.09,0.2,0.13,1.64,-0.26,0.08,0.18,-0.56,0.16,0,0,8.00
2009-07-18T06:00:00,-0.06,0.25,0.1,1.66,-0.23,0.13,0.19,-0.57,0.04,0,0,8.00
2009-07-18T07:00:00,-0.17,0.2,0.1,1.68,-0.23,0.18,0.34,-0.56,0.09,0,0,7.00
2009-07-18T08:00:00,-0.04,0.2,0.17,1.7,-0.28,0.17,0.37,-0.57,0.15,0,0,7.00
2009-07-18T09:00:00,-0.15,0.09,0.26,1.68,-0.2,0.15,0.42,-0.58,0.03,0,0,7.00
2009-07-18T10:00:00,-0.24,0.2,0.28,1.7,-0.26,0.05,0.39,-0.57,-0.07,0,0,8.00
2009-07-18T11:00:00,-0.17,0.26,0.04,1.71,-0.35,0.06,0.45,-0.57,0.01,0,0,9.00
2009-07-18T12:00:00,-0.19,0.32,0.06,1.72,-0.17,0.04,0.25,-0.57,-0.07,0,0,9.00
2009-07-18T13:00:00,-0.14,0.29,0.21,1.72,-0.13,0.02,0.42,-0.58,-0.06,0,0,10.00
2009-07-18T14:00:00,-0.07,0.26,0.25,1.75,-0.1,-0.04,0.56,-0.58,-0.02,0,0,10.00
2009-07-18T15:00:00,-0.37,-0.04,0.15,1.71,-0.18,-0.18,0.2,-0.58,-0.08,0,0,11.00
2009-07-18T16:00:00,-0.32,-0.01,0.09,1.62,-0.25,-0.2,0.02,-0.56,-0.02,0,0,10.00
2009-07-18T17:00:00,-0.32,-0.22,-0.01,1.58,-0.17,-0.1,0.02,-0.53,-0.03,0,0,9.00
2009-07-18T18:00:00,-0.34,-0.2,-0.09,1.58,-0.18,-0.02,0.03,-0.54,-0.07,0,0,8.00
2009-07-18T19:00:00,0.08,0.28,0.13,1.56,-0.07,-0.07,-0.01,-0.54,0.01,0,0,7.00
2009-07-18T20:00:00,0.08,0.49,0.19,1.55,-0.1,-0.11,-0.08,-0.56,-0.14,0,0,7.00
2009-07-18T21:00:00,0.08,0.55,0.13,1.56,-0.16,-0.02,-0.09,-0.56,-0.15,0,0,7.00
2009-07-18T22:00:00,0.08,0.5,0.1,1.56,-0.12,-0.06,0.28,-0.56,-0.11,0,0,9.00
2009-07-18T23:00:00,0.17,0.52,0.09,1.61,-0.12,-0.15,-0.07,-0.57,-0.14,0,0,9.00
2009-07-19T00:00:00,-0.03,0.5,0.2,1.65,-0.14,-0.28,-0.06,-0.56,-0.13,0,0,11.00
2009-07-19T01:00:00,-0.13,0.44,0.33,1.67,-0.16,-0.29,-0.04,-0.56,-0.14,0,0,11.00
2009-07-19T02:00:00,-0.16,0.43,0.33,1.69,-0.13,-0.31,0.02,-0.56,-0.14,0,0,10.00
2009-07-19T03:00:00,-0.27,0.15,0.5,1.69,-0.12,-0.36,0.04,-0.56,-0.14,0,0,9.00
2009-07-19T04:00:00,-0.31,-0.03,0.47,1.71,-0.16,-0.35,0.18,-0.56,-0.13,0,0,9.00
2009-07-19T05:00:00,-0.26,0.27,0.1,1.72,-0.24,-0.21,0.19,-0.55,-0.05,0,0,9.00
2009-07-19T06:00:00,-0.02,0.32,-0.23,1.73,-0.22,-0.05,0.09,-0.56,-0.11,0,0,9.00
2009-07-19T07:00:00,0.01,0.19,-0.13,1.73,-0.27,0.01,0.13,-0.57,-0.01,0,0,10.00
2009-07-19T08:00:00,0.08,0.25,-0.14,1.73,-0.28,-0.01,0.12,-0.58,-0.07,0,0,8.00
2009-07-19T09:00:00,0.03,0.28,-0.04,1.73,-0.3,0.01,0.13,-0.58,-0.05,0,0,5.00
2009-07-19T10:00:00,-0.08,0.17,-0.16,1.73,-0.24,-0.02,0.15,-0.58,-0.06,0,0,4.00
2009-07-19T11:00:00,-0.06,0.36,-0.09,1.75,-0.17,-0.06,0.06,-0.58,-0.12,0,0,3.00
2009-07-19T12:00:00,-0.0,0.35,-0.09,1.75,-0.19,-0.03,0.1,-0.58,-0.11,0,0,4.00
2009-07-19T13:00:00,-0.05,0.33,0.14,1.76,-0.13,-0.04,0.11,-0.58,-0.09,0,0,4.00
2009-07-19T14:00:00,-0.04,0.21,0.28,1.77,-0.19,-0.1,0.14,-0.58,-0.07,0,0,6.00
2009-07-19T15:00:00,0.08,0.36,0.2,1.78,-0.11,-0.08,0.11,-0.58,-0.11,0,0,7.00
2009-07-19T16:00:00,0.1,0.44,0.1,1.77,-0.13,-0.07,0.14,-0.58,-0.12,0,0,7.00
2009-07-19T17:00:00,-0.06,0.39,-0.01,1.77,-0.08,-0.1,0.95,-0.58,-0.05,0,0,5.00
2009-07-19T18:00:00,-0.11,0.24,0.11,1.79,-0.18,-0.01,0.33,-0.58,0.02,0,0,4.00
2009-07-19T19:00:00,-0.01,-0.05,0.43,1.79,-0.3,0.08,0.34,-0.57,-0.08,0,0,5.00
2009-07-19T20:00:00,0.03,0.45,0.06,1.79,-0.26,0.05,0.33,-0.56,-0.09,0,0,6.00
2009-07-19T21:00:00,-0.12,0.45,-0.06,1.78,-0.2,0.03,0.37,-0.57,-0.11,0,0,7.00
2009-07-19T22:00:00,0.01,0.23,0.05,1.78,-0.22,0.02,0.54,-0.56,0.22,0,0,6.00
2009-07-19T23:00:00,0.03,0.4,0.07,1.75,-0.24,0.11,0.69,-0.55,-0.01,0,0,7.00
2009-07-20T00:00:00,-0.07,0.52,0.01,1.74,-0.21,0.07,0.75,-0.54,-0.07,0,0,7.00
2009-07-20T06:00:00,0.01,0.05,-0.69,1.51,-0.43,-0.78,1.81,-0.49,-0.08,0,0,13.00
2009-07-20T07:00:00,-0.07,-0.46,-0.63,1.55,-0.69,-0.68,2.06,-0.52,-0.11,0,0,18.00
2009-07-20T08:00:00,0.08,0.18,-0.8,1.57,-0.5,-0.67,1.47,-0.52,-0.13,0,0,22.00
2009-07-20T09:00:00,0.1,0.29,-0.37,1.58,-0.33,-0.89,1.98,-0.51,0.03,0,0,15.00
2009-07-20T10:00:00,0.58,-0.25,-0.57,1.59,-0.3,-0.75,0.97,-0.45,-0.11,0,0,5.00
2009-07-20T11:00:00,0.23,-0.26,-0.7,1.54,-0.24,-0.47,0.72,-0.43,-0.11,0,0,0.00
2009-07-20T12:00:00,0.19,0.01,-0.83,1.59,-0.43,-0.44,0.56,-0.45,-0.14,0,0,-5.00
2009-07-20T13:00:00,0.52,-0.12,-0.61,1.59,-0.49,-0.51,0.65,-0.43,-0.11,0,0,-10.00
2009-07-20T14:00:00,0.64,-0.4,-0.4,1.59,-0.46,-0.77,0.79,-0.42,-0.09,0,0,-13.00
2009-07-20T15:00:00,0.11,-0.46,0.27,1.55,-0.16,-0.76,0.12,-0.39,0.03,0,0,-15.00
2009-07-20T16:00:00,-0.44,-0.54,0.95,1.47,-0.09,-0.33,-0.24,-0.37,-0.16,0,0,-17.00
2009-07-20T17:00:00,-0.11,-0.72,0.65,1.5,0.15,-0.6,-0.2,-0.28,-0.13,0,0,-20.00
2009-07-20T18:00:00,0.28,-0.82,0.65,1.43,0.58,-0.51,-0.17,-0.29,-0.14,0,0,-15.00
2009-07-20T19:00:00,0.03,-0.91,0.72,1.45,0.52,-0.08,-0.14,-0.32,-0.15,0,0,-12.00
2009-07-20T20:00:00,-0.06,-0.77,0.79,1.48,0.49,-0.14,-0.05,-0.22,-0.12,0,0,-9.00
2009-07-20T21:00:00,0.45,-0.92,0.47,1.58,0.44,-0.4,-0.01,-0.33,-0.14,0,0,-7.00
2009-07-20T22:00:00,0.58,-0.91,0.24,1.66,0.47,-0.76,0.28,-0.29,-0.11,0,0,-7.00
2009-07-20T23:00:00,-0.61,-0.27,0.58,1.36,0.62,-0.09,0.41,-0.41,-0.1,0,0,-7.00
2009-07-21T00:00:00,0.14,0.01,0.22,1.44,0.65,-0.34,0.74,-0.27,2.66,0,0,-6.00
2009-07-21T01:00:00,0.26,0.18,0.33,1.38,0.56,-0.07,1.01,-0.29,0.56,0,0,-2.00
2009-07-21T02:00:00,-0.15,0.07,0.93,1.28,0.12,-0.32,0.57,-0.45,-0.13,0,0,1.00
2009-07-21T03:00:00,0.19,0.75,0.75,1.35,0.47,-0.3,0.52,-0.42,-0.14,0,0,6.00
2009-07-21T04:00:00,0.1,1.05,0.43,1.3,0.21,-0.02,0.63,-0.53,-0.16,0,0,8.00
2009-07-21T05:00:00,0.02,1.28,0.39,1.28,-0.0,-0.03,0.26,-0.55,-0.18,0,1,9.00
2009-07-21T06:00:00,0.04,1.3,0.29,1.29,0.03,0.07,0.4,-0.58,-0.18,0,1,10.00
2009-07-21T07:00:00,0.05,1.24,0.22,1.28,0.06,0.25,0.77,-0.58,-0.18,0,1,5.00
2009-07-21T08:00:00,0.2,1.24,-0.04,1.3,0.1,0.05,0.71,-0.58,-0.18,0,1,4.00
2009-07-21T09:00:00,0.24,1.3,0.02,1.33,0.19,0.24,0.3,-0.58,-0.18,0,1,6.00
2009-07-21T10:00:00,0.46,1.19,-0.32,1.45,-0.09,-0.77,-0.11,-0.58,-0.19,0,1,6.00
2009-07-21T11:00:00,0.59,1.21,-0.3,1.47,0.01,-0.21,-0.22,-0.57,-0.19,0,1,2.00
2009-07-21T12:00:00,0.49,1.28,-0.34,1.43,0.08,-0.19,-0.16,-0.58,-0.19,0,1,-3.00
2009-07-21T13:00:00,0.66,1.12,-0.45,1.47,0.14,-0.08,-0.02,-0.58,-0.19,0,1,-4.00
2009-07-21T14:00:00,0.8,0.99,-0.49,1.59,-0.0,-0.33,-0.02,-0.58,-0.19,0,1,-4.00
2009-07-21T15:00:00,0.98,0.78,-0.43,1.66,-0.22,-0.07,-0.06,-0.59,-0.19,0,1,-1.00
2009-07-21T16:00:00,0.82,0.94,-0.39,1.6,-0.1,-0.12,0.07,-0.58,-0.18,0,1,-2.00
2009-07-21T17:00:00,0.71,0.94,-0.36,1.59,-0.02,-0.18,0.1,-0.58,-0.18,0,1,-2.00
2009-07-21T18:00:00,0.69,0.59,-0.41,1.59,-0.07,-0.02,0.66,-0.56,-0.17,0,1,-4.00
2009-07-21T19:00:00,0.69,-0.09,-0.39,1.6,0.11,-0.41,1.99,-0.56,-0.13,0,0,-4.00
2009-07-21T20:00:00,0.64,-0.21,-0.38,1.63,0.31,0.12,2.03,-0.54,-0.1,1,0,-3.00
2009-07-21T21:00:00,0.6,-0.49,-0.5,1.61,0.03,0.28,2.08,-0.52,-0.11,1,0,3.00
2009-07-21T22:00:00,0.82,-0.5,-0.59,1.67,-0.19,0.37,1.95,-0.53,-0.14,1,0,6.00
2009-07-21T23:00:00,0.72,-0.55,-0.64,1.64,-0.37,0.47,2.02,-0.53,-0.14,1,0,8.00
2009-07-22T00:00:00,0.52,-0.62,-1.08,1.61,-0.6,0.47,2.54,-0.55,-0.16,1,0,4.00
2009-07-22T01:00:00,0.39,-0.84,-1.45,1.52,-0.81,0.62,4.55,-0.54,-0.16,1,0,6.00
2009-07-22T02:00:00,0.29,-0.55,-1.95,1.38,-1.12,0.58,4.07,-0.53,-0.17,1,0,5.00
2009-07-22T03:00:00,0.43,-1.07,-2.17,1.27,-1.18,0.45,4.13,-0.5,-0.17,1,0,-5.00
2009-07-22T04:00:00,0.7,-2.13,-0.74,1.19,-1.19,0.53,5.97,-0.43,-0.14,1,0,-25.00
2009-07-22T05:00:00,0.96,-2.35,1.31,1.18,-1.25,1.63,2.79,-0.39,-0.17,1,0,-51.00
2009-07-22T06:00:00,0.97,-1.9,-0.05,0.88,0.33,1.64,1.78,0.28,-0.07,1,0,-75.00
2009-07-22T07:00:00,0.11,-0.75,-1.82,0.88,0.21,0.99,1.1,0.22,-0.12,1,0,-78.00
2009-07-22T08:00:00,1.17,-2.01,0.6,1.03,0.7,2.48,0.58,0.09,-0.15,1,0,-66.00
2009-07-22T09:00:00,1.01,-1.67,0.07,0.77,1.12,0.78,0.35,0.17,-0.13,1,0,-72.00
2009-07-22T10:00:00,0.31,-1.29,-0.06,0.36,0.36,0.43,-0.17,0.34,-0.09,1,0,-79.00
2009-07-22T11:00:00,-0.02,-0.98,-0.01,0.14,-0.1,0.01,-0.37,-0.04,-0.11,0,0,-60.00
2009-07-22T12:00:00,0.18,-0.92,-0.08,0.22,0.01,-0.24,-0.42,-0.09,-0.11,0,0,-54.00
2009-07-22T13:00:00,0.62,-0.74,0.08,0.25,0.45,-0.15,-0.53,-0.15,-0.14,0,0,-51.00
2009-07-22T14:00:00,0.62,-0.84,0.01,0.24,0.79,-0.51,-0.64,-0.14,-0.15,0,0,-51.00
2009-07-22T15:00:00,0.36,-0.96,-0.24,0.26,0.96,-0.18,-0.73,-0.07,-0.16,0,0,-53.00
2009-07-22T16:00:00,0.55,-0.92,-0.08,0.24,0.67,-0.16,-0.71,-0.24,-0.17,0,0,-53.00
2009-07-22T17:00:00,0.53,-0.93,-0.14,0.26,0.33,-0.51,-0.72,-0.27,-0.17,0,0,-54.00
2009-07-22T18:00:00,0.41,-1.02,-0.1,0.3,-0.52,-0.36,-0.68,-0.35,-0.18,0,0,-53.00
2009-07-22T19:00:00,0.35,-1.01,-0.06,0.36,-0.68,-0.18,-0.62,-0.39,-0.17,0,0,-53.00
2009-07-22T20:00:00,0.48,-0.98,-0.07,0.2,-0.52,-0.42,-0.71,-0.36,-0.18,0,0,-48.00
2009-07-22T21:00:00,0.44,-0.91,-0.06,0.2,-0.83,-0.71,-0.62,-0.4,-0.17,0,0,-47.00
2009-07-22T22:00:00,0.4,-0.93,-0.11,0.3,-0.9,-0.8,-0.57,-0.42,-0.17,0,0,-45.00
2009-07-22T23:00:00,0.73,-0.63,0.01,0.39,-0.14,-0.44,-0.59,-0.17,-0.15,0,0,-43.00
2009-07-23T00:00:00,1.01,-0.33,0.2,0.35,0.53,-0.03,-0.68,0.04,-0.15,0,0,-39.00
2009-07-23T01:00:00,0.96,-0.46,0.11,0.44,0.44,0.26,-0.58,0.12,-0.13,0,0,-38.00
2009-07-23T02:00:00,0.83,-0.6,0.1,0.3,0.11,-0.12,-0.6,0.04,-0.13,0,0,-34.00
2009-07-23T03:00:00,0.98,-0.57,0.09,0.24,-0.36,-0.27,-0.67,-0.03,-0.16,0,0,-31.00
2009-07-23T04:00:00,0.84,-0.67,0.09,0.13,-0.8,-0.53,-0.53,-0.12,-0.14,0,0,-31.00
2009-07-23T05:00:00,0.01,-0.97,-0.14,0.19,-0.51,-0.61,-0.3,-0.25,-0.13,0,0,-28.00
2009-07-23T06:00:00,-0.1,-0.9,-0.19,0.05,-0.5,-0.73,-0.2,-0.01,-0.07,0,0,-27.00
2009-07-23T07:00:00,1.08,-0.52,0.29,0.13,0.21,-0.65,-0.59,-0.35,-0.17,0,0,-27.00
2009-07-23T08:00:00,0.91,-0.78,0.26,-0.04,0.22,-0.85,-0.36,-0.11,-0.14,0,0,-31.00
2009-07-23T09:00:00,1.01,-0.56,0.4,-0.08,0.46,-0.96,-0.3,-0.05,-0.13,0,0,-30.00
2009-07-23T10:00:00,0.75,-0.29,0.39,-0.16,0.95,-1.28,0.01,0.3,0.08,0,0,-28.00
2009-07-23T11:00:00,0.27,-0.95,0.12,-0.28,0.21,-1.75,-0.02,0.51,0.06,0,0,-20.00
2009-07-23T12:00:00,0.27,-0.5,0.21,-0.32,0.53,-1.44,-0.04,0.61,0.59,0,0,-16.00
2009-07-23T13:00:00,-0.07,-0.59,-0.15,-0.5,0.07,-2.29,-0.14,0.43,0.3,0,0,-19.00
2009-07-23T14:00:00,0.19,-0.65,0.05,-0.35,0.16,-1.36,-0.14,0.39,0.23,0,0,-20.00
2009-07-23T15:00:00,-0.17,-0.42,0.02,-0.46,1.02,-1.74,1.38,0.36,2.42,0,0,-22.00
2009-07-23T16:00:00,0.25,-0.78,0.15,-0.29,-0.09,-1.32,-0.2,0.24,0.04,0,0,-17.00
2009-07-23T17:00:00,0.27,-0.88,0.13,-0.27,-0.81,-0.44,-0.19,0.26,-0.0,0,0,-15.00
2009-07-23T18:00:00,0.59,-0.67,0.32,-0.16,0.02,-0.66,-0.16,0.27,-0.0,0,0,-16.00
2009-07-23T19:00:00,0.28,-0.92,0.2,-0.38,-0.41,-0.56,-0.26,0.32,-0.03,0,0,-16.00
2009-07-23T20:00:00,0.23,-0.76,0.26,-0.4,-0.2,-0.4,-0.2,0.31,0.05,0,0,-17.00
2009-07-23T21:00:00,0.24,-0.51,0.2,-0.49,-0.08,-0.48,-0.2,0.31,0.32,0,0,-20.00
2009-07-23T22:00:00,0.19,-0.13,0.06,-0.64,0.32,-0.54,-0.25,0.25,3.07,0,0,-19.00
2009-07-23T23:00:00,0.34,0.19,0.03,-0.62,0.8,-0.3,-0.36,0.35,0.69,0,0,-20.00
2009-07-24T00:00:00,0.3,0.06,0.12,-0.68,0.42,-0.04,-0.48,0.24,0.86,0,0,-21.00
2009-07-24T01:00:00,0.36,-0.32,0.27,-0.74,-0.37,0.14,-0.48,0.13,0.12,0,0,-22.00
2009-07-24T02:00:00,0.43,0.05,0.36,-0.74,0.08,0.08,-0.51,0.07,0.06,0,0,-21.00
2009-07-24T03:00:00,0.4,0.02,0.52,-0.75,0.32,0.32,-0.51,0.03,-0.03,0,0,-16.00
2009-07-24T04:00:00,0.22,-0.5,0.15,-0.85,-0.39,-0.55,-0.49,0.01,0.06,0,0,-13.00
2009-07-24T05:00:00,0.34,-0.09,0.26,-0.8,-0.04,-0.16,-0.47,0.02,0.28,0,0,-13.00
2009-07-24T06:00:00,0.42,0.12,0.27,-0.71,0.66,-0.02,-0.49,-0.13,0.04,0,0,-16.00
2009-07-24T07:00:00,0.31,0.01,0.46,-0.74,0.17,0.53,-0.5,-0.15,-0.02,0,0,-18.00
2009-07-24T08:00:00,0.27,-0.17,0.31,-0.75,0.14,0.41,-0.52,-0.08,0.16,0,0,-21.00
2009-07-24T09:00:00,0.09,-0.38,0.35,-0.81,-0.11,0.46,-0.59,-0.14,-0.01,0,0,-18.00
2009-07-24T10:00:00,0.17,-0.38,0.13,-0.89,-1.81,-2.52,2.97,-0.29,1.59,0,0,-17.00
2009-07-24T11:00:00,0.41,-0.23,0.12,-0.66,0.42,0.42,0.14,-0.15,0.38,0,0,-14.00
2009-07-24T12:00:00,0.05,-0.27,0.36,-0.77,-0.03,0.76,-0.59,-0.1,0.07,0,0,-15.00
2009-07-24T13:00:00,0.44,-0.1,0.14,-0.47,0.32,0.05,-0.59,-0.02,0.1,0,0,-18.00
2009-07-24T14:00:00,0.27,-0.23,0.43,-0.55,-0.0,0.72,-0.58,-0.09,-0.02,0,0,-19.00
2009-07-24T15:00:00,0.19,-0.28,0.32,-0.6,-0.08,0.5,-0.63,-0.08,0.05,0,0,-18.00
2009-07-24T16:00:00,0.31,-0.4,0.0,-0.54,-0.36,-0.3,-0.58,-0.02,0.04,0,0,-17.00
2009-07-24T17:00:00,0.24,-0.06,0.27,-0.57,0.18,0.24,-0.54,0.03,0.41,0,0,-15.00
2009-07-24T18:00:00,0.21,-0.28,0.19,-0.56,-0.24,0.16,-0.59,-0.03,0.22,0,0,-14.00
2009-07-24T19:00:00,0.11,-0.47,0.13,-0.57,-0.23,-0.03,-0.57,-0.1,0.03,0,0,-13.00
2009-07-24T20:00:00,0.34,-0.1,-0.02,-0.49,0.46,-0.14,-0.52,0.01,0.34,0,0,-12.00
2009-07-24T21:00:00,0.32,-0.22,0.07,-0.5,0.14,0.12,-0.54,-0.03,0.25,0,0,-11.00
2009-07-24T22:00:00,0.09,-0.36,0.16,-0.58,-0.21,0.3,-0.55,-0.08,0.22,0,0,-11.00
2009-07-24T23:00:00,0.21,-0.31,-0.02,-0.53,-0.18,-0.03,-0.54,-0.09,0.21,0,0,-15.00
2009-07-25T00:00:00,0.39,0.17,-0.09,-0.46,0.43,-0.01,-0.5,-0.14,0.05,0,0,-16.00
2009-07-25T01:00:00,0.43,-0.04,-0.24,-0.33,0.17,-0.3,-0.53,-0.18,-0.04,0,0,-14.00
2009-07-25T02:00:00,0.35,-0.37,-0.02,-0.33,-0.12,0.01,-0.52,-0.19,-0.01,0,0,-16.00
2009-07-25T03:00:00,0.46,-0.09,-0.17,-0.26,0.18,-0.1,-0.5,-0.27,-0.05,0,0,-18.00
2009-07-25T04:00:00,0.5,-0.18,0.01,-0.2,0.03,0.19,-0.49,-0.31,-0.06,0,0,-17.00
2009-07-25T05:00:00,0.52,-0.11,0.02,-0.16,0.21,0.03,-0.52,-0.35,-0.08,0,0,-16.00
2009-07-25T06:00:00,0.34,-0.09,0.46,-0.18,0.32,0.7,-0.56,-0.38,-0.11,0,0,-13.00
2009-07-25T07:00:00,0.46,-0.0,0.46,-0.07,0.46,0.52,-0.59,-0.41,-0.14,0,0,-13.00
2009-07-25T08:00:00,0.59,-0.17,0.19,0.01,0.18,0.24,-0.64,-0.44,-0.15,0,0,-14.00
2009-07-25T09:00:00,0.53,0.01,-0.23,0.04,0.52,-0.83,-0.59,-0.35,-0.13,0,0,-13.00
2009-07-25T10:00:00,0.48,-0.24,-0.07,0.05,0.1,-0.56,-0.61,-0.38,-0.12,0,0,-15.00
2009-07-25T11:00:00,0.55,-0.07,-0.12,0.07,0.24,-0.46,-0.55,-0.32,-0.1,0,0,-14.00
2009-07-25T12:00:00,0.37,-0.05,-0.11,-0.01,0.36,-0.43,-0.53,-0.24,0.04,0,0,-13.00
2009-07-25T13:00:00,-0.34,-0.59,0.32,-0.29,-0.62,0.24,-0.64,-0.42,-0.16,0,0,-16.00
2009-07-25T14:00:00,-0.05,-0.67,0.19,-0.12,-0.83,-0.12,-0.65,-0.4,-0.15,0,0,-15.00
2009-07-25T15:00:00,0.23,-0.53,0.06,0.01,-0.45,-0.11,-0.59,-0.31,-0.1,0,0,-13.00
2009-07-25T16:00:00,0.5,-0.62,0.07,0.11,-0.65,-0.27,-0.5,-0.31,-0.13,0,0,-12.00
2009-07-25T17:00:00,0.15,-0.6,0.43,-0.02,-0.64,0.36,-0.53,-0.33,-0.13,0,0,-10.00
2009-07-25T18:00:00,0.18,-0.56,0.36,0.02,-0.58,0.24,-0.53,-0.31,-0.11,0,0,-9.00
2009-07-25T19:00:00,-0.05,-0.56,0.18,-0.05,-0.81,-0.26,-0.61,-0.34,-0.11,0,0,-9.00
2009-07-25T20:00:00,0.01,-0.5,0.06,-0.01,-0.58,-0.4,-0.61,-0.33,-0.08,0,0,-12.00
2009-07-25T21:00:00,-0.32,-0.53,0.23,-0.15,-0.67,0.15,-0.63,-0.4,-0.15,0,0,-12.00
2009-07-25T22:00:00,0.07,-0.11,0.13,0.13,-0.11,-0.22,-0.62,-0.29,1.5,0,0,-11.00
2009-07-25T23:00:00,0.55,0.15,0.05,0.28,0.31,-0.06,-0.62,-0.41,-0.13,0,0,-11.00
2009-07-26T00:00:00,0.37,-0.0,0.35,0.29,0.16,0.47,-0.61,-0.29,-0.07,0,0,-12.00
2009-07-26T01:00:00,0.39,-0.36,0.32,0.3,-0.45,0.17,-0.61,-0.37,-0.12,0,0,-14.00
2009-07-26T02:00:00,0.21,-0.44,0.34,0.24,-0.71,0.32,-0.65,-0.37,-0.13,0,0,-12.00
2009-07-26T03:00:00,0.52,-0.18,0.14,0.52,-0.28,-0.12,-0.67,-0.43,-0.14,0,0,-12.00
2009-07-26T04:00:00,0.47,0.02,0.2,0.47,0.11,0.19,-0.66,-0.42,-0.12,0,0,-12.00
2009-07-26T05:00:00,0.51,-0.12,0.3,0.5,-0.31,0.69,-0.61,-0.4,-0.13,0,0,-13.00
2009-07-26T06:00:00,0.43,-0.38,0.14,0.51,-0.89,0.02,-0.66,-0.41,-0.14,0,0,-13.00
2009-07-26T07:00:00,0.31,-0.46,0.21,0.46,-0.98,0.21,-0.66,-0.36,-0.13,0,0,-14.00
2009-07-26T08:00:00,0.42,-0.27,0.31,0.53,-0.49,0.55,-0.62,-0.39,-0.13,0,0,-13.00
2009-07-26T09:00:00,0.31,-0.31,0.36,0.46,-0.59,0.71,-0.62,-0.39,-0.12,0,0,-11.00
2009-07-26T10:00:00,0.57,0.11,0.0,0.69,0.3,-0.13,-0.68,-0.49,-0.16,0,0,-11.00
2009-07-26T11:00:00,0.54,0.16,-0.05,0.71,0.41,-0.25,-0.68,-0.5,-0.16,0,0,-9.00
2009-07-26T12:00:00,0.58,0.12,0.12,0.79,0.29,0.18,-0.69,-0.51,-0.17,0,0,-8.00
2009-07-26T13:00:00,0.58,-0.06,0.02,0.81,-0.16,-0.17,-0.69,-0.51,-0.16,0,0,-9.00
2009-07-26T14:00:00,0.53,-0.26,0.02,0.78,-0.62,-0.23,-0.66,-0.49,-0.16,0,0,-10.00
2009-07-26T15:00:00,0.33,-0.47,0.08,0.64,-1.02,-0.02,-0.66,-0.45,-0.15,0,0,-11.00
2009-07-26T16:00:00,0.25,-0.49,0.2,0.63,-0.98,0.22,-0.66,-0.45,-0.15,0,0,-11.00
2009-07-26T17:00:00,0.19,-0.53,0.19,0.63,-1.03,0.18,-0.64,-0.45,-0.15,0,0,-10.00
2009-07-26T18:00:00,0.01,-0.51,0.31,0.57,-0.73,0.36,-0.64,-0.46,-0.15,0,0,-9.00
2009-07-26T19:00:00,0.29,-0.29,0.4,0.74,-0.3,0.45,-0.58,-0.45,-0.14,0,0,-9.00
2009-07-26T20:00:00,0.36,0.06,0.37,0.77,0.12,0.37,-0.54,-0.37,-0.08,0,0,-9.00
2009-07-26T21:00:00,0.22,-0.28,0.25,0.71,-0.39,0.31,-0.54,-0.38,-0.03,0,0,-8.00
2009-07-26T22:00:00,-0.13,-0.53,0.05,0.63,-0.43,-0.01,-0.61,-0.52,-0.15,0,0,-7.00
2009-07-26T23:00:00,-0.3,-0.47,0.23,0.58,-0.28,0.29,-0.55,-0.5,-0.15,0,0,-6.00
2009-07-27T00:00:00,-0.15,-0.54,0.11,0.65,-0.38,0.11,-0.52,-0.46,-0.13,0,0,-7.00
2009-07-27T01:00:00,-0.11,-0.59,0.33,0.63,-0.39,0.33,-0.44,-0.49,-0.15,0,0,-7.00
2009-07-27T02:00:00,0.06,-0.23,0.28,0.68,-0.2,0.35,-0.43,-0.44,0.03,0,0,-7.00
2009-07-27T03:00:00,-0.26,-0.61,0.17,0.62,-0.64,0.2,-0.47,-0.4,-0.13,0,0,-6.00
2009-07-27T04:00:00,0.16,-0.03,0.17,0.74,0.08,0.34,-0.44,-0.39,0.63,0,0,-5.00
2009-07-27T05:00:00,0.61,0.32,0.37,0.87,0.28,0.62,-0.44,-0.42,-0.15,0,0,-4.00
2009-07-27T06:00:00,0.41,-0.0,0.46,0.84,0.03,0.59,-0.32,-0.26,-0.04,0,0,-4.00
2009-07-27T07:00:00,0.83,-0.0,0.38,0.93,0.03,0.54,-0.25,-0.35,-0.13,0,0,-5.00
2009-07-27T08:00:00,0.9,-0.45,0.01,0.94,-0.71,0.13,-0.14,-0.34,-0.13,0,0,-4.00
2009-07-27T09:00:00,0.39,-0.42,-0.18,0.84,-0.45,-0.14,-0.31,-0.27,-0.05,0,0,-2.00
2009-07-27T10:00:00,0.17,-0.45,0.11,0.82,-0.51,0.25,-0.32,-0.32,0.03,0,0,-2.00
2009-07-27T11:00:00,0.43,-0.38,0.21,0.93,-0.63,0.31,-0.3,-0.26,-0.02,0,0,-3.00
2009-07-27T12:00:00,0.05,-0.56,0.29,0.8,-0.74,0.53,-0.31,-0.3,-0.05,0,0,-6.00
2009-07-27T13:00:00,-0.02,-0.66,0.2,0.79,-0.88,0.34,-0.27,-0.32,-0.08,0,0,-5.00
2009-07-27T14:00:00,0.66,-0.1,-0.19,1.12,-0.22,-0.69,-0.35,-0.32,-0.11,0,0,-5.00
2009-07-27T15:00:00,0.68,-0.17,0.14,1.15,-0.34,0.2,-0.36,-0.35,-0.11,0,0,-5.00
2009-07-27T16:00:00,0.64,-0.32,0.09,1.15,-0.65,0.22,-0.34,-0.35,-0.1,0,0,-9.00
2009-07-27T17:00:00,0.49,-0.48,-0.18,1.09,-1.0,-0.45,-0.35,-0.34,-0.11,0,0,-11.00
2009-07-27T18:00:00,0.37,-0.56,-0.19,1.03,-1.15,-0.34,-0.37,-0.36,-0.12,0,0,-9.00
2009-07-27T19:00:00,0.51,-0.63,-0.11,1.12,-1.33,-0.19,-0.47,-0.47,-0.16,0,0,-7.00
2009-07-27T20:00:00,0.34,-0.72,-0.09,1.04,-1.46,-0.19,-0.44,-0.46,-0.16,0,0,-9.00
2009-07-27T21:00:00,0.13,-0.76,0.06,0.95,-1.59,0.16,-0.41,-0.43,-0.15,0,0,-11.00
2009-07-27T22:00:00,0.49,-0.65,0.08,1.15,-1.59,0.07,-0.44,-0.43,-0.15,0,0,-15.00
2009-07-27T23:00:00,0.28,-0.72,0.14,0.94,-1.19,0.16,-0.43,-0.42,-0.15,0,0,-14.00
2009-07-28T00:00:00,0.41,-0.48,-0.06,0.78,-0.28,0.02,-0.23,-0.36,-0.08,0,0,-11.00
2009-07-28T01:00:00,0.81,-0.32,-0.04,0.83,-0.01,-0.06,-0.15,-0.42,-0.14,0,0,-6.00
2009-07-28T02:00:00,0.93,0.14,0.02,0.87,0.2,-0.13,-0.12,-0.4,-0.14,0,0,-2.00
2009-07-28T03:00:00,0.32,0.6,0.22,0.83,0.49,-0.06,-0.26,-0.42,-0.12,0,0,-2.00
2009-07-28T04:00:00,-0.04,0.6,0.15,0.82,0.6,-0.16,-0.27,-0.43,-0.11,0,0,-7.00
2009-07-28T05:00:00,0.32,0.23,-0.05,0.79,0.34,-0.05,-0.4,-0.33,0.04,0,0,-11.00
2009-07-28T06:00:00,0.56,0.04,-0.13,0.75,0.04,0.05,-0.45,-0.29,-0.07,0,0,-12.00
2009-07-28T07:00:00,0.41,-0.18,-0.13,0.62,0.3,-0.33,-0.41,-0.29,-0.01,0,0,-13.00
2009-07-28T08:00:00,0.46,-0.28,-0.22,0.59,0.31,-0.3,-0.42,-0.25,-0.07,0,0,-14.00
2009-07-28T09:00:00,0.47,-0.4,-0.12,0.65,0.09,-0.22,-0.39,-0.27,-0.07,0,0,-11.00
2009-07-28T10:00:00,0.6,-0.2,0.04,0.69,0.03,-0.03,-0.29,-0.15,0.0,0,0,-11.00
2009-07-28T11:00:00,0.54,-0.36,0.04,0.67,0.0,-0.05,-0.27,-0.19,-0.02,0,0,-8.00
2009-07-28T12:00:00,0.52,-0.47,0.21,0.74,-0.11,0.05,-0.32,-0.23,-0.07,0,0,-3.00
2009-07-28T13:00:00,0.29,-0.7,0.15,0.7,-0.12,0.02,-0.4,-0.3,-0.11,0,0,-2.00
2009-07-28T14:00:00,0.5,-0.46,-0.07,0.74,-0.01,-0.21,-0.33,-0.24,-0.06,0,0,-4.00
2009-07-28T15:00:00,0.52,-0.38,0.24,0.78,-0.11,0.18,-0.41,-0.25,-0.07,0,0,-7.00
2009-07-28T16:00:00,0.33,-0.5,-0.04,0.71,0.03,-0.2,-0.42,-0.24,-0.05,0,0,-10.00
2009-07-28T17:00:00,0.17,-0.6,0.28,0.66,-0.03,0.4,-0.48,-0.34,-0.11,0,0,-11.00
2009-07-28T18:00:00,0.05,-0.6,0.24,0.68,-0.07,0.33,-0.47,-0.34,-0.1,0,0,-11.00
2009-07-28T19:00:00,-0.11,-0.53,0.36,0.66,-0.11,0.51,-0.43,-0.36,-0.11,0,0,-10.00
2009-07-28T20:00:00,-0.11,-0.53,0.29,0.66,-0.22,0.33,-0.4,-0.34,-0.08,0,0,-9.00
2009-07-28T21:00:00,0.23,-0.64,0.16,0.84,-0.46,0.34,-0.52,-0.4,-0.14,0,0,-7.00
2009-07-28T22:00:00,0.18,-0.37,0.34,0.72,0.22,0.43,-0.36,-0.27,0.0,0,0,-5.00
2009-07-28T23:00:00,0.06,-0.44,0.32,0.69,0.27,0.32,-0.3,-0.28,0.01,0,0,-7.00
2009-07-29T00:00:00,0.4,-0.47,-0.02,0.78,-0.06,0.01,-0.36,-0.29,-0.06,0,0,-8.00
2009-07-29T01:00:00,0.08,-0.52,0.15,0.73,-0.21,0.12,-0.34,-0.39,-0.06,0,0,-8.00
2009-07-29T02:00:00,-0.03,-0.51,0.04,0.7,-0.34,-0.06,-0.34,-0.39,-0.05,0,0,-8.00
2009-07-29T03:00:00,0.06,-0.54,-0.03,0.73,-0.37,-0.35,-0.37,-0.36,-0.06,0,0,-7.00
2009-07-29T04:00:00,0.1,-0.43,0.46,0.77,-0.2,0.36,-0.34,-0.39,-0.1,0,0,-8.00
2009-07-29T05:00:00,0.17,-0.12,0.36,0.82,0.0,0.25,-0.39,-0.33,0.07,0,0,-8.00
2009-07-29T06:00:00,0.56,-0.17,0.22,1.02,-0.1,-0.03,-0.39,-0.36,-0.09,0,0,-7.00
2009-07-29T07:00:00,0.65,-0.07,-0.13,1.1,0.64,-0.72,-0.38,-0.37,-0.11,0,0,-7.00
2009-07-29T08:00:00,-0.07,-0.03,0.24,0.74,0.24,-0.23,-0.18,-0.32,1.01,0,0,-6.00
2009-07-29T09:00:00,0.04,-0.47,0.25,0.76,-0.29,-0.17,-0.24,-0.38,-0.02,0,0,-5.00
2009-07-29T10:00:00,0.02,-0.63,0.21,0.82,-0.43,-0.13,-0.3,-0.47,-0.13,0,0,-4.00
2009-07-29T11:00:00,-0.18,-0.48,0.32,0.8,-0.17,0.14,-0.34,-0.45,-0.11,0,0,-3.00
2009-07-29T12:00:00,0.33,-0.39,0.1,0.97,-0.19,0.02,-0.3,-0.36,-0.02,0,0,-3.00
2009-07-29T13:00:00,0.35,0.16,-0.1,0.99,0.44,-0.31,-0.34,-0.36,0.02,0,0,-4.00
2009-07-29T14:00:00,0.24,0.38,-0.04,0.99,0.61,-0.18,-0.37,-0.41,-0.06,0,0,-5.00
2009-07-29T15:00:00,0.23,0.23,0.16,1.03,0.4,0.15,-0.36,-0.36,0.12,0,0,-7.00
2009-07-29T16:00:00,0.33,0.1,0.27,1.04,0.28,0.33,-0.37,-0.34,0.04,0,0,-8.00
2009-07-29T17:00:00,0.39,0.24,0.22,1.02,0.41,0.16,-0.34,-0.4,-0.05,0,0,-10.00
2009-07-29T18:00:00,0.49,-0.04,0.01,1.08,0.08,-0.16,-0.25,-0.28,0.06,0,0,-10.00
2009-07-29T19:00:00,0.39,-0.11,-0.07,1.06,-0.0,-0.36,-0.27,-0.31,0.1,0,0,-9.00
2009-07-29T20:00:00,-0.25,-0.11,0.31,0.88,-0.03,0.29,-0.31,-0.43,0.02,0,0,-7.00
2009-07-29T21:00:00,-0.37,-0.09,0.25,0.87,-0.06,0.19,-0.29,-0.41,-0.01,0,0,-4.00
2009-07-29T22:00:00,0.2,-0.15,0.02,1.05,-0.1,-0.14,-0.32,-0.4,0.46,0,0,-2.00
2009-07-29T23:00:00,0.26,-0.34,0.07,1.06,-0.38,0.0,-0.32,-0.43,-0.01,0,0,-2.00
2009-07-30T00:00:00,0.37,-0.44,0.08,1.16,-0.74,-0.0,-0.42,-0.46,-0.12,0,0,-4.00
2009-07-30T01:00:00,0.41,-0.4,0.22,1.18,-0.57,0.22,-0.39,-0.49,-0.13,0,0,-6.00
2009-07-30T02:00:00,0.41,-0.38,0.29,1.2,-0.62,0.52,-0.41,-0.5,-0.14,0,0,-6.00
2009-07-30T03:00:00,0.43,-0.25,0.39,1.26,-0.63,0.59,-0.35,-0.47,-0.13,0,0,-1.00
2009-07-30T04:00:00,0.55,-0.24,0.3,1.34,-0.45,0.43,-0.24,-0.49,-0.13,0,0,0.00
2009-07-30T05:00:00,0.61,-0.18,0.29,1.44,-0.58,0.77,-0.46,-0.55,-0.17,0,0,0.00
2009-07-30T06:00:00,0.5,0.22,0.36,1.35,0.01,0.76,-0.37,-0.51,-0.15,0,0,-2.00
2009-07-30T07:00:00,0.5,0.29,0.44,1.31,0.01,0.92,-0.28,-0.48,-0.14,0,0,-2.00
2009-07-30T08:00:00,0.21,0.16,0.21,1.14,-0.29,0.53,0.15,-0.48,0.22,0,0,-2.00
2009-07-30T09:00:00,-0.02,0.41,0.13,1.07,-0.46,0.2,0.54,-0.57,-0.07,0,0,-1.00
