2009-08-16T13:00:00,-0.01,0.26,-0.05,1.89,-0.16,0.11,0.27,-0.58,-0.03,0,0,-3.00
2009-08-16T14:00:00,-0.16,0.27,0.13,1.9,-0.15,0.08,0.21,-0.58,-0.06,0,0,-3.00
2009-08-16T15:00:00,-0.16,0.22,-0.06,1.9,-0.2,0.16,0.26,-0.58,-0.03,0,0,-3.00
2009-08-16T16:00:00,-0.19,-0.13,-0.0,1.91,-0.14,0.18,0.27,-0.58,0.13,0,0,-4.00
2009-08-16T17:00:00,-0.0,-0.12,-0.11,1.91,-0.15,0.17,0.23,-0.58,0.12,0,0,-3.00
2009-08-16T18:00:00,-0.06,-0.1,-0.19,1.92,-0.1,0.17,0.21,-0.57,-0.03,0,0,-3.00
2009-08-16T19:00:00,0.03,0.23,-0.07,1.92,-0.19,0.22,0.22,-0.57,0.01,0,0,-1.00
2009-08-16T20:00:00,0.02,0.28,0.07,1.93,-0.15,0.16,0.21,-0.57,0.01,0,0,-1.00
2009-08-16T21:00:00,-0.09,0.12,-0.04,1.93,-0.16,0.19,0.23,-0.57,0.24,0,0,-2.00
2009-08-16T22:00:00,-0.21,-0.18,-0.06,1.95,-0.12,0.13,0.27,-0.58,-0.02,1,0,-1.00
2009-08-16T23:00:00,-0.21,-0.0,-0.13,1.93,-0.22,0.25,0.34,-0.58,-0.01,1,0,0.00
2009-08-17T00:00:00,-0.25,-0.06,-0.09,1.85,-0.31,-0.03,0.53,-0.58,0.01,1,0,1.00
2009-08-17T01:00:00,-0.22,-0.17,-0.06,1.81,-0.38,-0.02,0.69,-0.57,0.07,1,0,2.00
2009-08-17T02:00:00,-0.31,-0.04,0.05,1.83,-0.41,-0.05,0.83,-0.57,0.12,1,0,2.00
2009-08-17T03:00:00,-0.22,-0.06,-0.09,1.8,-0.43,0.06,0.91,-0.57,0.14,1,0,2.00
2009-08-17T04:00:00,-0.12,0.04,0.24,1.83,-0.43,-0.17,0.91,-0.58,0.27,1,0,3.00
2009-08-17T05:00:00,-0.06,0.2,0.37,1.83,-0.52,-0.2,1.06,-0.58,-0.02,1,0,5.00
2009-08-17T06:00:00,-0.17,0.06,0.27,1.86,-0.48,-0.16,1.17,-0.58,0.13,1,0,6.00
2009-08-17T07:00:00,-0.33,0.25,0.15,1.87,-0.62,-0.05,1.3,-0.57,0.01,1,0,7.00
2009-08-17T08:00:00,-0.18,0.31,0.38,1.85,-0.71,-0.1,1.53,-0.56,-0.03,1,0,9.00
2009-08-17T09:00:00,-0.22,0.42,0.23,1.85,-0.74,-0.06,1.64,-0.56,-0.03,1,0,10.00
2009-08-17T10:00:00,-0.25,0.35,0.02,1.83,-0.68,0.04,1.7,-0.57,0.02,1,0,11.00
2009-08-17T11:00:00,-0.15,0.44,-0.06,1.8,-0.54,0.34,1.9,-0.58,-0.03,1,0,10.00
2009-08-17T12:00:00,0.08,0.29,0.4,1.72,-0.37,0.12,1.94,-0.56,0.01,1,0,11.00
2009-08-17T13:00:00,0.39,-0.36,0.59,1.72,-0.34,0.04,1.46,-0.54,-0.11,1,0,10.00
2009-08-17T14:00:00,0.2,0.23,0.46,1.7,-0.19,-0.14,1.67,-0.53,0.02,1,0,12.00
2009-08-17T15:00:00,0.21,-0.33,0.3,1.71,-0.31,-0.34,1.87,-0.51,0.16,1,0,12.00
2009-08-17T16:00:00,0.05,-0.52,0.06,1.71,-0.4,-0.5,1.9,-0.5,0.15,1,0,12.00
2009-08-17T17:00:00,0.09,-0.37,-0.22,1.69,-0.41,-0.35,1.72,-0.5,0.12,1,0,12.00
2009-08-17T18:00:00,0.34,-0.37,-0.24,1.69,-0.41,-0.36,1.49,-0.49,0.02,1,0,12.00
2009-08-17T19:00:00,0.33,-0.51,0.02,1.57,0.08,-0.18,0.9,-0.44,0.03,1,0,10.00
2009-08-17T20:00:00,0.53,-0.73,0.06,1.54,0.24,-0.15,0.78,-0.44,-0.09,1,0,8.00
2009-08-17T21:00:00,0.45,-0.57,0.26,1.53,0.28,-0.2,0.88,-0.4,-0.02,1,0,6.00
2009-08-17T22:00:00,0.56,-0.77,0.18,1.48,0.37,-0.42,0.39,-0.39,-0.11,1,0,4.00
2009-08-17T23:00:00,0.18,-0.59,0.43,1.5,0.02,-0.32,0.5,-0.39,-0.05,1,0,5.00
2009-08-18T00:00:00,-0.4,-0.17,0.69,1.41,0.24,-0.18,0.54,-0.39,-0.08,1,0,4.00
2009-08-18T01:00:00,-0.3,0.31,0.51,1.42,0.35,-0.39,0.39,-0.34,-0.0,1,0,4.00
2009-08-18T02:00:00,0.06,-0.18,-0.35,1.38,0.33,-0.35,0.28,-0.25,0.19,1,0,6.00
2009-08-18T03:00:00,0.57,-0.68,-0.07,1.32,0.51,-0.48,0.34,-0.26,-0.05,1,0,6.00
2009-08-18T04:00:00,0.46,-0.32,0.3,1.35,0.42,-0.23,0.24,-0.23,0.11,1,0,4.00
2009-08-18T05:00:00,0.41,-0.09,0.62,1.35,0.27,-0.28,0.15,-0.27,-0.04,1,0,1.00
2009-08-18T06:00:00,0.63,0.31,0.04,1.32,0.44,0.05,0.19,-0.25,0.01,1,0,0.00
2009-08-18T07:00:00,0.68,0.08,0.16,1.29,0.54,-0.02,0.09,-0.23,0.02,1,0,2.00
2009-08-18T08:00:00,0.65,-0.16,0.22,1.28,0.54,-0.06,0.06,-0.24,0.01,1,0,3.00
2009-08-18T09:00:00,0.76,-0.05,0.09,1.3,0.61,-0.12,0.06,-0.32,-0.06,1,0,1.00
2009-08-18T10:00:00,0.73,-0.13,0.03,1.32,0.64,-0.09,0.01,-0.35,-0.07,1,0,0.00
2009-08-18T11:00:00,0.76,-0.06,-0.06,1.35,0.45,-0.02,0.09,-0.28,-0.05,1,0,0.00
2009-08-18T12:00:00,0.81,-0.03,-0.05,1.38,0.34,0.03,0.11,-0.25,-0.05,1,0,2.00
2009-08-18T13:00:00,0.78,-0.08,-0.02,1.36,0.37,0.09,0.04,-0.25,-0.05,1,0,3.00
2009-08-18T14:00:00,0.72,-0.16,0.19,1.36,0.35,0.21,0.14,-0.21,0.0,1,0,1.00
2009-08-18T15:00:00,0.69,0.2,0.12,1.41,0.59,0.17,0.14,-0.29,-0.02,1,0,3.00
2009-08-18T16:00:00,0.69,-0.12,0.21,1.41,0.5,0.3,0.18,-0.28,-0.01,1,0,4.00
2009-08-18T17:00:00,0.65,-0.04,0.35,1.41,0.59,0.44,0.25,-0.38,-0.06,1,0,4.00
2009-08-18T18:00:00,0.78,0.09,0.0,1.49,0.48,-0.16,0.36,-0.35,-0.05,1,0,3.00
2009-08-18T19:00:00,0.49,-0.41,-0.25,1.45,0.16,-0.25,0.37,-0.39,-0.05,1,0,3.00
2009-08-18T20:00:00,-0.01,-0.7,-0.03,1.35,-0.08,0.02,0.32,-0.45,-0.08,1,0,0.00
2009-08-18T21:00:00,0.26,-0.65,0.02,1.42,-0.07,0.11,0.34,-0.42,-0.06,1,0,0.00
2009-08-18T22:00:00,0.03,-0.57,0.41,1.37,-0.08,0.48,0.26,-0.43,-0.07,1,0,-2.00
2009-08-18T23:00:00,-0.2,-0.7,0.41,1.31,-0.2,0.54,0.28,-0.42,-0.1,1,0,-1.00
2009-08-19T00:00:00,-0.11,-0.75,0.17,1.28,-0.26,0.43,0.28,-0.4,-0.08,1,0,1.00
2009-08-19T01:00:00,0.13,-0.67,0.47,1.3,-0.24,0.83,0.26,-0.39,-0.09,1,0,4.00
2009-08-19T02:00:00,0.26,-0.86,0.27,1.35,-0.5,0.46,0.15,-0.4,-0.12,1,0,5.00
2009-08-19T03:00:00,0.1,-0.92,0.27,1.28,-0.5,0.53,0.2,-0.45,-0.14,1,0,3.00
2009-08-19T04:00:00,0.38,-0.29,0.23,1.36,-0.02,0.29,0.61,-0.28,0.31,1,0,2.00
2009-08-19T05:00:00,0.73,-0.2,-0.06,1.38,-0.01,0.05,0.79,-0.2,0.1,1,0,3.00
2009-08-19T06:00:00,1.09,-0.15,0.38,1.33,-0.01,0.86,1.11,-0.19,-0.03,1,0,2.00
2009-08-19T07:00:00,1.12,-0.17,0.65,1.27,-0.17,0.89,1.35,-0.26,-0.08,1,0,3.00
2009-08-19T08:00:00,1.36,0.11,0.04,1.41,-0.1,0.62,1.81,-0.22,-0.05,1,0,4.00
2009-08-19T09:00:00,0.92,0.31,-0.79,1.26,-0.3,-0.08,2.18,-0.28,-0.07,1,0,8.00
2009-08-19T10:00:00,0.28,0.02,-0.99,1.18,-0.67,-0.37,2.28,-0.33,-0.06,1,0,13.00
2009-08-19T11:00:00,0.54,0.31,-1.11,1.3,-0.58,-0.62,1.93,-0.33,-0.11,1,0,11.00
2009-08-19T12:00:00,0.22,0.92,-0.82,1.27,-0.27,-0.52,1.62,-0.41,-0.13,1,0,1.00
2009-08-19T13:00:00,0.51,-0.27,-1.02,1.3,-0.79,-0.53,1.87,-0.4,-0.12,1,0,-14.00
2009-08-19T14:00:00,0.72,-0.26,-1.01,1.28,-0.75,-0.58,1.26,-0.3,-0.12,1,0,-24.00
2009-08-19T15:00:00,1.06,-1.39,0.35,1.14,-0.73,0.32,0.63,-0.37,-0.16,1,0,-21.00
2009-08-19T16:00:00,1.2,-1.68,0.08,1.06,-0.55,0.89,0.1,-0.49,-0.18,1,0,-28.00
2009-08-19T17:00:00,1.12,-1.64,-0.32,1.07,-0.69,0.93,0.03,-0.41,-0.18,1,0,-31.00
2009-08-19T18:00:00,1.12,-1.16,0.4,0.86,-0.2,0.69,0.23,-0.19,-0.15,1,0,-27.00
2009-08-19T19:00:00,0.6,-1.01,-0.36,0.73,-0.08,0.51,0.46,0.2,-0.03,1,0,-26.00
2009-08-19T20:00:00,0.8,-0.75,0.01,0.69,0.4,0.38,0.65,0.34,0.1,1,0,-22.00
2009-08-19T21:00:00,0.88,-0.9,0.21,0.71,0.16,0.61,0.58,0.26,0.0,1,0,-17.00
2009-08-19T22:00:00,0.28,-0.56,-0.47,0.46,0.46,-0.21,0.57,0.21,0.18,1,0,-19.00
2009-08-19T23:00:00,0.85,-0.36,0.85,0.34,0.94,0.69,0.36,0.07,-0.07,1,0,-16.00
2009-08-20T00:00:00,1.43,-0.76,0.6,0.36,0.21,-0.03,0.26,-0.06,-0.14,1,0,-14.00
2009-08-20T01:00:00,0.25,-0.83,-0.42,0.24,-0.11,-0.85,0.32,0.08,-0.0,1,0,-9.00
2009-08-20T02:00:00,0.45,-1.06,-0.32,0.3,-0.63,-0.97,0.12,0.4,-0.03,1,0,-9.00
2009-08-20T03:00:00,1.19,0.0,0.88,0.23,0.3,-0.85,0.04,0.21,-0.11,1,0,-11.00
2009-08-20T04:00:00,0.85,0.28,0.92,0.1,0.85,-0.41,0.1,0.34,-0.06,1,0,-18.00
2009-08-20T05:00:00,1.05,-0.35,0.53,0.09,0.68,-0.8,0.19,0.24,-0.04,1,0,-15.00
2009-08-20T06:00:00,0.75,-0.81,-0.12,-0.03,0.62,-1.16,0.31,0.14,-0.02,1,0,-12.00
2009-08-20T07:00:00,0.6,-0.43,0.4,-0.11,0.71,-0.41,0.2,0.2,0.13,1,0,-7.00
2009-08-20T08:00:00,0.23,-0.17,0.35,-0.32,1.23,-0.25,0.08,0.36,1.09,1,0,-9.00
2009-08-20T09:00:00,0.28,0.22,-0.08,-0.38,1.63,-1.05,-0.04,0.6,1.36,1,0,-9.00
2009-08-20T10:00:00,0.27,0.27,0.52,-0.32,1.53,-0.74,-0.15,0.79,0.4,1,0,-5.00
2009-08-20T11:00:00,0.24,-0.37,0.17,-0.32,1.09,-1.06,-0.14,0.74,1.14,1,0,-7.00
2009-08-20T12:00:00,0.59,-0.71,0.27,-0.12,0.86,-0.7,-0.28,0.28,-0.03,1,0,-6.00
2009-08-20T13:00:00,0.8,-0.55,0.27,-0.01,0.91,-0.84,-0.32,0.2,-0.06,1,0,-6.00
2009-08-20T14:00:00,0.94,-0.28,0.21,0.13,1.49,-1.46,-0.31,0.14,-0.07,1,0,-10.00
2009-08-20T15:00:00,0.61,-0.35,0.44,-0.02,0.79,-0.91,-0.31,0.24,0.0,1,0,-11.00
2009-08-20T16:00:00,0.29,-0.77,0.36,-0.11,0.04,-0.98,-0.29,0.15,-0.03,1,0,-11.00
2009-08-20T17:00:00,0.81,-0.4,0.41,0.07,0.35,-0.82,-0.22,0.05,-0.07,1,0,-8.00
2009-08-20T18:00:00,0.65,-0.4,0.17,-0.01,0.23,-1.41,-0.3,-0.03,-0.03,1,0,-6.00
2009-08-20T19:00:00,0.56,-0.38,0.13,-0.26,-0.5,-0.39,-0.49,-0.18,-0.07,0,0,-4.00
2009-08-20T20:00:00,0.46,-0.47,0.16,-0.3,-0.72,-0.18,-0.55,-0.2,-0.09,0,0,-3.00
2009-08-21T07:00:00,0.16,0.18,-0.27,-0.48,0.56,-0.68,-0.43,-0.09,0.11,0,0,-7.00
2009-08-21T08:00:00,0.3,-0.05,0.38,-0.46,0.24,0.45,-0.38,0.04,0.22,0,0,-8.00
2009-08-21T09:00:00,0.2,-0.01,0.53,-0.47,0.33,0.71,-0.33,0.04,0.11,0,0,-11.00
2009-08-21T10:00:00,0.36,0.05,0.5,-0.38,0.35,0.74,-0.28,0.07,0.09,0,0,-8.00
2009-08-21T11:00:00,0.53,-0.05,0.21,-0.31,0.33,0.33,-0.22,0.01,0.18,0,0,-6.00
2009-08-21T12:00:00,0.33,-0.01,-0.19,-0.35,0.35,-0.58,-0.32,-0.03,0.26,0,0,-3.00
2009-08-21T13:00:00,0.33,0.04,-0.32,-0.33,0.41,-0.76,-0.35,0.03,0.1,0,0,-2.00
2009-08-21T14:00:00,0.48,-0.04,-0.06,-0.27,0.16,-0.39,-0.34,-0.03,0.16,0,0,-3.00
2009-08-21T15:00:00,0.35,-0.44,0.16,-0.31,-0.17,-0.07,-0.39,-0.03,0.07,0,0,-13.00
2009-08-21T16:00:00,0.45,-0.07,-0.16,-0.23,0.3,-0.58,-0.38,0.03,0.13,0,0,-18.00
2009-08-21T17:00:00,0.24,-0.42,0.28,-0.25,-0.28,0.36,-0.48,-0.03,0.05,0,0,-15.00
2009-08-21T18:00:00,0.4,-0.05,-0.09,-0.16,0.49,-0.32,-0.45,0.02,0.22,0,0,-16.00
2009-08-21T19:00:00,0.46,0.1,-0.15,-0.1,0.69,-0.22,-0.45,0.01,0.08,0,0,-13.00
2009-08-21T20:00:00,0.46,0.09,-0.1,-0.07,0.6,0.01,-0.48,0.03,0.11,0,0,-11.00
2009-08-21T21:00:00,0.55,-0.01,-0.09,0.0,0.39,-0.01,-0.52,-0.13,-0.02,0,0,-12.00
2009-08-21T22:00:00,0.61,-0.29,-0.03,0.09,-0.1,-0.07,-0.55,-0.13,-0.08,0,0,-13.00
2009-08-21T23:00:00,0.59,-0.3,0.24,0.08,0.11,0.72,-0.6,-0.06,-0.08,0,0,-13.00
2009-08-22T00:00:00,0.11,-0.33,0.44,-0.19,0.21,1.01,-0.6,0.04,0.01,0,0,-7.00
2009-08-22T01:00:00,0.19,-0.43,0.51,-0.18,-0.1,0.91,-0.57,-0.0,-0.07,0,0,-4.00
2009-08-22T02:00:00,0.39,-0.66,0.21,-0.26,-0.31,0.4,-0.48,0.04,-0.06,0,0,-3.00
2009-08-22T03:00:00,0.58,-0.45,-0.4,-0.23,0.2,-0.58,-0.44,-0.1,-0.11,0,0,-3.00
2009-08-22T04:00:00,0.32,-0.19,0.2,-0.15,0.17,-0.41,-0.36,-0.08,0.34,0,0,-5.00
2009-08-22T05:00:00,-0.23,0.39,0.46,-0.18,0.58,-0.52,-0.32,-0.1,-0.01,0,0,-14.00
2009-08-22T06:00:00,-0.57,0.27,0.55,-0.31,0.44,-0.07,-0.4,-0.21,-0.12,0,0,-17.00
2009-08-22T07:00:00,-0.5,0.28,0.64,-0.24,0.19,0.17,-0.52,-0.32,-0.15,0,0,-10.00
2009-08-22T08:00:00,-0.26,0.06,0.62,-0.13,0.03,0.24,-0.42,-0.2,-0.08,0,0,-7.00
2009-08-22T09:00:00,0.16,0.56,-0.03,-0.06,0.24,-0.1,-0.5,-0.2,-0.07,0,0,-5.00
2009-08-22T10:00:00,0.06,0.12,-0.03,-0.15,0.11,-0.1,-0.38,-0.14,1.59,0,0,-2.00
2009-08-22T11:00:00,-0.18,0.54,-0.04,-0.25,0.45,-0.04,-0.45,-0.27,-0.07,0,0,-5.00
2009-08-22T12:00:00,-0.13,0.39,0.08,-0.22,0.15,0.11,-0.44,-0.25,0.06,0,0,-5.00
2009-08-22T13:00:00,-0.0,-0.17,0.3,-0.26,-0.32,0.52,-0.44,-0.19,0.35,0,0,-7.00
2009-08-22T14:00:00,0.06,-0.19,0.38,-0.31,0.09,0.33,-0.46,-0.15,0.15,0,0,-8.00
2009-08-22T15:00:00,0.14,-0.5,0.26,-0.37,0.09,0.05,-0.56,-0.14,-0.04,0,0,-7.00
2009-08-22T16:00:00,0.15,-0.51,0.23,-0.39,0.08,0.18,-0.58,-0.18,-0.05,0,0,-5.00
2009-08-22T17:00:00,0.19,-0.36,0.06,-0.38,0.22,0.14,-0.54,-0.04,0.2,0,0,-3.00
2009-08-22T18:00:00,0.19,-0.31,0.1,-0.38,0.38,0.15,-0.5,-0.08,0.31,0,0,-2.00
2009-08-22T19:00:00,-0.09,-0.42,0.2,-0.38,0.29,0.3,-0.52,-0.12,0.07,0,0,-3.00
2009-08-22T21:00:00,0.52,-0.22,-0.02,-0.13,0.11,0.11,-0.59,-0.19,-0.06,0,0,-6.00
2009-08-22T22:00:00,0.44,-0.27,0.09,-0.16,0.25,0.16,-0.61,-0.25,-0.05,0,0,-9.00
2009-08-22T23:00:00,-0.09,-0.44,0.37,-0.43,-0.0,0.81,-0.6,-0.26,-0.09,0,0,-12.00
2009-08-23T00:00:00,0.02,-0.59,0.22,-0.34,-0.26,0.32,-0.58,-0.21,-0.09,0,0,-10.00
2009-08-23T01:00:00,0.28,-0.07,-0.01,-0.18,0.62,-0.13,-0.55,-0.14,0.4,0,0,-7.00
2009-08-23T02:00:00,0.31,-0.44,0.05,-0.09,0.03,0.06,-0.57,-0.19,-0.04,0,0,-5.00
2009-08-23T03:00:00,0.34,-0.36,-0.0,-0.09,0.08,0.08,-0.51,-0.13,0.04,0,0,-8.00
2009-08-23T04:00:00,0.21,-0.44,-0.25,-0.15,-0.07,-0.71,-0.63,-0.27,-0.11,0,0,-9.00
2009-08-23T05:00:00,0.44,-0.15,-0.12,-0.09,0.3,-0.68,-0.66,-0.31,-0.09,0,0,-9.00
2009-08-23T06:00:00,0.32,-0.31,-0.01,-0.08,-0.16,-0.71,-0.68,-0.35,-0.09,0,0,-12.00
2009-08-23T07:00:00,0.21,-0.28,0.25,-0.12,-0.18,0.02,-0.7,-0.35,-0.08,0,0,-16.00
2009-08-23T08:00:00,0.17,-0.26,0.27,-0.12,-0.24,0.04,-0.72,-0.38,-0.08,0,0,-17.00
2009-08-23T09:00:00,0.3,-0.14,0.2,-0.0,-0.06,-0.3,-0.65,-0.36,-0.02,0,0,-14.00
2009-08-23T10:00:00,0.16,-0.27,0.26,-0.04,-0.21,-0.16,-0.7,-0.4,-0.08,0,0,-11.00
2009-08-23T11:00:00,0.22,-0.33,0.17,-0.01,-0.29,-0.11,-0.72,-0.42,-0.11,0,0,-10.00
2009-08-23T12:00:00,0.21,-0.32,0.17,0.02,-0.2,-0.1,-0.7,-0.4,-0.08,0,0,-8.00
2009-08-23T13:00:00,0.34,-0.27,0.03,0.11,0.05,-0.2,-0.66,-0.39,-0.08,0,0,-7.00
2009-08-23T14:00:00,0.35,-0.19,0.09,0.17,-0.11,0.17,-0.59,-0.41,-0.05,0,0,-6.00
2009-08-23T15:00:00,0.35,-0.25,-0.02,0.2,-0.11,-0.01,-0.59,-0.39,-0.07,0,0,-8.00
2009-08-23T16:00:00,-0.09,-0.41,0.14,0.08,-0.17,0.13,-0.66,-0.43,-0.1,0,0,-8.00
2009-08-23T17:00:00,-0.02,-0.45,0.1,0.12,-0.33,0.15,-0.67,-0.45,-0.12,0,0,-8.00
2009-08-23T18:00:00,-0.07,-0.4,0.18,0.13,-0.27,0.24,-0.67,-0.44,-0.1,0,0,-6.00
2009-08-23T19:00:00,0.39,-0.01,0.25,0.33,0.27,0.19,-0.58,-0.3,-0.03,0,0,-5.00
2009-08-23T20:00:00,0.41,-0.14,0.19,0.41,0.04,0.15,-0.57,-0.32,-0.03,0,0,-4.00
2009-08-23T21:00:00,0.43,-0.27,0.05,0.46,0.04,0.04,-0.57,-0.36,-0.08,0,0,-4.00
2009-08-23T22:00:00,0.43,-0.25,0.03,0.48,-0.12,0.07,-0.58,-0.4,-0.1,0,0,-5.00
2009-08-23T23:00:00,0.46,-0.23,0.09,0.49,0.08,0.0,-0.52,-0.4,-0.09,0,0,-6.00
2009-08-24T00:00:00,0.49,-0.14,0.07,0.51,0.22,-0.11,-0.47,-0.42,-0.08,0,0,-8.00
2009-08-24T01:00:00,0.49,-0.15,0.07,0.52,0.33,-0.11,-0.45,-0.41,-0.08,0,0,-7.00
2009-08-24T02:00:00,0.5,-0.23,0.08,0.53,0.22,-0.03,-0.4,-0.42,-0.09,0,0,-8.00
2009-08-24T03:00:00,0.48,-0.29,0.07,0.54,-0.22,0.09,-0.48,-0.45,-0.12,0,0,-9.00
2009-08-24T04:00:00,0.53,-0.25,0.06,0.54,-0.22,0.08,-0.35,-0.41,-0.09,0,0,-8.00
2009-08-24T05:00:00,0.46,-0.34,0.17,0.56,-0.46,0.14,-0.42,-0.43,-0.11,0,0,-8.00
2009-08-24T06:00:00,0.46,-0.33,0.18,0.61,-0.38,0.02,-0.52,-0.42,-0.12,0,0,-8.00
2009-08-24T07:00:00,0.49,-0.26,0.2,0.67,-0.42,0.31,-0.45,-0.41,-0.1,0,0,-7.00
2009-08-24T08:00:00,0.45,-0.34,0.22,0.66,-0.49,0.2,-0.49,-0.46,-0.13,0,0,-7.00
2009-08-24T09:00:00,0.52,-0.31,0.13,0.81,-0.44,-0.04,-0.53,-0.48,-0.15,0,0,-7.00
2009-08-24T10:00:00,0.57,-0.25,0.08,0.9,-0.44,-0.27,-0.54,-0.47,-0.14,0,0,-6.00
2009-08-24T11:00:00,0.57,-0.29,0.04,0.95,-0.75,0.54,-0.5,-0.45,-0.14,0,0,-5.00
2009-08-24T12:00:00,0.6,-0.17,-0.0,1.0,-0.44,-0.29,-0.35,-0.47,-0.13,0,0,-3.00
2009-08-24T13:00:00,0.59,-0.19,0.05,1.0,-0.37,-0.09,-0.01,-0.47,-0.09,0,0,-2.00
2009-08-24T14:00:00,0.6,-0.2,0.11,1.02,-0.42,-0.06,0.06,-0.48,-0.1,0,0,1.00
2009-08-24T15:00:00,0.56,-0.17,0.17,1.04,-0.32,0.03,0.17,-0.44,-0.04,0,0,2.00
2009-08-24T16:00:00,0.63,-0.05,0.17,1.16,-0.21,-0.19,-0.28,-0.5,-0.14,0,0,1.00
2009-08-24T17:00:00,0.63,-0.01,0.15,1.17,-0.01,-0.23,-0.28,-0.48,-0.13,0,0,-1.00
2009-08-24T18:00:00,0.6,-0.08,0.19,1.16,-0.21,-0.05,-0.37,-0.44,-0.12,0,0,0.00
2009-08-24T19:00:00,0.6,-0.17,0.17,1.16,-0.4,0.08,-0.35,-0.45,-0.12,0,0,-1.00
2009-08-24T20:00:00,0.61,-0.12,0.08,1.18,-0.21,-0.11,-0.32,-0.46,-0.12,0,0,0.00
2009-08-24T21:00:00,0.56,-0.1,0.08,1.21,-0.36,0.11,-0.38,-0.48,-0.12,0,0,-1.00
2009-08-24T22:00:00,0.53,-0.12,0.1,1.19,-0.35,0.18,-0.37,-0.47,-0.11,0,0,-2.00
2009-08-24T23:00:00,0.53,-0.29,0.23,1.17,-0.35,0.23,-0.24,-0.46,-0.11,0,0,-4.00
2009-08-25T00:00:00,0.59,-0.4,0.33,1.18,-0.57,0.25,-0.17,-0.49,-0.14,0,0,-5.00
2009-08-25T01:00:00,0.54,-0.39,0.35,1.21,-0.64,0.41,-0.13,-0.5,-0.14,0,0,-5.00
2009-08-25T02:00:00,0.51,-0.41,0.34,1.22,-0.68,0.46,-0.12,-0.5,-0.14,0,0,-3.00
2009-08-25T03:00:00,0.42,-0.48,0.31,1.24,-0.78,0.31,-0.05,-0.5,-0.13,0,0,-5.00
2009-08-25T04:00:00,-0.07,0.03,0.12,1.17,-0.58,0.08,0.81,-0.52,3.63,0,0,-4.00
2009-08-25T05:00:00,-0.07,-0.19,0.3,1.17,-0.57,0.13,1.01,-0.53,0.24,0,0,-1.00
2009-08-25T06:00:00,0.47,-0.46,0.34,1.26,-0.91,0.35,0.27,-0.53,-0.14,0,0,4.00
2009-08-25T07:00:00,0.59,-0.5,0.1,1.34,-0.97,-0.28,0.04,-0.54,-0.15,0,0,5.00
2009-08-25T08:00:00,0.51,-0.62,0.18,1.32,-1.01,-0.12,-0.04,-0.53,-0.15,0,0,3.00
2009-08-25T09:00:00,0.58,-0.4,0.29,1.36,-0.47,0.45,-0.06,-0.47,-0.13,0,0,3.00
2009-08-25T10:00:00,0.5,-0.63,0.11,1.18,-0.34,0.23,-0.34,-0.46,-0.15,0,0,4.00
2009-08-25T11:00:00,0.55,-0.64,0.16,1.21,-0.4,0.19,-0.33,-0.45,-0.15,0,0,2.00
2009-08-25T12:00:00,0.85,-0.38,-0.03,1.35,-0.57,-0.24,-0.1,-0.45,-0.15,0,0,1.00
2009-08-25T13:00:00,0.9,-0.05,-0.25,1.41,-0.34,-0.5,-0.04,-0.49,-0.16,0,0,0.00
2009-08-25T14:00:00,0.88,-0.2,0.02,1.45,-0.45,0.06,-0.01,-0.45,-0.14,0,0,-1.00
2009-08-25T15:00:00,0.89,-0.23,0.19,1.43,-0.58,0.46,-0.09,-0.46,-0.15,0,0,-4.00
2009-08-25T16:00:00,0.79,0.18,0.17,1.43,-0.24,0.53,0.0,-0.43,-0.12,0,0,-8.00
2009-08-25T17:00:00,0.8,0.31,0.11,1.49,-0.01,0.54,0.03,-0.43,-0.13,0,0,-7.00
2009-08-25T18:00:00,0.73,0.09,0.13,1.55,-0.13,0.67,0.03,-0.45,-0.11,0,0,-4.00
2009-08-25T19:00:00,0.67,-0.3,0.19,1.51,-0.53,0.67,-0.06,-0.42,-0.11,0,0,-2.00
2009-08-25T20:00:00,0.3,-0.92,0.06,1.37,-0.54,0.77,-0.25,-0.49,-0.16,0,0,-1.00
2009-08-25T21:00:00,0.37,-0.9,0.12,1.42,-0.66,0.07,-0.22,-0.49,-0.16,0,0,-1.00
2009-08-25T22:00:00,0.42,-0.91,-0.17,1.23,-0.9,-0.52,-0.05,-0.47,-0.16,0,0,-1.00
2009-08-25T23:00:00,0.54,-0.61,-0.3,1.21,-0.74,-0.67,0.0,-0.4,-0.13,0,0,-1.00
2009-08-26T00:00:00,-0.29,0.87,-0.32,1.06,0.34,-0.7,0.38,-0.44,-0.14,0,0,1.00
2009-08-26T01:00:00,0.04,0.44,0.09,1.14,0.2,-0.38,0.14,-0.22,0.29,0,0,0.00
2009-08-26T02:00:00,0.53,-0.12,-0.45,1.14,0.21,-0.67,-0.33,-0.28,-0.11,0,0,-2.00
2009-08-26T03:00:00,0.51,-0.43,-0.23,1.2,0.07,-0.66,-0.34,-0.32,-0.11,0,0,-9.00
2009-08-26T04:00:00,0.69,-0.32,-0.13,1.21,0.09,-0.52,-0.36,-0.32,-0.12,0,0,-13.00
2009-08-26T05:00:00,0.69,-0.36,-0.33,1.2,0.12,-0.84,-0.32,-0.33,-0.13,0,0,-15.00
2009-08-26T06:00:00,0.64,-0.05,-0.46,1.2,0.31,-1.13,-0.35,-0.32,-0.13,0,0,-17.00
2009-08-26T07:00:00,0.52,0.02,-0.42,1.21,0.48,-1.11,-0.4,-0.32,-0.12,0,0,-17.00
2009-08-26T08:00:00,0.35,-0.39,0.25,1.21,0.3,-0.52,-0.48,-0.21,-0.03,0,0,-19.00
2009-08-26T09:00:00,0.13,-0.24,0.31,1.08,0.78,-0.53,-0.45,-0.21,0.15,0,0,-21.00
2009-08-26T10:00:00,0.27,-0.3,0.22,1.0,0.77,-0.4,-0.43,-0.26,0.07,0,0,-19.00
2009-08-26T11:00:00,0.51,-0.29,0.19,0.99,0.67,-0.16,-0.46,-0.27,-0.06,0,0,-13.00
2009-08-26T12:00:00,0.27,-0.0,0.37,0.96,0.98,0.22,-0.52,-0.25,0.02,0,0,-10.00
2009-08-26T13:00:00,0.12,0.19,0.16,1.04,1.23,0.37,-0.52,-0.27,0.41,0,0,-9.00
2009-08-26T14:00:00,0.13,-0.01,0.36,1.06,0.96,0.77,-0.5,-0.33,0.05,0,0,-9.00
2009-08-26T15:00:00,-0.07,-0.34,0.26,0.93,0.02,0.6,0.64,-0.47,0.17,0,0,-8.00
2009-08-26T16:00:00,-0.05,-0.21,0.39,0.98,0.25,0.86,-0.44,-0.49,-0.1,0,0,-9.00
2009-08-26T17:00:00,-0.11,-0.4,0.27,0.98,-0.1,0.55,-0.4,-0.49,-0.1,0,0,-7.00
2009-08-26T18:00:00,0.15,-0.19,0.4,1.09,0.11,0.54,-0.4,-0.49,-0.1,0,0,-7.00
2009-08-26T19:00:00,0.34,-0.11,0.29,1.16,0.1,0.42,-0.36,-0.48,-0.07,0,0,-4.00
2009-08-26T20:00:00,0.45,-0.16,0.25,1.2,-0.13,0.61,-0.37,-0.5,-0.11,0,0,-2.00
2009-08-26T21:00:00,0.21,-0.16,0.44,1.09,-0.15,0.91,-0.36,-0.48,-0.1,0,0,-1.00
2009-08-26T22:00:00,0.19,-0.4,0.32,1.08,-0.37,0.72,-0.25,-0.47,-0.09,0,0,-2.00
2009-08-26T23:00:00,0.27,-0.45,-0.13,1.1,-0.51,0.16,-0.17,-0.46,-0.09,0,0,-2.00
2009-08-27T00:00:00,0.13,-0.47,-0.08,1.11,-0.73,0.2,-0.25,-0.49,-0.1,0,0,-1.00
2009-08-27T01:00:00,0.46,-0.51,0.12,1.26,-0.98,0.22,-0.34,-0.52,-0.15,0,0,-1.00
2009-08-27T02:00:00,0.23,-0.56,-0.09,1.17,-0.91,-0.14,-0.28,-0.52,-0.14,0,0,-3.00
2009-08-27T03:00:00,0.33,-0.37,0.14,1.18,-0.57,0.05,-0.13,-0.5,-0.08,0,0,-4.00
2009-08-27T04:00:00,-0.19,-0.22,0.63,1.04,-0.26,0.27,0.1,-0.57,-0.16,0,0,-4.00
2009-08-27T05:00:00,-0.19,-0.13,0.7,1.03,-0.16,0.26,0.25,-0.56,-0.16,0,0,-4.00
2009-08-27T06:00:00,-0.17,-0.49,0.64,0.98,-0.3,0.46,0.33,-0.55,-0.15,0,0,0.00
2009-08-27T07:00:00,-0.12,-0.0,0.78,1.02,-0.29,0.35,0.59,-0.54,-0.15,0,0,5.00
2009-08-27T08:00:00,-0.06,-0.7,0.36,1.02,-0.56,0.42,0.5,-0.52,-0.13,0,0,7.00
2009-08-27T09:00:00,0.12,-0.62,0.45,1.04,-0.48,0.42,0.55,-0.44,-0.08,0,0,10.00
2009-08-27T10:00:00,-0.2,0.44,0.17,1.0,-0.07,-0.13,0.96,-0.37,0.21,0,0,11.00
2009-08-27T11:00:00,0.15,-0.02,0.26,1.05,-0.25,0.08,0.85,-0.36,1.41,0,0,8.00
2009-08-27T12:00:00,0.68,-0.36,-0.19,1.12,-0.63,-0.17,0.93,-0.35,-0.0,0,0,10.00
2009-08-27T13:00:00,-0.17,-0.41,-0.31,0.85,-0.43,0.26,1.09,-0.31,0.18,0,0,7.00
2009-08-27T14:00:00,0.02,0.45,-0.67,0.93,0.11,-0.37,1.02,-0.34,-0.06,0,0,3.00
2009-08-27T15:00:00,0.17,0.69,-0.35,0.96,0.14,-0.19,0.84,-0.31,-0.03,0,0,2.00
2009-08-27T16:00:00,0.04,0.55,-0.44,0.92,0.05,-0.47,0.83,-0.3,0.0,0,0,-8.00
2009-08-27T17:00:00,0.51,0.44,-0.46,0.98,0.0,-0.38,0.59,-0.3,-0.05,0,0,-15.00
2009-08-27T18:00:00,0.18,-0.28,-0.32,0.93,0.11,-0.11,0.36,-0.17,0.25,0,0,-18.00
2009-08-27T19:00:00,0.15,0.4,-0.28,0.88,0.68,0.15,0.18,-0.12,0.16,0,0,-16.00
2009-08-27T20:00:00,0.22,0.04,0.22,0.87,0.52,0.22,0.09,-0.09,1.45,0,0,-16.00
2009-08-27T21:00:00,0.13,-0.53,0.31,0.88,0.22,0.18,0.05,-0.11,0.15,0,0,-12.00
2009-08-27T22:00:00,0.29,-0.12,0.56,0.91,0.38,0.34,-0.08,-0.15,0.04,0,0,-13.00
2009-08-27T23:00:00,-0.1,-0.39,0.21,0.85,0.23,0.04,-0.19,-0.19,0.24,0,0,-10.00
2009-08-28T00:00:00,0.25,-0.49,-0.11,0.9,0.19,-0.43,-0.3,-0.19,0.01,0,0,-10.00
2009-08-28T01:00:00,0.3,-0.18,-0.05,0.94,0.5,-0.26,-0.29,-0.19,0.32,0,0,-8.00
2009-08-28T02:00:00,0.1,-0.38,0.12,0.88,0.23,0.01,-0.41,-0.19,0.2,0,0,-10.00
2009-08-28T03:00:00,0.02,-0.34,0.08,0.84,0.31,-0.08,-0.44,-0.24,0.28,0,0,-11.00
2009-08-28T04:00:00,0.23,-0.36,0.25,0.9,0.2,0.21,-0.49,-0.23,0.02,0,0,-13.00
2009-08-28T05:00:00,0.14,-0.21,0.31,0.91,0.32,0.4,-0.5,-0.28,0.1,0,0,-13.00
2009-08-28T06:00:00,0.34,-0.14,0.09,1.02,0.48,-0.11,-0.52,-0.24,0.15,0,0,-14.00
2009-08-28T07:00:00,0.3,-0.05,0.32,1.05,0.41,0.32,-0.53,-0.32,0.0,0,0,-12.00
2009-08-28T14:00:00,0.33,-0.52,-0.0,1.2,-0.67,0.4,-0.5,-0.52,-0.15,0,0,-8.00
2009-08-28T15:00:00,0.34,-0.52,0.12,1.18,-0.63,0.54,-0.45,-0.51,-0.15,0,0,-10.00
2009-08-28T16:00:00,0.38,-0.42,0.33,1.19,-0.48,0.94,-0.41,-0.49,-0.14,0,0,-12.00
2009-08-28T22:00:00,-0.32,0.27,0.17,1.49,-0.89,0.69,0.15,-0.58,-0.11,0,0,-2.00
2009-08-28T23:00:00,-0.25,0.24,0.28,1.48,-0.77,0.67,0.14,-0.57,-0.11,0,0,-2.00
2009-08-29T00:00:00,-0.34,0.41,0.2,1.35,-0.51,0.76,-0.13,-0.54,-0.13,0,0,-3.00
2009-08-29T01:00:00,-0.27,0.47,0.15,1.31,-0.56,0.92,0.02,-0.55,-0.13,0,0,-3.00
2009-08-29T02:00:00,-0.21,0.54,0.24,1.31,-0.57,0.87,0.14,-0.56,-0.14,0,0,-6.00
2009-08-29T03:00:00,-0.59,0.57,0.06,1.23,-0.62,0.73,0.21,-0.47,-0.13,0,0,-5.00
2009-08-29T04:00:00,-0.56,0.62,-0.02,1.24,-0.63,0.58,0.17,-0.48,-0.14,0,0,-4.00
2009-08-29T05:00:00,-0.39,0.54,-0.17,1.31,-0.55,0.57,0.31,-0.49,-0.12,0,0,-1.00
2009-08-29T06:00:00,-0.29,0.25,-0.08,1.29,-0.41,0.57,0.85,-0.52,0.05,0,0,-3.00
2009-08-29T07:00:00,-0.05,-0.01,-0.1,1.27,-0.37,0.3,1.03,-0.54,0.85,0,0,-4.00
2009-08-29T08:00:00,-0.26,0.2,0.15,1.27,-0.16,0.09,0.47,-0.47,0.24,0,0,-4.00
2009-08-29T09:00:00,-0.28,0.41,0.2,1.24,0.08,-0.16,0.35,-0.5,-0.06,0,0,-1.00
2009-08-29T10:00:00,0.17,-0.07,0.1,1.36,-0.28,-0.18,0.25,-0.53,0.83,0,0,-3.00
2009-08-29T11:00:00,0.47,-0.41,0.12,1.39,-0.41,-0.04,0.22,-0.53,-0.11,0,0,-3.00
2009-08-29T12:00:00,0.5,-0.42,0.43,1.41,-0.31,0.29,-0.11,-0.5,-0.15,0,0,-3.00
2009-08-29T13:00:00,0.47,-0.36,0.43,1.38,-0.18,0.29,-0.11,-0.48,-0.13,0,0,-1.00
2009-08-29T14:00:00,0.5,-0.52,0.28,1.38,-0.36,-0.05,0.02,-0.49,-0.13,0,0,-3.00
2009-08-29T15:00:00,0.39,-0.38,0.47,1.36,-0.13,0.1,0.01,-0.51,-0.14,0,0,-3.00
2009-08-29T16:00:00,0.55,-0.19,0.51,1.4,0.13,0.25,0.09,-0.49,-0.13,0,0,-2.00
2009-08-29T17:00:00,0.49,-0.38,0.5,1.39,-0.13,0.37,-0.02,-0.48,-0.14,0,0,-1.00
2009-08-29T18:00:00,0.23,-0.43,0.51,1.28,-0.09,0.46,0.03,-0.51,-0.13,0,0,-2.00
2009-08-29T19:00:00,0.3,-0.31,0.46,1.29,0.08,0.57,0.1,-0.49,-0.1,0,0,0.00
2009-08-29T20:00:00,0.49,-0.42,0.27,1.31,0.0,0.54,0.07,-0.45,-0.09,0,0,4.00
2009-08-29T21:00:00,0.25,-0.31,0.33,1.26,0.14,0.39,0.26,-0.41,0.07,0,0,6.00
2009-08-29T22:00:00,-0.08,-0.16,0.33,1.15,0.28,0.53,0.36,-0.42,0.33,0,0,4.00
2009-08-29T23:00:00,-0.25,0.05,0.28,1.15,0.34,0.54,0.5,-0.37,0.46,0,0,5.00
2009-08-30T00:00:00,0.44,-0.49,0.22,1.12,-0.34,0.32,0.96,-0.32,0.12,0,0,7.00
2009-08-30T01:00:00,0.5,-0.65,0.52,0.98,-0.54,0.46,1.7,-0.27,0.04,1,0,9.00
2009-08-30T02:00:00,-0.16,0.1,0.8,0.9,-0.17,0.59,2.27,-0.35,0.07,1,0,13.00
2009-08-30T22:00:00,0.81,-0.82,0.23,0.25,0.48,0.36,-0.3,-0.31,-0.15,0,0,-19.00
2009-08-30T23:00:00,0.82,-0.75,0.13,0.28,0.68,0.21,-0.24,-0.41,-0.16,0,0,-22.00
2009-08-31T00:00:00,0.59,-0.69,0.07,0.14,1.08,-0.03,0.14,-0.39,-0.11,0,0,-23.00
2009-08-31T01:00:00,0.73,-0.63,0.07,0.21,0.85,-0.05,-0.01,-0.36,-0.12,0,0,-21.00
2009-08-31T02:00:00,0.89,-0.56,0.1,0.29,0.56,0.23,-0.11,-0.25,-0.12,0,0,-16.00
2009-08-31T03:00:00,0.65,-0.61,0.18,0.34,0.5,0.11,-0.08,-0.25,-0.09,0,0,-19.00
2009-08-31T04:00:00,0.58,-0.45,0.28,0.3,0.46,0.1,0.02,-0.22,-0.03,0,0,-21.00
2009-08-31T05:00:00,0.47,0.02,0.68,0.25,0.65,0.22,-0.06,-0.29,-0.1,0,0,-20.00
2009-08-31T06:00:00,0.41,-0.33,0.46,0.3,0.38,0.2,-0.05,-0.29,-0.04,0,0,-18.00
2009-08-31T07:00:00,0.31,0.1,-0.03,0.15,0.21,-0.23,0.4,-0.4,0.42,0,0,-16.00
2009-08-31T08:00:00,0.46,-0.49,0.29,0.28,-0.24,0.05,-0.14,-0.36,-0.09,0,0,-12.00
2009-08-31T09:00:00,0.58,-0.35,0.18,0.34,-0.01,-0.02,-0.21,-0.29,-0.06,0,0,-9.00
2009-08-31T10:00:00,0.69,-0.09,0.03,0.42,0.09,-0.27,-0.24,-0.23,-0.05,0,0,-14.00
2009-08-31T11:00:00,0.71,0.02,-0.0,0.51,0.23,-0.36,-0.4,-0.37,-0.12,0,0,-18.00
2009-08-31T12:00:00,0.69,-0.14,-0.03,0.5,-0.03,-0.15,-0.38,-0.36,-0.11,0,0,-16.00
2009-08-31T13:00:00,0.69,-0.1,-0.01,0.53,0.15,-0.21,-0.37,-0.35,-0.11,0,0,-10.00
2009-08-31T14:00:00,0.62,-0.17,-0.04,0.53,-0.01,-0.24,-0.4,-0.4,-0.11,0,0,-8.00
2009-08-31T15:00:00,0.57,-0.17,-0.01,0.52,0.12,-0.07,-0.35,-0.41,-0.09,0,0,-8.00
2009-08-31T16:00:00,0.6,0.02,-0.02,0.55,0.42,0.01,-0.28,-0.41,-0.09,0,0,-9.00
2009-08-31T17:00:00,0.59,-0.06,-0.05,0.55,0.26,0.07,-0.25,-0.41,-0.08,0,0,-14.00
2009-08-31T18:00:00,0.59,0.12,0.08,0.54,0.21,0.13,-0.17,-0.41,-0.07,0,0,-14.00
2009-08-31T19:00:00,0.58,0.05,0.15,0.56,0.17,0.19,-0.16,-0.4,-0.06,0,0,-14.00
2009-08-31T20:00:00,0.53,0.08,0.31,0.58,0.08,0.31,-0.16,-0.4,-0.07,0,0,-12.00
2009-08-31T21:00:00,0.54,-0.05,0.21,0.59,-0.05,0.16,-0.18,-0.42,-0.07,0,0,-8.00
2009-08-31T22:00:00,0.6,-0.02,0.26,0.61,0.05,0.29,-0.15,-0.41,-0.08,0,0,-6.00
2009-08-31T23:00:00,0.56,0.04,0.33,0.66,0.07,0.46,-0.28,-0.45,-0.12,0,0,-5.00
2009-09-01T00:00:00,0.44,-0.11,0.24,0.64,-0.05,0.33,0.03,-0.5,-0.05,0,0,---
2009-09-01T01:00:00,0.24,0.23,0.14,0.65,0.08,0.23,0.51,-0.53,0.1,0,0,-7.00
2009-09-01T02:00:00,0.18,0.14,0.14,0.68,0.08,0.19,0.51,-0.53,0.44,0,0,-4.00
2009-09-01T03:00:00,0.13,0.31,0.17,0.68,0.04,0.12,0.35,-0.54,0.03,0,0,1.00
2009-09-01T04:00:00,0.13,0.27,0.11,0.69,-0.0,0.12,0.36,-0.55,0.07,0,0,1.00
2009-09-01T05:00:00,0.02,0.23,0.05,0.74,-0.06,0.09,0.45,-0.56,0.21,0,0,-1.00
2009-09-01T06:00:00,0.01,0.22,-0.02,0.74,-0.03,0.01,0.27,-0.55,0.17,0,0,-4.00
2009-09-01T07:00:00,-0.11,0.25,-0.06,0.68,0.02,-0.16,0.11,-0.55,0.02,0,0,-3.00
2009-09-01T08:00:00,-0.14,0.15,-0.05,0.71,-0.0,-0.25,0.16,-0.55,0.12,0,0,-5.00
2009-09-01T09:00:00,0.35,-0.01,-0.02,0.87,-0.24,-0.31,0.09,-0.57,-0.06,0,0,-6.00
2009-09-01T10:00:00,0.35,-0.05,0.01,0.86,-0.27,-0.23,0.08,-0.56,-0.04,0,0,-6.00
2009-09-01T11:00:00,0.43,-0.14,0.07,0.94,-0.3,-0.09,-0.24,-0.51,-0.08,0,0,-8.00
2009-09-01T12:00:00,0.47,-0.15,0.08,0.99,-0.18,0.09,-0.31,-0.47,-0.08,0,0,-9.00
2009-09-01T13:00:00,0.49,-0.11,0.02,1.01,-0.1,0.06,-0.34,-0.48,-0.1,0,0,-9.00
2009-09-01T14:00:00,0.46,-0.18,0.02,1.01,-0.22,0.01,-0.41,-0.51,-0.12,0,0,-10.00
2009-09-01T15:00:00,0.29,-0.15,0.07,1.03,-0.29,-0.11,-0.29,-0.55,-0.05,0,0,-7.00
2009-09-01T16:00:00,0.21,-0.16,0.12,1.06,-0.3,-0.13,-0.19,-0.56,0.05,0,0,-7.00
2009-09-01T17:00:00,0.25,-0.28,0.17,1.04,-0.3,-0.01,-0.34,-0.55,-0.1,0,0,-6.00
2009-09-02T16:00:00,-0.13,-0.18,0.1,1.13,-0.16,-0.11,0.09,-0.53,0.35,0,0,-1.00
2009-09-02T17:00:00,-0.1,-0.21,0.17,1.17,-0.07,0.04,0.03,-0.5,0.27,0,0,0.00
2009-09-02T18:00:00,0.26,-0.31,0.18,1.3,-0.29,0.12,-0.32,-0.53,-0.09,0,0,2.00
2009-09-02T19:00:00,0.05,-0.37,0.19,1.23,-0.32,0.08,-0.31,-0.55,-0.11,0,0,1.00
2009-09-02T20:00:00,0.16,-0.23,0.08,1.27,-0.28,-0.06,-0.01,-0.54,0.12,0,0,-3.00
2009-09-02T21:00:00,0.11,-0.47,0.12,1.22,-0.5,0.06,-0.23,-0.56,-0.13,0,0,-5.00
2009-09-02T22:00:00,-0.01,-0.37,0.01,1.19,-0.41,0.02,-0.04,-0.56,-0.06,0,0,-5.00
2009-09-02T23:00:00,0.06,-0.18,0.04,1.22,-0.26,0.09,0.06,-0.55,0.5,0,0,-6.00
2009-09-03T00:00:00,0.28,-0.23,0.29,1.23,-0.17,0.08,0.13,-0.58,-0.11,0,0,-5.00
2009-09-03T01:00:00,0.17,-0.24,0.07,1.24,-0.08,-0.04,0.48,-0.58,0.06,0,0,-5.00
2009-09-03T02:00:00,-0.02,-0.15,0.04,1.24,-0.15,-0.21,0.54,-0.58,0.88,0,0,-3.00
2009-09-03T03:00:00,0.06,-0.16,0.02,1.26,-0.19,-0.21,0.38,-0.58,0.52,0,0,1.00
2009-09-03T04:00:00,0.01,-0.01,0.01,1.27,-0.03,-0.13,0.37,-0.58,2.76,0,0,4.00
2009-09-03T05:00:00,0.15,-0.1,0.02,1.26,-0.84,-0.39,3.51,-0.58,1.68,0,0,3.00
2009-09-03T06:00:00,0.37,-0.2,0.01,1.35,-0.15,-0.13,-0.14,-0.54,-0.07,0,0,0.00
2009-09-03T07:00:00,0.35,-0.18,0.11,1.36,-0.11,0.03,-0.06,-0.5,0.01,0,0,-1.00
2009-09-03T08:00:00,0.38,-0.13,0.06,1.38,-0.05,-0.14,-0.12,-0.53,-0.05,0,0,-4.00
2009-09-03T09:00:00,0.4,-0.1,0.01,1.37,-0.03,-0.11,-0.21,-0.53,-0.07,0,0,-4.00
2009-09-03T10:00:00,0.35,-0.28,0.1,1.32,-0.3,0.13,-0.35,-0.54,-0.11,0,0,-4.00
2009-09-03T11:00:00,0.5,-0.13,0.04,1.31,-0.1,-0.01,-0.33,-0.49,-0.1,0,0,-3.00
2009-09-03T12:00:00,0.52,-0.1,0.08,1.32,0.01,0.1,-0.13,-0.46,-0.07,0,0,-2.00
2009-09-03T13:00:00,0.47,-0.15,0.18,1.36,0.02,0.13,-0.1,-0.48,-0.07,0,0,-1.00
2009-09-03T14:00:00,0.33,-0.12,0.18,1.37,-0.11,0.25,0.17,-0.52,0.05,0,0,0.00
2009-09-03T15:00:00,0.5,-0.23,0.61,1.01,-0.04,1.43,1.45,-0.48,-0.07,1,0,0.00
2009-09-03T16:00:00,-0.38,0.69,-0.25,0.95,-0.57,1.03,1.4,-0.48,-0.09,1,0,2.00
2009-09-03T17:00:00,-0.57,0.27,-0.01,0.99,-0.85,0.74,1.89,-0.43,0.11,1,0,13.00
2009-09-03T18:00:00,0.13,0.72,0.1,0.9,-1.02,0.46,1.16,-0.49,-0.07,1,0,12.00
2009-09-03T19:00:00,-0.19,0.63,-0.18,0.87,-1.14,0.5,2.5,-0.5,-0.01,1,0,6.00
2009-09-03T20:00:00,0.19,-0.65,0.07,0.97,-0.82,0.67,1.81,-0.43,0.09,1,0,6.00
2009-09-03T21:00:00,0.86,0.49,0.68,0.72,0.02,-0.13,0.08,-0.26,-0.13,1,0,13.00
2009-09-03T22:00:00,0.78,0.14,0.46,0.42,0.59,-0.7,-0.12,0.02,-0.04,1,0,6.00
2009-09-03T23:00:00,0.64,-0.41,0.26,0.43,1.34,-0.95,0.2,0.2,0.17,1,0,-5.00
2009-09-04T00:00:00,0.48,-1.03,0.59,0.56,0.9,-0.4,-0.02,-0.12,-0.12,1,0,-2.00
2009-09-04T01:00:00,0.46,-1.26,0.41,0.6,-0.22,-0.64,-0.07,-0.27,-0.15,1,0,5.00
2009-09-04T02:00:00,0.14,-0.82,-0.11,0.67,-0.61,-0.25,0.4,-0.33,-0.06,1,0,4.00
2009-09-04T03:00:00,-0.2,0.48,-0.06,0.56,-0.57,-0.26,0.88,-0.25,0.29,1,0,6.00
2009-09-04T04:00:00,-0.35,0.23,-0.54,0.47,-0.66,-0.64,0.87,-0.26,0.02,1,0,9.00
2009-09-04T05:00:00,0.16,-0.24,0.06,0.39,-0.43,-1.31,0.85,-0.16,2.46,1,0,10.00
2009-09-04T06:00:00,0.17,-0.34,0.34,0.26,0.1,-1.76,0.02,0.24,0.63,1,0,3.00
2009-09-04T07:00:00,-0.14,-1.06,-0.05,0.24,-0.23,-1.99,-0.06,0.24,-0.04,1,0,-3.00
2009-09-04T08:00:00,0.47,-0.52,0.57,0.23,-0.52,-1.71,-0.01,0.37,0.07,1,0,-5.00
2009-09-04T09:00:00,0.26,0.07,0.64,0.19,-0.05,-1.56,0.15,0.26,0.23,1,0,-3.00
2009-09-04T10:00:00,0.29,-0.21,0.44,0.16,0.12,-1.27,-0.14,0.05,0.22,1,0,-6.00
2009-09-04T11:00:00,0.0,0.29,0.36,0.07,0.7,-0.97,-0.25,0.02,0.3,1,0,-3.00
2009-09-04T12:00:00,0.34,0.19,-0.01,0.09,0.68,-1.33,-0.3,-0.1,0.32,1,0,-1.00
2009-09-04T13:00:00,0.47,0.11,0.04,-0.03,0.57,-0.64,-0.5,-0.11,0.06,1,0,-3.00
2009-09-04T14:00:00,0.51,0.05,0.16,-0.06,0.41,-0.12,-0.53,-0.18,-0.01,1,0,-4.00
2009-09-04T15:00:00,0.47,-0.08,0.17,-0.08,0.24,0.12,-0.59,-0.19,-0.02,1,0,-7.00
2009-09-04T16:00:00,0.19,0.1,-0.02,-0.11,0.39,-0.12,-0.6,-0.32,0.3,1,0,-6.00
2009-09-04T17:00:00,0.51,0.0,0.03,-0.05,0.23,0.1,-0.64,-0.18,-0.04,1,0,-6.00
2009-09-04T18:00:00,0.21,-0.38,0.15,-0.13,0.06,0.27,-0.65,-0.18,0.0,0,0,-3.00
2009-09-04T19:00:00,0.17,-0.48,0.12,-0.06,-0.18,0.13,-0.65,-0.27,-0.08,0,0,-4.00
2009-09-04T20:00:00,0.1,-0.28,0.38,-0.02,0.08,0.69,-0.61,-0.26,-0.04,0,0,-5.00
2009-09-04T21:00:00,0.23,-0.43,0.18,-0.05,0.38,0.42,-0.67,-0.21,-0.06,0,0,-3.00
2009-09-04T22:00:00,0.33,-0.28,0.16,0.07,0.15,0.25,-0.62,-0.09,0.06,0,0,-4.00
2009-09-04T23:00:00,0.42,-0.3,0.13,0.22,-0.4,0.39,-0.58,-0.24,-0.05,0,0,-7.00
2009-09-05T00:00:00,0.46,-0.37,0.13,0.35,-0.24,0.18,-0.58,-0.43,-0.14,0,0,-7.00
2009-09-05T01:00:00,0.42,-0.31,0.18,0.33,-1.18,0.97,-0.57,-0.33,-0.08,0,0,-4.00
2009-09-05T02:00:00,0.38,-0.32,0.09,0.29,-0.37,0.16,-0.55,-0.37,-0.07,0,0,-3.00
2009-09-05T03:00:00,0.33,-0.1,-0.11,0.31,-0.26,-0.32,-0.56,-0.36,-0.02,0,0,-1.00
2009-09-05T04:00:00,0.3,0.0,-0.1,0.37,-0.08,-0.52,-0.6,-0.39,-0.01,0,0,0.00
2009-09-05T05:00:00,0.33,-0.07,0.13,0.35,0.14,-0.22,-0.56,-0.33,0.08,0,0,0.00
2009-09-05T06:00:00,0.35,-0.14,0.15,0.35,-0.07,-0.32,-0.61,-0.34,-0.0,0,0,-3.00
2009-09-05T07:00:00,0.36,-0.06,0.17,0.34,-0.23,-0.29,-0.66,-0.31,-0.02,0,0,-2.00
2009-09-05T08:00:00,0.37,-0.08,0.15,0.35,-0.33,-0.18,-0.67,-0.39,-0.06,0,0,-3.00
2009-09-05T09:00:00,0.33,-0.15,0.12,0.4,-0.11,0.08,-0.67,-0.36,-0.03,0,0,-4.00
2009-09-05T10:00:00,0.09,0.05,0.22,0.42,-0.33,-0.06,-0.66,-0.44,0.14,0,0,-4.00
2009-09-05T11:00:00,0.11,-0.0,0.29,0.47,-0.45,0.09,-0.7,-0.47,-0.04,0,0,-3.00
2009-09-05T12:00:00,0.18,0.05,0.29,0.62,-0.24,0.32,-0.69,-0.5,-0.1,0,0,-2.00
2009-09-05T13:00:00,0.2,-0.01,0.24,0.76,-0.18,-0.02,-0.53,-0.47,0.03,0,0,-4.00
2009-09-05T14:00:00,0.09,-0.15,0.2,0.71,-0.38,0.02,-0.58,-0.5,0.09,0,0,-6.00
2009-09-05T15:00:00,0.28,-0.05,0.08,0.82,-0.3,-0.1,-0.58,-0.48,-0.0,0,0,-3.00
2009-09-05T16:00:00,-0.1,-0.2,0.06,0.76,-0.24,-0.03,-0.56,-0.52,0.04,0,0,-1.00
2009-09-05T17:00:00,-0.04,-0.3,0.12,0.76,-0.36,0.0,-0.51,-0.52,-0.05,0,0,0.00
2009-09-05T18:00:00,0.19,-0.26,0.07,0.78,-0.49,-0.11,-0.48,-0.5,-0.02,0,0,-1.00
2009-09-05T19:00:00,-0.03,-0.24,0.26,0.71,-0.42,0.0,-0.47,-0.51,-0.04,0,0,-2.00
2009-09-05T20:00:00,-0.23,-0.23,0.22,0.71,-0.41,-0.0,-0.46,-0.51,-0.08,0,0,-2.00
2009-09-05T21:00:00,-0.01,-0.34,0.14,0.71,-0.44,-0.04,-0.4,-0.51,-0.04,0,0,-2.00
2009-09-05T22:00:00,-0.13,-0.13,0.12,0.76,-0.36,-0.12,-0.39,-0.49,0.4,0,0,-4.00
2009-09-05T23:00:00,-0.36,-0.1,0.15,0.75,-0.24,-0.1,-0.36,-0.53,-0.08,0,0,-5.00
2009-09-06T00:00:00,-0.29,-0.13,0.18,0.79,-0.2,-0.13,-0.3,-0.5,-0.01,0,0,-6.00
2009-09-06T01:00:00,0.18,0.18,0.11,0.81,-0.25,-0.04,-0.27,-0.43,0.25,0,0,-4.00
2009-09-06T02:00:00,0.38,0.17,-0.14,0.83,-0.13,0.01,-0.23,-0.42,-0.04,0,0,-1.00
2009-09-06T03:00:00,0.04,0.0,0.04,0.83,-0.06,0.0,-0.23,-0.44,11.56,0,0,2.00
2009-09-06T04:00:00,-0.36,-0.23,0.27,0.81,-0.07,-0.01,-0.3,-0.48,-0.09,0,0,2.00
2009-09-06T05:00:00,-0.27,-0.29,0.39,0.81,-0.04,0.1,-0.34,-0.49,-0.12,0,0,2.00
2009-09-06T06:00:00,-0.24,-0.24,0.28,0.81,0.17,0.01,-0.23,-0.46,-0.01,0,0,1.00
2009-09-06T07:00:00,-0.32,-0.22,0.45,0.82,0.12,0.02,-0.32,-0.5,-0.13,0,0,1.00
2009-09-06T08:00:00,-0.05,-0.58,0.31,0.85,-0.11,0.04,-0.33,-0.5,-0.14,0,0,3.00
2009-09-06T09:00:00,0.23,-0.05,0.02,0.86,0.03,0.13,-0.23,-0.44,0.42,0,0,3.00
2009-09-06T10:00:00,0.43,-0.08,0.02,0.85,-0.17,0.19,-0.25,-0.35,0.06,0,0,4.00
2009-09-06T11:00:00,0.42,-0.33,0.13,0.77,-0.04,0.29,-0.36,-0.4,-0.07,0,0,3.00
2009-09-06T12:00:00,0.43,-0.31,0.08,0.78,0.05,0.33,-0.4,-0.43,-0.09,0,0,1.00
2009-09-06T13:00:00,0.14,-0.32,0.31,0.85,-0.01,0.34,-0.35,-0.41,-0.02,0,0,1.00
2009-09-06T14:00:00,0.0,-0.24,0.28,0.86,0.16,0.27,-0.26,-0.41,0.14,0,0,2.00
2009-09-06T15:00:00,-0.11,-0.43,0.38,0.85,-0.1,0.4,-0.37,-0.41,-0.09,0,0,4.00
2009-09-06T16:00:00,-0.17,-0.38,0.45,0.86,-0.15,0.47,-0.37,-0.43,-0.11,0,0,5.00
2009-09-06T17:00:00,0.17,0.01,0.1,0.96,0.24,0.04,-0.22,-0.3,1.95,0,0,4.00
2009-09-06T18:00:00,0.41,-0.03,-0.04,0.93,0.2,0.17,-0.31,-0.3,0.09,0,0,4.00
2009-09-06T19:00:00,0.4,0.16,-0.08,0.9,0.13,0.68,0.71,-0.37,0.26,0,0,4.00
2009-09-06T20:00:00,0.28,0.09,0.24,0.87,0.24,1.39,1.19,-0.42,0.64,0,0,2.00
2009-09-06T21:00:00,0.35,0.11,0.21,0.93,-0.11,0.22,-0.38,-0.34,0.06,0,0,-1.00
2009-09-06T22:00:00,0.38,-0.11,0.17,0.95,-0.23,0.15,-0.41,-0.34,0.06,0,0,-2.00
2009-09-06T23:00:00,0.01,-0.47,0.07,1.0,-0.35,0.0,-0.36,-0.5,-0.1,0,0,-2.00
2009-09-07T00:00:00,0.09,-0.44,0.2,1.01,-0.4,-0.04,-0.36,-0.51,-0.11,0,0,-4.00
2009-09-07T01:00:00,-0.04,-0.36,0.14,1.04,-0.48,0.09,-0.35,-0.5,-0.04,0,0,-2.00
2009-09-07T02:00:00,0.12,-0.29,0.16,1.05,-0.4,0.22,-0.32,-0.46,0.08,0,0,-1.00
2009-09-07T03:00:00,-0.07,-0.3,0.16,1.04,-0.45,0.3,-0.31,-0.48,0.05,0,0,1.00
2009-09-07T04:00:00,0.09,-0.37,0.19,1.01,-0.39,0.39,-0.26,-0.47,-0.02,0,0,3.00
2009-09-07T05:00:00,0.1,-0.43,0.12,1.01,-0.31,0.35,-0.27,-0.48,-0.05,0,0,3.00
2009-09-07T06:00:00,0.11,-0.3,0.22,1.07,-0.22,0.41,-0.3,-0.45,0.05,0,0,1.00
2009-09-07T07:00:00,-0.0,-0.37,0.29,1.12,-0.11,0.26,-0.34,-0.47,-0.07,0,0,1.00
2009-09-07T08:00:00,0.53,-0.05,-0.07,1.08,-0.06,0.31,-0.48,-0.42,-0.11,0,0,1.00
2009-09-07T09:00:00,0.56,0.09,-0.1,1.05,-0.1,0.44,-0.53,-0.48,-0.15,0,0,0.00
2009-09-07T10:00:00,0.53,0.11,0.01,1.13,-0.0,0.37,-0.38,-0.46,-0.11,0,0,-2.00
2009-09-07T11:00:00,0.42,0.01,0.02,1.18,-0.02,0.34,-0.33,-0.43,-0.01,0,0,-3.00
2009-09-07T12:00:00,0.45,0.06,-0.05,1.21,0.3,0.05,-0.31,-0.43,-0.05,0,0,-3.00
2009-09-07T13:00:00,0.03,-0.38,0.12,1.21,-0.15,0.32,-0.27,-0.48,-0.01,0,0,0.00
2009-09-07T14:00:00,0.38,-0.25,0.06,1.26,-0.08,0.19,-0.15,-0.38,0.06,0,0,3.00
2009-09-07T15:00:00,0.45,-0.15,0.08,1.28,-0.06,0.34,-0.12,-0.3,0.11,0,0,6.00
2009-09-07T16:00:00,0.47,-0.12,0.13,1.3,0.04,0.32,-0.08,-0.29,0.11,0,0,5.00
2009-09-07T17:00:00,0.34,-0.05,0.2,1.3,0.03,0.2,-0.1,-0.36,0.23,0,0,3.00
2009-09-07T18:00:00,0.21,-0.17,0.14,1.31,0.04,0.1,-0.12,-0.46,0.28,0,0,0.00
2009-09-07T19:00:00,-0.05,-0.43,0.07,1.28,-0.09,0.04,-0.07,-0.54,-0.08,0,0,0.00
2009-09-07T20:00:00,0.02,-0.38,-0.01,1.26,-0.08,-0.07,-0.04,-0.51,-0.01,0,0,-1.00
2009-09-07T21:00:00,0.09,-0.4,0.06,1.23,-0.06,0.03,0.09,-0.51,0.01,0,0,-2.00
2009-09-07T22:00:00,0.06,-0.31,0.14,1.24,-0.07,-0.0,-0.04,-0.5,0.1,0,0,-2.00
2009-09-07T23:00:00,0.55,-0.13,0.13,1.34,0.06,-0.1,-0.04,-0.44,-0.06,0,0,-3.00
2009-09-08T00:00:00,0.48,-0.12,0.12,1.36,-0.17,0.02,0.06,-0.37,0.08,0,0,-1.00
2009-09-08T01:00:00,0.33,-0.3,0.06,1.35,-0.39,0.04,0.06,-0.4,0.11,0,0,1.00
2009-09-08T02:00:00,0.24,-0.44,0.03,1.37,-0.25,0.15,-0.0,-0.49,-0.05,0,0,1.00
2009-09-08T03:00:00,0.09,-0.58,0.13,1.39,-0.25,0.23,-0.05,-0.51,-0.11,0,0,2.00
2009-09-08T04:00:00,0.2,-0.53,0.17,1.41,-0.21,0.25,-0.01,-0.5,-0.09,0,0,4.00
2009-09-08T05:00:00,0.27,-0.35,0.11,1.42,-0.16,0.28,0.1,-0.47,0.02,0,0,3.00
2009-09-08T06:00:00,0.26,-0.21,0.08,1.46,-0.09,0.19,0.12,-0.5,0.15,0,0,2.00
2009-09-08T07:00:00,-0.35,-0.34,0.3,1.43,-0.11,0.24,0.18,-0.56,-0.13,0,0,2.00
2009-09-08T08:00:00,-0.24,-0.41,0.29,1.45,-0.14,0.31,0.28,-0.56,-0.11,0,0,3.00
2009-09-08T09:00:00,-0.13,-0.36,0.34,1.45,-0.06,0.42,0.29,-0.54,-0.08,0,0,5.00
2009-09-08T10:00:00,-0.4,-0.29,0.34,1.43,0.03,0.39,0.31,-0.54,-0.11,0,0,7.00
2009-09-08T11:00:00,-0.31,-0.3,0.37,1.45,0.0,0.37,0.36,-0.55,-0.1,0,0,7.00
2009-09-08T12:00:00,-0.16,-0.28,0.48,1.47,-0.05,0.4,0.4,-0.54,-0.1,0,0,7.00
2009-09-08T13:00:00,-0.26,-0.33,0.36,1.46,-0.18,0.27,0.49,-0.54,-0.08,0,0,7.00
2009-09-08T14:00:00,-0.29,-0.48,0.18,1.42,0.11,0.09,1.73,-0.52,0.02,0,0,11.00
2009-09-08T15:00:00,-0.11,-0.51,0.27,1.44,-0.42,-0.03,0.54,-0.51,-0.06,0,0,13.00
2009-09-08T16:00:00,0.08,-0.56,0.08,1.47,-0.22,0.01,0.38,-0.48,-0.03,0,0,13.00
2009-09-08T17:00:00,0.1,0.19,0.46,1.46,0.05,0.3,0.42,-0.49,-0.02,0,0,11.00
2009-09-08T18:00:00,-0.16,-0.38,0.39,1.43,-0.39,0.19,0.47,-0.5,-0.04,0,0,7.00
2009-09-08T19:00:00,-0.07,-0.26,0.22,1.46,-0.28,0.02,0.4,-0.48,0.3,0,0,4.00
2009-09-08T20:00:00,-0.23,-0.58,0.28,1.45,-0.37,0.07,0.33,-0.5,-0.1,0,0,3.00
2009-09-08T21:00:00,0.07,-0.39,-0.12,1.5,-0.3,-0.35,0.4,-0.48,0.05,0,0,2.00
2009-09-08T22:00:00,0.34,-0.2,-0.14,1.55,-0.16,-0.4,0.37,-0.48,0.04,0,0,-1.00
2009-09-08T23:00:00,0.12,-0.6,-0.03,1.48,-0.51,-0.12,0.53,-0.52,-0.09,0,0,-2.00
