2010-02-28T20:00:00,0.15,-0.19,-0.0,1.4,0.21,-0.47,1.4,-0.48,1.24,0,0,4.00
2010-02-28T21:00:00,0.16,-0.03,-0.12,1.34,0.21,-0.39,1.61,-0.47,1.14,0,0,4.00
2010-02-28T22:00:00,-0.28,0.17,0.11,1.29,0.3,-0.38,1.79,-0.42,0.87,0,0,3.00
2010-02-28T23:00:00,-0.51,0.09,0.27,1.29,0.26,-0.35,1.55,-0.39,0.23,0,0,2.00
2010-03-01T00:00:00,-0.49,0.11,0.19,1.26,0.1,-0.33,1.83,-0.44,0.24,0,0,---
2010-03-01T01:00:00,-0.43,-0.0,0.06,1.25,0.07,-0.47,2.09,-0.47,0.41,0,0,3.00
2010-03-01T02:00:00,-0.26,-0.2,-0.05,1.26,0.03,-0.51,2.32,-0.5,0.65,0,0,7.00
2010-03-01T03:00:00,-0.21,-0.33,-0.11,1.27,-0.04,-0.64,2.23,-0.48,0.39,0,0,10.00
2010-03-01T04:00:00,-0.21,-0.08,-0.11,1.24,-0.11,-0.87,2.42,-0.43,1.37,0,0,10.00
2010-03-01T05:00:00,-0.01,-0.34,-0.07,1.22,-0.15,-0.81,2.61,-0.42,1.05,0,0,10.00
2010-03-01T06:00:00,0.45,-0.81,-0.06,1.2,-0.23,-0.79,2.45,-0.44,-0.02,0,0,8.00
2010-03-01T07:00:00,0.41,-0.94,0.23,1.24,-0.44,-0.71,2.76,-0.48,-0.07,1,0,9.00
2010-03-01T08:00:00,0.39,-0.72,0.66,1.3,-0.43,-0.45,2.47,-0.48,-0.09,1,0,9.00
2010-03-01T09:00:00,0.55,-0.92,0.34,1.26,-0.22,-0.79,2.15,-0.46,-0.09,1,0,8.00
2010-03-01T10:00:00,0.96,-1.19,0.09,1.31,-0.58,-0.99,0.9,-0.47,-0.16,1,0,8.00
2010-03-01T11:00:00,1.3,-1.04,0.0,1.34,-0.67,-1.08,0.57,-0.5,-0.17,1,0,8.00
2010-03-01T12:00:00,0.93,-0.98,0.55,1.43,-1.04,-0.75,1.0,-0.49,-0.16,1,0,3.00
2010-03-01T13:00:00,0.9,-0.78,-0.19,1.34,-0.49,-0.81,1.45,-0.41,-0.11,1,0,3.00
2010-03-01T14:00:00,0.93,-0.68,0.58,1.29,-0.56,0.07,0.85,-0.42,-0.14,1,0,0.00
2010-03-01T15:00:00,0.59,-0.41,0.89,1.34,-0.43,-0.06,1.35,-0.47,-0.13,1,0,7.00
2010-03-01T16:00:00,0.19,-0.11,1.49,1.19,-0.21,-0.24,1.64,-0.49,-0.16,1,0,-3.00
2010-03-01T17:00:00,-0.58,0.81,0.69,0.95,0.32,-1.2,1.09,-0.27,-0.09,1,0,0.00
2010-03-01T18:00:00,-0.23,-0.71,0.91,0.9,1.03,-0.99,0.72,-0.13,-0.07,1,0,6.00
2010-03-01T19:00:00,0.15,-1.03,0.51,0.88,0.7,-0.78,0.43,-0.07,-0.06,1,0,6.00
2010-03-01T20:00:00,-0.19,-0.55,0.3,0.85,0.87,-0.63,0.55,-0.02,0.32,1,0,5.00
2010-03-01T21:00:00,0.28,-0.87,-0.07,0.92,0.44,-0.19,0.27,-0.11,-0.02,1,0,3.00
2010-03-01T22:00:00,0.47,-0.75,-0.05,0.83,0.65,-0.55,0.18,-0.21,-0.05,1,0,4.00
2010-03-01T23:00:00,0.73,-0.28,0.22,0.77,0.32,-0.58,0.09,-0.16,-0.01,1,0,3.00
2010-03-02T00:00:00,0.76,-0.08,0.2,0.75,0.26,-0.18,-0.09,-0.17,-0.03,1,0,1.00
2010-03-02T01:00:00,0.7,0.02,0.21,0.78,0.02,-0.34,-0.05,-0.23,-0.02,1,0,-3.00
2010-03-02T02:00:00,0.78,0.09,0.26,0.78,-0.02,-0.24,-0.06,-0.34,-0.1,0,0,-4.00
2010-03-02T03:00:00,0.82,0.13,0.22,0.86,-0.02,-0.17,-0.04,-0.38,-0.11,0,0,-2.00
2010-03-02T04:00:00,0.66,0.36,0.17,0.99,0.03,-0.37,0.04,-0.39,-0.1,0,0,-2.00
2010-03-02T05:00:00,0.84,0.28,0.37,1.0,-0.08,-0.2,0.1,-0.43,-0.14,0,0,-2.00
2010-03-02T06:00:00,0.92,0.05,0.42,1.1,-0.19,-0.05,-0.03,-0.48,-0.16,0,0,-3.00
2010-03-02T07:00:00,0.93,-0.24,0.32,1.07,-0.27,-0.01,0.08,-0.39,-0.13,0,0,-3.00
2010-03-02T08:00:00,0.87,-0.49,0.25,1.04,-0.44,0.03,0.13,-0.42,-0.14,0,0,-3.00
2010-03-02T09:00:00,0.16,-0.76,-0.48,0.94,-0.63,0.06,0.24,-0.43,-0.14,0,0,0.00
2010-03-02T10:00:00,-0.12,-0.86,-0.64,0.95,-0.67,0.24,0.5,-0.5,-0.16,0,0,0.00
2010-03-02T11:00:00,-0.01,-0.47,-0.84,1.02,-0.59,0.27,0.54,-0.47,-0.15,0,0,-1.00
2010-03-02T12:00:00,0.25,0.06,-0.77,1.08,-0.52,0.21,0.34,-0.45,-0.14,0,0,-4.00
2010-03-02T13:00:00,-0.02,0.57,-0.56,1.07,-0.25,0.22,0.44,-0.44,-0.13,0,0,-7.00
2010-03-02T14:00:00,-0.13,0.74,0.12,1.08,-0.09,0.59,0.43,-0.4,-0.07,0,0,-9.00
2010-03-02T15:00:00,-0.25,0.65,0.34,1.07,0.02,0.56,0.62,-0.39,-0.05,0,0,-8.00
2010-03-02T16:00:00,-0.07,-0.25,0.84,1.06,-0.36,0.64,0.52,-0.37,-0.1,0,0,-9.00
2010-03-02T17:00:00,-0.36,-0.05,0.8,0.94,-0.07,0.67,0.52,-0.36,-0.09,0,0,-2.00
2010-03-02T18:00:00,-0.27,0.48,0.3,0.91,0.15,0.39,0.78,-0.24,0.19,0,0,0.00
2010-03-02T19:00:00,-0.29,0.41,-0.13,0.87,0.09,0.47,0.6,-0.27,0.19,0,0,1.00
2010-03-02T20:00:00,-0.37,0.39,-0.2,0.84,0.12,0.4,0.48,-0.28,0.09,0,0,1.00
2010-03-02T21:00:00,0.21,0.27,-0.28,0.65,0.51,1.12,0.2,-0.08,0.29,0,0,-1.00
2010-03-02T22:00:00,-0.31,0.54,0.27,0.65,0.27,0.86,0.12,-0.21,0.03,0,0,-4.00
2010-03-02T23:00:00,0.18,-0.31,0.52,0.58,0.54,1.02,0.24,-0.1,0.17,0,0,-6.00
2010-03-03T00:00:00,0.85,-0.79,-0.04,0.55,0.55,0.89,0.04,0.05,-0.07,0,0,-10.00
2010-03-03T01:00:00,0.78,-0.47,-0.54,0.59,0.69,0.29,0.14,0.01,-0.07,0,0,-7.00
2010-03-03T02:00:00,0.53,-0.46,-0.46,0.62,0.61,0.26,0.1,-0.03,-0.02,0,0,-8.00
2010-03-03T03:00:00,0.43,-0.24,0.07,0.52,0.55,0.45,0.09,0.05,0.53,0,0,-8.00
2010-03-03T04:00:00,0.52,0.15,0.59,0.44,0.79,0.71,0.01,-0.03,0.01,0,0,-10.00
2010-03-03T05:00:00,0.3,0.26,0.59,0.44,0.91,0.9,0.12,-0.07,0.06,0,0,-9.00
2010-03-03T06:00:00,0.59,-0.22,0.38,0.41,0.9,1.04,0.1,0.05,0.13,0,0,-8.00
2010-03-03T07:00:00,0.57,-0.38,0.18,0.49,1.01,0.8,0.16,0.33,0.34,0,0,-5.00
2010-03-03T08:00:00,0.55,-0.51,0.07,0.56,0.9,0.64,0.21,0.33,0.28,0,0,-5.00
2010-03-03T09:00:00,0.57,-0.36,-0.19,0.55,1.06,0.13,0.23,0.23,0.25,0,0,-4.00
2010-03-03T10:00:00,0.71,-0.43,0.22,0.61,1.02,0.59,0.3,0.13,0.12,0,0,-8.00
2010-03-03T11:00:00,0.28,-0.7,-0.24,0.52,0.76,-0.08,0.22,0.02,0.06,0,0,-8.00
2010-03-03T12:00:00,0.18,-0.58,-0.38,0.51,0.88,-0.37,0.13,-0.1,0.01,0,0,-7.00
2010-03-03T13:00:00,-0.37,-0.15,-0.12,0.33,1.14,-0.19,0.19,-0.16,0.41,0,0,-4.00
2010-03-03T14:00:00,-0.1,-0.73,0.18,0.46,0.54,0.32,0.1,-0.21,-0.01,0,0,-4.00
2010-03-03T15:00:00,0.36,-0.59,-0.37,0.61,0.52,-0.6,0.12,-0.24,-0.06,0,0,-1.00
2010-03-03T16:00:00,0.28,-0.72,-0.28,0.64,0.39,-0.34,0.19,-0.27,-0.06,0,0,-2.00
2010-03-03T17:00:00,0.12,-0.71,-0.25,0.62,0.39,-0.38,0.17,-0.29,-0.06,0,0,-3.00
2010-03-03T18:00:00,0.2,-0.44,-0.35,0.67,0.63,-0.56,0.24,-0.24,0.03,0,0,-9.00
2010-03-03T19:00:00,0.64,-0.54,-0.01,0.85,0.42,-0.08,0.25,-0.19,-0.01,0,0,-13.00
2010-03-03T20:00:00,0.55,-0.46,-0.12,0.87,0.51,-0.38,0.1,-0.24,-0.02,0,0,-12.00
2010-03-03T21:00:00,0.45,-0.29,-0.44,0.82,0.53,-0.75,-0.07,-0.31,-0.09,0,0,-14.00
2010-03-03T22:00:00,0.84,-0.31,-0.08,1.02,0.41,-0.35,-0.05,-0.29,-0.1,0,0,-14.00
2010-03-03T23:00:00,0.97,-0.03,0.1,1.09,0.96,0.13,-0.08,-0.3,-0.12,0,0,-14.00
2010-03-04T00:00:00,0.98,0.04,0.25,1.05,1.11,0.53,0.02,-0.28,-0.11,0,0,-20.00
2010-03-04T01:00:00,0.65,-0.44,0.04,0.93,0.35,-0.28,-0.02,-0.31,-0.07,0,0,-19.00
2010-03-04T02:00:00,0.39,-0.87,-0.31,0.8,0.05,-1.15,-0.16,-0.33,-0.14,0,0,-13.00
2010-03-04T03:00:00,0.33,-0.67,-0.61,0.78,0.29,-2.11,-0.21,-0.39,-0.15,0,0,-12.00
2010-03-04T04:00:00,0.47,-0.71,-0.34,0.83,-0.57,-1.29,-0.27,-0.3,-0.13,0,0,-12.00
2010-03-04T05:00:00,0.19,-0.58,-0.01,0.56,0.51,-0.35,-0.12,-0.18,0.05,0,0,-19.00
2010-03-04T06:00:00,0.28,-0.48,0.34,0.46,0.59,-0.08,0.01,-0.07,0.12,0,0,-23.00
2010-03-04T07:00:00,0.09,-0.52,0.3,0.47,0.07,-0.45,0.06,-0.01,0.24,0,0,-20.00
2010-03-04T08:00:00,0.51,-0.15,0.2,0.53,0.44,-0.18,0.08,0.04,0.36,0,0,-17.00
2010-03-04T09:00:00,0.63,-0.05,-0.09,0.53,0.47,-0.63,0.17,0.13,0.28,0,0,-14.00
2010-03-04T10:00:00,0.59,-0.24,-0.12,0.51,0.2,-0.47,0.07,0.05,0.17,0,0,-13.00
2010-03-04T11:00:00,0.48,-0.4,-0.2,0.39,0.07,-0.09,-0.05,-0.04,0.07,0,0,-13.00
2010-03-04T12:00:00,0.48,-0.17,-0.57,0.2,0.52,0.16,-0.1,-0.1,-0.06,0,0,-11.00
2010-03-04T13:00:00,0.3,-0.64,-0.31,0.26,0.31,0.11,-0.15,-0.15,-0.06,0,0,-12.00
2010-03-04T14:00:00,0.7,-0.19,-0.01,0.3,-0.03,-0.04,-0.11,0.09,0.09,0,0,-16.00
2010-03-04T15:00:00,0.61,0.04,0.02,0.29,0.85,0.23,-0.11,0.09,0.2,0,0,-23.00
2010-03-04T16:00:00,0.05,-0.41,0.33,0.12,0.04,0.64,-0.24,-0.13,0.14,0,0,-22.00
2010-03-04T17:00:00,-0.35,-0.62,0.36,0.02,-0.41,0.55,-0.34,-0.24,-0.1,0,0,-17.00
2010-03-04T18:00:00,0.34,0.06,0.18,0.23,0.12,0.27,-0.32,-0.23,0.27,0,0,-12.00
2010-03-04T19:00:00,0.48,-0.06,0.27,0.26,-0.02,0.33,-0.25,-0.19,0.07,0,0,-10.00
2010-03-04T20:00:00,0.52,0.25,0.27,0.3,0.29,0.3,-0.25,-0.31,-0.05,0,0,-10.00
2010-03-04T21:00:00,0.47,-0.05,0.44,0.29,0.04,0.36,-0.28,-0.32,-0.07,0,0,-10.00
2010-03-04T22:00:00,0.66,0.09,0.22,0.47,0.36,0.03,-0.32,-0.35,-0.1,0,0,-9.00
2010-03-04T23:00:00,0.76,0.16,0.14,0.57,0.42,-0.11,-0.27,-0.38,-0.12,0,0,-5.00
2010-03-05T00:00:00,0.69,0.18,0.34,0.57,0.47,0.4,-0.25,-0.37,-0.12,0,0,-6.00
2010-03-05T01:00:00,0.68,0.31,0.36,0.61,0.69,0.45,-0.29,-0.4,-0.14,0,0,-6.00
2010-03-05T02:00:00,0.52,0.55,0.36,0.49,0.92,0.39,-0.25,-0.37,-0.13,0,0,-8.00
2010-03-05T03:00:00,0.61,0.56,0.31,0.53,0.86,0.3,-0.27,-0.37,-0.14,0,0,-8.00
2010-03-05T04:00:00,0.77,0.43,0.13,0.63,0.6,-0.03,-0.18,-0.38,-0.13,0,0,-8.00
2010-03-05T05:00:00,0.81,0.34,0.1,0.68,0.4,-0.02,-0.09,-0.29,-0.1,0,0,-8.00
2010-03-05T06:00:00,0.76,0.45,-0.1,0.62,0.64,-0.17,-0.12,-0.37,-0.13,0,0,-9.00
2010-03-05T07:00:00,0.78,0.19,-0.19,0.67,0.47,-0.1,-0.1,-0.31,-0.1,0,0,-8.00
2010-03-05T08:00:00,0.75,-0.08,-0.31,0.7,0.35,-0.43,-0.11,-0.3,-0.1,0,0,-9.00
2010-03-05T09:00:00,0.74,0.05,-0.28,0.75,0.62,-0.4,-0.23,-0.3,-0.11,0,0,-12.00
2010-03-05T10:00:00,0.76,-0.18,-0.21,0.77,0.33,-0.31,-0.3,-0.32,-0.12,0,0,-11.00
2010-03-05T11:00:00,0.45,-0.55,0.05,0.71,0.04,0.08,-0.37,-0.26,-0.08,0,0,-13.00
2010-03-05T12:00:00,0.39,-0.36,-0.09,0.67,0.31,-0.32,-0.31,-0.19,0.03,0,0,-13.00
2010-03-05T13:00:00,0.43,-0.32,-0.09,0.52,0.22,0.47,-0.41,-0.19,-0.01,0,0,-13.00
2010-03-05T14:00:00,0.55,-0.27,-0.12,0.59,0.48,0.26,-0.44,-0.04,-0.01,0,0,-11.00
2010-03-05T15:00:00,0.39,-0.29,0.03,0.51,0.2,0.42,-0.5,-0.06,0.09,0,0,-10.00
2010-03-05T16:00:00,0.05,-0.51,0.12,0.57,0.18,0.33,-0.44,-0.2,0.02,0,0,-10.00
2010-03-05T17:00:00,0.27,-0.38,0.27,0.61,0.15,0.49,-0.49,-0.2,-0.01,0,0,-12.00
2010-03-05T18:00:00,0.38,-0.26,0.32,0.67,0.02,0.57,-0.51,-0.2,-0.03,0,0,-11.00
2010-03-05T19:00:00,0.46,-0.22,-0.05,0.73,-0.27,0.2,-0.47,-0.11,0.05,0,0,-10.00
2010-03-05T20:00:00,0.41,-0.36,0.09,0.72,-0.25,0.46,-0.45,-0.22,-0.01,0,0,-7.00
2010-03-05T21:00:00,0.36,-0.41,-0.15,0.8,-0.53,0.0,-0.48,-0.38,-0.11,0,0,-5.00
2010-03-05T22:00:00,0.15,-0.21,-0.42,0.76,-0.41,-0.64,-0.49,-0.48,-0.15,0,0,-3.00
2010-03-05T23:00:00,-0.02,-0.12,-0.54,0.71,-0.32,-0.89,-0.49,-0.5,-0.16,0,0,-4.00
2010-03-06T00:00:00,0.19,-0.53,-0.24,0.85,-0.81,-0.23,-0.46,-0.48,-0.15,0,0,-6.00
2010-03-06T01:00:00,0.06,-0.67,0.18,0.8,-0.91,0.32,-0.47,-0.5,-0.15,0,0,-9.00
2010-03-06T02:00:00,0.28,-0.48,0.26,0.91,-0.51,0.39,-0.4,-0.43,-0.11,0,0,-10.00
2010-03-06T03:00:00,0.4,-0.28,-0.11,0.98,-0.29,-0.18,-0.41,-0.4,-0.07,0,0,-9.00
2010-03-06T04:00:00,0.41,-0.41,-0.1,1.03,-0.52,-0.2,-0.42,-0.42,-0.11,0,0,-8.00
2010-03-06T05:00:00,0.32,-0.44,0.13,1.01,-0.54,0.02,-0.44,-0.45,-0.11,0,0,-7.00
2010-03-06T06:00:00,0.47,-0.4,0.09,1.09,-0.61,-0.13,-0.37,-0.43,-0.11,0,0,-9.00
2010-03-06T07:00:00,0.4,-0.46,0.15,1.04,-0.5,-0.02,-0.26,-0.44,-0.11,0,0,-10.00
2010-03-06T08:00:00,0.48,-0.37,0.16,1.06,-0.55,0.02,-0.31,-0.45,-0.11,0,0,-9.00
2010-03-06T09:00:00,0.51,-0.39,0.26,1.06,-0.7,0.33,-0.36,-0.51,-0.15,0,0,-7.00
2010-03-06T10:00:00,0.67,-0.18,0.1,1.12,-0.54,0.17,-0.23,-0.46,-0.12,0,0,-6.00
2010-03-06T11:00:00,0.64,0.08,-0.13,1.14,-0.32,-0.08,-0.24,-0.47,-0.13,0,0,-8.00
2010-03-06T12:00:00,0.65,0.03,-0.12,1.17,-0.3,0.02,-0.32,-0.52,-0.15,0,0,-9.00
2010-03-06T13:00:00,0.68,-0.07,-0.12,1.21,-0.44,-0.2,-0.3,-0.51,-0.15,0,0,-9.00
2010-03-06T14:00:00,0.67,-0.02,-0.17,1.2,-0.39,-0.35,-0.11,-0.49,-0.14,0,0,-7.00
2010-03-06T15:00:00,0.68,-0.04,-0.19,1.24,-0.46,-0.26,-0.09,-0.44,-0.12,0,0,-6.00
2010-03-06T16:00:00,0.72,-0.24,-0.14,1.26,-0.48,-0.69,0.04,-0.45,-0.12,0,0,-6.00
2010-03-06T17:00:00,0.66,-0.52,0.23,1.32,-0.77,-0.48,-0.06,-0.52,-0.16,0,0,-6.00
2010-03-06T18:00:00,0.14,-0.78,0.43,1.08,-0.92,-0.29,0.26,-0.54,-0.16,0,0,-6.00
2010-03-06T19:00:00,0.24,-1.06,0.28,0.99,-1.01,-0.4,0.44,-0.55,-0.17,1,0,-7.00
2010-03-06T20:00:00,0.27,-1.22,0.18,0.92,-1.09,-0.5,0.72,-0.54,-0.17,1,0,-1.00
2010-03-06T21:00:00,0.33,-1.31,-0.09,0.93,-1.11,-1.04,1.08,-0.51,-0.16,1,0,1.00
2010-03-06T22:00:00,0.33,-1.02,-0.3,0.93,-1.01,-1.15,1.5,-0.5,-0.13,1,0,6.00
2010-03-06T23:00:00,0.34,-0.85,0.55,0.89,-0.74,-0.42,1.53,-0.49,-0.12,1,0,3.00
2010-03-07T00:00:00,0.45,-1.13,0.29,0.93,-1.11,-0.48,1.43,-0.5,-0.14,1,0,-2.00
2010-03-07T01:00:00,-0.05,0.1,0.64,0.92,-0.32,-0.52,1.3,-0.42,0.03,1,0,-5.00
2010-03-07T02:00:00,0.03,0.12,0.76,0.73,0.88,-0.66,0.91,-0.11,0.12,1,0,-1.00
2010-03-07T03:00:00,0.09,-0.43,-0.89,0.55,1.12,-0.74,0.07,0.25,-0.06,1,0,0.00
2010-03-07T04:00:00,0.36,-1.31,0.26,0.61,0.99,-0.82,0.12,0.4,-0.06,1,0,1.00
2010-03-07T05:00:00,0.78,0.2,0.53,0.64,1.08,-0.69,-0.1,0.36,0.01,1,0,-4.00
2010-03-07T06:00:00,0.14,-0.87,0.88,0.55,0.9,-0.67,-0.37,0.09,-0.13,1,0,-14.00
2010-03-07T07:00:00,0.25,-0.66,0.7,0.53,1.26,-0.83,-0.36,0.16,-0.09,1,0,-18.00
2010-03-07T08:00:00,0.44,-0.86,0.31,0.62,0.9,-1.16,-0.44,-0.02,-0.11,1,0,-13.00
2010-03-07T09:00:00,0.05,-0.99,0.14,0.52,0.81,-1.42,-0.51,-0.03,-0.13,1,0,-9.00
2010-03-07T10:00:00,0.27,-0.54,0.18,0.65,0.93,-1.45,-0.45,-0.16,-0.03,1,0,-9.00
2010-03-07T11:00:00,0.18,-0.33,0.46,0.77,0.48,-0.86,-0.34,-0.26,-0.03,1,0,-9.00
2010-03-07T12:00:00,0.17,-0.58,0.17,0.79,0.17,-1.09,-0.39,-0.35,-0.09,1,0,-11.00
2010-03-07T13:00:00,0.09,-0.53,0.35,0.78,0.19,-0.67,-0.4,-0.44,-0.12,1,0,-9.00
2010-03-07T14:00:00,0.08,-0.49,0.28,0.74,0.15,-0.59,-0.42,-0.46,-0.11,1,0,-7.00
2010-03-07T15:00:00,-0.1,-0.24,0.18,0.75,0.09,-0.32,-0.37,-0.38,0.24,1,0,-5.00
2010-03-07T16:00:00,-0.18,-0.36,0.01,0.8,-0.08,-0.08,-0.31,-0.39,0.04,0,0,-5.00
2010-03-07T17:00:00,-0.22,-0.36,-0.01,0.77,-0.23,-0.07,-0.23,-0.38,0.05,0,0,-6.00
2010-03-07T18:00:00,0.16,-0.32,0.21,0.94,-0.23,-0.02,-0.1,-0.35,0.2,0,0,-6.00
2010-03-07T19:00:00,0.42,-0.47,0.12,0.99,-0.26,-0.18,-0.09,-0.35,-0.04,0,0,-6.00
2010-03-07T20:00:00,0.45,-0.36,0.12,0.98,-0.26,-0.1,-0.02,-0.25,0.06,0,0,-6.00
2010-03-07T21:00:00,0.05,-0.55,0.06,0.94,-0.4,0.07,-0.02,-0.43,-0.04,0,0,-6.00
2010-03-07T22:00:00,0.23,-0.23,0.23,1.02,-0.19,0.02,0.2,-0.28,0.52,0,0,-5.00
2010-03-07T23:00:00,0.54,-0.21,0.12,1.08,-0.27,-0.27,0.43,-0.18,0.26,0,0,-5.00
2010-03-08T00:00:00,0.68,0.15,-0.06,1.09,-0.22,-0.22,0.38,-0.26,0.04,0,0,-5.00
2010-03-08T01:00:00,0.73,-0.07,0.02,1.1,-0.3,-0.16,0.54,-0.2,0.08,0,0,-6.00
2010-03-08T02:00:00,0.69,-0.37,0.02,1.1,-0.35,-0.24,0.68,-0.23,0.06,0,0,-6.00
2010-03-08T03:00:00,0.42,-0.64,-0.07,1.08,-0.44,-0.53,1.22,-0.31,0.08,0,0,-4.00
2010-03-08T04:00:00,0.5,-0.5,-0.25,1.16,-0.46,-0.25,0.89,-0.38,-0.02,0,0,-3.00
2010-03-08T05:00:00,0.68,-0.56,-0.01,1.32,-0.47,-0.59,0.41,-0.42,-0.1,0,0,0.00
2010-03-08T06:00:00,1.07,-0.14,-0.18,1.44,-0.0,-0.3,0.28,-0.48,-0.16,0,0,-2.00
2010-03-08T07:00:00,1.06,-0.06,-0.21,1.47,0.14,-0.66,-0.19,-0.5,-0.17,1,0,-6.00
2010-03-08T08:00:00,1.1,-0.08,-0.16,1.4,-0.03,-0.28,-0.39,-0.53,-0.18,1,0,-9.00
2010-03-08T09:00:00,1.06,-0.08,-0.11,1.45,-0.11,-0.05,-0.4,-0.53,-0.18,1,0,-8.00
2010-03-08T10:00:00,1.02,-0.14,-0.12,1.45,-0.22,-0.17,-0.43,-0.53,-0.18,1,0,-9.00
2010-03-08T11:00:00,1.0,-0.06,-0.2,1.48,-0.14,-0.29,-0.42,-0.53,-0.18,1,0,-9.00
2010-03-08T12:00:00,1.04,-0.06,-0.25,1.34,-0.32,-0.18,-0.26,-0.44,-0.16,1,0,-8.00
2010-03-08T13:00:00,0.98,-0.35,-0.12,1.32,-0.71,0.26,-0.1,-0.42,-0.15,1,0,-8.00
2010-03-08T14:00:00,0.94,-0.45,-0.07,1.34,-0.84,0.35,-0.14,-0.45,-0.16,1,0,-7.00
2010-03-08T15:00:00,0.74,-0.6,-0.01,1.3,-0.78,0.23,0.02,-0.43,-0.14,1,0,-8.00
2010-03-08T16:00:00,0.66,-0.75,-0.17,1.31,-1.01,-0.05,-0.14,-0.53,-0.17,1,0,-9.00
2010-03-08T17:00:00,0.63,-0.8,0.06,1.37,-1.14,0.11,-0.13,-0.53,-0.17,1,0,-8.00
2010-03-08T18:00:00,0.61,-0.81,0.19,1.33,-1.13,0.2,-0.14,-0.49,-0.16,1,0,-5.00
2010-03-08T19:00:00,0.95,-0.61,-0.19,1.28,-0.83,-0.28,-0.26,-0.55,-0.18,1,0,-7.00
2010-03-08T20:00:00,0.23,-0.94,0.29,1.09,-0.4,-0.18,-0.34,-0.5,-0.17,1,0,-8.00
2010-03-08T21:00:00,-0.01,-1.11,0.42,1.0,-0.08,-0.07,-0.42,-0.54,-0.18,1,0,-7.00
2010-03-08T22:00:00,0.19,-1.06,0.34,1.08,0.07,-0.17,-0.43,-0.55,-0.18,1,0,-8.00
2010-03-08T23:00:00,0.76,-0.48,0.01,1.03,0.15,0.15,-0.24,-0.5,-0.16,1,0,-7.00
2010-03-09T00:00:00,0.87,-0.25,0.08,1.02,0.1,0.3,-0.12,-0.5,-0.16,1,0,-6.00
2010-03-09T01:00:00,0.86,-0.15,0.06,1.07,0.3,0.51,-0.28,-0.48,-0.15,1,0,-5.00
2010-03-09T02:00:00,0.73,-0.39,0.1,0.99,0.29,0.27,-0.3,-0.46,-0.15,1,0,-4.00
2010-03-09T03:00:00,0.76,-0.46,0.05,0.95,0.15,0.46,-0.5,-0.5,-0.17,1,0,-5.00
2010-03-09T04:00:00,0.77,-0.43,0.19,0.93,0.09,0.46,-0.59,-0.55,-0.18,1,0,-7.00
2010-03-09T05:00:00,0.76,-0.32,0.31,0.93,0.09,0.4,-0.49,-0.51,-0.17,1,0,-6.00
2010-03-09T06:00:00,0.65,-0.54,0.25,1.01,0.3,0.4,-0.44,-0.54,-0.18,1,0,-6.00
2010-03-09T07:00:00,0.28,-0.62,0.55,0.84,0.52,0.41,-0.45,-0.55,-0.18,1,0,-5.00
2010-03-09T08:00:00,0.13,-0.55,0.67,0.9,0.73,0.18,-0.49,-0.56,-0.18,1,0,-5.00
2010-03-09T09:00:00,0.04,-0.54,0.49,0.93,0.13,0.41,-0.23,-0.54,-0.16,1,0,-2.00
2010-03-09T10:00:00,-0.26,-0.67,0.48,0.9,-0.14,0.49,0.1,-0.53,-0.16,1,0,-1.00
2010-03-09T11:00:00,-0.13,-0.86,0.31,0.97,-0.08,0.19,0.16,-0.52,-0.16,1,0,0.00
2010-03-09T12:00:00,0.61,-0.78,-0.05,1.15,-0.15,0.0,0.0,-0.51,-0.16,1,0,2.00
2010-03-09T13:00:00,-0.22,-0.53,0.56,1.07,0.2,0.14,-0.05,-0.52,-0.15,1,0,2.00
2010-03-09T14:00:00,0.08,-0.72,0.51,1.13,0.12,0.25,0.07,-0.47,-0.14,1,0,1.00
2010-03-09T15:00:00,0.57,-0.91,-0.05,1.17,-0.03,0.03,0.09,-0.5,-0.16,1,0,-3.00
2010-03-09T16:00:00,-0.35,-0.81,0.28,1.07,0.25,0.14,0.19,-0.53,-0.16,1,0,0.00
2010-03-09T17:00:00,-0.76,-0.81,0.66,1.04,0.38,0.21,0.18,-0.54,-0.18,1,0,0.00
2010-03-09T18:00:00,-0.64,-0.9,0.61,1.06,0.22,0.22,0.34,-0.56,-0.18,1,0,1.00
2010-03-09T19:00:00,-0.52,-1.04,0.56,1.09,0.16,0.15,0.36,-0.56,-0.18,1,0,2.00
2010-03-09T20:00:00,-0.59,-0.9,0.61,1.07,0.25,0.22,0.5,-0.56,-0.17,1,0,4.00
2010-03-09T21:00:00,-0.38,-1.07,0.46,1.14,0.2,-0.03,0.76,-0.53,-0.16,1,0,5.00
2010-03-09T22:00:00,-0.16,-1.19,0.07,1.23,0.21,-0.5,0.83,-0.53,-0.16,1,0,8.00
2010-03-09T23:00:00,-0.34,-1.09,0.28,1.21,0.2,-0.31,0.65,-0.55,-0.17,1,0,10.00
2010-03-10T00:00:00,-0.68,-0.85,0.68,1.13,0.09,0.16,0.68,-0.58,-0.18,1,0,7.00
2010-03-10T01:00:00,-0.79,-0.78,0.74,1.09,0.09,0.11,0.56,-0.56,-0.18,1,0,2.00
2010-03-10T02:00:00,-0.62,-1.11,0.62,1.15,0.63,-0.2,1.9,-0.56,-0.17,1,0,2.00
2010-03-10T03:00:00,-0.0,-1.09,0.24,0.99,-0.02,0.11,0.09,-0.45,-0.16,1,0,4.00
2010-03-10T04:00:00,0.75,-1.14,-0.09,0.77,-0.31,1.04,-0.29,-0.21,-0.16,1,0,4.00
2010-03-10T05:00:00,0.4,-1.37,0.01,0.69,-0.49,0.94,-0.19,-0.38,-0.17,1,0,4.00
2010-03-10T06:00:00,0.42,-1.39,-0.09,0.83,-0.48,0.32,-0.1,-0.44,-0.17,1,0,1.00
2010-03-10T07:00:00,0.19,-1.12,0.1,0.84,-0.04,0.38,0.06,-0.22,-0.12,1,0,1.00
2010-03-10T08:00:00,0.01,-0.78,0.22,0.86,0.81,0.44,0.19,-0.02,0.06,1,0,-1.00
2010-03-10T09:00:00,0.47,-0.8,0.15,0.87,0.49,0.45,0.2,0.06,0.02,1,0,-1.00
2010-03-10T10:00:00,0.8,-0.07,0.01,0.79,0.61,0.64,0.23,0.25,0.19,1,0,2.00
2010-03-10T11:00:00,0.61,-0.11,-0.1,0.68,0.87,0.7,0.25,0.4,0.51,1,0,6.00
2010-03-10T12:00:00,0.33,-0.0,-0.24,0.63,0.94,0.85,0.2,0.27,0.8,1,0,6.00
2010-03-10T13:00:00,0.33,-1.04,-0.12,0.64,0.4,0.77,0.18,0.23,-0.01,1,0,5.00
2010-03-10T14:00:00,1.21,-0.4,-0.56,0.75,0.48,0.68,-0.1,-0.03,-0.14,1,0,0.00
2010-03-10T15:00:00,1.21,-0.31,-0.83,0.7,0.52,0.86,-0.33,-0.24,-0.17,1,0,0.00
2010-03-10T16:00:00,0.88,-0.69,-0.5,0.69,0.15,0.86,-0.12,0.11,-0.11,1,0,-6.00
2010-03-10T17:00:00,0.65,-1.03,-0.52,0.52,0.69,1.47,-0.26,0.08,-0.13,1,0,-11.00
2010-03-10T18:00:00,0.46,-1.01,-0.38,0.49,-0.02,1.34,-0.19,0.22,-0.09,1,0,-13.00
2010-03-10T19:00:00,0.18,-0.99,-0.24,0.46,-0.23,1.53,-0.23,0.48,-0.03,1,0,-16.00
2010-03-10T20:00:00,0.56,-0.72,-0.56,0.61,-0.25,0.81,-0.07,0.55,-0.02,1,0,-19.00
2010-03-10T21:00:00,-0.03,-1.24,-0.1,0.39,-0.81,1.78,-0.24,0.3,-0.09,1,0,-23.00
2010-03-10T22:00:00,0.44,-0.46,-0.54,0.37,-0.34,1.3,-0.14,0.51,0.04,1,0,-20.00
2010-03-10T23:00:00,0.95,0.05,-0.57,0.35,-0.38,0.94,-0.38,-0.03,-0.14,1,0,-19.00
2010-03-11T00:00:00,0.99,-0.07,-0.34,0.2,-0.43,1.32,-0.35,0.1,-0.1,1,0,-18.00
2010-03-11T01:00:00,0.7,-0.4,-0.23,0.07,-0.92,0.68,-0.52,0.03,-0.1,1,0,-20.00
2010-03-11T02:00:00,0.59,-0.12,-0.34,0.02,-0.38,0.08,-0.56,-0.05,-0.09,1,0,-20.00
2010-03-11T03:00:00,0.64,-0.37,-0.26,0.11,-0.79,0.01,-0.6,-0.2,-0.14,1,0,-21.00
2010-03-11T04:00:00,0.7,-0.14,-0.45,0.18,-0.44,-0.53,-0.63,-0.35,-0.16,1,0,-24.00
2010-03-11T05:00:00,0.79,-0.24,-0.29,0.28,-0.59,-0.26,-0.52,-0.36,-0.16,1,0,-28.00
2010-03-11T06:00:00,0.54,-0.62,-0.22,0.13,-1.11,-0.15,-0.44,-0.24,-0.13,1,0,-30.00
2010-03-11T07:00:00,0.23,-0.24,-0.35,-0.01,-0.52,-0.62,-0.28,-0.11,0.05,1,0,-27.00
2010-03-11T08:00:00,0.27,-0.42,-0.11,0.04,-0.69,-0.51,-0.26,-0.03,0.16,1,0,-25.00
2010-03-11T09:00:00,0.11,-0.01,-0.06,-0.02,-0.33,-0.83,-0.25,-0.04,2.64,1,0,-20.00
2010-03-11T10:00:00,0.52,-0.4,0.13,0.12,-0.83,-0.31,-0.16,0.15,0.16,1,0,-16.00
2010-03-11T11:00:00,-0.08,-0.54,0.3,-0.05,-0.93,-0.14,-0.23,0.04,0.12,1,0,-14.00
2010-03-11T12:00:00,-0.03,-0.7,0.21,-0.03,-0.78,-0.51,-0.34,0.07,0.01,1,0,-16.00
2010-03-11T13:00:00,0.03,-0.82,0.4,0.0,-0.82,-0.03,-0.36,0.08,-0.07,1,0,-10.00
2010-03-11T14:00:00,-0.13,-0.55,0.43,-0.07,-0.17,-0.13,-0.31,0.15,0.05,1,0,-9.00
2010-03-11T15:00:00,0.01,-0.18,0.35,0.03,0.19,-0.38,-0.26,0.26,0.85,1,0,-9.00
2010-03-11T16:00:00,0.39,-0.53,0.05,0.1,-0.16,-0.69,-0.32,0.14,0.09,1,0,-10.00
2010-03-11T17:00:00,-0.14,-0.69,0.3,-0.1,-0.6,-0.15,-0.39,0.13,-0.01,1,0,-8.00
2010-03-11T18:00:00,-0.29,-0.7,0.03,-0.17,-0.6,-0.43,-0.44,0.07,-0.04,1,0,-8.00
2010-03-11T19:00:00,-0.25,-0.63,0.11,-0.14,-0.46,-0.29,-0.46,0.1,0.0,1,0,-10.00
2010-03-11T20:00:00,-0.04,0.06,0.2,-0.16,0.29,0.01,-0.48,0.04,2.02,1,0,-9.00
2010-03-11T21:00:00,0.33,0.55,0.34,-0.02,1.03,0.16,-0.44,0.04,-0.04,1,0,-12.00
2010-03-11T22:00:00,0.52,0.34,0.14,-0.21,0.54,-0.0,-0.44,0.2,0.07,1,0,-10.00
2010-03-11T23:00:00,0.65,-0.24,-0.1,-0.28,-0.1,-0.03,-0.5,0.01,-0.05,1,0,-8.00
2010-03-12T00:00:00,0.48,-0.5,-0.17,-0.5,-0.86,-0.3,-0.58,0.32,-0.03,1,0,-8.00
2010-03-12T01:00:00,-0.4,-0.3,0.49,-0.7,0.37,0.61,-0.67,-0.06,-0.11,1,0,-12.00
2010-03-12T02:00:00,-0.16,-0.95,0.22,-0.78,0.1,0.96,-0.7,0.24,-0.13,1,0,-13.00
2010-03-12T03:00:00,0.38,-0.43,-0.43,-0.57,0.49,0.22,-0.62,0.67,-0.03,1,0,-15.00
2010-03-12T04:00:00,0.42,-0.06,-0.41,-0.49,0.77,0.01,-0.58,0.57,0.03,1,0,-12.00
2010-03-12T05:00:00,0.37,-0.28,-0.05,-0.52,0.34,0.58,-0.56,0.59,0.35,1,0,-14.00
2010-03-12T06:00:00,-0.1,-0.4,0.36,-0.7,0.62,0.64,-0.66,0.47,0.1,1,0,-18.00
2010-03-12T07:00:00,0.38,-0.45,0.06,-0.53,1.0,0.87,-0.66,1.01,0.18,1,0,-19.00
2010-03-12T08:00:00,0.55,-0.53,-0.14,-0.44,0.4,0.64,-0.66,0.84,-0.01,1,0,-15.00
2010-03-12T09:00:00,0.46,-0.47,-0.11,-0.35,0.3,0.78,-0.69,0.93,0.05,1,0,-13.00
2010-03-12T10:00:00,0.6,-0.22,-0.35,-0.31,0.59,0.12,-0.68,0.72,-0.04,1,0,-11.00
2010-03-12T11:00:00,0.46,-0.49,-0.11,-0.3,0.35,0.28,-0.0,0.77,0.46,1,0,-15.00
2010-03-12T12:00:00,0.5,-0.55,-0.21,-0.35,-0.08,0.15,-0.69,0.72,-0.04,1,0,-17.00
2010-03-12T13:00:00,0.46,-0.57,-0.01,-0.4,-0.21,0.9,-0.69,0.66,-0.02,1,0,-17.00
2010-03-12T14:00:00,0.26,-0.72,-0.01,-0.53,-0.03,1.06,-0.73,0.44,-0.08,1,0,-15.00
2010-03-12T15:00:00,0.65,-0.33,0.07,-0.44,0.38,0.99,-0.77,0.23,-0.1,1,0,-14.00
2010-03-12T16:00:00,0.51,-0.57,-0.14,-0.44,-0.32,-0.17,-0.81,0.08,-0.14,1,0,-14.00
2010-03-12T17:00:00,0.79,-0.4,-0.08,-0.23,-0.09,-0.12,-0.77,-0.2,-0.16,1,0,-13.00
2010-03-12T18:00:00,0.73,-0.06,-0.28,-0.19,0.49,-0.49,-0.81,-0.22,-0.17,1,0,-14.00
2010-03-12T19:00:00,0.73,-0.25,-0.13,-0.13,-0.06,0.03,-0.84,-0.11,-0.16,1,0,-16.00
2010-03-12T20:00:00,0.73,-0.24,-0.19,-0.03,-0.03,0.1,-0.82,-0.26,-0.17,0,0,-19.00
2010-03-12T21:00:00,0.65,-0.27,-0.29,-0.05,-0.36,-0.37,-0.82,-0.26,-0.17,0,0,-19.00
2010-03-12T22:00:00,0.62,-0.33,-0.29,-0.04,-0.53,-0.36,-0.83,-0.35,-0.17,0,0,-17.00
2010-03-12T23:00:00,0.6,-0.36,-0.18,-0.02,-0.25,-0.21,-0.82,-0.34,-0.17,0,0,-16.00
2010-03-13T00:00:00,0.62,-0.35,-0.08,0.02,-0.28,-0.13,-0.81,-0.25,-0.16,0,0,-17.00
2010-03-13T01:00:00,0.56,-0.4,-0.02,0.04,-0.4,-0.12,-0.8,-0.15,-0.14,0,0,-17.00
2010-03-13T02:00:00,0.53,-0.32,-0.0,0.18,-0.54,-0.09,-0.75,-0.2,-0.12,0,0,-18.00
2010-03-13T03:00:00,0.55,-0.27,0.15,0.18,-0.43,0.15,-0.79,-0.21,-0.14,0,0,-19.00
2010-03-13T04:00:00,-0.05,-0.48,-0.01,0.26,-0.87,0.15,-0.76,-0.36,-0.13,0,0,-18.00
2010-03-13T05:00:00,-0.07,-0.55,0.12,0.33,-1.05,0.37,-0.74,-0.37,-0.14,0,0,-18.00
2010-03-13T06:00:00,-0.26,-0.53,0.06,0.3,-1.04,0.26,-0.72,-0.38,-0.15,0,0,-15.00
2010-03-13T07:00:00,-0.12,-0.49,0.05,0.38,-0.91,0.37,-0.66,-0.39,-0.11,0,0,-14.00
2010-03-13T08:00:00,0.03,-0.59,0.06,0.45,-0.99,0.25,-0.68,-0.4,-0.14,0,0,-14.00
2010-03-13T09:00:00,0.05,-0.63,0.17,0.45,-1.22,0.06,-0.63,-0.43,-0.15,0,0,-12.00
2010-03-13T10:00:00,-0.08,-0.54,0.24,0.36,-1.36,0.15,-0.6,-0.4,-0.13,0,0,-11.00
2010-03-13T11:00:00,-0.21,-0.35,0.25,0.31,-1.18,0.44,-0.46,-0.35,-0.03,0,0,-10.00
2010-03-13T12:00:00,-0.21,-0.55,0.21,0.37,-1.34,0.47,-0.44,-0.37,-0.1,0,0,-10.00
2010-03-13T13:00:00,-0.0,-0.63,0.11,0.5,-1.79,0.53,-0.11,-0.4,-0.07,0,0,-7.00
2010-03-13T14:00:00,-0.14,-0.62,0.2,0.57,-1.34,0.48,-0.38,-0.43,-0.12,0,0,-6.00
2010-03-13T15:00:00,0.42,-0.63,-0.06,0.71,-0.7,0.1,-0.59,-0.47,-0.16,0,0,-6.00
2010-03-13T16:00:00,0.55,-0.39,-0.22,0.73,-0.33,0.14,-0.62,-0.24,-0.13,0,0,-7.00
2010-03-13T17:00:00,0.14,-0.75,-0.11,0.7,-0.72,0.16,-0.64,-0.5,-0.17,0,0,-8.00
2010-03-13T18:00:00,0.32,-0.63,-0.18,0.71,-0.49,0.35,-0.64,-0.43,-0.16,0,0,-10.00
2010-03-13T19:00:00,0.49,-0.53,-0.11,0.8,-0.65,0.28,-0.51,-0.47,-0.16,0,0,-11.00
2010-03-13T20:00:00,0.64,-0.37,-0.21,0.81,-0.43,0.12,-0.47,-0.43,-0.15,0,0,-13.00
2010-03-13T21:00:00,0.77,-0.22,-0.19,0.79,-0.63,0.09,-0.36,-0.33,-0.13,0,0,-13.00
2010-03-13T22:00:00,0.92,0.01,-0.21,0.79,-0.38,-0.04,-0.11,-0.29,-0.12,0,0,-10.00
2010-03-13T23:00:00,0.62,-0.53,-0.38,0.76,-0.5,-0.09,-0.16,-0.42,-0.15,0,0,-9.00
2010-03-14T00:00:00,-0.21,-0.7,-0.11,0.53,-0.45,0.58,-0.59,-0.36,-0.15,0,0,-8.00
2010-03-14T01:00:00,-0.19,-0.81,-0.08,0.63,-0.2,0.62,-0.6,-0.34,-0.15,0,0,-12.00
2010-03-14T02:00:00,0.23,-0.51,-0.09,0.6,-0.05,0.85,-0.58,-0.39,-0.12,0,0,-16.00
2010-03-14T03:00:00,0.77,-0.19,-0.13,0.69,0.26,0.96,-0.51,-0.23,-0.13,0,0,-17.00
2010-03-14T04:00:00,0.82,-0.1,-0.28,0.52,0.28,0.94,-0.61,-0.37,-0.16,0,0,-15.00
2010-03-14T05:00:00,0.82,-0.11,-0.31,0.47,0.35,1.14,-0.6,-0.31,-0.16,0,0,-15.00
2010-03-14T06:00:00,0.88,-0.2,-0.31,0.5,0.26,1.01,-0.68,-0.42,-0.18,0,0,-13.00
2010-03-14T07:00:00,0.83,-0.1,-0.37,0.54,0.36,1.0,-0.43,-0.41,-0.16,0,0,-13.00
2010-03-14T08:00:00,0.43,-0.77,-0.03,0.22,0.18,1.93,-0.57,-0.14,-0.13,0,0,-15.00
2010-03-14T09:00:00,0.59,-0.76,0.07,0.26,0.33,2.08,-0.55,-0.15,-0.14,0,0,-12.00
2010-03-14T10:00:00,0.65,-0.67,-0.19,0.35,0.37,1.83,-0.54,-0.25,-0.15,0,0,-10.00
2010-03-14T11:00:00,0.58,-0.4,-0.46,0.42,0.5,1.17,-0.62,-0.34,-0.16,0,0,-11.00
2010-03-14T12:00:00,0.44,-0.39,-0.38,0.42,0.66,1.25,-0.35,-0.45,-0.15,0,0,-10.00
2010-03-14T13:00:00,0.29,-0.58,-0.25,0.4,0.68,1.53,-0.1,-0.5,-0.14,0,0,-13.00
2010-03-14T14:00:00,0.23,-0.59,-0.28,0.45,0.35,1.43,-0.12,-0.49,-0.14,0,0,-10.00
2010-03-14T15:00:00,0.47,-0.54,-0.22,0.5,0.22,1.32,-0.12,-0.51,-0.15,0,0,-7.00
2010-03-14T16:00:00,0.54,-0.43,-0.24,0.53,0.02,1.42,-0.07,-0.51,-0.15,0,0,-8.00
2010-03-14T17:00:00,0.41,-0.5,-0.27,0.64,-0.03,1.19,-0.05,-0.52,-0.15,0,0,-8.00
2010-03-14T18:00:00,0.47,-0.5,-0.24,0.64,-0.11,1.21,-0.09,-0.52,-0.15,0,0,-5.00
2010-03-14T19:00:00,0.46,-0.62,-0.33,0.69,-0.25,1.18,-0.42,-0.48,-0.17,0,0,-4.00
2010-03-14T20:00:00,0.26,-0.52,-0.27,0.79,-0.16,1.18,-0.21,-0.49,-0.14,0,0,-8.00
2010-03-14T21:00:00,0.02,-0.02,-0.02,0.95,-0.65,0.95,-0.17,-0.47,2.49,0,0,-14.00
2010-03-14T22:00:00,-0.4,0.35,0.45,1.02,-0.81,0.54,-0.22,-0.44,-0.12,0,0,-12.00
2010-03-14T23:00:00,-0.18,0.08,0.45,0.99,-0.67,0.68,-0.12,-0.45,-0.05,0,0,-8.00
2010-03-15T00:00:00,-0.32,0.51,0.37,0.99,-0.56,1.03,-0.01,-0.55,-0.15,0,0,-7.00
2010-03-15T01:00:00,-0.43,0.47,0.36,1.07,-0.5,1.12,-0.24,-0.49,-0.15,0,0,-4.00
2010-03-15T02:00:00,-0.25,0.63,0.37,1.1,-0.48,0.97,-0.37,-0.52,-0.16,0,0,-2.00
2010-03-15T03:00:00,-0.22,0.63,0.36,1.14,-0.39,0.91,-0.38,-0.53,-0.17,0,0,-7.00
2010-03-15T04:00:00,-0.37,0.6,0.25,1.18,-0.37,0.85,-0.35,-0.53,-0.16,0,0,-9.00
2010-03-15T05:00:00,-0.33,0.64,0.13,1.21,-0.4,0.92,-0.37,-0.54,-0.17,0,0,-9.00
2010-03-15T06:00:00,-0.27,0.67,0.1,1.21,-0.43,0.8,-0.35,-0.55,-0.17,0,0,-8.00
2010-03-15T07:00:00,-0.32,0.62,0.21,1.19,-0.08,0.66,-0.25,-0.53,-0.16,0,0,-7.00
2010-03-15T08:00:00,-0.36,0.35,0.41,1.22,-0.04,0.33,-0.29,-0.54,-0.15,0,0,-9.00
2010-03-15T09:00:00,-0.44,0.39,0.15,1.29,-0.25,0.37,-0.21,-0.55,-0.15,0,0,-11.00
2010-03-15T10:00:00,-0.49,0.35,0.13,1.23,-0.23,0.38,-0.19,-0.55,-0.15,0,0,-10.00
2010-03-15T11:00:00,-0.4,0.28,0.12,1.3,-0.32,0.38,0.14,-0.55,-0.1,0,0,-8.00
2010-03-15T12:00:00,-0.31,0.39,0.13,1.26,-0.52,0.44,0.27,-0.55,-0.1,0,0,-5.00
2010-03-15T13:00:00,-0.23,0.44,0.11,1.25,-0.6,0.37,0.46,-0.55,-0.09,0,0,-3.00
2010-03-15T14:00:00,-0.2,0.61,-0.03,1.21,-0.67,0.5,0.56,-0.53,-0.11,0,0,0.00
2010-03-15T15:00:00,-0.57,0.09,-0.45,1.16,-0.45,0.75,0.66,-0.5,-0.12,1,0,0.00
2010-03-15T16:00:00,-0.47,0.73,0.01,1.18,-0.99,0.49,1.0,-0.5,-0.11,1,0,0.00
2010-03-15T17:00:00,-0.41,0.38,-0.49,1.1,-0.73,0.35,0.52,-0.49,-0.13,1,0,-2.00
2010-03-15T18:00:00,0.52,-0.15,0.38,1.02,-0.54,0.09,0.7,-0.47,-0.03,1,0,-3.00
2010-03-15T19:00:00,0.6,0.25,0.6,1.03,-0.54,0.13,0.31,-0.49,-0.14,1,0,-2.00
2010-03-15T20:00:00,0.51,0.24,0.5,1.02,-0.42,-0.02,0.41,-0.45,-0.09,1,0,-5.00
2010-03-15T21:00:00,0.32,0.44,0.47,1.04,-0.48,-0.11,0.23,-0.48,-0.11,1,0,-5.00
2010-03-15T22:00:00,-0.04,0.55,0.44,1.11,-0.48,-0.21,0.19,-0.46,-0.11,1,0,-2.00
2010-03-15T23:00:00,0.21,0.69,0.15,1.11,-0.59,-0.36,0.3,-0.45,-0.1,1,0,-1.00
2010-03-16T00:00:00,-0.44,0.54,0.31,1.12,-0.69,-0.5,0.42,-0.48,-0.11,1,0,-2.00
2010-03-16T01:00:00,-0.74,0.5,0.46,1.13,-0.6,-0.78,0.34,-0.52,-0.16,1,0,-3.00
2010-03-16T02:00:00,-0.69,0.63,0.33,1.14,-0.79,-0.67,0.34,-0.51,-0.15,1,0,-2.00
2010-03-16T03:00:00,-0.58,0.74,0.16,1.1,-0.72,-0.63,0.36,-0.54,-0.16,1,0,-4.00
2010-03-16T04:00:00,-0.49,0.34,0.27,1.22,-0.77,-1.01,1.19,-0.56,-0.1,1,0,-3.00
2010-03-16T05:00:00,-0.05,0.16,0.01,1.26,-0.75,-1.62,1.77,-0.56,1.03,1,0,-2.00
2010-03-16T06:00:00,-0.75,0.49,0.29,1.23,-0.59,-2.5,0.12,-0.51,-0.16,1,0,0.00
2010-03-16T07:00:00,-0.48,0.14,0.78,1.07,-0.27,-1.26,-0.3,-0.36,-0.15,1,0,5.00
2010-03-16T08:00:00,-0.65,0.38,0.2,1.09,-0.24,-1.49,-0.31,-0.13,-0.07,1,0,-3.00
2010-03-16T09:00:00,-0.72,0.54,-0.01,0.99,0.06,-1.67,-0.28,-0.11,-0.09,1,0,-5.00
2010-03-16T10:00:00,-0.28,0.55,-0.16,0.85,0.45,-1.43,-0.24,-0.1,-0.01,1,0,-5.00
2010-03-16T11:00:00,-0.41,0.38,0.13,0.81,0.5,-1.36,-0.11,-0.05,0.15,1,0,-5.00
2010-03-16T12:00:00,-0.03,0.59,-0.08,0.79,0.28,-1.04,-0.19,-0.13,0.02,1,0,-5.00
2010-03-16T13:00:00,-0.24,0.4,0.09,0.78,0.15,-0.7,-0.28,-0.06,0.18,1,0,-6.00
2010-03-16T14:00:00,-0.59,0.24,0.32,0.71,0.08,-1.02,-0.31,-0.07,-0.03,1,0,-5.00
2010-03-16T15:00:00,-0.76,-0.08,0.14,0.55,0.14,-0.5,-0.46,-0.24,-0.11,1,0,-7.00
2010-03-16T16:00:00,-0.8,0.13,0.25,0.54,0.25,-0.46,-0.44,-0.26,-0.12,1,0,-8.00
2010-03-16T17:00:00,-0.05,0.37,-0.14,0.51,0.32,-0.31,-0.29,-0.19,0.12,1,0,-10.00
2010-03-16T18:00:00,-0.87,0.16,0.19,0.65,0.74,-0.74,-0.28,-0.18,-0.1,1,0,-8.00
2010-03-16T19:00:00,-0.83,0.32,0.12,0.74,0.53,-0.58,-0.2,-0.05,-0.07,1,0,-5.00
2010-03-16T20:00:00,-0.67,0.49,-0.06,0.84,-0.02,-0.06,-0.0,-0.14,-0.04,1,0,-1.00
2010-03-16T21:00:00,-0.8,0.52,0.12,0.83,-0.14,-0.29,-0.04,-0.08,-0.07,1,0,-4.00
2010-03-16T22:00:00,-0.74,0.66,0.26,0.77,-0.08,-0.68,0.07,0.02,-0.05,1,0,0.00
2010-03-16T23:00:00,-1.03,0.24,0.37,0.67,0.78,-0.48,0.22,0.34,0.01,1,0,2.00
2010-03-17T00:00:00,-0.35,0.12,0.42,0.32,0.47,-0.05,0.16,0.3,0.54,1,0,5.00
2010-03-17T01:00:00,-0.59,0.04,0.77,0.15,0.6,0.3,0.25,0.43,0.08,1,0,7.00
2010-03-17T02:00:00,-0.49,0.62,-0.28,0.21,0.56,1.02,0.15,0.35,0.1,1,0,5.00
2010-03-17T03:00:00,-0.31,0.95,-0.15,0.15,0.41,0.4,-0.16,0.22,-0.05,1,0,4.00
2010-03-17T04:00:00,-0.64,1.19,0.12,0.18,0.65,0.69,-0.28,0.15,-0.13,1,0,1.00
2010-03-17T05:00:00,-0.63,1.17,0.12,0.26,0.58,0.62,-0.4,0.02,-0.15,1,0,-5.00
2010-03-17T06:00:00,-0.56,0.76,-0.1,0.05,0.86,0.74,-0.3,0.2,-0.06,1,0,-10.00
2010-03-17T07:00:00,-0.95,0.27,0.44,0.01,0.51,0.73,-0.3,0.31,-0.07,1,0,-9.00
2010-03-17T08:00:00,-0.81,0.04,0.55,-0.06,0.86,0.17,-0.36,0.28,-0.06,1,0,-8.00
2010-03-17T09:00:00,-0.57,0.22,0.48,-0.2,0.28,0.37,-0.38,0.13,-0.03,1,0,-11.00
2010-03-17T10:00:00,-0.57,0.17,0.49,-0.16,0.38,0.39,-0.36,0.1,-0.03,1,0,-9.00
2010-03-17T11:00:00,-0.71,-0.13,0.48,-0.1,0.56,0.29,-0.35,0.08,-0.06,1,0,-7.00
2010-03-17T12:00:00,-0.64,-0.08,0.47,-0.1,0.35,0.53,-0.32,0.12,-0.01,1,0,-8.00
2010-03-17T13:00:00,-0.67,-0.04,0.53,-0.03,0.4,0.3,-0.32,0.05,-0.06,1,0,-7.00
2010-03-17T14:00:00,-0.54,0.09,0.63,-0.03,0.17,0.17,-0.34,-0.01,-0.07,1,0,-4.00
2010-03-17T15:00:00,-0.12,0.45,0.5,-0.1,-0.3,0.16,-0.23,-0.22,-0.05,1,0,-3.00
2010-03-17T16:00:00,0.11,0.53,0.3,-0.14,-0.4,0.23,-0.17,-0.26,-0.02,1,0,-3.00
2010-03-17T17:00:00,-0.21,0.56,0.41,0.03,-0.46,-0.09,-0.16,-0.3,-0.08,1,0,0.00
2010-03-17T18:00:00,-0.37,0.5,0.43,0.11,-0.28,-0.27,-0.18,-0.35,-0.11,1,0,2.00
2010-03-17T19:00:00,-0.31,0.61,0.26,0.13,-0.5,0.2,-0.21,-0.37,-0.11,1,0,2.00
2010-03-17T20:00:00,-0.39,0.69,0.0,0.13,-0.52,0.45,-0.25,-0.36,-0.12,1,0,0.00
2010-03-17T21:00:00,-0.52,0.54,-0.16,0.24,-0.36,0.76,-0.29,-0.38,-0.13,1,0,-3.00
2010-03-17T22:00:00,-0.43,0.63,-0.22,0.22,-0.35,0.73,-0.27,-0.38,-0.14,1,0,-3.00
2010-03-17T23:00:00,-0.57,0.49,-0.29,0.26,-0.18,0.94,-0.32,-0.35,-0.14,1,0,-5.00
2010-03-18T00:00:00,-0.63,0.26,-0.44,0.3,0.09,1.35,-0.34,-0.34,-0.14,1,0,-8.00
2010-03-18T01:00:00,-0.65,0.31,0.25,0.36,0.01,0.11,-0.28,-0.35,-0.11,1,0,-13.00
2010-03-18T02:00:00,-0.83,0.09,0.47,0.46,0.29,0.18,-0.3,-0.4,-0.15,0,0,-21.00
2010-03-18T03:00:00,-0.74,-0.14,0.58,0.36,0.58,-0.28,-0.08,-0.49,-0.16,0,0,-26.00
2010-03-18T04:00:00,-0.82,0.1,0.6,0.38,0.21,-0.37,-0.3,-0.49,-0.17,0,0,-26.00
2010-03-18T05:00:00,-0.73,0.17,0.68,0.42,-0.58,-0.62,-0.29,-0.48,-0.17,0,0,-15.00
2010-03-18T06:00:00,-1.04,0.01,0.45,0.47,0.15,0.01,-0.26,-0.5,-0.17,0,0,-9.00
2010-03-18T07:00:00,-1.04,0.35,0.36,0.57,-0.11,0.04,-0.11,-0.43,-0.16,0,0,-7.00
2010-03-18T08:00:00,-0.89,0.49,0.41,0.56,-0.22,-0.24,-0.2,-0.48,-0.17,0,0,-5.00
2010-03-18T09:00:00,-0.73,0.69,0.29,0.57,-0.45,-0.24,-0.2,-0.46,-0.16,0,0,-4.00
2010-03-18T10:00:00,-0.58,0.71,0.24,0.58,-0.58,-0.2,-0.2,-0.44,-0.15,0,0,-4.00
2010-03-18T11:00:00,-0.36,0.58,0.49,0.53,-0.28,-0.41,-0.08,-0.39,-0.13,0,0,-2.00
2010-03-18T12:00:00,-0.6,0.54,0.19,0.6,-0.16,-0.08,0.0,-0.32,-0.09,0,0,-1.00
2010-03-18T13:00:00,-0.56,0.41,0.22,0.65,-0.02,-0.12,-0.04,-0.38,-0.09,0,0,2.00
2010-03-18T14:00:00,-0.47,0.39,0.48,0.67,-0.01,-0.55,0.02,-0.35,-0.09,0,0,3.00
2010-03-18T15:00:00,-0.41,0.44,0.39,0.71,0.04,-0.29,-0.01,-0.35,-0.08,0,0,2.00
2010-03-18T16:00:00,-0.33,0.46,0.46,0.71,0.03,-0.48,0.0,-0.35,-0.08,0,0,2.00
2010-03-18T17:00:00,-0.12,0.49,0.39,0.65,0.18,-0.16,0.06,-0.32,-0.02,0,0,3.00
2010-03-18T18:00:00,-0.43,0.37,-0.16,0.74,0.17,0.43,0.16,-0.28,0.03,0,0,4.00
2010-03-18T19:00:00,0.08,0.25,0.22,0.62,0.31,-0.06,0.15,-0.27,0.67,0,0,6.00
2010-03-18T20:00:00,-0.29,0.25,-0.24,0.79,0.44,0.49,0.11,-0.27,0.1,0,0,2.00
2010-03-18T21:00:00,-0.21,0.31,0.53,0.85,0.15,-0.36,-0.03,-0.33,-0.05,0,0,-1.00
2010-03-18T22:00:00,-0.11,0.4,0.51,0.85,0.03,-0.41,0.02,-0.28,-0.03,0,0,1.00
2010-03-18T23:00:00,0.03,0.56,0.34,0.83,-0.15,-0.35,-0.07,-0.3,-0.04,0,0,-1.00
2010-03-19T00:00:00,-0.21,0.37,0.33,0.93,0.14,-0.08,-0.0,-0.22,0.12,0,0,0.00
2010-03-19T01:00:00,-0.14,0.47,0.51,0.88,-0.11,-0.14,-0.08,-0.27,-0.06,0,0,-2.00
2010-03-19T02:00:00,-0.03,0.54,0.53,0.85,-0.2,-0.27,-0.1,-0.26,-0.07,0,0,-5.00
2010-03-19T03:00:00,0.23,0.55,0.44,0.78,-0.19,-0.12,-0.14,-0.28,-0.08,0,0,-6.00
2010-03-19T04:00:00,0.33,0.57,0.37,0.72,-0.22,-0.12,-0.11,-0.28,-0.07,0,0,-5.00
2010-03-19T05:00:00,0.31,0.6,0.03,0.77,-0.37,0.11,-0.17,-0.32,-0.07,0,0,-4.00
2010-03-19T06:00:00,0.39,0.12,-0.11,0.73,0.24,0.45,-0.09,-0.08,0.33,0,0,0.00
2010-03-19T07:00:00,-0.33,0.37,0.15,0.96,0.21,-0.04,-0.2,-0.19,0.1,0,0,0.00
2010-03-19T08:00:00,-0.61,0.19,0.32,1.06,0.35,-0.25,-0.19,-0.2,-0.04,0,0,-3.00
2010-03-19T09:00:00,-0.58,0.31,0.24,1.06,0.24,-0.14,-0.21,-0.22,-0.05,0,0,-8.00
2010-03-19T10:00:00,-0.43,0.42,0.38,0.96,0.14,-0.3,-0.24,-0.31,-0.09,0,0,-9.00
2010-03-19T11:00:00,-0.34,0.41,0.5,0.93,0.12,-0.43,-0.15,-0.35,-0.1,0,0,-6.00
2010-03-19T12:00:00,-0.17,0.77,0.28,0.92,-0.16,-0.1,-0.2,-0.35,-0.12,0,0,-3.00
2010-03-19T13:00:00,0.09,0.62,-0.16,0.9,-0.34,0.22,-0.2,-0.35,-0.09,0,0,1.00
2010-03-19T14:00:00,-0.56,0.56,0.28,1.14,-0.55,-0.59,-0.29,-0.43,-0.15,0,0,3.00
2010-03-19T15:00:00,-0.51,0.43,-0.08,1.08,-0.28,-0.01,-0.1,-0.36,-0.08,0,0,2.00
2010-03-19T16:00:00,-0.3,-0.06,-0.29,0.94,0.18,0.1,-0.11,-0.43,-0.04,0,0,-3.00
2010-03-19T17:00:00,0.05,-0.1,-0.44,0.87,0.19,0.24,-0.06,-0.41,-0.07,0,0,-3.00
2010-03-19T18:00:00,-0.57,-0.05,-0.18,1.04,0.19,0.12,0.09,-0.3,0.0,0,0,-1.00
2010-03-19T19:00:00,-0.37,0.5,0.15,0.97,-0.33,-0.29,0.05,-0.34,-0.03,0,0,0.00
2010-03-19T20:00:00,-0.49,0.4,-0.04,0.94,-0.24,0.1,0.11,-0.4,-0.06,0,0,-3.00
2010-03-19T21:00:00,-0.25,0.41,0.3,0.89,-0.15,-0.49,0.14,-0.45,-0.05,0,0,-4.00
2010-03-19T22:00:00,-0.35,0.57,-0.08,0.9,-0.29,-0.09,0.25,-0.44,-0.09,0,0,-3.00
2010-03-19T23:00:00,-0.29,0.56,0.12,0.89,-0.34,-0.31,0.35,-0.42,-0.04,0,0,-3.00
2010-03-20T00:00:00,-0.27,0.53,0.01,0.86,-0.28,-0.22,0.33,-0.38,0.0,0,0,-3.00
2010-03-20T01:00:00,-0.17,0.18,0.28,0.73,0.28,-0.13,0.37,-0.27,0.62,0,0,-5.00
2010-03-20T02:00:00,0.25,-0.57,-0.17,0.72,0.35,0.03,0.32,-0.35,-0.01,0,0,-5.00
2010-03-20T03:00:00,0.09,-0.43,-0.03,0.71,0.34,0.07,0.36,-0.28,0.36,0,0,-6.00
2010-03-20T04:00:00,0.24,-0.14,-0.25,0.63,0.26,0.47,0.45,-0.24,0.37,0,0,-7.00
2010-03-20T05:00:00,0.23,0.08,-0.29,0.6,0.26,0.43,0.46,-0.25,0.32,0,0,-9.00
2010-03-20T06:00:00,-0.0,0.55,-0.39,0.62,0.1,0.41,0.32,-0.32,-0.05,0,0,-7.00
2010-03-20T07:00:00,-0.2,0.8,0.55,0.69,-0.18,-0.37,0.23,-0.35,-0.12,0,0,-6.00
2010-03-20T08:00:00,-0.03,-0.06,0.74,0.64,0.43,-0.33,0.21,-0.28,-0.05,0,0,-8.00
2010-03-20T09:00:00,0.01,-0.11,0.67,0.63,0.51,-0.37,0.15,-0.25,-0.01,0,0,-11.00
2010-03-20T10:00:00,0.16,0.47,0.16,0.61,0.08,-0.01,0.07,-0.23,0.15,0,0,-9.00
2010-03-20T11:00:00,-0.15,0.02,0.12,0.62,0.29,0.29,-0.01,-0.17,3.13,0,0,-8.00
2010-03-20T12:00:00,-0.33,0.03,-0.21,0.63,0.4,0.34,-0.08,-0.17,0.23,0,0,-6.00
2010-03-20T13:00:00,-0.12,-0.0,-0.07,0.59,0.25,0.13,-0.1,-0.18,1.83,0,0,-8.00
2010-03-20T14:00:00,-0.08,0.09,-0.18,0.56,0.24,0.18,-0.2,-0.23,0.49,0,0,-9.00
2010-03-20T15:00:00,-0.48,0.02,0.14,0.62,0.14,0.14,-0.18,-0.21,0.12,0,0,-9.00
2010-03-20T16:00:00,-0.55,0.13,-0.03,0.65,0.03,0.27,-0.26,-0.35,-0.05,0,0,-7.00
2010-03-20T17:00:00,-0.51,0.1,0.25,0.65,0.04,-0.03,-0.32,-0.37,-0.07,0,0,-6.00
2010-03-20T18:00:00,-0.37,-0.0,0.4,0.62,0.14,-0.01,-0.32,-0.35,-0.04,0,0,-8.00
2010-03-20T19:00:00,-0.27,0.16,0.32,0.6,-0.09,0.09,-0.33,-0.3,0.05,0,0,-15.00
2010-03-20T20:00:00,0.03,0.47,0.34,0.59,-0.28,0.04,-0.4,-0.36,-0.09,0,0,-15.00
2010-03-20T21:00:00,-0.28,0.17,0.37,0.69,-0.14,0.1,-0.38,-0.32,-0.02,0,0,-12.00
2010-03-20T22:00:00,-0.13,0.39,0.22,0.64,-0.15,0.18,-0.38,-0.34,-0.01,0,0,-8.00
2010-03-20T23:00:00,-0.16,0.46,0.15,0.68,-0.36,0.32,-0.41,-0.39,-0.07,0,0,-6.00
2010-03-21T00:00:00,-0.09,0.41,0.29,0.67,-0.41,-0.01,-0.42,-0.45,-0.1,0,0,-6.00
2010-03-21T01:00:00,-0.32,0.1,0.33,0.73,0.02,-0.12,-0.37,-0.42,-0.05,0,0,-7.00
2010-03-21T02:00:00,-0.32,0.39,0.08,0.74,-0.39,0.4,-0.42,-0.41,-0.09,0,0,-8.00
2010-03-21T03:00:00,-0.39,0.27,0.22,0.79,-0.28,0.02,-0.39,-0.36,-0.06,0,0,-9.00
2010-03-21T04:00:00,-0.34,0.32,-0.0,0.79,-0.37,0.11,-0.36,-0.37,-0.04,0,0,-9.00
2010-03-21T05:00:00,-0.43,0.2,0.19,0.86,-0.29,0.04,-0.38,-0.34,-0.03,0,0,-8.00
2010-03-21T06:00:00,-0.16,0.3,0.1,0.83,-0.3,0.02,-0.42,-0.36,0.06,0,0,-7.00
2010-03-21T07:00:00,0.14,0.39,0.07,0.85,-0.4,0.03,-0.48,-0.46,-0.09,0,0,-6.00
2010-03-21T08:00:00,-0.4,0.11,0.1,0.97,-0.72,0.16,-0.37,-0.33,0.04,0,0,-5.00
2010-03-21T09:00:00,-0.45,0.12,0.06,1.0,-0.71,-0.06,-0.4,-0.34,-0.01,0,0,-5.00
2010-03-21T10:00:00,-0.48,0.08,0.1,0.98,-0.76,0.21,-0.4,-0.22,0.04,0,0,-7.00
2010-03-21T11:00:00,-0.47,0.06,0.09,0.94,-0.55,0.33,-0.36,-0.17,0.09,0,0,-7.00
2010-03-21T12:00:00,-0.48,0.12,0.15,0.86,-0.15,0.21,0.14,-0.35,0.08,0,0,-6.00
2010-03-21T13:00:00,-0.53,0.09,0.12,0.86,-0.26,0.0,-0.46,-0.55,-0.16,0,0,-6.00
2010-03-21T14:00:00,-0.51,0.14,0.11,0.92,-0.29,-0.02,-0.39,-0.53,-0.14,0,0,-5.00
2010-03-21T15:00:00,-0.54,0.18,0.08,0.97,-0.35,-0.04,-0.36,-0.55,-0.15,0,0,-4.00
