2010-06-09T09:00:00,0.07,0.56,0.08,1.34,-0.57,-0.73,1.12,-0.48,0.02,0,0,0.00
2010-06-09T10:00:00,0.32,0.17,0.58,1.31,-0.4,-0.9,1.04,-0.48,-0.05,0,0,2.00
2010-06-09T11:00:00,0.27,0.0,0.51,1.31,-0.32,-0.86,1.13,-0.46,0.05,0,0,3.00
2010-06-09T12:00:00,0.5,-0.22,0.39,1.29,-0.26,-0.7,1.27,-0.47,0.01,0,0,2.00
2010-06-09T13:00:00,-0.28,0.33,0.12,1.37,-0.7,-0.5,1.88,-0.5,0.25,0,0,4.00
2010-06-09T14:00:00,-0.28,0.37,0.4,1.45,-0.63,-0.67,1.79,-0.53,-0.03,0,0,5.00
2010-06-09T15:00:00,-0.31,0.05,0.03,1.48,-0.03,0.04,1.29,-0.5,0.49,0,0,6.00
2010-06-09T16:00:00,-0.66,0.01,0.07,1.57,-0.03,-0.05,1.03,-0.52,-0.07,0,0,8.00
2010-06-09T17:00:00,-0.72,-0.03,0.07,1.62,-0.13,-0.26,0.93,-0.54,-0.11,0,0,6.00
2010-06-09T18:00:00,-0.58,0.07,-0.0,1.56,-0.26,-0.35,1.36,-0.42,0.12,1,0,2.00
2010-06-09T19:00:00,-0.37,0.33,0.06,1.48,-0.28,-0.53,1.32,-0.44,0.17,1,0,2.00
2010-06-09T20:00:00,-0.45,0.42,0.29,1.45,-0.21,-0.99,1.15,-0.5,-0.05,1,0,1.00
2010-06-09T21:00:00,-0.01,-0.44,0.26,1.39,-0.01,-0.77,0.98,-0.54,-0.0,1,0,4.00
2010-06-09T22:00:00,-0.22,-0.3,0.47,1.34,-0.03,-0.78,1.15,-0.46,0.04,1,0,5.00
2010-06-09T23:00:00,-0.46,0.67,0.18,1.28,-0.25,-1.01,1.71,-0.39,0.01,1,0,5.00
2010-06-10T00:00:00,-0.22,1.28,-0.11,1.04,-0.27,-0.41,1.49,-0.41,-0.12,1,0,5.00
2010-06-10T01:00:00,-0.53,0.57,0.98,1.06,0.09,-1.57,1.8,-0.34,-0.09,1,0,7.00
2010-06-10T02:00:00,-0.36,0.42,0.64,1.01,0.21,-1.22,1.51,-0.33,0.02,1,0,6.00
2010-06-10T03:00:00,0.24,-0.7,-0.45,0.83,0.79,-0.21,0.7,-0.19,-0.01,1,0,4.00
2010-06-10T04:00:00,-0.3,-0.73,0.27,0.78,1.26,0.04,1.01,0.03,0.24,1,0,4.00
2010-06-10T05:00:00,-0.41,0.76,0.63,0.72,0.91,-0.01,0.03,-0.05,-0.09,1,0,1.00
2010-06-10T06:00:00,-0.39,0.75,0.48,0.64,0.84,-0.09,0.2,0.0,-0.03,1,0,-3.00
2010-06-10T07:00:00,-0.06,0.64,-0.07,0.4,0.26,0.2,0.12,-0.1,0.09,1,0,-6.00
2010-06-10T08:00:00,-0.4,-0.61,-0.07,0.38,0.69,0.11,0.03,-0.14,0.01,1,0,-4.00
2010-06-10T09:00:00,-0.42,-0.48,-0.19,0.33,0.7,0.33,-0.02,-0.17,0.01,1,0,-4.00
2010-06-10T10:00:00,-0.27,-0.07,-0.04,0.27,0.65,0.12,-0.11,-0.07,0.97,0,0,-8.00
2010-06-10T11:00:00,-0.25,0.44,0.36,0.25,0.17,-0.29,-0.22,-0.13,0.02,0,0,-9.00
2010-06-10T12:00:00,-0.19,0.55,0.44,0.21,0.14,-0.5,-0.27,-0.18,-0.06,0,0,-9.00
2010-06-10T13:00:00,0.09,0.76,0.45,0.13,0.12,-0.45,-0.3,-0.33,-0.14,0,0,-9.00
2010-06-10T14:00:00,-0.1,0.74,0.19,0.22,0.09,-0.24,-0.27,-0.26,-0.09,0,0,-7.00
2010-06-10T15:00:00,0.08,0.52,0.57,0.15,0.24,-0.71,-0.38,-0.32,-0.13,0,0,-3.00
2010-06-10T16:00:00,0.08,0.66,0.29,0.13,0.1,-0.33,-0.39,-0.26,-0.1,0,0,-4.00
2010-06-10T17:00:00,-0.04,0.54,0.4,0.12,-0.05,-0.32,-0.36,-0.26,-0.08,0,0,-4.00
2010-06-10T18:00:00,-0.59,0.15,0.51,0.32,0.34,-0.33,-0.28,-0.26,-0.1,0,0,-4.00
2010-06-10T19:00:00,-0.58,-0.14,0.42,0.33,0.68,-0.23,-0.27,-0.2,-0.06,0,0,-4.00
2010-06-10T20:00:00,-0.73,0.11,0.32,0.39,0.52,-0.11,-0.3,-0.14,-0.07,0,0,-4.00
2010-06-10T21:00:00,-0.56,-0.43,-0.13,0.37,0.98,0.52,-0.24,-0.22,-0.07,0,0,-4.00
2010-06-10T22:00:00,-0.51,-0.44,-0.18,0.42,1.06,0.53,-0.28,-0.18,-0.06,0,0,-8.00
2010-06-10T23:00:00,-0.6,-0.26,-0.15,0.47,0.78,0.3,-0.24,-0.11,-0.02,0,0,-8.00
2010-06-11T00:00:00,-0.72,-0.22,-0.02,0.59,0.71,0.28,-0.36,-0.32,-0.11,0,0,-8.00
2010-06-11T01:00:00,-0.69,-0.14,0.01,0.5,0.66,0.18,-0.39,-0.16,-0.06,0,0,-10.00
2010-06-11T02:00:00,-0.58,0.03,0.28,0.41,0.28,-0.02,-0.36,-0.01,0.03,0,0,-13.00
2010-06-11T03:00:00,-0.14,-0.22,-0.04,0.3,0.47,0.15,-0.36,-0.18,0.59,0,0,-15.00
2010-06-11T04:00:00,0.01,0.13,-0.02,0.34,0.22,-0.05,-0.39,-0.21,1.61,0,0,-13.00
2010-06-11T05:00:00,-0.17,-0.01,0.05,0.47,0.33,-0.04,-0.37,-0.25,1.42,0,0,-12.00
2010-06-11T06:00:00,0.44,0.37,0.3,0.43,-0.24,-0.26,-0.4,-0.35,-0.1,0,0,-9.00
2010-06-11T07:00:00,0.41,0.5,0.05,0.43,-0.29,-0.08,-0.4,-0.36,-0.11,0,0,-9.00
2010-06-11T08:00:00,0.36,0.49,-0.02,0.47,-0.22,-0.02,-0.41,-0.36,-0.1,0,0,-8.00
2010-06-11T09:00:00,0.47,0.54,0.07,0.47,-0.21,-0.22,-0.49,-0.46,-0.15,0,0,-7.00
2010-06-11T10:00:00,0.52,0.51,0.06,0.48,-0.14,-0.12,-0.51,-0.46,-0.16,0,0,-6.00
2010-06-11T11:00:00,0.33,0.54,-0.19,0.55,-0.02,0.1,-0.47,-0.43,-0.15,0,0,-8.00
2010-06-11T12:00:00,0.48,0.19,-0.47,0.49,0.15,0.37,-0.46,-0.44,-0.16,0,0,-8.00
2010-06-11T13:00:00,0.15,0.06,-0.41,0.65,0.23,-0.02,-0.38,-0.35,-0.08,0,0,-5.00
2010-06-11T14:00:00,0.14,0.39,0.04,0.71,0.09,-0.37,-0.36,-0.27,0.08,0,0,-6.00
2010-06-11T15:00:00,-0.12,0.5,0.27,0.75,0.02,-0.42,-0.38,-0.27,-0.05,0,0,-7.00
2010-06-11T16:00:00,-0.33,0.12,0.22,0.81,0.18,-0.21,-0.41,-0.22,0.13,0,0,-10.00
2010-06-11T17:00:00,-0.5,-0.17,0.23,0.83,0.21,-0.21,-0.45,-0.28,-0.06,0,0,-8.00
2010-06-11T18:00:00,-0.52,-0.13,0.19,0.88,0.2,-0.09,-0.42,-0.23,-0.02,0,0,-5.00
2010-06-11T19:00:00,-0.51,-0.03,-0.06,0.87,0.17,-0.09,-0.43,-0.28,-0.03,0,0,-5.00
2010-06-11T20:00:00,-0.37,0.19,-0.13,0.9,0.19,0.01,-0.46,-0.33,-0.04,0,0,-8.00
2010-06-11T21:00:00,-0.21,0.33,0.19,0.94,0.01,-0.33,-0.47,-0.41,-0.05,0,0,-12.00
2010-06-11T22:00:00,-0.25,0.34,0.12,0.97,0.01,-0.34,-0.47,-0.39,-0.05,0,0,-14.00
2010-06-11T23:00:00,-0.24,0.24,0.27,0.99,-0.02,-0.46,-0.51,-0.4,-0.05,0,0,-14.00
2010-06-12T00:00:00,-0.29,0.31,0.12,1.04,-0.22,-0.31,-0.48,-0.35,-0.03,0,0,-13.00
2010-06-12T01:00:00,-0.28,0.23,0.12,1.06,-0.16,-0.38,-0.51,-0.34,0.02,0,0,-12.00
2010-06-12T02:00:00,-0.3,0.22,0.03,1.08,-0.26,-0.14,-0.51,-0.35,0.01,0,0,-10.00
2010-06-12T03:00:00,-0.42,0.09,0.01,1.13,-0.1,-0.06,-0.47,-0.35,-0.02,0,0,-10.00
2010-06-12T04:00:00,-0.21,0.25,0.08,1.08,-0.34,-0.04,-0.5,-0.42,0.01,0,0,-10.00
2010-06-12T05:00:00,-0.32,0.27,0.14,1.16,-0.5,-0.19,-0.5,-0.4,-0.06,0,0,-11.00
2010-06-12T06:00:00,-0.36,0.25,0.09,1.18,-0.27,-0.18,-0.47,-0.41,-0.06,0,0,-10.00
2010-06-12T07:00:00,-0.41,0.2,0.03,1.2,-0.33,-0.2,-0.48,-0.41,-0.07,0,0,-9.00
2010-06-12T08:00:00,-0.26,0.26,0.02,1.17,-0.42,-0.07,-0.48,-0.42,-0.03,0,0,-8.00
2010-06-12T09:00:00,-0.18,0.29,0.07,1.16,-0.5,-0.12,-0.46,-0.46,-0.03,0,0,-9.00
2010-06-12T10:00:00,-0.22,0.34,0.18,1.2,-0.55,-0.29,-0.39,-0.47,-0.08,0,0,-7.00
2010-06-12T11:00:00,-0.22,0.37,0.08,1.22,-0.63,-0.21,-0.36,-0.47,-0.07,0,0,-6.00
2010-06-12T12:00:00,-0.24,0.35,-0.01,1.24,-0.67,-0.08,-0.36,-0.47,-0.08,0,0,-5.00
2010-06-12T13:00:00,-0.22,0.35,-0.06,1.24,-0.59,-0.24,-0.36,-0.49,-0.09,0,0,-5.00
2010-06-12T14:00:00,-0.03,0.24,-0.0,1.26,-0.7,-0.32,-0.3,-0.46,0.18,0,0,-7.00
2010-06-12T15:00:00,-0.18,0.29,0.02,1.28,-0.78,-0.33,-0.25,-0.48,-0.01,0,0,-8.00
2010-06-12T16:00:00,-0.24,0.32,0.08,1.33,-0.9,-0.49,-0.2,-0.48,-0.04,0,0,-7.00
2010-06-12T17:00:00,0.22,0.23,-0.02,1.3,-0.72,-0.67,-0.07,-0.52,0.01,0,0,-3.00
2010-06-12T18:00:00,-0.23,0.21,0.12,1.28,-0.83,-1.03,0.41,-0.47,0.28,0,0,-2.00
2010-06-12T19:00:00,-0.37,0.24,0.15,1.27,-0.93,-1.14,0.56,-0.48,0.07,1,0,-1.00
2010-06-12T20:00:00,-0.18,0.36,0.28,1.26,-0.98,-1.23,0.68,-0.51,0.0,1,0,-1.00
2010-06-12T21:00:00,-0.14,0.44,0.08,1.29,-0.96,-1.09,0.69,-0.51,0.0,1,0,0.00
2010-06-12T22:00:00,-0.5,0.31,0.33,1.32,-1.12,-1.31,0.66,-0.51,-0.09,1,0,-1.00
2010-06-12T23:00:00,-0.61,-0.07,0.52,1.28,-0.83,-1.3,0.68,-0.55,-0.14,1,0,-3.00
2010-06-13T00:00:00,-0.58,-0.33,0.6,1.26,-0.69,-1.24,0.77,-0.56,-0.15,1,0,-3.00
2010-06-13T01:00:00,-0.54,0.39,0.29,1.31,-1.0,-1.02,1.08,-0.54,-0.11,1,0,-2.00
2010-06-13T02:00:00,-0.41,0.21,0.29,1.28,-0.92,-0.94,1.43,-0.56,-0.04,1,0,2.00
2010-06-13T03:00:00,0.54,-0.88,0.13,1.07,-0.42,-0.76,0.66,-0.5,-0.14,1,0,7.00
2010-06-13T04:00:00,0.67,-0.86,0.11,0.91,-0.43,-0.48,0.38,-0.43,-0.14,1,0,11.00
2010-06-13T05:00:00,0.78,-0.63,0.02,0.81,0.07,-0.59,0.35,-0.3,-0.09,1,0,10.00
2010-06-13T06:00:00,0.52,-0.16,-0.28,0.67,0.28,-0.66,0.45,-0.22,0.1,1,0,9.00
2010-06-13T07:00:00,0.6,-0.32,-0.37,0.61,0.3,-0.39,0.2,-0.21,-0.03,1,0,7.00
2010-06-13T08:00:00,-0.29,-0.02,0.67,0.4,1.13,-0.7,0.05,-0.17,-0.01,1,0,4.00
2010-06-13T09:00:00,-0.05,-0.62,0.66,0.42,0.97,-0.58,0.07,-0.16,-0.07,1,0,-1.00
2010-06-13T10:00:00,0.21,-0.77,0.19,0.48,0.71,-0.8,0.02,-0.11,-0.01,1,0,-1.00
2010-06-13T11:00:00,0.29,-0.57,0.06,0.46,0.87,-0.87,0.01,-0.15,0.09,1,0,2.00
2010-06-13T12:00:00,0.5,-0.38,0.28,0.48,1.11,-0.6,0.02,-0.06,0.1,1,0,4.00
2010-06-13T13:00:00,0.51,-0.54,0.04,0.52,1.13,-0.57,-0.07,-0.07,0.02,1,0,5.00
2010-06-13T14:00:00,0.54,-0.64,0.05,0.59,1.03,-0.27,-0.1,-0.12,-0.04,1,0,6.00
2010-06-13T15:00:00,0.45,-0.62,-0.06,0.62,1.09,-0.39,-0.12,-0.11,-0.02,1,0,8.00
2010-06-13T16:00:00,0.06,-0.71,-0.17,0.56,0.96,-0.41,-0.18,-0.18,-0.05,1,0,6.00
2010-06-13T17:00:00,0.16,-0.73,0.04,0.62,0.86,0.07,-0.16,-0.2,-0.05,1,0,4.00
2010-06-13T18:00:00,0.37,-0.23,-0.09,0.7,1.13,-0.04,-0.13,-0.12,0.27,1,0,2.00
2010-06-13T19:00:00,0.59,0.01,-0.1,0.73,1.25,0.11,-0.15,-0.13,0.05,1,0,0.00
2010-06-13T20:00:00,0.5,-0.24,-0.09,0.71,1.08,0.16,-0.14,-0.16,0.08,1,0,-6.00
2010-06-13T21:00:00,0.3,-0.31,-0.17,0.68,0.98,0.35,-0.24,-0.2,0.1,1,0,-9.00
2010-06-13T22:00:00,0.27,-0.34,-0.03,0.63,0.76,0.67,-0.31,-0.19,0.17,1,0,-12.00
2010-06-13T23:00:00,0.09,-0.45,-0.01,0.68,0.59,0.55,-0.33,-0.25,0.08,1,0,-12.00
2010-06-14T00:00:00,0.19,-0.31,-0.07,0.74,0.44,0.44,-0.3,-0.28,0.17,1,0,-12.00
2010-06-14T01:00:00,0.4,-0.1,-0.29,0.83,0.68,0.22,-0.32,-0.32,-0.05,0,0,-11.00
2010-06-14T02:00:00,0.3,-0.45,-0.24,0.86,0.46,0.16,-0.3,-0.39,-0.1,0,0,-9.00
2010-06-14T03:00:00,0.24,-0.47,-0.26,0.88,0.4,0.03,-0.29,-0.43,-0.11,0,0,-8.00
2010-06-14T04:00:00,0.28,0.08,-0.37,0.91,0.4,-0.25,-0.16,-0.46,-0.1,0,0,-13.00
2010-06-14T05:00:00,0.37,-0.19,-0.37,0.94,0.06,-0.27,-0.18,-0.45,-0.11,0,0,-14.00
2010-06-14T06:00:00,0.35,-0.28,-0.21,0.96,-0.05,-0.1,-0.13,-0.4,-0.04,0,0,-12.00
2010-06-14T07:00:00,0.38,-0.16,-0.18,1.0,-0.02,-0.09,-0.15,-0.39,-0.01,0,0,-11.00
2010-06-14T08:00:00,0.26,-0.42,-0.1,0.98,-0.19,-0.05,-0.2,-0.44,-0.06,0,0,-11.00
2010-06-14T09:00:00,0.02,-0.42,0.13,0.97,-0.15,0.02,-0.19,-0.44,0.01,0,0,-12.00
2010-06-14T10:00:00,0.32,-0.35,0.13,1.01,-0.13,-0.16,-0.12,-0.41,0.01,0,0,-12.00
2010-06-14T11:00:00,0.42,-0.24,0.29,1.03,-0.14,-0.01,-0.05,-0.42,-0.04,0,0,-9.00
2010-06-14T12:00:00,0.38,-0.11,0.39,1.02,-0.16,-0.01,-0.04,-0.41,-0.03,0,0,-7.00
2010-06-14T13:00:00,0.5,0.09,0.11,1.03,-0.1,-0.02,-0.02,-0.36,0.04,0,0,-5.00
2010-06-14T14:00:00,0.48,0.12,0.25,1.06,-0.19,0.16,0.02,-0.33,0.05,0,0,-4.00
2010-06-14T15:00:00,0.48,0.04,0.41,1.08,-0.3,0.25,0.01,-0.39,-0.05,0,0,-1.00
2010-06-14T16:00:00,0.29,-0.25,-0.11,1.1,-0.55,-0.17,0.03,-0.44,0.06,0,0,1.00
2010-06-14T17:00:00,0.14,-0.18,0.06,1.09,-0.57,-0.19,-0.03,-0.47,0.62,0,0,4.00
2010-06-14T18:00:00,0.07,-0.19,0.4,1.06,-0.55,-0.08,0.0,-0.46,0.01,0,0,1.00
2010-06-14T19:00:00,0.2,-0.4,0.22,1.04,-0.57,-0.28,0.13,-0.46,0.01,0,0,-4.00
2010-06-14T20:00:00,0.19,-0.35,-0.07,1.03,-0.48,-0.54,0.18,-0.46,0.07,0,0,-5.00
2010-06-14T21:00:00,0.19,-0.43,-0.17,1.03,-0.57,-0.38,0.22,-0.47,-0.03,0,0,-3.00
2010-06-14T22:00:00,0.02,-0.41,0.07,1.01,-0.6,-0.3,0.23,-0.45,0.13,0,0,-2.00
2010-06-14T23:00:00,0.16,-0.48,0.04,1.02,-0.63,-0.26,0.37,-0.45,0.04,0,0,-4.00
2010-06-15T00:00:00,0.14,-0.42,0.0,1.02,-0.64,-0.22,0.44,-0.45,0.12,0,0,-6.00
2010-06-15T01:00:00,0.53,-0.27,0.07,1.06,-0.74,-0.26,0.62,-0.41,0.05,0,0,-1.00
2010-06-15T02:00:00,0.47,-0.28,-0.1,1.02,-0.74,-0.42,1.21,-0.42,0.13,0,0,-1.00
2010-06-15T03:00:00,0.53,-0.55,0.39,0.91,-1.03,-0.15,1.74,-0.4,0.01,0,0,-3.00
2010-06-15T04:00:00,0.3,-0.54,-0.02,0.93,-1.11,0.07,1.94,-0.45,0.12,1,0,-5.00
2010-06-15T05:00:00,0.79,-0.62,0.19,1.05,-1.44,0.36,2.3,-0.5,-0.09,1,0,1.00
2010-06-15T06:00:00,0.6,-0.59,0.07,1.02,-1.37,0.63,3.18,-0.51,-0.01,1,0,7.00
2010-06-15T07:00:00,-0.05,0.13,0.02,0.96,-1.15,0.83,4.48,-0.5,5.07,1,0,9.00
2010-06-15T08:00:00,-1.01,1.37,-0.09,0.89,-1.02,0.73,2.11,-0.45,-0.15,1,0,14.00
2010-06-15T09:00:00,-0.4,1.19,0.38,0.91,-0.88,0.91,1.98,-0.39,-0.1,1,0,17.00
2010-06-15T10:00:00,0.25,-0.41,-0.35,0.9,-0.61,1.28,1.78,-0.03,0.59,1,0,4.00
2010-06-15T11:00:00,-0.87,0.1,0.16,0.82,-0.68,0.3,1.83,0.3,0.54,1,0,3.00
2010-06-15T12:00:00,-1.08,1.17,0.21,0.73,-0.29,0.16,1.27,0.12,-0.05,1,0,4.00
2010-06-15T13:00:00,-1.0,1.59,0.04,0.62,-0.01,0.49,0.62,0.01,-0.13,1,0,7.00
2010-06-15T14:00:00,-0.6,0.97,-0.11,0.42,0.7,1.27,0.9,0.36,0.1,1,0,11.00
2010-06-15T15:00:00,-0.82,1.08,-0.0,0.39,0.47,0.9,0.77,0.36,0.01,1,0,11.00
2010-06-15T16:00:00,-0.41,0.57,0.53,0.17,0.3,0.58,0.7,0.48,0.3,1,0,12.00
2010-06-15T17:00:00,-0.97,0.76,0.21,-0.08,0.6,0.46,0.48,0.42,0.02,1,0,9.00
2010-06-15T18:00:00,0.24,-0.68,0.1,-0.3,1.23,-0.04,0.49,0.35,0.45,1,0,12.00
2010-06-15T19:00:00,0.36,-1.02,0.17,-0.27,1.25,-0.12,0.55,0.3,0.08,1,0,14.00
2010-06-15T20:00:00,-1.43,0.11,0.09,0.02,0.65,-0.21,0.46,0.24,-0.06,1,0,12.00
2010-06-15T21:00:00,-1.1,0.7,0.03,0.06,-0.17,0.07,0.37,0.36,-0.02,1,0,6.00
2010-06-15T22:00:00,-0.88,0.77,-0.35,-0.07,0.15,0.21,0.31,0.33,-0.03,1,0,-3.00
2010-06-15T23:00:00,-0.52,1.33,-0.15,-0.14,0.56,-0.33,0.09,0.27,-0.1,1,0,-6.00
2010-06-16T00:00:00,-0.61,0.32,-0.53,-0.13,0.55,-0.01,0.38,0.37,0.11,1,0,-10.00
2010-06-16T01:00:00,0.39,-1.0,-0.88,-0.42,1.73,0.36,0.11,0.24,-0.1,1,0,-16.00
2010-06-16T02:00:00,-0.78,0.7,0.05,-0.46,0.98,-0.4,0.11,0.58,0.07,1,0,-19.00
2010-06-16T03:00:00,-1.21,0.29,-0.04,-0.39,1.09,-0.25,0.09,0.29,-0.05,1,0,-28.00
2010-06-16T04:00:00,-1.09,0.29,-0.34,-0.39,0.87,-0.04,-0.0,0.26,-0.06,1,0,-36.00
2010-06-16T05:00:00,-0.86,0.18,-0.12,-0.51,0.71,-0.74,0.04,0.48,0.11,1,0,-23.00
2010-06-16T06:00:00,-0.57,0.9,-0.09,-0.59,-0.06,-0.8,0.01,0.45,0.0,1,0,-18.00
2010-06-16T07:00:00,-0.5,0.88,0.16,-0.59,-0.02,-1.02,0.02,0.42,0.02,1,0,-16.00
2010-06-16T08:00:00,-0.35,0.03,-0.53,-0.62,1.0,-0.15,0.02,0.46,0.19,1,0,-19.00
2010-06-16T09:00:00,-0.61,0.44,-0.45,-0.56,0.61,-0.06,-0.04,0.45,0.04,1,0,-14.00
2010-06-16T10:00:00,-0.77,0.6,-0.26,-0.46,0.45,-0.43,0.01,0.43,0.01,1,0,-16.00
2010-06-16T11:00:00,-0.55,1.02,0.07,-0.51,-0.09,-0.9,-0.03,0.28,-0.05,1,0,-24.00
2010-06-16T12:00:00,-0.52,0.83,0.25,-0.61,0.1,-1.38,0.01,0.42,0.03,1,0,-24.00
2010-06-16T13:00:00,-0.71,0.34,-0.46,-0.61,0.65,-0.3,-0.04,0.3,-0.0,1,0,-18.00
2010-06-16T14:00:00,-0.94,-0.08,-0.34,-0.5,1.34,-0.42,-0.04,0.31,-0.02,1,0,-15.00
2010-06-16T15:00:00,-0.54,0.63,0.58,-0.71,0.36,-2.12,-0.06,0.41,0.0,1,0,-14.00
2010-06-16T16:00:00,-0.96,0.43,0.12,-0.56,0.67,-1.07,-0.0,0.35,-0.0,1,0,-18.00
2010-06-16T17:00:00,-0.96,0.42,-0.23,-0.53,0.65,-0.52,-0.02,0.18,-0.05,1,0,-14.00
2010-06-16T18:00:00,-0.62,0.5,-0.33,-0.62,0.71,0.06,-0.16,0.38,0.02,1,0,-13.00
2010-06-16T19:00:00,-0.61,0.71,0.11,-0.65,0.36,-0.81,-0.23,0.28,-0.02,1,0,-14.00
2010-06-16T20:00:00,-0.28,0.97,0.24,-0.76,-0.03,-0.93,-0.29,0.28,-0.07,1,0,-23.00
2010-06-16T21:00:00,-0.11,0.83,0.6,-0.84,0.09,-1.42,-0.41,0.16,-0.1,1,0,-24.00
2010-06-16T22:00:00,-0.16,0.2,0.03,-0.82,1.02,-0.09,-0.37,0.19,1.23,1,0,-22.00
2010-06-16T23:00:00,-0.56,0.39,0.24,-0.49,0.48,-0.68,-0.5,0.02,-0.05,1,0,-21.00
2010-06-17T00:00:00,-0.55,0.64,0.33,-0.52,0.09,-0.68,-0.48,0.09,-0.1,0,0,-23.00
2010-06-17T01:00:00,-0.6,0.41,0.26,-0.47,0.66,-0.5,-0.45,0.15,-0.04,0,0,-29.00
2010-06-17T02:00:00,-0.59,0.26,0.42,-0.52,0.55,-1.35,-0.46,0.15,-0.04,0,0,-25.00
2010-06-17T03:00:00,-0.82,0.45,0.08,-0.33,-0.09,-0.45,-0.55,-0.22,-0.15,0,0,-23.00
2010-06-17T04:00:00,-0.75,0.06,-0.25,-0.48,0.81,0.24,-0.44,-0.06,-0.09,0,0,-24.00
2010-06-17T05:00:00,-0.75,0.02,-0.39,-0.46,1.01,0.93,-0.44,-0.04,-0.11,0,0,-20.00
2010-06-17T06:00:00,-0.68,0.05,-0.38,-0.5,0.89,0.72,-0.43,-0.05,-0.09,0,0,-20.00
2010-06-17T07:00:00,-0.76,0.18,-0.22,-0.4,0.44,0.36,-0.48,-0.18,-0.12,0,0,-22.00
2010-06-17T08:00:00,-0.69,0.14,-0.23,-0.44,0.39,0.55,-0.49,-0.15,-0.11,0,0,-23.00
2010-06-17T09:00:00,-0.45,0.42,0.21,-0.59,-0.16,-0.43,-0.45,-0.11,-0.04,0,0,-17.00
2010-06-17T10:00:00,-0.19,0.33,0.26,-0.62,-0.14,-0.28,-0.52,-0.21,0.02,0,0,-16.00
2010-06-17T11:00:00,-0.15,0.6,0.49,-0.55,-0.43,-0.48,-0.55,-0.26,-0.14,0,0,-16.00
2010-06-17T12:00:00,-0.3,0.62,0.34,-0.47,-0.44,-0.19,-0.52,-0.18,-0.11,0,0,-12.00
2010-06-17T13:00:00,-0.58,0.29,0.19,-0.35,0.23,-0.05,-0.43,-0.13,-0.06,0,0,-11.00
2010-06-17T14:00:00,-0.37,0.46,0.19,-0.46,-0.86,-0.34,-0.49,-0.1,-0.04,0,0,-11.00
2010-06-17T15:00:00,-0.71,0.1,0.21,-0.27,0.5,-0.1,-0.41,-0.09,-0.06,0,0,-13.00
2010-06-17T16:00:00,-0.67,0.0,0.27,-0.27,0.63,-0.12,-0.41,-0.06,-0.05,0,0,-14.00
2010-06-17T17:00:00,-0.69,0.36,0.16,-0.25,-0.19,0.02,-0.39,-0.05,-0.07,0,0,-13.00
2010-06-17T18:00:00,-0.6,0.23,-0.25,-0.26,-0.08,0.78,-0.4,-0.09,-0.07,0,0,-9.00
2010-06-17T19:00:00,-0.47,0.29,-0.33,-0.36,0.04,0.88,-0.37,-0.08,-0.05,0,0,-10.00
2010-06-17T20:00:00,-0.57,0.36,-0.1,-0.32,-0.12,0.64,-0.33,-0.08,-0.03,0,0,-16.00
2010-06-17T21:00:00,-0.18,0.63,-0.0,-0.38,-0.2,0.68,-0.36,-0.1,-0.03,0,0,-21.00
2010-06-17T22:00:00,0.35,0.4,0.5,-0.54,-0.23,-0.23,-0.31,-0.16,-0.06,0,0,-19.00
2010-06-17T23:00:00,-0.17,0.34,0.19,-0.36,-0.03,0.21,-0.35,-0.06,0.25,0,0,-19.00
2010-06-18T00:00:00,-0.51,0.15,0.26,-0.26,0.18,0.35,-0.33,-0.04,0.06,0,0,-18.00
2010-06-18T01:00:00,-0.57,0.19,0.01,-0.25,0.05,0.54,-0.3,-0.05,0.05,0,0,-16.00
2010-06-18T02:00:00,-0.27,0.28,0.22,-0.42,-0.02,-0.01,-0.4,-0.08,0.18,0,0,-13.00
2010-06-18T03:00:00,-0.26,0.31,0.35,-0.54,-0.0,-0.12,-0.38,-0.03,0.09,0,0,-12.00
2010-06-18T04:00:00,-0.44,0.27,0.03,-0.5,0.01,0.16,-0.34,-0.02,0.12,0,0,-9.00
2010-06-18T05:00:00,-0.56,0.17,-0.06,-0.46,0.21,0.42,-0.35,0.09,0.08,0,0,-7.00
2010-06-18T06:00:00,-0.1,0.48,0.46,-0.68,0.14,-0.51,-0.49,-0.19,-0.09,0,0,-9.00
2010-06-18T07:00:00,-0.18,0.39,0.39,-0.7,0.2,-0.26,-0.44,-0.14,-0.01,0,0,-9.00
2010-06-18T08:00:00,-0.28,0.48,0.27,-0.61,0.12,-0.06,-0.44,-0.07,-0.02,0,0,-6.00
2010-06-18T09:00:00,-0.25,0.4,0.21,-0.54,0.15,0.23,-0.44,-0.12,0.04,0,0,-5.00
2010-06-18T10:00:00,-0.15,0.47,0.18,-0.53,-0.01,0.19,-0.5,-0.17,-0.01,0,0,-6.00
2010-06-18T11:00:00,-0.31,0.31,0.22,-0.49,0.15,-0.12,-0.5,-0.13,0.04,0,0,-5.00
2010-06-18T12:00:00,-0.09,0.36,0.18,-0.57,-0.74,0.76,-0.53,-0.19,0.06,0,0,-5.00
2010-06-18T13:00:00,-0.31,0.32,0.09,-0.54,0.01,0.16,-0.51,-0.19,0.03,0,0,-5.00
2010-06-18T14:00:00,-0.25,0.33,-0.12,-0.47,-0.02,0.48,-0.52,-0.21,-0.01,0,0,-7.00
2010-06-18T15:00:00,-0.4,0.21,0.04,-0.35,0.02,0.2,-0.55,-0.2,0.01,0,0,-8.00
2010-06-18T16:00:00,-0.3,0.24,0.18,-0.32,-0.06,-0.11,-0.57,-0.25,0.01,0,0,-12.00
2010-06-18T17:00:00,-0.05,0.35,0.28,-0.39,-0.08,-0.5,-0.62,-0.29,-0.05,0,0,-13.00
2010-06-18T18:00:00,-0.21,0.32,0.23,-0.22,0.12,-0.54,-0.61,-0.26,-0.03,0,0,-9.00
2010-06-18T19:00:00,0.02,0.45,0.27,-0.23,-0.12,-0.46,-0.64,-0.31,-0.1,0,0,-8.00
2010-06-18T20:00:00,0.23,0.39,0.32,-0.26,-0.22,-0.57,-0.63,-0.36,-0.12,0,0,-11.00
2010-06-18T21:00:00,0.21,0.4,0.3,-0.22,-0.1,-0.4,-0.6,-0.38,-0.11,0,0,-9.00
2010-06-18T22:00:00,0.34,0.35,0.27,-0.19,-0.13,-0.27,-0.57,-0.4,-0.12,0,0,-7.00
2010-06-18T23:00:00,0.4,0.31,0.19,-0.12,-0.13,-0.07,-0.57,-0.42,-0.12,0,0,-7.00
2010-06-19T10:00:00,-0.01,0.31,-0.06,0.39,-0.32,-0.17,-0.5,-0.38,0.02,0,0,-5.00
2010-06-19T11:00:00,-0.05,0.34,-0.01,0.39,-0.3,-0.33,-0.51,-0.4,-0.01,0,0,-5.00
2010-06-19T12:00:00,0.27,0.31,-0.0,0.39,-0.2,-0.28,-0.48,-0.42,-0.06,0,0,-8.00
2010-06-19T13:00:00,0.29,0.27,0.04,0.41,-0.21,-0.49,-0.49,-0.42,-0.04,0,0,-9.00
2010-06-19T14:00:00,0.14,0.32,0.04,0.51,-0.29,-0.61,-0.49,-0.43,-0.02,0,0,-9.00
2010-06-19T15:00:00,-0.07,0.07,0.24,0.62,0.1,-0.91,-0.5,-0.41,0.29,0,0,-9.00
2010-06-19T16:00:00,-0.25,-0.14,0.27,0.66,0.27,-0.76,-0.4,-0.4,0.03,0,0,-9.00
2010-06-19T17:00:00,-0.4,0.18,0.15,0.7,0.04,-0.37,-0.2,-0.35,0.04,0,0,-9.00
2010-06-19T18:00:00,-0.52,0.16,0.0,0.75,-0.06,0.12,-0.2,-0.39,-0.05,0,0,-6.00
2010-06-19T19:00:00,-0.44,0.24,0.12,0.74,-0.29,-0.12,-0.23,-0.38,-0.03,0,0,-2.00
2010-06-19T20:00:00,-0.36,0.29,-0.01,0.77,-0.18,0.16,-0.26,-0.39,-0.03,0,0,0.00
2010-06-19T21:00:00,-0.26,0.32,0.17,0.83,-0.19,0.06,-0.3,-0.39,-0.0,0,0,1.00
2010-06-19T22:00:00,-0.29,0.36,0.2,0.79,-0.39,-0.21,-0.37,-0.43,-0.08,0,0,-2.00
2010-06-19T23:00:00,-0.28,0.33,0.06,0.82,-0.54,-0.06,-0.39,-0.45,-0.07,0,0,-5.00
2010-06-20T00:00:00,-0.38,0.3,0.01,0.91,-0.35,0.12,-0.39,-0.43,-0.08,0,0,-6.00
2010-06-20T01:00:00,-0.05,0.38,0.18,0.87,-0.42,-0.04,-0.39,-0.47,-0.07,0,0,-8.00
2010-06-20T02:00:00,0.45,0.17,0.2,0.65,-0.21,-0.16,-0.36,-0.49,-0.11,0,0,-9.00
2010-06-20T03:00:00,0.46,0.2,0.24,0.66,-0.25,-0.22,-0.34,-0.48,-0.11,0,0,-8.00
2010-06-20T04:00:00,0.3,0.26,0.26,0.76,-0.31,-0.24,-0.37,-0.49,-0.1,0,0,-3.00
2010-06-20T05:00:00,-0.44,0.14,0.07,0.99,-0.08,0.01,-0.3,-0.41,-0.04,0,0,0.00
2010-06-20T06:00:00,-0.23,0.21,-0.03,0.94,-0.31,-0.03,-0.35,-0.44,0.04,0,0,-1.00
2010-06-20T07:00:00,-0.16,0.31,0.12,0.97,-0.35,-0.18,-0.35,-0.45,-0.0,0,0,-2.00
2010-06-20T08:00:00,-0.08,0.36,0.17,0.97,-0.37,-0.17,-0.37,-0.51,-0.08,0,0,-3.00
2010-06-20T09:00:00,-0.23,0.31,0.1,0.94,-0.17,0.23,-0.15,-0.45,0.02,0,0,-2.00
2010-06-20T10:00:00,-0.03,0.35,0.12,0.93,-0.12,0.23,-0.09,-0.45,0.06,0,0,-2.00
2010-06-20T11:00:00,0.01,0.33,0.3,0.96,0.01,-0.11,-0.18,-0.47,-0.04,0,0,1.00
2010-06-20T12:00:00,-0.14,0.08,0.24,0.99,0.24,-0.06,-0.11,-0.43,0.35,0,0,2.00
2010-06-20T13:00:00,-0.35,-0.17,-0.08,1.02,0.43,0.21,-0.22,-0.43,0.0,0,0,2.00
2010-06-20T14:00:00,-0.49,-0.11,-0.09,1.03,0.18,0.18,-0.33,-0.44,-0.09,0,0,3.00
2010-06-20T15:00:00,-0.11,0.22,0.13,0.98,-0.17,-0.03,-0.37,-0.44,0.18,0,0,2.00
2010-06-20T16:00:00,0.2,0.42,0.18,0.94,-0.41,-0.14,-0.44,-0.5,-0.12,0,0,-4.00
2010-06-20T17:00:00,0.09,0.37,0.24,0.98,-0.44,-0.16,-0.41,-0.49,-0.1,0,0,-4.00
2010-06-20T18:00:00,-0.01,0.29,0.1,1.01,-0.38,-0.07,-0.42,-0.45,0.06,0,0,-3.00
2010-06-20T19:00:00,-0.32,0.36,-0.0,1.04,-0.5,0.06,-0.44,-0.45,-0.1,0,0,-3.00
2010-06-20T20:00:00,-0.38,0.5,-0.14,0.89,-0.59,0.21,-0.4,-0.43,-0.14,0,0,-5.00
2010-06-20T21:00:00,-0.43,0.6,-0.1,0.85,-0.75,0.06,-0.37,-0.44,-0.15,0,0,-5.00
2010-06-20T22:00:00,-0.38,0.55,0.08,0.93,-0.44,-0.06,-0.14,-0.42,-0.11,0,0,-3.00
2010-06-20T23:00:00,0.06,0.3,0.05,0.72,-0.38,-0.29,0.18,-0.42,0.33,0,0,-3.00
2010-06-21T00:00:00,-0.25,0.6,-0.01,0.8,-0.74,-0.15,0.03,-0.45,-0.1,0,0,-1.00
2010-06-21T01:00:00,-0.02,0.56,0.09,0.68,-0.64,-0.47,0.26,-0.46,-0.05,0,0,-1.00
2010-06-21T02:00:00,0.14,0.4,0.3,0.7,-0.82,-0.51,0.44,-0.42,0.06,0,0,-2.00
2010-06-21T03:00:00,0.19,0.41,0.39,0.71,-1.02,-0.5,0.51,-0.42,-0.0,0,0,0.00
2010-06-21T04:00:00,-0.26,0.74,-0.05,0.7,-1.04,-0.68,0.45,-0.47,-0.11,0,0,2.00
2010-06-21T05:00:00,-0.12,0.77,0.17,0.72,-1.28,-0.66,0.88,-0.53,-0.13,0,0,3.00
2010-06-21T06:00:00,0.37,-0.78,0.19,0.75,-0.96,-0.47,0.55,-0.51,-0.13,0,0,2.00
2010-06-21T07:00:00,0.67,-0.33,0.72,0.83,-1.09,-0.03,0.07,-0.57,-0.18,0,0,3.00
2010-06-21T08:00:00,0.81,-0.1,0.96,0.83,-0.64,0.03,-0.72,-0.55,-0.19,0,1,2.00
2010-06-21T09:00:00,0.77,0.44,0.93,0.84,-0.44,-0.17,-0.75,-0.57,-0.19,0,1,-3.00
2010-06-21T10:00:00,0.75,0.56,0.85,0.87,-0.46,-0.24,-0.7,-0.58,-0.19,0,1,-6.00
2010-06-21T11:00:00,0.71,0.67,0.78,0.92,-0.42,-0.13,-0.72,-0.58,-0.19,0,1,-7.00
2010-06-21T12:00:00,0.73,0.62,0.78,1.0,-0.29,-0.04,-0.65,-0.6,-0.19,0,1,-8.00
2010-06-21T13:00:00,0.61,0.79,0.69,0.95,-0.2,-0.28,-0.69,-0.59,-0.19,0,1,-9.00
2010-06-21T14:00:00,0.49,0.87,0.62,0.97,-0.15,-0.41,-0.64,-0.59,-0.19,0,1,-10.00
2010-06-21T15:00:00,0.46,0.82,0.62,0.98,-0.2,-0.47,-0.53,-0.59,-0.19,0,1,-11.00
2010-06-21T16:00:00,0.32,0.86,0.44,0.97,-0.13,-0.53,-0.37,-0.58,-0.18,0,1,-6.00
2010-06-21T17:00:00,0.26,0.78,0.46,0.98,-0.37,-0.54,-0.05,-0.59,-0.18,0,1,-3.00
2010-06-21T18:00:00,0.26,0.67,0.54,1.0,-0.25,-0.35,-0.17,-0.59,-0.18,0,1,0.00
2010-06-21T19:00:00,0.23,0.78,0.42,1.02,-0.31,-0.48,-0.15,-0.58,-0.18,0,1,6.00
2010-06-21T20:00:00,0.18,0.76,0.45,1.05,-0.19,-0.56,-0.15,-0.58,-0.18,0,1,6.00
2010-06-21T21:00:00,-0.03,0.81,0.44,1.08,-0.22,-0.43,-0.16,-0.58,-0.18,0,1,7.00
2010-06-21T22:00:00,-0.12,0.76,0.54,1.13,-0.08,-0.41,-0.19,-0.58,-0.18,0,1,5.00
2010-06-21T23:00:00,-0.03,0.72,0.61,1.12,0.07,-0.27,-0.38,-0.58,-0.18,0,1,3.00
2010-06-22T00:00:00,-0.27,0.72,0.44,1.19,-0.11,-0.39,0.12,-0.58,-0.17,0,1,-1.00
2010-06-22T01:00:00,-0.42,0.6,0.57,1.15,0.16,-0.31,0.11,-0.55,-0.17,0,1,0.00
2010-06-22T02:00:00,-0.49,0.72,0.59,1.16,-0.02,-0.46,0.19,-0.58,-0.18,0,1,5.00
2010-06-22T03:00:00,-0.5,0.71,0.51,1.21,-0.16,-0.57,0.99,-0.58,-0.17,0,1,5.00
2010-06-22T04:00:00,-0.53,0.85,0.44,1.22,-0.21,-0.49,0.67,-0.58,-0.18,0,1,5.00
2010-06-22T05:00:00,-0.64,0.84,0.23,1.25,-0.34,-0.45,0.56,-0.58,-0.17,0,1,8.00
2010-06-22T06:00:00,-0.7,0.73,-0.01,1.25,-0.38,-0.28,0.68,-0.57,-0.17,0,1,8.00
2010-06-22T07:00:00,-0.38,0.69,0.61,1.14,-0.19,-0.7,0.83,-0.55,-0.16,0,0,9.00
2010-06-22T08:00:00,-0.6,0.73,0.27,1.18,-0.2,-0.5,0.88,-0.53,-0.15,0,0,8.00
2010-06-22T09:00:00,-0.69,0.67,-0.04,1.17,-0.22,-0.22,0.99,-0.46,-0.11,0,0,9.00
2010-06-22T10:00:00,-0.95,0.24,0.29,1.26,-0.11,-0.25,0.62,-0.42,-0.12,0,0,10.00
2010-06-22T11:00:00,-0.97,0.45,-0.04,1.3,-0.05,-0.18,0.64,-0.42,-0.13,0,0,9.00
2010-06-22T12:00:00,-0.95,0.07,-0.05,1.39,0.01,-0.12,0.46,-0.44,-0.13,0,0,7.00
2010-06-22T13:00:00,-0.75,-0.18,0.05,1.37,-0.02,-0.23,0.55,-0.35,-0.03,0,0,4.00
2010-06-22T14:00:00,-0.27,0.03,-0.18,1.3,-0.19,-0.13,0.63,-0.38,0.36,0,0,-1.00
2010-06-22T15:00:00,0.12,0.31,-0.35,1.27,-0.31,0.12,0.6,-0.43,0.0,0,0,-4.00
2010-06-22T16:00:00,-0.23,0.06,-0.15,1.35,-0.18,0.43,1.01,-0.39,0.63,0,0,-5.00
2010-06-22T17:00:00,-0.45,-0.14,0.04,1.44,0.0,0.05,0.55,-0.39,0.19,0,0,-2.00
2010-06-22T18:00:00,-0.46,-0.47,0.02,1.41,0.06,0.07,0.26,-0.45,-0.07,0,0,-4.00
2010-06-22T19:00:00,-0.52,-0.57,0.04,1.44,0.05,0.04,0.07,-0.48,-0.13,0,0,-4.00
2010-06-22T20:00:00,-0.48,-0.49,-0.03,1.44,-0.23,-0.3,0.19,-0.48,-0.11,0,0,-4.00
2010-06-22T21:00:00,-0.51,-0.41,-0.05,1.43,-0.03,0.08,0.05,-0.45,-0.09,0,0,-6.00
2010-06-22T22:00:00,-0.1,-0.1,-0.35,1.41,-0.1,0.11,0.11,-0.45,-0.02,0,0,-9.00
2010-06-22T23:00:00,-0.56,-0.32,-0.08,1.45,-0.13,0.11,-0.06,-0.47,-0.11,0,0,-10.00
2010-06-23T00:00:00,-0.54,-0.3,-0.07,1.44,-0.09,0.07,-0.1,-0.47,-0.11,0,0,-9.00
2010-06-23T01:00:00,-0.49,-0.12,-0.03,1.49,-0.19,-0.08,-0.2,-0.48,-0.08,0,0,-8.00
2010-06-23T02:00:00,-0.43,-0.19,-0.1,1.5,-0.12,-0.03,-0.12,-0.45,-0.05,0,0,-11.00
2010-06-23T03:00:00,-0.5,-0.21,0.05,1.53,-0.12,-0.33,-0.11,-0.4,-0.03,0,0,-11.00
2010-06-23T04:00:00,-0.39,-0.11,-0.18,1.52,-0.21,0.06,-0.1,-0.43,-0.03,0,0,-12.00
2010-06-23T05:00:00,-0.52,0.06,0.05,1.56,-0.42,-0.31,-0.01,-0.33,0.05,0,0,-9.00
2010-06-23T06:00:00,-0.53,-0.05,0.03,1.57,-0.32,-0.19,-0.06,-0.38,-0.01,0,0,-8.00
2010-06-23T07:00:00,-0.37,-0.06,-0.15,1.57,-0.48,0.08,-0.05,-0.44,-0.0,0,0,-6.00
2010-06-23T08:00:00,-0.45,0.2,-0.03,1.6,-0.73,0.01,-0.08,-0.47,-0.07,0,0,-4.00
2010-06-23T09:00:00,-0.25,0.09,-0.27,1.6,-0.66,0.25,-0.08,-0.5,-0.07,0,0,-4.00
2010-06-23T10:00:00,-0.09,-0.05,-0.39,1.54,-0.52,0.38,-0.16,-0.56,-0.14,0,0,-5.00
2010-06-23T11:00:00,-0.2,0.13,-0.35,1.56,-0.64,0.29,-0.18,-0.57,-0.15,0,0,-3.00
2010-06-23T12:00:00,-0.31,0.24,-0.25,1.57,-0.64,0.18,-0.14,-0.56,-0.14,0,0,-1.00
2010-06-23T13:00:00,-0.16,0.15,-0.31,1.54,-0.62,0.2,-0.1,-0.56,-0.13,0,0,-2.00
2010-06-23T14:00:00,-0.05,0.1,-0.31,1.51,-0.56,0.09,-0.04,-0.55,-0.11,0,0,-2.00
2010-06-23T15:00:00,0.09,-0.44,-0.2,1.52,-0.24,0.02,-0.09,-0.54,-0.12,0,0,-3.00
2010-06-23T16:00:00,0.07,-0.26,-0.31,1.55,-0.28,-0.0,-0.14,-0.55,-0.13,0,0,-3.00
2010-06-23T17:00:00,-0.08,0.15,-0.22,1.56,-0.27,-0.05,-0.11,-0.53,-0.06,0,0,-5.00
2010-06-23T18:00:00,-0.1,-0.05,-0.09,1.51,-0.29,-0.26,0.05,-0.55,0.22,0,0,-6.00
2010-06-23T19:00:00,-0.2,-0.09,0.11,1.51,-0.34,-0.2,0.1,-0.54,0.29,0,0,-8.00
2010-06-23T20:00:00,-0.24,-0.05,0.11,1.49,-0.42,-0.16,0.16,-0.55,0.16,0,0,-8.00
2010-06-23T21:00:00,-0.31,-0.06,0.06,1.53,-0.4,-0.16,0.17,-0.55,0.04,0,0,-8.00
2010-06-23T22:00:00,-0.28,-0.09,0.06,1.53,-0.37,-0.22,0.23,-0.55,0.09,0,0,-8.00
2010-06-23T23:00:00,-0.29,-0.07,0.07,1.54,-0.35,-0.28,0.29,-0.55,0.1,0,0,-7.00
2010-06-24T00:00:00,-0.31,-0.03,0.07,1.54,-0.34,-0.37,0.33,-0.55,0.07,0,0,-7.00
2010-06-24T01:00:00,-0.33,-0.0,0.12,1.55,-0.32,-0.44,0.35,-0.56,0.03,0,0,-6.00
2010-06-24T02:00:00,-0.35,0.06,0.17,1.57,-0.42,-0.47,0.4,-0.57,-0.04,0,0,-5.00
2010-06-24T03:00:00,-0.38,0.08,0.17,1.6,-0.49,-0.53,0.5,-0.57,-0.05,0,0,-5.00
2010-06-24T04:00:00,-0.03,-0.13,0.12,1.58,-0.55,-0.49,0.63,-0.58,1.08,0,0,-2.00
2010-06-24T05:00:00,-0.05,-0.35,0.22,1.47,-0.12,-0.07,2.03,-0.58,0.09,0,0,1.00
2010-06-24T06:00:00,0.03,-0.01,0.52,1.39,-0.6,-0.34,1.3,-0.56,-0.06,1,0,4.00
2010-06-24T07:00:00,-0.01,0.32,0.54,1.36,-0.62,-0.37,1.43,-0.55,-0.08,1,0,6.00
2010-06-24T08:00:00,-0.04,0.59,0.32,1.37,-0.68,-0.06,1.47,-0.53,-0.07,1,0,10.00
2010-06-24T09:00:00,0.06,0.36,0.7,1.38,-0.73,-0.04,1.11,-0.53,-0.12,1,0,9.00
2010-06-24T10:00:00,0.02,0.34,0.68,1.38,-0.68,-0.1,1.29,-0.53,-0.11,1,0,11.00
2010-06-24T11:00:00,-0.02,0.12,0.4,1.4,-0.77,-0.2,1.9,-0.54,0.16,1,0,11.00
2010-06-24T12:00:00,-0.16,0.14,-0.35,1.41,-0.79,0.04,1.93,-0.5,0.09,1,0,15.00
2010-06-24T13:00:00,-0.12,-0.16,-0.48,1.42,-0.73,0.08,1.65,-0.43,0.07,1,0,16.00
2010-06-24T14:00:00,-0.25,0.35,-0.43,1.3,-0.2,0.08,0.66,-0.37,-0.02,1,0,13.00
2010-06-24T15:00:00,-0.48,0.91,0.22,1.32,-0.26,0.03,0.57,-0.27,-0.08,1,0,7.00
2010-06-24T16:00:00,-0.25,0.69,0.51,1.28,-0.16,0.0,0.69,-0.26,-0.03,1,0,2.00
2010-06-24T17:00:00,-0.14,0.62,0.29,1.25,-0.11,-0.32,0.65,-0.3,0.04,1,0,2.00
2010-06-24T18:00:00,0.06,0.04,-0.71,1.25,-0.23,-0.56,0.74,-0.27,-0.03,1,0,5.00
2010-06-24T19:00:00,-0.23,0.46,-0.01,1.24,-0.02,-0.33,0.63,-0.26,0.24,1,0,7.00
2010-06-24T20:00:00,-0.36,0.62,0.29,1.17,0.21,-0.14,0.63,-0.23,0.04,1,0,7.00
2010-06-24T21:00:00,-0.32,0.67,0.12,1.16,0.1,0.06,0.62,-0.22,0.05,1,0,2.00
2010-06-24T22:00:00,-0.56,0.38,-0.1,1.11,0.1,0.05,0.52,-0.23,0.06,1,0,2.00
2010-06-24T23:00:00,-0.78,0.35,-0.19,1.05,-0.13,0.01,0.54,-0.24,-0.04,1,0,3.00
2010-06-25T00:00:00,-0.93,0.13,-0.11,1.09,0.24,-0.02,0.5,-0.25,-0.06,1,0,4.00
2010-06-25T01:00:00,-0.91,0.22,0.18,1.08,-0.04,-0.11,0.48,-0.27,-0.06,1,0,2.00
2010-06-25T02:00:00,-0.83,0.14,0.29,1.06,-0.27,-0.17,0.48,-0.24,-0.03,1,0,-3.00
2010-06-25T03:00:00,-0.84,0.3,0.11,1.07,-0.41,-0.06,0.46,-0.26,-0.04,1,0,-5.00
2010-06-25T04:00:00,-0.91,0.31,0.09,1.08,-0.41,-0.11,0.49,-0.24,-0.05,1,0,-3.00
2010-06-25T05:00:00,-0.75,0.38,-0.12,1.1,-0.44,-0.16,0.54,-0.29,-0.04,1,0,-5.00
2010-06-25T06:00:00,0.55,0.13,0.36,1.02,-0.58,-0.13,0.85,-0.34,0.09,1,0,-5.00
2010-06-25T07:00:00,0.03,0.44,0.01,1.09,-0.67,0.11,1.0,-0.37,0.32,1,0,-2.00
2010-06-25T08:00:00,-0.53,0.29,-0.19,1.24,-0.9,0.46,0.93,-0.3,0.1,1,0,2.00
2010-06-25T09:00:00,-0.29,0.22,-0.15,1.11,-0.88,0.02,1.25,-0.44,0.24,1,0,3.00
2010-06-25T10:00:00,0.52,-0.13,0.41,1.12,-0.75,-0.13,1.39,-0.48,0.0,1,0,-1.00
2010-06-25T11:00:00,0.84,-0.62,0.18,1.0,-0.81,-0.51,0.62,-0.35,-0.1,1,0,1.00
2010-06-25T12:00:00,0.89,-0.81,-0.46,0.82,-0.56,-0.09,0.06,-0.37,-0.16,1,0,7.00
2010-06-25T13:00:00,1.03,-0.77,-0.56,0.84,-0.75,-0.21,0.12,-0.41,-0.17,1,0,6.00
2010-06-25T14:00:00,1.12,-0.77,-0.57,0.8,-0.75,0.24,0.52,-0.44,-0.16,1,0,1.00
2010-06-25T15:00:00,1.24,-0.7,-0.52,0.91,-0.91,0.7,0.52,-0.41,-0.16,1,0,-2.00
2010-06-25T16:00:00,0.89,-0.72,-0.59,0.99,-0.9,0.58,1.54,-0.43,-0.13,1,0,-4.00
2010-06-25T17:00:00,0.83,-0.92,-0.64,1.04,-0.73,0.44,1.57,-0.46,-0.15,1,0,-3.00
2010-06-25T18:00:00,-0.36,-0.04,0.42,1.07,-0.55,0.35,2.98,-0.35,0.64,1,0,-1.00
2010-06-25T19:00:00,-0.73,0.02,0.74,1.1,-0.37,0.18,3.19,-0.37,0.02,1,0,0.00
2010-06-25T20:00:00,-1.02,0.62,0.49,1.11,-0.57,0.15,3.85,-0.35,-0.01,1,0,8.00
2010-06-25T21:00:00,-0.06,-0.22,-0.02,1.06,-0.53,0.31,6.1,-0.4,6.2,1,0,12.00
2010-06-25T22:00:00,1.45,-1.16,0.16,1.09,-0.57,0.54,3.04,-0.52,-0.16,1,0,15.00
2010-06-25T23:00:00,-0.38,0.58,0.41,1.05,-0.25,0.44,2.16,-0.47,-0.02,1,0,12.00
2010-06-26T00:00:00,0.37,0.68,0.81,1.22,-0.49,0.11,2.38,-0.43,-0.08,1,0,6.00
2010-06-26T01:00:00,0.6,-0.02,0.5,1.15,-0.47,0.11,4.17,-0.41,0.22,1,0,-1.00
2010-06-26T02:00:00,0.74,-0.67,0.18,0.97,-0.27,-0.04,2.57,-0.37,0.02,1,0,2.00
2010-06-26T03:00:00,0.15,-0.74,-0.55,0.56,1.04,0.0,0.44,0.58,0.15,1,0,6.00
2010-06-26T04:00:00,-0.16,-0.99,-0.85,0.44,0.93,-0.39,0.62,0.39,-0.03,1,0,2.00
2010-06-26T05:00:00,0.73,-1.18,-0.26,0.57,0.63,-0.51,0.4,0.41,-0.04,1,0,-5.00
2010-06-26T06:00:00,0.96,-0.91,0.23,0.55,0.78,-0.11,0.38,0.61,0.02,1,0,-11.00
2010-06-26T07:00:00,0.67,-0.7,-0.87,0.48,1.02,-1.1,0.5,0.48,-0.02,1,0,-21.00
2010-06-26T08:00:00,0.83,-0.89,-0.02,0.27,1.08,-0.36,0.05,0.34,-0.04,1,0,-19.00
2010-06-26T09:00:00,1.18,-0.83,0.28,0.24,1.13,-0.03,-0.15,0.13,-0.12,1,0,-19.00
2010-06-26T10:00:00,1.18,-0.75,0.28,0.2,1.12,-0.17,-0.06,0.25,-0.1,1,0,-31.00
2010-06-26T11:00:00,1.12,-0.74,0.23,0.2,1.12,-0.31,0.02,0.26,-0.08,1,0,-25.00
2010-06-26T12:00:00,1.23,-0.66,0.35,0.33,1.31,-0.13,-0.06,-0.02,-0.13,1,0,-17.00
2010-06-26T13:00:00,1.23,-0.98,0.32,0.4,1.01,-0.29,-0.17,-0.11,-0.15,1,0,-13.00
2010-06-26T14:00:00,0.91,-1.18,0.15,0.37,0.75,-0.85,-0.13,-0.03,-0.14,1,0,-14.00
2010-06-26T15:00:00,0.94,-1.0,0.39,0.18,-0.2,-0.32,0.17,0.02,-0.11,1,0,-15.00
2010-06-26T16:00:00,0.27,-1.24,-0.52,0.18,0.63,-1.97,-0.04,0.16,-0.11,1,0,-16.00
2010-06-26T17:00:00,0.71,-1.1,-0.19,0.4,0.25,-1.32,-0.06,0.11,-0.11,1,0,-17.00
2010-06-26T18:00:00,0.72,-1.15,0.19,0.47,-0.4,-1.35,-0.18,-0.11,-0.14,1,0,-17.00
2010-06-26T19:00:00,0.35,-1.01,0.26,0.53,-1.17,-0.89,0.1,-0.25,-0.11,1,0,-21.00
2010-06-26T20:00:00,0.19,-0.98,-0.18,0.54,-1.39,-1.4,0.35,-0.34,-0.11,1,0,-19.00
2010-06-26T21:00:00,0.32,-0.81,-0.14,0.56,-1.25,-1.43,0.39,-0.29,-0.06,1,0,-16.00
2010-06-26T22:00:00,0.87,-0.81,0.13,0.5,-1.08,-1.32,0.35,-0.19,-0.1,1,0,-15.00
2010-06-26T23:00:00,0.84,-0.25,0.55,0.31,-0.09,-0.91,0.33,-0.12,-0.05,1,0,-15.00
2010-06-27T00:00:00,0.88,-0.4,0.21,0.3,-0.05,-0.75,0.6,0.25,0.14,1,0,-10.00
2010-06-27T01:00:00,0.34,-0.63,-0.49,0.23,0.08,-1.48,0.63,0.09,0.08,1,0,-8.00
2010-06-27T02:00:00,0.27,-0.2,-0.89,0.21,0.29,-1.51,0.56,-0.0,-0.04,1,0,-6.00
2010-06-27T03:00:00,0.87,-0.97,0.09,-0.05,0.73,-1.18,0.46,0.31,-0.01,1,0,-10.00
2010-06-27T04:00:00,0.57,-0.59,-0.43,-0.14,1.01,-1.43,0.56,0.32,0.13,1,0,-18.00
2010-06-27T05:00:00,0.54,-0.47,0.31,-0.14,0.77,-0.7,0.61,0.28,0.37,1,0,-15.00
2010-06-27T06:00:00,0.59,-0.28,-0.33,-0.17,0.72,-1.0,0.51,0.55,0.42,1,0,-17.00
2010-06-27T07:00:00,0.85,-0.92,-0.47,-0.12,0.47,-0.75,0.38,0.41,-0.03,1,0,-15.00
2010-06-27T08:00:00,0.93,-0.72,0.4,0.06,0.47,-0.01,0.31,0.41,0.01,1,0,-12.00
2010-06-27T09:00:00,0.96,-0.78,0.08,-0.08,0.54,-0.23,0.26,0.3,-0.02,1,0,-14.00
2010-06-27T10:00:00,0.0,-0.5,0.76,-0.46,0.55,0.78,0.17,0.4,0.09,1,0,-17.00
2010-06-27T11:00:00,0.63,-0.46,0.07,-0.36,0.44,0.1,-0.17,0.2,0.07,0,0,-11.00
2010-06-27T12:00:00,0.41,-0.52,-0.47,-0.49,0.05,-0.88,-0.3,0.14,-0.05,0,0,-10.00
2010-06-27T13:00:00,0.56,-0.43,-0.17,-0.42,0.08,-0.29,-0.33,0.03,-0.02,0,0,-11.00
2010-06-27T14:00:00,0.41,-0.5,-0.24,-0.54,-0.07,-0.6,-0.36,0.06,-0.01,0,0,-13.00
2010-06-27T15:00:00,0.35,-0.59,0.07,-0.56,-0.25,0.34,-0.38,-0.0,0.0,0,0,-15.00
2010-06-27T16:00:00,0.51,-0.04,-0.28,-0.48,0.59,-0.35,-0.3,0.06,0.06,0,0,-18.00
2010-06-27T17:00:00,0.45,-0.42,0.25,-0.49,0.1,0.69,-0.29,0.11,0.1,0,0,-14.00
2010-06-27T18:00:00,0.51,-0.39,-0.12,-0.43,0.2,0.1,-0.3,0.01,0.03,0,0,-11.00
2010-06-27T19:00:00,0.43,-0.35,-0.17,-0.41,0.14,-0.08,-0.35,0.0,0.05,0,0,-13.00
2010-06-27T20:00:00,0.27,-0.55,0.05,-0.43,-0.37,0.15,-0.39,-0.03,0.03,0,0,-17.00
2010-06-27T21:00:00,0.38,-0.57,-0.16,-0.33,-0.62,-0.44,-0.43,-0.1,-0.06,0,0,-15.00
2010-06-27T22:00:00,0.18,-0.61,-0.02,-0.39,-0.67,-0.01,-0.46,-0.11,-0.04,0,0,-13.00
2010-06-27T23:00:00,0.49,-0.26,-0.23,-0.24,0.0,-0.65,-0.49,-0.15,-0.06,0,0,-16.00
2010-06-28T00:00:00,0.26,-0.32,0.48,-0.43,0.03,0.59,-0.48,-0.08,-0.03,0,0,-17.00
2010-06-28T01:00:00,0.45,-0.63,0.13,-0.35,-0.55,0.04,-0.46,-0.09,-0.08,0,0,-17.00
2010-06-28T02:00:00,0.46,-0.44,0.15,-0.35,-0.33,0.04,-0.47,-0.09,-0.03,0,0,-15.00
2010-06-28T03:00:00,0.45,-0.04,0.02,-0.43,0.41,0.09,-0.42,-0.02,0.2,0,0,-13.00
2010-06-28T04:00:00,0.44,-0.06,-0.02,-0.42,0.33,-0.28,-0.43,-0.06,0.18,0,0,-16.00
2010-06-28T05:00:00,0.1,0.28,0.35,-0.57,0.96,0.51,-0.48,-0.04,0.13,0,0,-19.00
2010-06-28T06:00:00,0.27,0.4,-0.08,-0.5,0.96,-0.5,-0.47,-0.08,0.04,0,0,-18.00
2010-06-28T07:00:00,0.39,0.14,0.03,-0.42,0.39,-0.22,-0.45,-0.13,0.16,0,0,-16.00
2010-06-28T08:00:00,0.49,0.17,0.02,-0.35,0.57,-0.46,-0.46,-0.05,0.07,0,0,-11.00
2010-06-28T09:00:00,0.48,-0.22,0.06,-0.39,-0.28,-0.19,-0.43,-0.08,0.07,0,0,-14.00
2010-06-28T10:00:00,0.42,0.08,-0.12,-0.43,0.27,-0.77,-0.44,-0.06,0.12,0,0,-13.00
2010-06-28T11:00:00,0.03,-0.64,0.26,-0.66,-1.18,0.32,-0.53,-0.18,-0.09,0,0,-12.00
2010-06-28T12:00:00,0.55,-0.23,0.34,-0.33,-0.31,0.48,-0.46,-0.19,-0.07,0,0,-9.00
2010-06-28T13:00:00,0.59,0.29,0.03,-0.31,0.51,-0.37,-0.43,-0.18,-0.06,0,0,-9.00
2010-06-28T14:00:00,0.65,-0.01,-0.15,-0.27,0.09,-0.41,-0.41,-0.22,-0.08,0,0,-8.00
2010-06-28T15:00:00,0.63,0.01,-0.11,-0.25,0.82,-0.45,-0.42,-0.17,-0.05,0,0,-6.00
2010-06-28T16:00:00,0.56,-0.17,0.17,-0.27,0.04,0.34,-0.43,-0.06,0.02,0,0,-7.00
2010-06-28T17:00:00,0.56,-0.45,0.16,-0.23,-0.73,0.28,-0.48,-0.12,-0.07,0,0,-11.00
2010-06-28T18:00:00,0.46,-0.38,0.09,-0.26,-0.59,0.01,-0.47,-0.11,-0.01,0,0,-8.00
2010-06-28T19:00:00,0.22,-0.69,0.14,-0.41,-1.04,0.11,-0.48,-0.13,-0.08,0,0,-7.00
2010-06-28T20:00:00,0.28,-0.48,0.12,-0.4,-0.46,0.11,-0.44,-0.03,0.06,0,0,-5.00
2010-06-28T21:00:00,-0.08,-0.48,0.47,-0.58,-0.36,0.75,-0.41,-0.01,-0.01,0,0,-6.00
2010-06-28T22:00:00,0.15,-0.79,0.06,-0.45,-0.92,-0.07,-0.45,-0.06,-0.08,0,0,-6.00
2010-06-28T23:00:00,0.15,-0.68,-0.05,-0.45,-0.58,-0.33,-0.41,0.03,-0.02,0,0,-5.00
2010-06-29T00:00:00,0.09,-0.51,0.32,-0.45,-0.24,0.28,-0.43,0.19,0.1,0,0,-4.00
2010-06-29T01:00:00,-0.13,-0.73,0.49,-0.59,-0.49,0.61,-0.47,0.17,-0.07,0,0,-7.00
2010-06-29T02:00:00,0.51,-0.25,-0.32,-0.37,-0.1,-0.66,-0.45,0.06,-0.03,0,0,-9.00
2010-06-29T03:00:00,0.39,-0.77,-0.11,-0.32,-0.85,-0.54,-0.42,0.15,-0.06,0,0,-9.00
2010-06-29T04:00:00,0.04,-0.76,0.38,-0.44,-0.58,0.45,-0.48,0.05,-0.08,0,0,-12.00
2010-06-29T05:00:00,0.48,-0.29,-0.12,-0.41,-0.09,0.18,-0.48,0.05,0.03,0,0,-13.00
2010-06-29T06:00:00,0.64,-0.32,-0.29,-0.37,-0.14,0.11,-0.45,0.12,-0.06,0,0,-13.00
2010-06-29T07:00:00,0.63,-0.19,-0.45,-0.31,-0.1,-0.45,-0.48,-0.02,-0.1,0,0,-12.00
2010-06-29T08:00:00,0.46,-0.84,0.04,-0.3,-0.88,0.2,-0.49,0.05,-0.11,0,0,-12.00
2010-06-29T09:00:00,0.45,-0.74,0.35,-0.21,-0.7,0.31,-0.52,0.03,-0.11,0,0,-17.00
2010-06-29T10:00:00,0.32,-0.75,0.17,-0.31,-1.06,0.26,-0.57,-0.13,-0.12,0,0,-17.00
2010-06-29T11:00:00,0.7,-0.3,-0.1,-0.09,-0.44,-0.21,-0.6,-0.27,-0.14,0,0,-15.00
2010-06-29T12:00:00,0.84,-0.13,-0.12,-0.04,-0.13,-0.22,-0.6,-0.28,-0.15,0,0,-11.00
2010-06-29T13:00:00,0.74,-0.35,-0.01,-0.1,-0.53,-0.18,-0.59,-0.2,-0.13,0,0,-8.00
2010-06-29T14:00:00,0.75,-0.28,0.27,-0.04,-0.53,0.67,-0.58,-0.17,-0.13,0,0,-12.00
2010-06-29T15:00:00,0.84,-0.41,0.06,-0.01,-0.84,0.14,-0.61,-0.26,-0.15,0,0,-16.00
2010-06-29T16:00:00,0.76,-0.56,-0.05,-0.12,-1.27,-0.24,-0.58,-0.22,-0.15,0,0,-14.00
2010-06-29T17:00:00,0.87,-0.44,0.25,-0.07,-0.92,0.76,-0.56,-0.22,-0.15,0,0,-14.00
2010-06-29T18:00:00,0.93,-0.48,0.03,-0.04,-1.07,0.08,-0.53,-0.21,-0.15,0,0,-14.00
2010-06-29T19:00:00,0.96,-0.47,0.09,-0.34,-0.9,0.61,-0.18,0.04,-0.08,0,0,-15.00
2010-06-29T20:00:00,0.63,-0.92,0.07,-0.68,-1.5,0.49,0.01,0.31,-0.02,1,0,-17.00
2010-06-29T21:00:00,0.78,-0.94,-0.85,-0.77,-1.02,-0.66,0.07,0.08,-0.13,1,0,-13.00
2010-06-29T22:00:00,0.55,-0.74,-0.18,-0.81,-0.89,-0.12,0.57,0.26,0.14,1,0,-15.00
2010-06-29T23:00:00,-0.03,-0.79,0.95,-0.97,-0.38,0.82,0.54,0.43,0.02,1,0,-24.00
2010-06-30T00:00:00,0.34,-0.73,-0.15,-1.21,0.31,0.72,0.09,1.09,0.4,1,0,-21.00
2010-06-30T01:00:00,0.45,-0.5,-0.45,-1.39,1.24,0.17,-0.06,1.17,0.26,1,0,-17.00
2010-06-30T02:00:00,0.6,-0.96,0.36,-1.38,0.92,0.64,-0.13,1.08,0.04,1,0,-15.00
2010-06-30T03:00:00,0.37,-0.26,0.17,-1.82,1.26,0.44,-0.36,0.94,0.87,1,0,-17.00
2010-06-30T04:00:00,0.43,-0.15,0.22,-1.88,1.03,0.29,-0.42,0.69,0.57,0,0,-25.00
2010-06-30T05:00:00,0.14,-0.44,0.11,-2.01,0.3,-0.11,-0.51,0.39,0.34,0,0,-27.00
2010-06-30T06:00:00,0.24,-0.37,-0.24,-1.96,0.25,-1.17,-0.56,0.23,0.07,0,0,-26.00
2010-06-30T07:00:00,0.54,-0.41,0.13,-1.67,-0.26,-0.17,-0.63,-0.01,-0.07,0,0,-27.00
2010-06-30T08:00:00,0.8,-0.39,0.03,-1.39,-0.5,-0.47,-0.7,-0.29,-0.16,0,0,-27.00
2010-06-30T09:00:00,0.69,-0.25,-0.18,-1.43,-0.23,-1.04,-0.66,-0.15,-0.13,0,0,-25.00
2010-06-30T10:00:00,0.57,-0.0,0.17,-1.56,0.17,0.11,-0.58,0.03,-0.0,0,0,-26.00
2010-06-30T11:00:00,0.05,0.38,0.44,-1.84,0.75,0.73,-0.62,0.08,-0.02,0,0,-20.00
2010-06-30T12:00:00,0.53,-0.34,-0.22,-1.62,-0.23,-0.88,-0.57,0.1,-0.05,0,0,-16.00
2010-06-30T13:00:00,0.51,-0.55,-0.09,-1.62,-0.35,-0.73,-0.63,0.04,-0.1,0,0,-14.00
2010-06-30T14:00:00,0.37,-0.66,0.02,-1.68,-0.5,-0.23,-0.66,0.06,-0.1,0,0,-14.00
