2010-10-10T10:00:00,0.03,0.33,-0.48,1.46,0.2,1.04,0.42,-0.54,-0.14,1,0,-1.00
2010-10-10T11:00:00,-0.01,0.22,-0.38,1.48,0.46,0.93,0.74,-0.53,-0.07,1,0,0.00
2010-10-10T12:00:00,0.11,0.5,-0.32,1.47,0.41,0.86,0.58,-0.51,-0.1,1,0,-1.00
2010-10-10T13:00:00,0.33,0.33,-0.16,1.44,0.3,0.82,0.69,-0.45,0.04,1,0,-1.00
2010-10-10T14:00:00,0.6,0.33,-0.01,1.39,0.34,0.9,0.7,-0.47,-0.06,1,0,2.00
2010-10-10T15:00:00,0.46,0.48,-0.14,1.41,0.19,0.9,0.6,-0.48,-0.08,1,0,3.00
2010-10-10T16:00:00,0.36,0.44,-0.07,1.4,0.05,0.77,0.73,-0.46,-0.0,1,0,3.00
2010-10-10T17:00:00,0.0,0.61,-0.07,1.44,-0.08,0.81,0.93,-0.46,-0.02,1,0,2.00
2010-10-10T18:00:00,0.08,0.85,-0.13,1.31,-0.08,0.76,1.54,-0.46,-0.07,1,0,2.00
2010-10-10T19:00:00,0.34,0.52,-0.57,1.33,-0.26,0.48,1.63,-0.48,-0.1,1,0,0.00
2010-10-10T20:00:00,0.34,0.45,-0.33,1.36,-0.33,0.5,1.89,-0.47,0.0,1,0,-1.00
2010-10-10T21:00:00,-0.36,0.81,-0.11,1.38,-0.56,0.29,1.39,-0.44,-0.07,1,0,-2.00
2010-10-10T22:00:00,-0.68,0.61,0.18,1.47,-0.57,0.28,1.48,-0.42,-0.06,1,0,-7.00
2010-10-10T23:00:00,-0.34,0.62,0.67,1.39,-0.78,-0.24,1.75,-0.41,-0.06,1,0,-11.00
2010-10-11T00:00:00,-0.51,0.49,0.38,1.4,-0.82,-0.23,2.19,-0.41,0.05,1,0,-10.00
2010-10-11T01:00:00,-0.57,0.69,0.16,1.41,-1.01,-0.3,2.47,-0.4,0.02,1,0,-6.00
2010-10-11T02:00:00,-0.34,0.64,0.09,1.37,-1.03,0.05,3.23,-0.41,0.18,1,0,1.00
2010-10-11T03:00:00,-0.18,0.83,0.38,1.29,-1.11,0.03,4.36,-0.46,0.04,1,0,2.00
2010-10-11T04:00:00,-0.02,0.82,0.55,1.21,-1.01,0.13,6.38,-0.46,0.08,1,0,2.00
2010-10-11T05:00:00,-0.53,1.1,-0.71,1.13,-0.73,0.19,4.76,-0.44,-0.09,1,0,4.00
2010-10-11T06:00:00,0.0,1.76,0.27,1.06,-1.01,-0.25,4.16,-0.42,-0.12,1,0,10.00
2010-10-11T07:00:00,0.38,0.28,1.39,1.07,-0.84,-0.55,3.91,-0.46,-0.12,1,0,12.00
2010-10-11T08:00:00,0.03,-0.28,-0.07,1.14,-0.06,0.03,2.99,-0.46,1.38,1,0,0.00
2010-10-11T09:00:00,-0.08,-0.36,-1.83,1.17,0.79,0.47,2.08,-0.53,-0.18,1,0,-1.00
2010-10-11T10:00:00,-0.77,-1.38,-1.55,1.06,0.14,0.05,0.3,-0.54,-0.19,1,0,2.00
2010-10-11T11:00:00,-0.88,-1.07,-1.49,1.14,-0.02,0.18,1.13,-0.49,-0.18,1,0,-9.00
2010-10-11T12:00:00,-1.0,0.08,-1.32,1.19,-0.05,0.62,2.73,-0.47,-0.15,1,0,-33.00
2010-10-11T13:00:00,-1.12,0.19,-0.79,1.24,-0.28,0.58,3.47,-0.45,-0.11,1,0,-45.00
2010-10-11T14:00:00,-0.73,-0.95,-1.01,1.16,-0.18,0.19,1.94,-0.46,-0.15,1,0,-39.00
2010-10-11T15:00:00,-0.27,-1.43,-0.8,1.14,0.13,-0.16,1.86,-0.41,-0.15,1,0,-47.00
2010-10-11T16:00:00,-0.51,-0.41,-1.05,1.17,0.28,0.13,2.25,-0.38,-0.11,1,0,-55.00
2010-10-11T17:00:00,-0.57,0.8,-0.73,1.17,-0.33,-0.13,1.55,-0.34,-0.11,1,0,-65.00
2010-10-11T18:00:00,-0.14,-1.3,0.16,1.09,-0.26,-0.71,0.85,-0.08,-0.06,1,0,-69.00
2010-10-11T19:00:00,-0.12,-0.27,0.32,1.12,-0.36,-0.53,1.1,-0.09,1.28,1,0,-74.00
2010-10-11T20:00:00,-0.07,-0.34,-0.18,1.07,-0.41,-0.63,0.96,-0.09,0.96,1,0,-75.00
2010-10-11T21:00:00,0.32,-0.6,0.41,0.95,-0.24,-1.0,0.89,-0.22,0.08,1,0,-69.00
2010-10-11T22:00:00,-0.51,0.6,-0.13,1.02,-0.56,-0.61,0.82,-0.11,0.1,1,0,-63.00
2010-10-11T23:00:00,-0.59,0.34,-0.55,1.07,-0.17,-0.16,0.62,-0.21,-0.05,1,0,-52.00
2010-10-12T00:00:00,-0.24,0.29,-0.44,0.98,-0.18,-0.34,0.56,-0.07,0.17,1,0,-44.00
2010-10-12T01:00:00,-0.42,-0.15,-0.45,0.97,0.19,-0.3,0.55,-0.02,0.16,1,0,-39.00
2010-10-12T02:00:00,-0.18,0.58,-0.53,0.91,-0.45,-0.13,0.36,-0.15,-0.04,1,0,-38.00
2010-10-12T03:00:00,-0.08,0.23,-0.75,0.67,0.57,-0.31,-0.18,-0.14,-0.11,1,0,-39.00
2010-10-12T04:00:00,-0.56,0.62,-0.11,0.56,0.35,-0.57,-0.05,-0.09,-0.05,1,0,-42.00
2010-10-12T05:00:00,-0.48,0.36,-0.28,0.4,0.13,-0.44,-0.17,-0.18,-0.04,1,0,-45.00
2010-10-12T06:00:00,-0.23,0.09,-0.37,0.28,0.13,-0.16,-0.24,-0.26,-0.01,1,0,-48.00
2010-10-12T07:00:00,-0.35,0.07,-0.3,0.34,0.08,-0.22,-0.23,-0.24,0.02,1,0,-47.00
2010-10-12T08:00:00,-0.46,-0.29,-0.1,0.38,0.54,-0.6,-0.22,-0.25,0.01,1,0,-43.00
2010-10-12T09:00:00,-0.06,-0.44,0.04,0.33,0.44,-0.73,-0.36,-0.27,0.08,0,0,-41.00
2010-10-12T10:00:00,-0.6,-0.0,-0.24,0.57,0.08,0.02,-0.39,-0.25,-0.09,0,0,-40.00
2010-10-12T11:00:00,-0.41,-0.07,-0.42,0.52,0.05,0.05,-0.41,-0.3,-0.11,0,0,-38.00
2010-10-12T12:00:00,-0.12,0.03,-0.45,0.69,0.33,0.3,-0.42,-0.29,-0.08,0,0,-38.00
2010-10-12T13:00:00,-0.36,0.06,-0.31,0.81,0.3,0.22,-0.32,-0.23,-0.01,0,0,-36.00
2010-10-12T14:00:00,-0.42,0.14,-0.26,0.72,0.29,0.16,-0.34,-0.18,-0.01,0,0,-37.00
2010-10-12T15:00:00,-0.49,0.25,-0.05,0.56,0.44,-0.27,-0.34,-0.13,0.02,0,0,-34.00
2010-10-12T16:00:00,-0.34,0.24,-0.07,0.51,0.49,-0.38,-0.34,-0.33,0.02,0,0,-36.00
2010-10-12T17:00:00,-0.51,0.22,-0.25,0.58,0.43,0.23,-0.32,-0.4,-0.11,0,0,-34.00
2010-10-12T18:00:00,-0.53,0.31,-0.14,0.61,0.23,-0.04,-0.34,-0.39,-0.11,0,0,-32.00
2010-10-12T19:00:00,-0.73,0.22,0.08,0.72,0.39,-0.43,-0.44,-0.46,-0.15,0,0,-36.00
2010-10-12T20:00:00,-0.7,0.31,0.11,0.74,0.35,-0.39,-0.44,-0.46,-0.15,0,0,-37.00
2010-10-12T21:00:00,-0.68,0.33,0.04,0.75,0.26,-0.16,-0.44,-0.48,-0.16,0,0,-39.00
2010-10-12T22:00:00,-0.76,0.11,0.09,0.82,0.77,-0.33,-0.44,-0.49,-0.16,0,0,-36.00
2010-10-12T23:00:00,-0.75,0.2,0.14,0.83,0.77,-0.26,-0.38,-0.48,-0.16,0,0,-35.00
2010-10-13T00:00:00,-0.48,0.3,-0.24,0.74,0.64,0.37,-0.36,-0.48,-0.15,0,0,-31.00
2010-10-13T01:00:00,-0.61,0.39,0.14,0.83,0.42,-0.55,-0.36,-0.48,-0.15,0,0,-27.00
2010-10-13T02:00:00,-0.59,0.49,0.0,0.89,0.26,-0.45,-0.4,-0.49,-0.16,0,0,-27.00
2010-10-13T03:00:00,-0.59,0.43,-0.02,0.88,0.41,-0.45,-0.25,-0.46,-0.14,0,0,-26.00
2010-10-13T04:00:00,-0.67,0.4,0.13,0.92,0.45,-0.89,-0.2,-0.42,-0.13,0,0,-27.00
2010-10-13T05:00:00,-0.65,0.47,-0.02,0.95,0.41,-0.42,-0.13,-0.38,-0.12,0,0,-27.00
2010-10-13T06:00:00,-0.6,0.41,-0.05,0.94,0.3,-0.31,0.34,-0.47,-0.11,0,0,-29.00
2010-10-13T07:00:00,-0.49,0.37,-0.03,0.95,0.23,-0.32,0.75,-0.56,-0.11,0,0,-27.00
2010-10-13T08:00:00,-0.65,0.32,-0.07,1.0,0.15,-0.25,0.26,-0.58,-0.16,0,0,-24.00
2010-10-13T09:00:00,-0.63,0.3,-0.09,1.02,0.06,-0.23,0.42,-0.57,-0.15,0,0,-18.00
2010-10-13T10:00:00,-0.34,0.32,-0.25,1.01,-0.1,-0.25,1.17,-0.53,-0.06,0,0,-14.00
2010-10-13T11:00:00,-0.12,0.32,-0.31,1.09,-0.23,-0.16,1.12,-0.52,-0.04,0,0,-15.00
2010-10-13T12:00:00,-0.26,0.14,-0.03,1.14,-0.26,-0.02,1.68,-0.55,0.3,0,0,-13.00
2010-10-13T13:00:00,-0.71,0.21,-0.01,1.2,-0.27,-0.08,1.08,-0.58,-0.14,0,0,-10.00
2010-10-13T14:00:00,-0.69,0.1,0.14,1.22,-0.2,-0.09,1.06,-0.58,-0.13,0,0,-11.00
2010-10-13T15:00:00,-0.65,-0.03,0.21,1.26,-0.15,-0.14,1.03,-0.58,-0.13,0,0,-14.00
2010-10-13T16:00:00,-0.5,-0.08,0.18,1.27,-0.08,-0.08,1.22,-0.58,-0.08,0,0,-12.00
2010-10-13T17:00:00,-0.45,-0.13,0.19,1.26,-0.12,0.01,1.29,-0.58,-0.06,0,0,-12.00
2010-10-13T18:00:00,-0.33,-0.22,0.15,1.26,-0.12,0.01,1.46,-0.57,0.05,0,0,-10.00
2010-10-13T19:00:00,-0.29,-0.13,0.1,1.28,-0.09,0.01,1.57,-0.57,0.19,0,0,-8.00
2010-10-13T20:00:00,-0.23,-0.12,0.1,1.31,-0.08,0.09,1.52,-0.58,0.33,0,0,-8.00
2010-10-13T21:00:00,-0.13,-0.12,0.13,1.34,-0.07,0.12,1.48,-0.58,0.81,0,0,-9.00
2010-10-13T22:00:00,-0.15,-0.12,0.1,1.37,-0.07,0.09,1.43,-0.58,0.66,0,0,-9.00
2010-10-13T23:00:00,-0.16,-0.05,0.14,1.39,-0.07,0.09,1.33,-0.58,0.54,0,0,-7.00
2010-10-14T00:00:00,-0.14,0.01,0.18,1.4,-0.08,0.05,1.26,-0.59,0.47,0,0,-7.00
2010-10-14T01:00:00,-0.09,-0.42,0.3,1.37,-0.17,0.21,0.8,-0.56,-0.07,0,0,-6.00
2010-10-14T02:00:00,0.21,-0.32,0.17,1.45,-0.08,0.09,0.96,-0.56,0.04,0,0,-4.00
2010-10-14T03:00:00,0.29,-0.22,0.08,1.51,0.03,-0.02,0.79,-0.56,0.06,0,0,-4.00
2010-10-14T04:00:00,-0.09,-0.38,0.13,1.49,-0.07,-0.04,0.82,-0.57,-0.0,0,0,-3.00
2010-10-14T05:00:00,-0.14,-0.24,0.12,1.5,0.27,0.45,1.11,-0.58,0.14,0,0,-3.00
2010-10-14T06:00:00,-0.19,-0.34,0.14,1.55,0.02,0.13,0.83,-0.59,-0.06,0,0,-5.00
2010-10-14T07:00:00,-0.17,-0.29,0.15,1.57,0.1,0.16,1.47,-0.58,0.12,0,0,-6.00
2010-10-14T08:00:00,0.29,-0.12,0.27,1.62,0.2,0.19,0.76,-0.56,0.02,0,0,-5.00
2010-10-14T09:00:00,0.5,0.11,0.24,1.62,0.17,0.16,0.84,-0.56,-0.08,0,0,-6.00
2010-10-14T10:00:00,0.46,-0.12,0.22,1.57,0.04,0.66,1.52,-0.56,-0.01,0,0,-6.00
2010-10-14T11:00:00,0.31,-0.25,0.22,1.61,0.08,0.07,1.07,-0.57,-0.0,0,0,-6.00
2010-10-14T12:00:00,0.26,-0.07,0.23,1.6,0.09,0.14,1.39,-0.57,0.16,0,0,-3.00
2010-10-14T13:00:00,0.28,-0.08,0.18,1.64,0.05,0.16,1.74,-0.59,0.13,0,0,-2.00
2010-10-14T14:00:00,0.19,-0.14,0.19,1.65,0.02,0.21,1.83,-0.59,0.26,0,0,2.00
2010-10-14T15:00:00,0.05,-0.19,0.22,1.65,0.01,0.21,1.67,-0.59,0.29,0,0,4.00
2010-10-14T16:00:00,0.0,-0.22,0.22,1.67,0.05,0.18,1.59,-0.58,0.21,0,0,5.00
2010-10-14T17:00:00,0.07,-0.12,0.19,1.69,0.02,0.17,1.83,-0.59,0.67,0,0,4.00
2010-10-14T18:00:00,0.15,-0.13,0.2,1.7,-0.02,0.22,1.73,-0.58,0.42,0,0,3.00
2010-10-14T19:00:00,0.28,-0.18,0.21,1.71,-0.01,0.26,1.52,-0.58,0.07,0,0,1.00
2010-10-14T20:00:00,0.13,-0.21,0.22,1.72,-0.01,0.26,1.75,-0.58,0.22,0,0,0.00
2010-10-14T21:00:00,0.14,-0.29,0.36,1.71,-0.06,0.32,1.5,-0.58,-0.02,0,0,-1.00
2010-10-14T22:00:00,0.35,-0.32,0.33,1.76,-0.06,0.25,1.37,-0.57,-0.07,0,0,-1.00
2010-10-14T23:00:00,0.35,-0.2,0.38,1.77,-0.03,0.25,1.67,-0.57,-0.05,0,0,1.00
2010-10-15T00:00:00,-0.08,-0.09,0.41,1.68,-0.01,0.31,1.81,-0.57,0.04,0,0,3.00
2010-10-15T01:00:00,-0.12,-0.27,0.46,1.68,-0.11,0.35,1.85,-0.58,-0.06,0,0,6.00
2010-10-15T02:00:00,-0.27,-0.17,0.46,1.66,-0.11,0.29,2.02,-0.57,-0.05,0,0,5.00
2010-10-15T03:00:00,0.49,-0.4,0.08,1.7,-0.38,-0.04,3.18,-0.55,0.01,0,0,4.00
2010-10-15T04:00:00,0.54,-0.52,0.36,1.64,-0.45,-0.04,4.5,-0.54,-0.01,0,0,5.00
2010-10-15T05:00:00,0.26,-0.5,0.8,1.6,-0.28,0.22,2.97,-0.55,-0.12,0,0,8.00
2010-10-15T06:00:00,0.32,-0.53,0.8,1.58,-0.16,0.18,2.19,-0.56,-0.14,0,0,12.00
2010-10-15T07:00:00,0.33,-0.45,0.85,1.56,0.05,0.1,1.92,-0.56,-0.15,0,0,11.00
2010-10-15T08:00:00,0.76,-0.62,0.65,1.5,0.09,0.21,2.63,-0.55,-0.14,0,0,6.00
2010-10-15T09:00:00,1.02,-0.74,-0.39,1.55,-0.08,-0.08,3.01,-0.54,-0.15,0,0,6.00
2010-10-15T10:00:00,0.52,-0.88,-0.1,1.49,0.19,-0.14,2.13,-0.5,-0.1,0,0,7.00
2010-10-15T11:00:00,0.76,-1.11,-0.11,1.54,-0.03,0.02,1.08,-0.48,-0.15,0,0,8.00
2010-10-15T12:00:00,0.61,-0.97,0.39,1.55,0.17,0.18,1.36,-0.49,-0.14,0,0,6.00
2010-10-15T13:00:00,0.6,-1.04,0.36,1.55,0.18,0.55,1.24,-0.49,-0.14,0,0,-4.00
2010-10-15T14:00:00,0.51,-0.99,0.65,1.51,0.18,0.92,1.06,-0.49,-0.15,0,0,-9.00
2010-10-15T15:00:00,0.49,-0.7,0.63,1.46,0.13,0.78,1.71,-0.49,-0.12,0,0,-6.00
2010-10-15T16:00:00,0.11,-0.13,0.12,1.38,0.13,0.58,2.81,-0.48,4.96,0,0,-4.00
2010-10-15T17:00:00,-0.13,0.62,-0.73,1.39,-0.23,0.88,1.09,-0.44,-0.12,0,0,-2.00
2010-10-15T18:00:00,-0.15,0.65,-0.55,1.4,-0.15,0.82,1.13,-0.42,-0.09,0,0,4.00
2010-10-15T19:00:00,-0.4,0.85,0.22,1.39,-0.21,0.85,0.82,-0.37,-0.08,0,0,0.00
2010-10-15T20:00:00,-0.52,1.02,-0.08,1.4,-0.26,0.76,0.43,-0.36,-0.13,0,0,-12.00
2010-10-15T21:00:00,-0.47,0.85,-0.28,1.38,0.01,0.63,0.45,-0.38,-0.12,0,0,-18.00
2010-10-15T22:00:00,-0.44,0.9,-0.27,1.35,0.28,0.82,0.35,-0.41,-0.14,0,0,-18.00
2010-10-15T23:00:00,-0.5,0.76,-0.07,1.37,0.19,0.64,0.49,-0.41,-0.11,0,0,-12.00
2010-10-16T00:00:00,-0.33,0.28,-0.02,1.33,0.47,0.55,1.29,-0.45,0.24,0,0,-11.00
2010-10-16T01:00:00,-0.38,0.22,-0.07,1.35,0.4,0.46,1.38,-0.49,0.15,0,0,-11.00
2010-10-16T02:00:00,-0.43,0.17,-0.13,1.39,0.41,0.42,1.29,-0.51,0.04,0,0,-10.00
2010-10-16T03:00:00,-0.29,0.4,-0.18,1.44,0.38,0.5,1.22,-0.52,-0.03,0,0,-7.00
2010-10-16T04:00:00,-0.49,0.37,-0.06,1.46,0.31,0.47,0.85,-0.47,-0.03,0,0,-8.00
2010-10-16T05:00:00,-0.11,0.44,0.46,1.34,0.32,-0.12,0.63,-0.5,-0.08,0,0,-13.00
2010-10-16T06:00:00,0.54,0.05,0.51,1.13,0.62,-0.04,0.35,-0.5,-0.12,0,0,-17.00
2010-10-16T07:00:00,0.52,0.16,0.6,1.12,0.55,-0.19,0.26,-0.49,-0.13,0,0,-18.00
2010-10-16T08:00:00,0.32,0.25,0.59,1.15,0.5,-0.29,0.31,-0.45,-0.09,0,0,-17.00
2010-10-16T09:00:00,-0.19,0.37,0.36,1.2,0.21,-0.49,0.38,-0.34,0.1,0,0,-13.00
2010-10-16T10:00:00,0.09,0.52,0.3,1.17,0.03,-0.2,0.42,-0.39,0.01,0,0,-11.00
2010-10-16T11:00:00,-0.29,0.25,0.03,1.24,0.04,0.03,0.46,-0.37,0.33,0,0,-8.00
2010-10-16T12:00:00,-0.41,0.47,-0.38,1.17,0.29,0.05,0.24,-0.39,-0.1,0,0,-8.00
2010-10-16T13:00:00,-0.39,0.27,-0.56,1.17,0.37,0.12,0.27,-0.4,-0.11,0,0,-7.00
2010-10-16T14:00:00,-0.42,0.13,-0.62,1.18,0.46,0.07,0.24,-0.4,-0.12,0,0,-6.00
2010-10-16T15:00:00,-0.31,0.48,-0.37,1.21,0.23,0.25,0.4,-0.41,-0.08,0,0,-6.00
2010-10-16T16:00:00,-0.35,0.37,-0.12,1.22,0.12,0.35,0.38,-0.32,0.09,0,0,-8.00
2010-10-16T17:00:00,-0.4,0.28,-0.3,1.26,0.25,0.52,0.26,-0.29,0.02,0,0,-6.00
2010-10-16T18:00:00,-0.72,-0.0,-0.41,1.23,0.46,0.3,0.23,-0.41,-0.12,0,0,-8.00
2010-10-16T19:00:00,-0.75,0.56,-0.35,1.23,0.05,0.32,0.15,-0.43,-0.15,0,0,-13.00
2010-10-16T20:00:00,-0.53,0.69,-0.34,1.24,-0.12,0.58,0.17,-0.51,-0.16,0,0,-17.00
2010-10-16T21:00:00,-0.34,0.73,-0.38,1.27,-0.34,0.79,0.28,-0.54,-0.16,0,0,-23.00
2010-10-16T22:00:00,-0.44,0.95,-0.17,1.29,-0.59,0.52,0.34,-0.55,-0.17,0,0,-25.00
2010-10-16T23:00:00,-0.1,0.93,0.1,1.2,-0.49,0.31,0.73,-0.55,-0.16,0,0,-23.00
2010-10-17T00:00:00,0.06,1.04,0.05,1.14,-0.55,0.4,0.36,-0.57,-0.17,0,0,-21.00
2010-10-17T01:00:00,0.2,1.3,0.13,1.07,-0.43,0.51,0.49,-0.55,-0.18,0,0,-19.00
2010-10-17T02:00:00,-0.02,1.61,-0.34,1.03,-0.57,0.73,0.07,-0.51,-0.18,0,0,-17.00
2010-10-17T03:00:00,-0.1,1.67,-0.39,0.95,-0.75,0.75,0.17,-0.49,-0.18,0,0,-16.00
2010-10-17T04:00:00,-0.23,1.38,-0.67,0.94,-0.55,0.81,0.34,-0.4,-0.17,0,0,-18.00
2010-10-17T05:00:00,-1.16,-0.14,-0.93,0.79,-0.78,0.51,-0.11,-0.21,-0.16,0,0,-23.00
2010-10-17T06:00:00,-1.13,-0.24,-0.88,0.69,-1.2,0.22,-0.15,-0.14,-0.16,0,0,-28.00
2010-10-17T07:00:00,-1.33,-0.36,-0.74,0.82,-0.67,0.03,-0.3,-0.31,-0.17,0,0,-33.00
2010-10-17T08:00:00,-1.33,0.23,-0.71,0.85,-0.76,0.09,-0.27,-0.31,-0.17,0,0,-29.00
2010-10-17T09:00:00,-1.28,-0.01,-0.17,0.92,-0.41,-0.48,0.11,-0.27,-0.14,0,0,-34.00
2010-10-17T10:00:00,-1.13,0.37,0.11,0.96,-0.93,-0.75,0.06,-0.26,-0.13,0,0,-37.00
2010-10-17T11:00:00,-0.99,0.43,-0.09,1.03,-0.75,-0.11,-0.07,-0.27,-0.13,0,0,-37.00
2010-10-17T12:00:00,-0.49,0.55,-0.08,0.96,-0.89,-0.12,-0.06,-0.26,-0.06,0,0,-35.00
2010-10-17T13:00:00,0.28,0.78,0.23,0.85,-0.55,-0.42,-0.08,-0.33,-0.11,0,0,-29.00
2010-10-17T14:00:00,-0.08,0.69,0.05,0.89,-0.44,-0.23,0.02,-0.29,-0.05,0,0,-27.00
2010-10-17T15:00:00,-0.71,0.23,-0.17,0.99,-0.05,0.21,0.29,-0.25,-0.02,0,0,-26.00
2010-10-17T16:00:00,-0.53,0.34,0.09,0.84,-0.96,0.48,0.12,-0.28,0.02,0,0,-25.00
2010-10-17T17:00:00,0.18,0.61,0.14,0.73,0.27,-0.27,0.21,-0.33,-0.01,0,0,-25.00
2010-10-17T18:00:00,-0.34,0.23,-0.37,0.65,0.97,-1.0,0.41,-0.4,-0.03,0,0,-25.00
2010-10-17T19:00:00,-0.07,0.27,-0.32,0.79,0.92,-0.9,0.45,-0.35,0.09,0,0,-21.00
2010-10-17T20:00:00,-0.15,0.03,-0.14,0.82,0.49,-0.26,0.48,-0.16,1.53,0,0,-19.00
2010-10-17T21:00:00,-0.59,-0.0,-0.26,0.91,0.3,0.33,-0.13,0.08,0.08,0,0,-24.00
2010-10-17T22:00:00,-0.63,0.02,-0.21,0.81,0.53,0.12,-0.14,0.04,0.06,0,0,-21.00
2010-10-17T23:00:00,-0.56,0.31,0.03,0.76,-0.08,0.62,-0.12,-0.16,0.02,0,0,-18.00
2010-10-18T00:00:00,-0.58,0.5,0.2,0.85,0.9,0.23,-0.35,-0.22,-0.1,0,0,-17.00
2010-10-18T01:00:00,-0.55,0.4,0.19,0.86,0.65,0.12,-0.29,-0.06,-0.02,0,0,-19.00
2010-10-18T02:00:00,-0.7,0.26,0.04,0.67,0.72,-0.25,-0.24,-0.43,-0.13,0,0,-20.00
2010-10-18T03:00:00,-0.67,0.18,-0.03,0.7,0.45,-0.53,1.01,-0.48,-0.05,0,0,-19.00
2010-10-18T04:00:00,-0.64,0.19,-0.08,0.81,0.2,-0.47,-0.02,-0.5,-0.13,0,0,-17.00
2010-10-18T05:00:00,-0.59,0.36,-0.11,0.81,0.35,-0.49,-0.11,-0.52,-0.15,0,0,-16.00
2010-10-18T06:00:00,-0.42,0.49,-0.15,0.83,0.47,-0.6,-0.11,-0.5,-0.14,0,0,-17.00
2010-10-18T07:00:00,-0.51,0.42,-0.12,0.84,0.47,-0.59,-0.19,-0.51,-0.15,0,0,-16.00
2010-10-18T08:00:00,-0.56,0.35,-0.01,0.84,0.39,-0.49,-0.16,-0.52,-0.15,0,0,-13.00
2010-10-18T09:00:00,-0.59,0.3,0.03,0.83,0.26,-0.64,-0.14,-0.52,-0.14,0,0,-14.00
2010-10-18T10:00:00,-0.6,0.25,0.04,0.86,0.22,-0.5,-0.06,-0.53,-0.14,0,0,-13.00
2010-10-18T11:00:00,-0.02,-0.1,0.34,0.99,-0.11,-0.1,-0.08,-0.46,0.13,0,0,-10.00
2010-10-18T12:00:00,0.51,-0.47,0.39,1.15,-0.46,0.18,-0.25,-0.46,-0.14,0,0,-7.00
2010-10-18T13:00:00,0.6,-0.53,0.4,1.17,-0.59,0.27,-0.25,-0.48,-0.16,0,0,-5.00
2010-10-18T14:00:00,0.59,-0.64,0.39,1.2,-0.67,0.3,-0.21,-0.5,-0.16,0,0,-5.00
2010-10-18T15:00:00,0.04,-0.58,0.14,1.16,-0.43,0.17,0.15,-0.47,-0.07,0,0,-6.00
2010-10-18T16:00:00,-0.85,-0.33,-0.26,0.93,0.06,-0.14,0.32,-0.5,-0.15,1,0,-7.00
2010-10-18T17:00:00,-0.8,-0.36,-0.26,1.0,-0.16,-0.02,0.52,-0.5,-0.14,1,0,-6.00
2010-10-18T18:00:00,-0.83,-0.21,-0.37,0.97,-0.3,-0.06,0.77,-0.48,-0.13,1,0,-5.00
2010-10-18T19:00:00,-0.69,-0.38,-0.48,1.01,-0.26,0.01,0.9,-0.5,-0.13,1,0,-10.00
2010-10-18T20:00:00,0.04,-0.06,0.07,1.01,-0.41,-0.13,0.65,-0.44,21.0,1,0,-16.00
2010-10-18T21:00:00,0.63,-0.07,0.76,0.87,-0.31,-0.88,0.44,-0.14,-0.04,1,0,-19.00
2010-10-18T22:00:00,0.27,-0.66,0.5,0.85,-0.4,-1.18,0.88,-0.24,0.02,1,0,-22.00
2010-10-18T23:00:00,-0.12,-0.43,-0.56,0.93,-0.21,-0.52,0.99,-0.27,0.02,1,0,-20.00
2010-10-19T00:00:00,0.11,-0.43,-0.25,0.92,-0.51,-0.94,0.46,-0.33,0.1,1,0,-12.00
2010-10-19T01:00:00,0.32,-0.7,0.35,1.0,-1.13,-0.57,0.8,-0.51,-0.12,1,0,-5.00
2010-10-19T02:00:00,0.24,-0.36,-0.67,0.84,-0.54,-1.08,0.78,-0.43,-0.11,1,0,-9.00
2010-10-19T03:00:00,0.43,-0.93,-0.3,0.76,-0.1,-0.4,1.61,-0.37,-0.07,1,0,-12.00
2010-10-19T04:00:00,0.19,-0.8,0.05,0.74,0.11,-0.38,2.66,-0.37,0.13,1,0,-8.00
2010-10-19T05:00:00,0.23,0.49,0.24,0.76,0.07,-0.77,2.37,-0.38,0.34,1,0,-10.00
2010-10-19T06:00:00,0.54,0.96,0.73,0.78,-0.14,-0.45,1.37,-0.31,-0.1,1,0,-11.00
2010-10-19T07:00:00,0.62,-1.16,0.33,0.61,-0.25,-1.29,0.46,0.01,-0.08,1,0,-9.00
2010-10-19T08:00:00,0.56,-1.51,0.32,0.49,0.19,-1.4,-0.2,0.38,-0.13,1,0,-15.00
2010-10-19T09:00:00,0.33,-1.41,0.94,0.47,-0.15,-1.23,-0.18,0.33,-0.14,1,0,-14.00
2010-10-19T10:00:00,0.95,-0.82,0.9,0.59,-0.21,-1.21,-0.16,0.28,-0.13,1,0,-17.00
2010-10-19T11:00:00,0.7,-0.9,0.84,0.65,-0.13,-0.57,0.0,0.27,-0.1,1,0,-16.00
2010-10-19T12:00:00,-0.46,-0.38,0.01,0.2,-0.49,-2.43,0.14,0.19,0.38,1,0,-13.00
2010-10-19T13:00:00,-0.34,-0.83,0.5,0.26,-1.43,-1.65,0.09,0.3,0.02,1,0,-8.00
2010-10-19T14:00:00,-0.44,-0.73,0.6,0.35,-1.23,-1.22,0.11,0.2,-0.01,1,0,-1.00
2010-10-19T15:00:00,-0.33,-0.49,0.74,0.4,-0.85,-0.87,0.13,0.12,-0.0,1,0,-1.00
2010-10-19T16:00:00,0.52,-0.89,0.5,0.72,-0.92,-1.74,0.12,0.16,-0.05,1,0,-2.00
2010-10-19T17:00:00,0.2,-0.94,0.59,0.48,-0.83,-0.69,-0.08,-0.03,-0.1,1,0,-3.00
2010-10-19T18:00:00,0.36,-0.68,0.53,0.31,-0.63,0.01,-0.37,-0.31,-0.14,1,0,-2.00
2010-10-19T19:00:00,0.74,-0.69,0.32,0.46,-0.55,-0.39,-0.36,-0.35,-0.15,1,0,-4.00
2010-10-19T20:00:00,0.6,-0.92,-0.07,0.4,-0.76,-1.09,-0.4,-0.4,-0.17,1,0,-10.00
2010-10-19T21:00:00,0.41,-0.99,-0.2,0.33,-0.71,-1.1,-0.38,-0.41,-0.17,1,0,-13.00
2010-10-19T22:00:00,0.39,-0.8,-0.43,0.37,-0.62,-1.33,-0.36,-0.35,-0.15,1,0,-15.00
2010-10-19T23:00:00,0.39,-0.56,-0.35,0.38,-0.39,-1.12,-0.32,-0.18,-0.09,1,0,-18.00
2010-10-20T00:00:00,0.51,-0.33,0.09,0.35,0.03,-0.84,-0.25,0.16,0.19,0,0,-21.00
2010-10-20T01:00:00,0.61,-0.46,0.07,0.36,0.08,-0.87,-0.29,0.07,0.01,0,0,-24.00
2010-10-20T02:00:00,0.35,-0.13,0.45,0.38,-0.05,-0.47,-0.28,0.11,0.16,0,0,-22.00
2010-10-20T03:00:00,0.57,-0.65,0.21,0.36,-0.44,-0.66,-0.28,0.01,-0.06,0,0,-17.00
2010-10-20T04:00:00,0.54,-0.55,0.1,0.39,-0.4,-0.74,-0.26,0.06,0.01,0,0,-16.00
2010-10-20T05:00:00,0.55,-0.67,0.05,0.4,-0.42,-0.91,-0.3,0.06,-0.04,0,0,-15.00
2010-10-20T06:00:00,0.6,-0.3,0.31,0.46,-0.33,-0.54,-0.28,0.1,0.04,0,0,-13.00
2010-10-20T07:00:00,0.59,-0.23,0.56,0.46,-0.4,-0.39,-0.32,0.11,-0.03,0,0,-11.00
2010-10-20T08:00:00,0.61,-0.57,0.1,0.45,-0.57,-1.08,-0.3,0.06,-0.03,0,0,-8.00
2010-10-20T09:00:00,0.62,-0.42,0.04,0.39,-0.1,-1.16,-0.28,0.05,0.01,0,0,-13.00
2010-10-20T10:00:00,0.54,-0.58,-0.13,0.28,-0.12,-1.56,-0.32,-0.01,-0.05,0,0,-14.00
2010-10-20T11:00:00,0.72,-0.75,-0.02,0.22,0.52,-0.5,-0.2,-0.04,-0.09,0,0,-8.00
2010-10-20T12:00:00,0.85,-0.57,0.23,0.38,-0.11,-0.84,-0.34,-0.08,-0.11,0,0,-6.00
2010-10-20T13:00:00,0.83,-0.57,0.38,0.4,-0.15,-0.59,-0.39,-0.16,-0.13,0,0,-8.00
2010-10-20T14:00:00,0.72,-0.49,0.56,0.43,-0.11,0.01,-0.42,-0.15,-0.13,0,0,-14.00
2010-10-20T15:00:00,0.74,-0.47,0.45,0.43,-0.23,0.13,-0.45,-0.23,-0.14,0,0,-10.00
2010-10-20T16:00:00,0.69,-0.54,0.36,0.43,-0.29,0.29,-0.4,-0.18,-0.12,0,0,-7.00
2010-10-20T17:00:00,0.56,-0.67,0.22,0.31,-0.37,0.1,1.13,-0.14,0.11,0,0,-5.00
2010-10-20T18:00:00,0.54,-0.69,0.25,0.42,-0.37,0.33,-0.42,-0.08,-0.1,0,0,-4.00
2010-10-20T19:00:00,0.43,-0.82,0.2,0.33,-0.49,0.15,-0.4,-0.17,-0.12,0,0,-5.00
2010-10-20T20:00:00,0.65,-0.71,0.04,0.5,-0.45,-0.14,-0.37,-0.13,-0.11,0,0,-9.00
2010-10-20T21:00:00,0.8,-0.63,-0.11,0.61,-0.41,-0.34,-0.36,-0.18,-0.13,0,0,-10.00
2010-10-20T22:00:00,0.43,-0.58,0.03,0.66,-0.38,-0.38,-0.14,-0.29,-0.06,0,0,-8.00
2010-10-20T23:00:00,0.58,-0.52,0.02,0.73,-0.43,-0.44,-0.01,-0.28,-0.06,0,0,-10.00
2010-10-21T00:00:00,0.26,-0.67,0.2,0.71,-0.57,-0.37,0.04,-0.28,-0.04,0,0,-11.00
2010-10-21T01:00:00,-0.57,-0.53,0.51,0.53,-0.4,0.09,-0.08,-0.4,-0.14,0,0,-14.00
2010-10-21T02:00:00,-0.58,-0.13,0.73,0.61,0.04,0.32,-0.04,-0.39,-0.14,0,0,-11.00
2010-10-21T03:00:00,-0.73,-0.62,0.45,0.66,-0.4,-0.2,-0.2,-0.41,-0.15,0,0,-6.00
2010-10-21T04:00:00,-0.6,-0.9,0.2,0.77,-0.45,0.01,-0.28,-0.4,-0.16,0,0,-3.00
2010-10-21T05:00:00,-0.47,-0.52,0.62,0.77,-0.43,0.51,-0.06,-0.4,-0.14,0,0,-4.00
2010-10-21T06:00:00,-0.44,-0.29,0.67,0.82,-0.37,0.61,-0.16,-0.42,-0.14,0,0,-5.00
2010-10-21T07:00:00,-0.4,-0.49,0.52,0.89,-0.26,0.32,-0.3,-0.4,-0.14,0,0,-4.00
2010-10-21T08:00:00,-0.25,-0.57,0.35,0.88,-0.32,0.26,-0.33,-0.37,-0.11,0,0,-7.00
2010-10-21T09:00:00,0.65,0.36,0.4,1.01,0.67,0.05,-0.3,-0.35,-0.13,0,0,-8.00
2010-10-21T10:00:00,0.43,0.3,0.6,0.9,0.5,0.14,-0.24,-0.33,-0.12,0,0,-10.00
2010-10-21T11:00:00,0.59,0.54,0.3,0.94,0.77,-0.14,-0.25,-0.33,-0.12,0,0,-9.00
2010-10-21T12:00:00,0.7,0.46,0.18,1.0,0.72,-0.13,-0.24,-0.29,-0.11,0,0,-6.00
2010-10-21T13:00:00,0.76,-0.25,-0.03,1.05,-0.18,-0.27,-0.24,-0.25,-0.09,0,0,-4.00
2010-10-21T14:00:00,0.75,-0.07,-0.07,1.1,0.02,-0.42,-0.18,-0.28,-0.08,0,0,-6.00
2010-10-21T15:00:00,0.71,0.33,0.07,1.07,0.67,-0.04,-0.21,-0.23,-0.08,0,0,-9.00
2010-10-21T16:00:00,0.67,0.03,-0.18,1.07,0.22,-0.3,-0.2,-0.27,-0.07,0,0,-11.00
2010-10-21T17:00:00,0.6,-0.38,0.24,1.07,-0.41,0.73,-0.2,-0.3,-0.08,0,0,-9.00
2010-10-21T18:00:00,0.44,-0.49,0.45,1.0,-0.52,0.87,-0.28,-0.37,-0.12,0,0,-9.00
2010-10-21T19:00:00,0.03,-0.71,-0.04,0.89,-0.61,0.17,-0.19,-0.48,-0.14,0,0,-8.00
2010-10-21T20:00:00,0.24,0.12,0.53,0.91,0.12,0.44,-0.12,-0.46,-0.1,0,0,-9.00
2010-10-21T21:00:00,-0.07,-0.27,0.44,0.84,-0.27,0.41,0.07,-0.45,-0.03,0,0,-9.00
2010-10-21T22:00:00,-0.03,-0.47,0.03,0.86,-0.46,0.07,0.11,-0.45,0.02,0,0,-9.00
2010-10-21T23:00:00,-0.16,-0.11,0.52,0.84,-0.23,0.51,0.09,-0.44,-0.05,0,0,-6.00
2010-10-22T00:00:00,-0.12,0.05,0.5,0.8,-0.1,0.74,0.93,-0.41,0.14,0,0,-4.00
2010-10-22T01:00:00,0.47,0.29,-0.06,0.93,-0.16,-0.04,0.27,-0.34,0.06,0,0,-2.00
2010-10-22T02:00:00,0.14,-0.16,-0.19,0.91,-0.47,-0.07,0.34,-0.35,0.43,0,0,3.00
2010-10-22T03:00:00,0.24,-0.26,-0.09,0.96,-0.58,-0.03,0.41,-0.33,0.44,0,0,3.00
2010-10-22T04:00:00,0.12,-0.05,0.03,0.98,-0.53,0.1,0.46,-0.32,6.27,0,0,0.00
2010-10-22T05:00:00,0.32,-0.11,-0.22,0.99,-0.51,0.14,0.35,-0.33,0.21,0,0,-2.00
2010-10-22T06:00:00,0.39,-0.12,-0.24,1.06,-0.57,0.08,0.34,-0.32,0.13,0,0,-2.00
2010-10-22T07:00:00,0.32,-0.2,-0.32,1.04,-0.7,0.1,0.44,-0.32,0.1,0,0,-2.00
2010-10-22T08:00:00,0.79,-0.55,-0.06,1.09,-1.23,0.39,0.64,-0.35,-0.08,1,0,-6.00
2010-10-22T09:00:00,1.07,-0.82,-0.12,1.14,-1.64,0.54,0.55,-0.45,-0.16,1,0,-5.00
2010-10-22T10:00:00,1.24,-0.95,0.11,0.97,-1.48,0.85,0.76,-0.49,-0.17,1,0,-1.00
2010-10-22T11:00:00,1.09,-0.76,-0.18,1.04,-1.13,1.02,0.55,-0.4,-0.15,1,0,-1.00
2010-10-22T12:00:00,0.52,-0.25,0.67,0.77,-1.0,0.85,0.47,-0.25,-0.04,1,0,2.00
2010-10-22T13:00:00,0.63,-0.52,0.65,0.82,-1.41,0.62,0.59,-0.23,-0.07,1,0,2.00
2010-10-22T14:00:00,1.02,-0.53,0.34,0.68,-1.3,0.25,0.49,-0.21,-0.09,1,0,-2.00
2010-10-22T15:00:00,0.96,-0.4,0.79,0.36,-0.92,1.47,0.25,-0.19,-0.12,1,0,-2.00
2010-10-22T16:00:00,0.57,-0.34,1.19,0.23,-0.54,1.37,-0.12,-0.31,-0.16,1,0,-2.00
2010-10-22T17:00:00,0.9,-0.45,1.14,0.12,-0.49,1.26,-0.26,-0.32,-0.17,1,0,-6.00
2010-10-22T18:00:00,0.96,-0.44,1.16,0.06,-0.31,2.14,-0.19,-0.33,-0.17,1,0,-7.00
2010-10-22T19:00:00,0.74,-0.69,-0.04,-0.33,0.37,1.97,-0.11,0.25,-0.02,1,0,-8.00
2010-10-22T20:00:00,0.98,-0.7,-0.16,-0.39,0.63,2.32,0.18,0.42,-0.01,1,0,-8.00
2010-10-22T21:00:00,1.21,-0.7,0.03,-0.52,0.29,2.06,0.13,0.1,-0.1,1,0,-6.00
2010-10-22T22:00:00,1.53,-0.49,0.22,-0.51,0.64,2.2,0.14,0.08,-0.12,1,0,-6.00
2010-10-22T23:00:00,1.5,-0.43,-0.23,-0.38,0.81,2.19,0.15,0.0,-0.13,1,0,-14.00
2010-10-23T00:00:00,1.36,-0.56,-0.46,-0.4,0.85,1.86,-0.05,-0.1,-0.15,1,0,-18.00
2010-10-23T01:00:00,0.81,-0.68,-0.32,-0.49,0.48,0.74,-0.02,0.55,0.0,1,0,-18.00
2010-10-23T02:00:00,0.85,-0.37,0.16,-0.94,1.56,-0.29,0.12,1.01,0.29,1,0,-13.00
2010-10-23T03:00:00,1.08,-0.07,-0.3,-0.91,0.92,-0.22,0.05,0.59,0.02,1,0,-7.00
2010-10-23T04:00:00,1.04,-0.57,-0.14,-1.06,0.27,-0.34,0.01,0.47,-0.02,1,0,-1.00
2010-10-23T05:00:00,1.29,-0.41,0.18,-0.94,0.46,-0.39,0.05,0.24,-0.08,1,0,1.00
2010-10-23T06:00:00,1.13,-0.75,0.03,-0.94,0.05,-0.69,-0.03,0.25,-0.09,1,0,-4.00
2010-10-23T07:00:00,1.16,-1.01,-0.11,-1.07,0.1,-1.18,0.02,0.17,-0.12,1,0,-9.00
2010-10-23T08:00:00,1.22,-0.37,0.42,-1.17,1.16,0.07,0.05,0.32,-0.07,1,0,-9.00
2010-10-23T09:00:00,0.86,-0.0,0.31,-1.41,1.68,-0.24,0.1,0.72,0.21,1,0,-9.00
2010-10-23T10:00:00,1.07,-0.15,0.18,-1.38,1.84,-0.62,0.23,0.93,0.17,1,0,-13.00
2010-10-23T11:00:00,0.86,-0.6,-0.56,-1.47,1.16,-1.68,0.11,0.78,0.02,1,0,-14.00
2010-10-23T12:00:00,0.87,-0.76,0.28,-1.45,0.81,-0.37,-0.0,0.79,0.03,1,0,-15.00
2010-10-23T13:00:00,0.31,0.1,0.65,-1.7,1.66,0.11,0.03,0.79,0.35,1,0,-11.00
2010-10-23T14:00:00,0.56,-0.6,0.21,-1.65,0.62,-0.85,-0.09,0.98,0.28,1,0,-20.00
2010-10-23T15:00:00,0.49,-0.25,0.71,-1.66,1.33,0.35,-0.19,0.87,0.11,1,0,-18.00
2010-10-23T16:00:00,0.48,-0.1,0.7,-1.56,1.25,0.34,-0.26,0.62,0.06,1,0,-21.00
2010-10-23T17:00:00,0.37,-0.5,0.67,-1.61,0.59,0.38,-0.22,0.65,0.06,1,0,-25.00
2010-10-23T18:00:00,0.9,-0.38,0.07,-1.41,1.01,-0.85,-0.28,0.43,-0.01,1,0,-21.00
2010-10-23T19:00:00,0.95,-0.44,-0.04,-1.46,1.25,-0.18,-0.32,0.27,-0.07,1,0,-21.00
2010-10-23T20:00:00,0.78,-0.48,-0.28,-1.54,0.79,-0.59,-0.38,0.29,-0.07,1,0,-24.00
2010-10-23T21:00:00,0.86,-0.45,-0.0,-1.48,0.64,-0.31,-0.42,0.18,-0.08,1,0,-30.00
2010-10-23T22:00:00,0.79,-0.6,0.51,-1.48,0.42,0.95,-0.46,0.06,-0.12,1,0,-39.00
2010-10-23T23:00:00,0.82,-0.59,-0.03,-1.46,0.21,-0.27,-0.49,-0.02,-0.12,1,0,-41.00
2010-10-24T00:00:00,0.87,-0.51,-0.06,-1.35,0.2,-0.66,-0.52,-0.13,-0.14,1,0,-35.00
2010-10-24T01:00:00,0.98,-0.38,-0.16,-1.25,0.39,-1.09,-0.56,-0.2,-0.15,1,0,-28.00
2010-10-24T02:00:00,0.68,-0.27,-0.36,-1.38,0.18,-1.48,-0.58,-0.14,-0.13,1,0,-30.00
2010-10-24T03:00:00,0.35,-0.14,-0.36,-1.52,0.11,-1.61,-0.59,0.06,-0.03,1,0,-26.00
2010-10-24T04:00:00,0.68,-0.29,0.12,-1.28,-0.48,-0.47,-0.53,0.43,0.02,1,0,-25.00
2010-10-24T05:00:00,0.86,-0.17,-0.12,-1.15,0.17,-1.18,-0.49,0.29,-0.06,1,0,-33.00
2010-10-24T06:00:00,0.41,-0.32,0.36,-1.55,-0.11,-0.25,-0.46,0.66,0.21,1,0,-31.00
2010-10-24T07:00:00,0.44,0.57,-0.1,-1.54,1.4,-1.29,-0.45,0.62,0.07,1,0,-26.00
2010-10-24T08:00:00,0.2,0.55,0.44,-1.63,1.57,-0.13,-0.5,0.56,0.04,1,0,-25.00
2010-10-24T09:00:00,0.26,0.48,-0.38,-1.67,1.5,-1.59,-0.48,0.67,0.05,1,0,-22.00
2010-10-24T10:00:00,0.33,0.26,-0.17,-1.62,0.82,-1.46,-0.5,0.72,0.36,1,0,-19.00
2010-10-24T11:00:00,0.76,-0.26,0.11,-1.43,0.18,-0.61,-0.5,0.37,-0.01,1,0,-28.00
2010-10-24T12:00:00,0.63,-0.37,0.2,-1.48,-0.07,-0.58,-0.55,0.35,-0.01,1,0,-31.00
2010-10-24T13:00:00,0.34,-0.58,0.38,-1.7,-0.2,-0.1,-0.58,0.49,-0.01,1,0,-31.00
2010-10-24T14:00:00,0.67,-0.5,0.22,-1.48,0.09,-0.31,-0.59,0.29,-0.07,1,0,-24.00
2010-10-24T15:00:00,0.56,-0.46,0.5,-1.69,0.54,0.11,-0.64,0.6,-0.06,1,0,-23.00
2010-10-24T16:00:00,0.56,-0.39,-0.1,-1.67,0.83,-1.04,-0.63,0.65,0.03,1,0,-26.00
2010-10-24T17:00:00,0.49,-0.48,0.11,-1.65,0.65,-0.68,-0.68,0.33,-0.04,1,0,-22.00
2010-10-24T18:00:00,0.61,-0.5,0.16,-1.65,0.96,-0.61,-0.61,0.6,-0.02,1,0,-21.00
2010-10-24T19:00:00,0.69,-0.46,-0.19,-1.58,1.05,-1.14,-0.63,0.38,-0.08,1,0,-25.00
2010-10-24T20:00:00,0.53,-0.47,0.15,-1.58,0.93,-0.3,-0.65,0.93,0.05,1,0,-25.00
2010-10-24T21:00:00,-0.06,-0.48,0.15,-1.74,0.68,-0.42,-0.65,0.99,0.34,1,0,-26.00
2010-10-24T22:00:00,-0.34,-0.23,0.19,-1.85,0.62,-0.35,-0.67,0.46,0.24,1,0,-23.00
2010-10-24T23:00:00,0.07,-0.67,0.26,-1.42,-0.37,0.41,-0.69,0.31,-0.06,1,0,-23.00
2010-10-25T00:00:00,0.39,-0.6,0.39,-1.16,-0.1,1.01,-0.69,0.07,-0.12,1,0,-23.00
2010-10-25T01:00:00,0.45,-0.54,0.25,-1.07,-0.21,0.52,-0.68,-0.06,-0.11,1,0,-22.00
2010-10-25T02:00:00,0.52,-0.55,-0.08,-1.06,-0.06,-0.54,-0.63,0.08,-0.09,1,0,-14.00
2010-10-25T03:00:00,0.31,-0.54,0.3,-1.17,-0.06,0.18,-0.58,0.18,-0.03,1,0,-7.00
2010-10-25T04:00:00,0.4,-0.19,0.56,-1.05,0.37,1.03,-0.62,0.12,-0.07,1,0,-8.00
2010-10-25T05:00:00,0.21,-0.25,0.56,-1.24,0.05,0.81,-0.59,0.16,-0.03,1,0,-13.00
2010-10-25T06:00:00,0.45,0.16,0.28,-1.07,0.85,0.13,-0.6,0.18,0.06,1,0,-16.00
2010-10-25T07:00:00,0.08,-0.62,0.42,-1.25,-0.62,0.64,-0.6,0.25,-0.05,1,0,-18.00
2010-10-25T08:00:00,0.49,-0.33,0.19,-1.04,-0.26,0.15,-0.57,0.18,0.03,1,0,-19.00
2010-10-25T09:00:00,0.26,-0.55,0.03,-1.2,-0.55,-0.28,-0.56,0.4,0.09,1,0,-18.00
2010-10-25T10:00:00,0.42,-0.41,0.31,-1.17,-0.2,0.16,-0.6,0.32,0.02,1,0,-18.00
2010-10-25T11:00:00,0.2,-0.31,-0.16,-1.4,0.18,-0.8,-0.62,0.56,0.32,1,0,-16.00
2010-10-25T12:00:00,0.02,-0.33,0.07,-1.47,0.03,-0.48,-0.65,0.82,0.92,1,0,-16.00
2010-10-25T13:00:00,-0.14,-0.54,0.51,-1.62,-0.3,0.88,-0.73,0.2,-0.1,0,0,-14.00
2010-10-25T14:00:00,-0.03,-0.68,0.26,-1.56,-0.58,0.17,-0.7,0.32,-0.07,0,0,-20.00
2010-10-25T15:00:00,0.05,-0.59,0.37,-1.51,-0.56,0.58,-0.68,0.39,-0.04,0,0,-19.00
2010-10-25T16:00:00,0.22,-0.47,0.4,-1.32,-0.21,0.82,-0.69,0.22,-0.05,0,0,-18.00
2010-10-25T17:00:00,0.1,-0.58,0.09,-1.43,-0.64,-0.02,-0.7,0.27,-0.01,0,0,-19.00
2010-10-25T18:00:00,0.12,-0.44,0.26,-1.42,-0.24,0.43,-0.7,0.26,0.05,0,0,-21.00
2010-10-25T19:00:00,0.23,-0.23,0.51,-1.32,0.23,1.23,-0.69,0.38,-0.01,0,0,-22.00
2010-10-25T20:00:00,0.11,-0.44,0.43,-1.33,-0.29,1.29,-0.7,0.34,-0.02,0,0,-28.00
2010-10-25T21:00:00,0.39,-0.31,0.16,-1.1,0.05,0.54,-0.66,0.2,0.06,0,0,-25.00
2010-10-25T22:00:00,0.44,0.02,0.17,-1.12,0.8,0.55,-0.67,0.45,0.2,0,0,-25.00
2010-10-25T23:00:00,0.15,-0.45,-0.06,-1.3,-0.24,-0.16,-0.67,0.28,0.09,0,0,-26.00
2010-10-26T00:00:00,-0.04,-0.57,-0.02,-1.43,-0.41,0.11,-0.67,0.25,0.01,0,0,-27.00
2010-10-26T01:00:00,0.37,-0.47,0.21,-1.2,-0.25,0.7,-0.65,0.28,0.0,0,0,-23.00
2010-10-26T02:00:00,0.43,-0.38,0.13,-1.13,-0.13,0.44,0.49,0.21,0.68,0,0,-18.00
2010-10-26T03:00:00,-0.04,-0.63,0.01,-1.46,-0.61,-0.0,-0.66,0.25,-0.03,0,0,-12.00
2010-10-26T04:00:00,0.2,-0.64,0.19,-1.29,-0.51,0.65,-0.66,0.2,-0.06,0,0,-9.00
2010-10-26T05:00:00,0.07,-0.66,0.35,-1.29,-0.27,0.68,-0.65,0.17,-0.08,0,0,-11.00
2010-10-26T06:00:00,0.1,-0.69,0.32,-1.27,-0.36,0.71,-0.62,0.31,-0.05,0,0,-13.00
2010-10-26T07:00:00,-0.18,-0.6,0.02,-1.42,-0.36,-0.26,-0.65,0.32,-0.0,0,0,-14.00
2010-10-26T08:00:00,0.14,-0.53,0.31,-1.21,-0.6,-0.33,0.05,0.28,0.37,0,0,-14.00
2010-10-26T09:00:00,-0.01,-0.44,0.2,-1.32,-0.16,0.24,-0.64,0.24,0.14,0,0,-17.00
2010-10-26T10:00:00,-0.03,-0.46,0.41,-1.33,-0.2,0.56,-0.65,0.18,-0.02,0,0,-14.00
2010-10-26T11:00:00,0.08,-0.37,0.21,-1.29,-0.4,0.01,-0.64,0.24,0.24,0,0,-12.00
2010-10-26T12:00:00,0.13,-0.3,0.34,-1.2,-1.35,0.04,-0.64,0.17,0.13,0,0,-11.00
2010-10-26T13:00:00,0.29,-0.1,0.3,-1.07,0.24,0.43,-0.62,0.16,0.22,0,0,-12.00
2010-10-26T14:00:00,0.58,0.15,0.08,-0.93,0.76,-0.02,-0.6,-0.06,-0.04,0,0,-14.00
2010-10-26T15:00:00,0.47,0.09,-0.03,-0.94,0.51,-0.45,-0.6,-0.02,0.05,0,0,-15.00
2010-10-26T16:00:00,0.24,-0.12,-0.36,-1.05,0.1,-1.35,-0.61,0.04,-0.02,0,0,-16.00
2010-10-26T17:00:00,0.46,0.17,-0.21,-0.93,0.7,-0.96,-0.66,-0.03,-0.06,0,0,-16.00
2010-10-26T18:00:00,0.6,0.18,0.06,-0.84,0.89,-0.1,-0.58,-0.04,-0.05,0,0,-21.00
2010-10-26T19:00:00,0.37,-0.32,0.1,-0.89,-0.26,-0.27,-0.62,-0.1,0.01,0,0,-27.00
2010-10-26T20:00:00,0.14,-0.53,0.17,-0.94,-0.57,0.07,-0.63,-0.02,-0.02,0,0,-30.00
2010-10-26T21:00:00,0.34,-0.19,0.37,-0.77,-0.04,0.71,-0.66,-0.07,-0.03,0,0,-29.00
2010-10-26T22:00:00,0.62,0.0,0.19,-0.62,0.43,0.33,-0.66,-0.25,-0.11,0,0,-25.00
2010-10-26T23:00:00,0.53,-0.16,0.13,-0.59,0.1,0.23,-0.68,-0.21,-0.09,0,0,-26.00
2010-10-27T00:00:00,0.39,-0.39,0.13,-0.6,-0.51,0.21,-0.69,-0.21,-0.09,0,0,-27.00
2010-10-27T01:00:00,0.53,-0.05,0.22,-0.6,-0.02,0.16,-0.65,-0.18,-0.07,0,0,-26.00
2010-10-27T02:00:00,0.2,-0.3,-0.06,-0.75,-0.42,-0.33,-0.65,-0.16,0.08,0,0,-21.00
2010-10-27T03:00:00,0.13,-0.41,0.03,-0.72,-0.57,-0.05,-0.65,-0.06,0.07,0,0,-18.00
2010-10-27T04:00:00,0.46,-0.32,0.06,-0.54,-0.34,-0.43,-0.62,-0.05,-0.03,0,0,-14.00
2010-10-27T05:00:00,0.29,-0.23,0.17,-0.62,-0.1,0.01,-0.66,-0.03,0.14,0,0,-13.00
2010-10-27T06:00:00,0.13,-0.36,0.09,-0.51,-0.72,0.21,-0.65,-0.01,0.16,0,0,-16.00
2010-10-27T07:00:00,-0.2,-0.35,0.29,-0.75,-0.62,0.51,-0.65,-0.15,-0.02,0,0,-16.00
2010-10-27T08:00:00,0.3,-0.15,0.25,-0.47,-0.21,0.46,-0.58,-0.03,0.19,0,0,-14.00
2010-10-27T09:00:00,0.23,-0.23,0.35,-0.48,-0.29,0.72,-0.6,-0.12,0.03,0,0,-16.00
2010-10-27T10:00:00,0.0,-0.31,0.46,-0.59,-0.23,0.85,-0.58,-0.17,-0.05,0,0,-17.00
2010-10-27T11:00:00,0.11,-0.41,0.18,-0.47,-0.44,0.27,-0.61,-0.15,0.03,0,0,-17.00
2010-10-27T12:00:00,0.3,-0.22,0.16,-0.34,0.01,0.18,-0.57,-0.18,0.13,0,0,-14.00
2010-10-27T13:00:00,-0.07,-0.38,0.42,-0.49,-0.41,0.75,-0.61,-0.2,-0.07,0,0,-12.00
2010-10-27T14:00:00,-0.1,-0.25,0.48,-0.49,-0.31,1.03,-0.62,-0.28,-0.09,0,0,-12.00
2010-10-27T15:00:00,-0.03,-0.3,0.37,-0.39,-0.33,0.99,-0.62,-0.26,-0.04,0,0,-13.00
2010-10-27T16:00:00,0.45,0.14,0.32,-0.18,0.44,0.47,-0.5,-0.17,-0.03,0,0,-12.00
2010-10-27T17:00:00,0.45,-0.01,0.09,-0.19,0.28,0.39,-0.48,-0.19,0.08,0,0,-14.00
2010-10-27T18:00:00,0.27,-0.15,0.32,-0.25,0.08,0.78,-0.5,-0.15,0.11,0,0,-15.00
2010-10-27T19:00:00,0.12,-0.36,0.27,-0.33,-0.29,0.83,-0.53,-0.17,0.07,0,0,-16.00
2010-10-27T20:00:00,0.31,-0.13,0.39,-0.16,0.16,1.17,-0.47,-0.25,-0.0,0,0,-18.00
2010-10-27T21:00:00,0.12,-0.45,0.44,-0.21,-0.21,1.3,-0.57,-0.29,-0.11,0,0,-22.00
2010-10-27T22:00:00,0.25,-0.45,0.35,-0.14,-0.32,1.23,-0.55,-0.27,-0.09,0,0,-21.00
2010-10-27T23:00:00,0.2,-0.35,0.31,-0.18,-0.36,1.04,-0.55,-0.26,-0.03,0,0,-18.00
2010-10-28T00:00:00,0.29,-0.35,0.31,-0.08,-0.2,0.77,-0.55,-0.3,-0.07,0,0,-17.00
2010-10-28T01:00:00,0.32,-0.2,0.3,-0.02,0.04,0.59,-0.51,-0.29,-0.0,0,0,-17.00
2010-10-28T02:00:00,0.27,-0.41,0.27,-0.01,-0.37,0.6,-0.57,-0.26,-0.06,0,0,-16.00
2010-10-28T03:00:00,0.4,-0.38,0.13,0.11,-0.4,0.22,-0.57,-0.28,-0.07,0,0,-13.00
2010-10-28T04:00:00,0.39,-0.37,0.27,0.18,-0.47,0.5,-0.6,-0.33,-0.11,0,0,-10.00
2010-10-28T05:00:00,0.51,-0.16,0.11,0.26,0.09,0.21,-0.46,-0.37,-0.07,0,0,-10.00
2010-10-28T06:00:00,0.52,-0.05,0.19,0.3,0.3,0.28,-0.5,-0.38,-0.09,0,0,-12.00
2010-10-28T07:00:00,0.56,-0.13,0.1,0.35,0.2,0.19,-0.5,-0.34,-0.09,0,0,-13.00
2010-10-28T08:00:00,0.46,-0.16,-0.01,0.32,0.05,0.13,-0.54,-0.36,-0.07,0,0,-15.00
2010-10-28T09:00:00,0.5,0.09,0.03,0.35,0.3,-0.02,-0.5,-0.35,-0.07,0,0,-18.00
2010-10-28T10:00:00,0.55,-0.01,0.01,0.42,0.23,0.09,-0.49,-0.38,-0.09,0,0,-17.00
2010-10-28T11:00:00,0.51,-0.02,0.16,0.44,0.13,0.18,-0.48,-0.39,-0.08,0,0,-17.00
2010-10-28T12:00:00,0.55,-0.01,0.1,0.48,0.2,0.03,-0.47,-0.41,-0.1,0,0,-15.00
2010-10-28T13:00:00,0.47,-0.13,0.05,0.48,-0.03,-0.13,-0.5,-0.42,-0.08,0,0,-14.00
2010-10-28T14:00:00,0.46,-0.12,0.1,0.48,-0.02,0.09,-0.5,-0.42,-0.08,0,0,-12.00
2010-10-28T15:00:00,0.36,-0.23,0.29,0.45,-0.21,0.35,-0.52,-0.41,-0.09,0,0,-14.00
2010-10-28T16:00:00,0.26,-0.41,0.2,0.42,-0.4,0.24,-0.58,-0.4,-0.1,0,0,-14.00
2010-10-28T17:00:00,0.5,-0.23,0.13,0.57,0.01,0.14,-0.47,-0.37,-0.09,0,0,-14.00
2010-10-28T18:00:00,0.47,-0.29,0.18,0.57,-0.12,0.16,-0.49,-0.39,-0.1,0,0,-11.00
2010-10-28T19:00:00,0.47,-0.24,0.08,0.59,-0.18,-0.17,-0.47,-0.37,-0.07,0,0,-11.00
2010-10-28T20:00:00,0.45,-0.17,0.33,0.62,-0.19,0.31,-0.53,-0.35,-0.1,0,0,-14.00
2010-10-28T21:00:00,0.42,-0.11,0.33,0.62,-0.05,0.2,-0.46,-0.33,-0.06,0,0,-15.00
2010-10-28T22:00:00,0.34,-0.21,0.29,0.56,-0.15,0.14,-0.48,-0.35,-0.04,0,0,-16.00
2010-10-28T23:00:00,0.26,-0.29,-0.09,0.53,-0.31,-0.61,-0.48,-0.33,0.01,0,0,-15.00
2010-10-29T00:00:00,0.18,-0.25,-0.25,0.51,-0.21,-1.03,-0.47,-0.38,-0.06,0,0,-14.00
2010-10-29T01:00:00,0.25,-0.1,-0.25,0.58,0.01,-0.89,-0.46,-0.35,-0.03,0,0,-13.00
2010-10-29T02:00:00,0.14,-0.24,-0.11,0.56,0.57,0.0,0.48,-0.38,0.52,0,0,-16.00
2010-10-29T03:00:00,0.36,-0.39,0.26,0.71,-1.05,3.11,1.11,-0.4,0.16,0,0,-16.00
2010-10-29T04:00:00,0.34,-0.32,0.34,0.73,-0.99,0.66,-0.48,-0.42,-0.11,0,0,-16.00
2010-10-29T05:00:00,0.53,-0.09,0.06,0.82,-0.11,-0.25,-0.43,-0.41,-0.08,0,0,-16.00
2010-10-29T06:00:00,0.57,-0.06,0.26,0.88,-0.05,0.21,-0.43,-0.42,-0.12,0,0,-13.00
2010-10-29T07:00:00,0.51,0.41,0.17,0.79,0.73,-0.13,-0.45,-0.45,-0.14,0,0,-10.00
2010-10-29T08:00:00,0.43,0.01,0.48,0.79,0.12,0.62,-0.45,-0.48,-0.15,0,0,-9.00
2010-10-29T09:00:00,0.54,-0.26,0.47,0.86,-0.34,0.68,-0.44,-0.5,-0.16,0,0,-7.00
2010-10-29T10:00:00,0.63,-0.45,-0.03,0.91,-0.65,-0.34,-0.43,-0.49,-0.16,0,0,-8.00
2010-10-29T11:00:00,0.54,-0.29,-0.29,0.94,-0.49,-0.85,-0.49,-0.5,-0.16,0,0,-9.00
2010-10-29T12:00:00,0.31,-0.27,-0.25,0.87,-0.45,-0.73,-0.47,-0.46,-0.12,0,0,-8.00
2010-10-29T13:00:00,0.47,-0.26,0.27,0.78,-0.74,1.44,1.21,-0.4,0.17,0,0,-9.00
2010-10-29T14:00:00,0.47,-0.32,0.33,0.89,-0.71,1.0,1.28,-0.48,0.01,0,0,-10.00
2010-10-29T15:00:00,0.5,-0.35,0.28,0.95,-0.5,0.32,-0.43,-0.48,-0.14,0,0,-12.00
2010-10-29T16:00:00,0.54,-0.32,0.21,0.94,-0.49,0.36,-0.34,-0.44,-0.12,0,0,-12.00
2010-10-29T17:00:00,0.55,-0.32,0.12,0.97,-0.48,0.19,-0.33,-0.43,-0.11,0,0,-11.00
2010-10-29T18:00:00,0.51,-0.37,0.04,0.98,-0.53,0.05,-0.33,-0.44,-0.11,0,0,-12.00
2010-10-29T19:00:00,0.47,-0.4,0.12,0.98,-0.47,0.28,-0.37,-0.44,-0.11,0,0,-13.00
2010-10-29T20:00:00,0.45,-0.41,0.14,1.0,-0.41,0.35,-0.38,-0.46,-0.13,0,0,-16.00
2010-10-29T21:00:00,0.53,-0.3,0.08,1.05,-0.44,0.35,-0.33,-0.46,-0.12,0,0,-18.00
2010-10-29T22:00:00,0.53,-0.39,0.03,1.1,-0.44,0.2,-0.33,-0.49,-0.14,0,0,-18.00
2010-10-29T23:00:00,0.36,-0.5,0.23,1.06,-0.6,0.42,-0.38,-0.54,-0.16,0,0,-16.00
2010-10-30T00:00:00,0.43,-0.47,0.22,1.1,-0.58,0.34,-0.38,-0.52,-0.15,0,0,-16.00
2010-10-30T01:00:00,0.5,-0.38,0.24,1.11,-0.44,0.51,-0.31,-0.5,-0.14,0,0,-16.00
2010-10-30T02:00:00,0.63,-0.11,0.19,1.17,-0.2,0.29,-0.25,-0.48,-0.13,0,0,-14.00
2010-10-30T03:00:00,0.55,-0.29,0.2,1.16,-0.41,0.29,-0.32,-0.48,-0.13,0,0,-13.00
2010-10-30T04:00:00,0.55,-0.28,0.18,1.17,-0.48,0.37,-0.28,-0.48,-0.13,0,0,-10.00
2010-10-30T05:00:00,0.53,-0.28,0.25,1.19,-0.52,0.41,-0.3,-0.51,-0.14,0,0,-8.00
2010-10-30T06:00:00,0.41,-0.36,0.25,1.16,-0.52,0.33,-0.26,-0.5,-0.12,0,0,-7.00
2010-10-30T07:00:00,0.45,-0.23,0.26,1.14,-0.38,0.33,-0.2,-0.45,-0.08,0,0,-6.00
2010-10-30T08:00:00,0.54,-0.12,0.24,1.16,-0.31,0.57,-0.18,-0.42,-0.07,0,0,-6.00
2010-10-30T09:00:00,0.31,-0.37,0.4,0.98,0.01,0.56,0.16,-0.39,-0.03,0,0,-8.00
2010-10-30T10:00:00,0.08,-0.52,0.32,0.83,0.17,0.59,0.43,-0.36,0.05,0,0,-9.00
2010-10-30T11:00:00,0.45,-0.31,0.11,0.95,0.16,0.53,0.62,-0.11,0.47,0,0,-4.00
2010-10-30T12:00:00,0.54,-0.17,0.24,0.95,0.27,0.64,0.68,-0.07,0.41,0,0,1.00
2010-10-30T13:00:00,0.6,-0.07,0.15,0.97,0.46,0.64,0.73,-0.21,0.26,0,0,1.00
2010-10-30T14:00:00,0.65,-0.2,0.12,0.84,0.26,0.49,0.64,-0.27,0.1,0,0,2.00
2010-10-30T15:00:00,0.71,-0.28,0.17,0.85,0.11,0.45,0.73,-0.27,0.05,0,0,6.00
2010-10-30T16:00:00,0.78,-0.31,0.33,0.87,0.02,0.63,0.9,-0.33,-0.03,0,0,6.00
2010-10-30T17:00:00,1.02,-0.14,0.37,0.9,-0.07,0.61,0.72,-0.41,-0.12,0,0,1.00
2010-10-30T18:00:00,0.82,-0.47,0.46,0.91,-0.2,0.66,0.71,-0.42,-0.11,0,0,1.00
2010-10-30T19:00:00,0.25,-0.73,0.45,0.92,-0.34,0.83,1.08,-0.44,-0.08,0,0,0.00
2010-10-30T20:00:00,-0.19,-0.58,0.31,0.9,-0.25,0.78,1.27,-0.45,0.01,0,0,-1.00
2010-10-30T21:00:00,-0.33,-0.31,0.24,0.91,-0.07,0.65,1.91,-0.46,0.26,0,0,-2.00
2010-10-30T22:00:00,0.13,-0.33,0.38,0.99,-0.14,0.77,2.24,-0.48,0.25,0,0,-1.00
2010-10-30T23:00:00,0.19,-0.35,0.32,1.0,-0.15,0.8,2.37,-0.48,0.32,0,0,2.00
2010-10-31T00:00:00,0.09,-0.21,0.2,0.97,-0.23,0.96,2.72,-0.5,1.47,0,0,6.00
2010-10-31T01:00:00,0.06,-0.21,0.17,0.97,-0.28,1.08,3.03,-0.51,1.72,0,0,8.00
2010-10-31T02:00:00,-0.03,-0.67,0.4,0.93,-0.28,1.1,2.79,-0.5,-0.01,0,0,9.00
2010-10-31T03:00:00,-0.84,-0.57,-0.0,1.06,-0.03,1.07,2.77,-0.52,-0.1,0,0,10.00
2010-10-31T04:00:00,-0.37,-0.32,0.08,1.12,0.01,0.96,2.52,-0.5,0.28,0,0,13.00
2010-10-31T05:00:00,0.44,-1.02,0.96,1.02,0.17,0.48,0.91,-0.53,-0.17,0,0,15.00
