2011-03-10T06:00:00,0.51,-0.64,-0.7,1.56,0.56,-0.93,0.97,-0.53,-0.16,0,0,-20.00
2011-03-10T07:00:00,-0.22,-1.25,-1.35,1.28,1.28,-1.84,1.68,-0.53,-0.18,1,0,-19.00
2011-03-10T08:00:00,0.45,-1.32,-1.26,1.33,0.85,-1.77,1.46,-0.53,-0.18,1,0,-25.00
2011-03-10T09:00:00,0.52,-1.33,-0.5,1.36,0.19,-1.38,2.16,-0.41,-0.13,1,0,-36.00
2011-03-10T10:00:00,0.89,-1.11,-0.74,1.43,0.34,-1.61,1.35,-0.49,-0.16,1,0,-36.00
2011-03-10T11:00:00,0.51,-1.2,-0.64,1.4,0.01,-1.53,1.54,-0.47,-0.15,1,0,-38.00
2011-03-10T12:00:00,-0.02,-1.4,-0.03,1.3,0.02,-1.0,1.53,-0.46,-0.14,1,0,-35.00
2011-03-10T13:00:00,0.38,-1.28,-0.24,1.35,0.09,-0.98,1.33,-0.39,-0.12,1,0,-39.00
2011-03-10T14:00:00,0.75,-0.95,-0.65,1.36,0.08,-0.93,1.36,-0.49,-0.16,1,0,-42.00
2011-03-10T15:00:00,0.87,-0.95,-0.81,1.21,-0.05,-0.54,0.67,-0.53,-0.18,1,0,-37.00
2011-03-10T16:00:00,0.93,-0.64,-0.98,1.21,0.29,-0.49,0.29,-0.52,-0.18,1,0,-33.00
2011-03-10T17:00:00,0.76,-0.85,-0.99,1.14,-0.08,-0.46,0.33,-0.49,-0.18,1,0,-36.00
2011-03-10T18:00:00,0.68,-0.67,-1.39,0.97,0.05,-0.6,0.79,-0.45,-0.17,1,0,-38.00
2011-03-10T19:00:00,0.21,-0.53,-1.41,0.85,-0.22,-0.54,1.05,-0.46,-0.17,1,0,-37.00
2011-03-10T20:00:00,0.04,-1.2,-0.3,0.92,-0.75,-0.65,1.94,-0.39,-0.09,1,0,-41.00
2011-03-10T21:00:00,0.41,-0.6,-0.61,0.98,-0.55,-0.68,3.04,-0.37,0.01,1,0,-55.00
2011-03-10T22:00:00,0.27,-0.45,-0.84,0.91,-0.11,-0.45,2.6,-0.28,0.0,1,0,-62.00
2011-03-10T23:00:00,0.38,-0.16,-1.12,0.92,0.67,0.11,1.78,-0.11,-0.05,1,0,-55.00
2011-03-11T00:00:00,0.33,-0.13,-1.13,0.9,0.27,0.54,1.19,-0.25,-0.11,1,0,-50.00
2011-03-11T01:00:00,0.21,0.79,-1.38,0.83,0.04,1.54,0.48,-0.38,-0.17,1,0,-50.00
2011-03-11T02:00:00,0.4,0.29,-1.27,0.78,0.58,1.9,0.59,-0.41,-0.16,1,0,-59.00
2011-03-11T03:00:00,0.37,0.33,-1.05,0.81,0.49,2.24,0.66,-0.4,-0.15,1,0,-63.00
2011-03-11T04:00:00,0.55,-0.17,-1.09,0.83,0.42,2.72,-0.08,-0.45,-0.18,1,0,-69.00
2011-03-11T05:00:00,0.37,-0.34,-0.98,0.83,0.59,2.68,-0.04,-0.35,-0.16,1,0,-77.00
2011-03-11T06:00:00,0.54,-0.72,-0.87,0.78,0.83,2.69,-0.37,-0.34,-0.17,1,0,-83.00
2011-03-11T07:00:00,0.68,-0.75,-0.7,0.73,1.04,2.15,-0.38,-0.4,-0.17,1,0,-80.00
2011-03-11T08:00:00,0.72,-0.25,-0.65,0.72,0.44,1.99,-0.29,-0.22,-0.14,1,0,-78.00
2011-03-11T09:00:00,0.67,-0.2,-0.65,0.69,0.37,1.6,-0.38,-0.18,-0.14,1,0,-74.00
2011-03-11T10:00:00,0.46,-0.23,-0.6,0.76,0.45,1.31,-0.34,-0.19,-0.12,1,0,-72.00
2011-03-11T11:00:00,0.27,-0.14,-0.53,0.83,0.32,0.46,-0.08,-0.3,-0.08,1,0,-67.00
2011-03-11T12:00:00,0.34,-0.13,-0.61,0.95,0.46,-0.14,-0.11,-0.45,-0.15,1,0,-62.00
2011-03-11T13:00:00,0.38,-0.18,-0.6,1.02,0.17,-0.11,-0.17,-0.44,-0.15,1,0,-58.00
2011-03-11T14:00:00,0.36,-0.3,-0.78,0.95,-0.26,-0.13,0.19,-0.41,-0.14,1,0,-52.00
2011-03-11T15:00:00,0.38,-0.56,-1.29,0.69,-0.57,-0.06,-0.0,-0.31,-0.17,1,0,-48.00
2011-03-11T16:00:00,-0.02,-0.08,-1.2,0.42,-1.3,-0.6,1.92,-0.27,-0.09,1,0,-42.00
2011-03-11T17:00:00,0.26,-1.59,-0.53,0.4,-0.93,-0.48,3.32,-0.34,-0.1,1,0,-44.00
2011-03-11T18:00:00,0.53,-1.72,-0.57,0.43,-0.98,-0.14,3.57,-0.26,-0.09,1,0,-50.00
2011-03-11T19:00:00,-0.36,0.43,-0.54,0.43,-0.88,-0.33,3.06,-0.19,0.26,1,0,-53.00
2011-03-11T20:00:00,-0.45,0.98,-0.19,0.46,-1.03,-1.53,1.75,-0.34,-0.06,1,0,-47.00
2011-03-11T21:00:00,-0.66,0.46,-0.19,0.16,0.45,-1.13,0.62,1.09,0.59,1,0,-52.00
2011-03-11T22:00:00,-0.85,1.25,-0.81,0.04,-0.04,-1.09,0.39,0.86,-0.06,1,0,-64.00
2011-03-11T23:00:00,-0.42,1.67,-0.37,-0.17,0.08,0.37,0.19,0.57,-0.1,1,0,-59.00
2011-03-12T00:00:00,-1.19,0.86,-0.31,0.01,0.28,1.24,0.48,1.22,0.05,1,0,-60.00
2011-03-12T01:00:00,-1.46,-0.26,0.07,0.14,0.82,1.35,0.44,0.91,0.03,1,0,-58.00
2011-03-12T02:00:00,-0.91,0.8,0.31,0.01,0.38,0.95,0.14,0.7,0.01,1,0,-53.00
2011-03-12T03:00:00,-0.8,1.24,0.17,-0.22,0.02,1.53,-0.09,0.4,-0.1,1,0,-47.00
2011-03-12T04:00:00,-1.26,0.32,0.25,-0.35,0.57,1.78,-0.18,0.05,-0.12,1,0,-43.00
2011-03-12T05:00:00,-0.77,0.37,0.42,-0.51,0.52,1.42,-0.3,0.25,-0.04,1,0,-43.00
2011-03-12T06:00:00,-0.83,0.17,0.44,-0.59,0.55,0.85,-0.38,0.19,-0.07,1,0,-45.00
2011-03-12T07:00:00,-0.94,-0.02,0.39,-0.55,0.7,0.67,-0.51,-0.08,-0.13,1,0,-45.00
2011-03-12T08:00:00,-0.87,0.1,0.38,-0.61,0.45,0.39,-0.54,-0.12,-0.13,1,0,-44.00
2011-03-12T09:00:00,-0.83,0.45,0.02,-0.67,-0.25,1.37,-0.56,-0.12,-0.14,1,0,-45.00
2011-03-12T10:00:00,-0.91,0.29,0.18,-0.55,0.29,0.96,-0.54,-0.21,-0.15,1,0,-40.00
2011-03-12T11:00:00,-0.86,0.33,0.27,-0.51,0.28,0.46,-0.53,-0.19,-0.14,1,0,-37.00
2011-03-12T12:00:00,-0.89,0.3,0.24,-0.49,0.56,0.68,-0.47,-0.15,-0.13,1,0,-37.00
2011-03-12T13:00:00,-0.92,0.14,0.47,-0.41,0.79,-0.09,-0.54,-0.21,-0.15,1,0,-40.00
2011-03-12T14:00:00,-0.89,0.34,0.4,-0.39,0.44,0.09,-0.5,-0.17,-0.14,1,0,-35.00
2011-03-12T15:00:00,-0.59,0.43,0.35,-0.53,0.07,0.08,-0.38,0.35,0.01,1,0,-30.00
2011-03-12T16:00:00,-0.46,0.62,0.01,-0.6,-0.15,0.68,-0.37,0.26,0.0,1,0,-26.00
2011-03-12T17:00:00,-0.35,0.42,-0.08,-0.69,0.25,0.67,-0.34,0.4,0.22,1,0,-22.00
2011-03-12T18:00:00,-0.34,0.41,-0.11,-0.72,0.28,0.63,-0.33,0.47,0.27,1,0,-21.00
2011-03-12T19:00:00,-0.22,0.24,-0.36,-0.75,0.36,0.84,-0.35,0.36,0.18,1,0,-21.00
2011-03-12T20:00:00,-0.24,0.26,0.09,-0.75,0.19,0.14,-0.36,0.51,0.96,1,0,-25.00
2011-03-12T21:00:00,-0.4,-0.08,0.14,-0.76,0.2,0.17,-0.34,0.59,0.81,1,0,-28.00
2011-03-12T22:00:00,-0.21,0.27,0.36,-0.76,-0.07,-0.17,-0.32,0.44,0.45,1,0,-32.00
2011-03-12T23:00:00,-0.16,0.14,0.33,-0.76,-0.27,-0.19,-0.28,0.31,0.81,1,0,-27.00
2011-03-13T00:00:00,-0.37,-0.13,0.39,-0.67,-0.13,-0.09,-0.24,0.4,0.38,1,0,-20.00
2011-03-13T01:00:00,-0.49,-0.21,0.13,-0.56,0.04,0.05,-0.27,0.33,0.35,1,0,-21.00
2011-03-13T02:00:00,0.01,-0.12,0.51,-0.66,-0.09,-0.57,-0.3,0.43,0.37,1,0,-23.00
2011-03-13T03:00:00,-0.03,0.09,0.39,-0.73,-0.35,-0.51,-0.29,0.27,0.66,1,0,-24.00
2011-03-13T04:00:00,0.23,-0.41,0.4,-0.79,0.07,-0.76,-0.27,0.24,0.19,1,0,-22.00
2011-03-13T05:00:00,0.16,-0.75,0.44,-0.77,0.13,-0.45,-0.44,0.11,-0.07,1,0,-20.00
2011-03-13T06:00:00,-0.06,-0.24,0.67,-0.74,-0.02,-0.29,-0.45,0.29,0.01,1,0,-18.00
2011-03-13T07:00:00,-0.27,0.33,0.42,-0.65,-0.07,-0.44,-0.43,0.37,0.14,1,0,-18.00
2011-03-13T08:00:00,0.06,0.4,0.37,-0.8,0.15,-0.19,-0.4,0.28,0.19,1,0,-15.00
2011-03-13T09:00:00,0.01,0.17,0.61,-0.84,0.13,-0.56,-0.36,0.21,0.07,1,0,-14.00
2011-03-13T10:00:00,-0.34,-0.24,-0.01,-0.69,0.5,0.22,-0.35,0.3,0.56,1,0,-13.00
2011-03-13T11:00:00,-0.04,-0.08,0.5,-0.77,0.57,-0.18,-0.34,0.28,0.3,1,0,-12.00
2011-03-13T12:00:00,-0.52,0.48,0.21,-0.69,-0.02,0.13,-0.37,0.44,0.07,1,0,-14.00
2011-03-13T13:00:00,-0.05,0.29,0.53,-0.85,1.13,-0.58,-0.44,0.2,0.06,1,0,-12.00
2011-03-13T14:00:00,0.07,0.02,0.85,-0.91,1.92,-0.76,-0.44,0.29,-0.06,1,0,-12.00
2011-03-13T15:00:00,0.02,0.16,0.35,-0.87,1.53,0.06,-0.29,0.2,0.71,1,0,-12.00
2011-03-13T16:00:00,-0.12,0.45,-0.5,-0.88,1.27,0.65,-0.07,0.12,0.02,1,0,-9.00
2011-03-13T17:00:00,0.15,0.4,-0.35,-0.86,1.25,0.25,0.2,0.16,0.27,1,0,-6.00
2011-03-13T18:00:00,0.16,0.08,-0.5,-0.78,1.04,0.52,0.23,0.33,0.32,1,0,-12.00
2011-03-13T19:00:00,0.15,0.07,0.19,-0.65,1.09,0.45,0.05,0.63,5.64,1,0,-14.00
2011-03-13T20:00:00,0.04,0.57,0.82,-0.57,0.34,-0.52,-0.24,0.11,-0.08,1,0,-22.00
2011-03-13T21:00:00,-0.51,0.5,0.64,-0.38,0.37,-0.12,-0.22,0.08,-0.07,1,0,-24.00
2011-03-13T22:00:00,-0.45,0.76,0.44,-0.4,0.13,-0.14,-0.17,0.15,-0.05,1,0,-19.00
2011-03-13T23:00:00,-0.44,0.49,0.61,-0.45,0.99,-0.63,-0.18,0.4,0.02,1,0,-18.00
2011-03-14T00:00:00,-0.26,0.21,0.7,-0.56,1.48,-0.84,-0.08,0.47,0.13,1,0,-17.00
2011-03-14T01:00:00,-0.4,0.09,0.67,-0.42,1.51,-0.5,-0.06,0.54,0.16,1,0,-16.00
2011-03-14T02:00:00,-0.48,-0.02,0.6,-0.5,1.51,0.05,-0.15,0.7,0.19,1,0,-16.00
2011-03-14T03:00:00,-0.12,0.43,0.75,-0.67,1.52,-0.6,-0.08,0.75,0.12,1,0,-15.00
2011-03-14T04:00:00,-0.92,0.39,0.55,-0.26,1.87,-0.85,-0.12,0.51,-0.03,1,0,-14.00
2011-03-14T05:00:00,-0.76,0.81,0.63,-0.37,1.5,-1.26,-0.32,0.34,-0.11,1,0,-14.00
2011-03-14T06:00:00,-0.81,0.89,0.57,-0.44,1.8,-0.95,-0.49,0.35,-0.13,1,0,-16.00
2011-03-14T07:00:00,-0.6,0.87,0.85,-0.72,1.85,-1.28,-0.59,0.37,-0.15,1,0,-17.00
2011-03-14T08:00:00,-0.6,0.83,0.66,-0.82,0.97,-0.73,-0.59,0.3,-0.14,1,0,-15.00
2011-03-14T09:00:00,-0.36,0.44,0.48,-1.12,0.24,-0.06,-0.68,0.13,-0.1,1,0,-12.00
2011-03-14T10:00:00,-0.48,0.11,0.57,-0.96,0.92,-0.4,-0.69,0.05,-0.11,0,0,-14.00
2011-03-14T11:00:00,-0.54,0.37,0.48,-0.89,0.07,-0.29,-0.71,-0.11,-0.14,0,0,-17.00
2011-03-14T12:00:00,-0.18,0.41,0.64,-1.16,-0.17,-0.88,-0.73,-0.04,-0.14,0,0,-17.00
2011-03-14T13:00:00,-0.26,0.37,0.63,-1.06,-0.06,-0.9,-0.72,-0.06,-0.14,0,0,-15.00
2011-03-14T14:00:00,-0.28,0.42,0.58,-1.0,-0.3,-0.74,-0.74,-0.1,-0.14,0,0,-13.00
2011-03-14T15:00:00,-0.29,0.32,0.63,-0.95,-0.02,-0.86,-0.72,-0.1,-0.14,0,0,-10.00
2011-03-14T16:00:00,-0.48,0.28,0.52,-0.75,0.11,-0.47,-0.71,-0.1,-0.13,0,0,-8.00
2011-03-14T17:00:00,-0.33,0.34,0.55,-0.83,-0.03,-0.62,-0.69,-0.05,-0.12,0,0,-7.00
2011-03-14T18:00:00,-0.2,0.36,0.53,-0.89,-0.1,-0.6,-0.67,-0.03,-0.1,0,0,-7.00
2011-03-14T19:00:00,-0.28,0.34,0.44,-0.8,-0.17,-0.41,-0.67,0.01,-0.07,0,0,-7.00
2011-03-14T20:00:00,-0.23,0.06,0.64,-0.78,0.39,-0.95,-0.68,-0.06,-0.11,0,0,-7.00
2011-03-14T21:00:00,-0.04,0.16,0.67,-0.84,0.05,-1.18,-0.69,-0.13,-0.13,0,0,-9.00
2011-03-14T22:00:00,0.0,0.2,0.62,-0.83,-0.07,-1.09,-0.68,-0.1,-0.11,0,0,-9.00
2011-03-14T23:00:00,-0.13,0.03,0.65,-0.68,0.19,-1.08,-0.68,-0.05,-0.11,0,0,-9.00
2011-03-15T00:00:00,-0.26,0.14,0.6,-0.58,-0.06,-0.86,-0.7,-0.08,-0.12,0,0,-10.00
2011-03-15T01:00:00,-0.03,0.25,0.6,-0.7,-0.55,-0.85,-0.72,-0.06,-0.11,0,0,-10.00
2011-03-15T02:00:00,0.14,0.26,0.56,-0.78,-0.75,-0.58,-0.72,-0.03,-0.11,0,0,-10.00
2011-03-15T03:00:00,-0.53,0.22,-0.0,-0.33,-0.58,1.15,-0.67,0.05,-0.05,0,0,-10.00
2011-03-15T04:00:00,-0.08,0.06,0.44,-0.6,-0.47,-0.2,-0.7,0.02,0.01,0,0,-9.00
2011-03-15T05:00:00,-0.23,0.07,0.41,-0.43,-0.39,0.14,-0.71,0.13,0.02,0,0,-8.00
2011-03-15T06:00:00,0.01,0.13,0.7,-0.6,-0.62,-0.43,-0.75,-0.13,-0.14,0,0,-8.00
2011-03-15T07:00:00,-0.21,0.12,0.64,-0.42,-0.42,-0.1,-0.73,-0.13,-0.13,0,0,-9.00
2011-03-15T08:00:00,-0.52,0.17,0.6,-0.19,-0.62,0.12,-0.73,-0.19,-0.15,0,0,-10.00
2011-03-15T09:00:00,-0.5,0.16,0.62,-0.17,-0.53,0.03,-0.73,-0.22,-0.16,0,0,-10.00
2011-03-15T10:00:00,-0.48,0.16,0.63,-0.21,-0.77,-0.14,-0.69,-0.23,-0.15,0,0,-9.00
2011-03-15T11:00:00,-0.4,0.28,0.67,0.17,-0.13,-0.28,-0.66,-0.34,-0.16,0,0,-8.00
2011-03-15T12:00:00,-0.42,0.45,0.56,0.36,-0.31,-0.05,-0.56,-0.38,-0.16,0,0,-7.00
2011-03-15T13:00:00,-0.18,0.45,0.72,0.43,-0.54,-0.17,-0.58,-0.42,-0.17,0,0,-6.00
2011-03-15T14:00:00,0.3,0.36,0.81,0.27,-0.41,-0.34,-0.58,-0.37,-0.17,0,0,-5.00
2011-03-15T15:00:00,-0.06,0.45,0.84,0.41,-0.2,-0.33,-0.6,-0.4,-0.17,0,0,-5.00
2011-03-15T16:00:00,0.0,0.36,0.92,0.51,-0.25,-0.47,-0.55,-0.44,-0.18,0,0,-5.00
2011-03-15T17:00:00,-0.09,0.35,0.92,0.64,-0.3,-0.44,-0.56,-0.46,-0.18,0,0,-5.00
2011-03-15T18:00:00,-0.28,0.29,0.93,0.72,-0.25,-0.39,-0.54,-0.45,-0.18,0,0,-5.00
2011-03-15T19:00:00,-0.23,0.31,0.89,0.65,-0.32,-0.41,-0.52,-0.46,-0.17,0,0,-4.00
2011-03-15T20:00:00,-0.18,0.28,0.9,0.68,-0.39,-0.33,-0.5,-0.45,-0.17,0,0,-4.00
2011-03-15T21:00:00,-0.06,0.2,0.95,0.6,-0.13,-0.33,-0.54,-0.45,-0.18,0,0,-3.00
2011-03-15T22:00:00,-0.32,0.21,0.92,0.65,-0.02,-0.4,-0.52,-0.44,-0.17,0,0,-2.00
2011-03-15T23:00:00,-0.33,0.26,0.9,0.76,-0.12,-0.31,-0.52,-0.48,-0.18,0,0,0.00
2011-03-16T00:00:00,-0.45,0.38,0.78,0.77,-0.39,-0.25,-0.44,-0.47,-0.17,0,0,1.00
2011-03-16T01:00:00,-0.18,0.41,0.84,0.76,-0.44,-0.34,-0.35,-0.5,-0.17,0,0,2.00
2011-03-16T02:00:00,0.07,0.47,0.89,0.75,-0.36,-0.36,-0.32,-0.5,-0.17,0,0,1.00
2011-03-16T03:00:00,-0.05,0.71,0.75,0.77,-0.54,-0.14,-0.29,-0.49,-0.17,0,0,1.00
2011-03-16T04:00:00,-0.6,0.72,0.42,0.95,-0.52,0.35,-0.35,-0.49,-0.17,0,0,1.00
2011-03-16T05:00:00,-0.44,0.7,0.59,0.96,-0.44,0.0,-0.3,-0.5,-0.17,0,0,0.00
2011-03-16T06:00:00,-0.82,0.64,0.26,1.13,-0.18,0.47,-0.34,-0.45,-0.17,0,0,0.00
2011-03-16T07:00:00,-0.64,0.66,0.29,1.07,-0.16,0.43,-0.28,-0.47,-0.16,0,0,-2.00
2011-03-16T08:00:00,0.23,0.76,0.53,0.8,-0.49,-0.06,-0.2,-0.48,-0.16,0,0,-1.00
2011-03-16T09:00:00,0.25,0.85,0.54,0.84,-0.4,-0.11,-0.28,-0.48,-0.17,0,0,-2.00
2011-03-16T10:00:00,0.17,0.86,0.51,0.9,-0.46,-0.17,-0.25,-0.49,-0.17,0,0,-1.00
2011-03-16T11:00:00,-0.26,0.79,0.42,1.0,-0.08,0.52,0.39,-0.41,-0.11,0,0,0.00
2011-03-16T12:00:00,-0.1,0.79,0.54,0.98,0.02,-0.22,-0.38,-0.45,-0.17,0,0,2.00
2011-03-16T13:00:00,-0.11,0.82,0.55,0.79,0.11,-0.07,-0.53,-0.47,-0.17,0,0,2.00
2011-03-16T14:00:00,-0.34,0.74,0.5,0.97,-0.09,-0.16,-0.46,-0.47,-0.17,0,0,0.00
2011-03-16T15:00:00,-0.58,0.72,0.4,0.99,-0.1,-0.04,-0.47,-0.44,-0.17,0,0,-1.00
2011-03-16T16:00:00,-0.25,0.71,0.61,0.9,-0.05,-0.56,-0.42,-0.42,-0.17,0,0,-1.00
2011-03-16T17:00:00,-0.64,0.64,0.46,1.06,-0.07,-0.26,-0.47,-0.48,-0.17,0,0,0.00
2011-03-16T18:00:00,-0.47,0.66,0.57,1.12,-0.15,-0.5,-0.34,-0.43,-0.16,0,0,-1.00
2011-03-16T19:00:00,-0.14,0.71,0.65,1.0,-0.19,-0.62,-0.32,-0.46,-0.17,0,0,0.00
2011-03-16T20:00:00,0.2,0.46,0.84,0.99,0.04,-0.57,-0.37,-0.51,-0.18,0,0,-1.00
2011-03-16T21:00:00,-0.2,0.55,0.79,1.09,-0.2,-0.5,-0.22,-0.5,-0.17,0,0,-2.00
2011-03-16T22:00:00,-0.27,0.34,0.85,1.15,0.04,-0.39,-0.15,-0.49,-0.17,0,0,0.00
2011-03-16T23:00:00,-0.71,0.69,0.74,1.17,-0.08,-0.45,-0.3,-0.44,-0.17,0,0,2.00
2011-03-17T00:00:00,-0.87,0.98,0.43,1.11,-0.43,-0.27,-0.31,-0.36,-0.17,0,0,5.00
2011-03-17T01:00:00,-0.95,0.89,0.15,0.99,0.14,0.19,-0.44,-0.43,-0.18,0,0,6.00
2011-03-17T02:00:00,-1.09,0.68,-0.23,0.86,0.63,0.57,-0.37,-0.42,-0.17,0,0,4.00
2011-03-17T03:00:00,-1.01,0.94,0.38,0.84,-0.01,0.17,-0.53,-0.14,-0.17,0,0,-2.00
2011-03-17T04:00:00,-0.75,1.07,0.56,0.75,-0.09,-0.06,-0.6,-0.37,-0.18,0,0,-2.00
2011-03-17T05:00:00,-0.62,1.06,0.55,0.62,-0.24,-0.32,-0.48,-0.34,-0.17,0,0,-8.00
2011-03-17T06:00:00,-0.55,1.09,0.56,0.69,-0.52,-0.28,-0.43,-0.35,-0.17,0,0,-6.00
2011-03-17T07:00:00,0.25,1.07,0.78,0.71,-0.63,-0.34,-0.28,-0.5,-0.18,0,0,-1.00
2011-03-17T08:00:00,0.4,1.06,0.88,0.62,-0.32,-0.9,-0.15,-0.5,-0.18,0,0,0.00
2011-03-17T09:00:00,0.31,1.17,0.88,0.65,-0.47,-0.97,-0.18,-0.53,-0.18,0,0,2.00
2011-03-17T10:00:00,0.3,1.17,0.9,0.65,-0.42,-0.82,-0.13,-0.47,-0.18,0,0,2.00
2011-03-17T11:00:00,0.03,1.39,0.67,0.71,-0.52,-0.81,-0.05,-0.42,-0.17,0,0,4.00
2011-03-17T12:00:00,-0.32,1.44,0.56,0.71,-0.35,-0.54,-0.29,-0.37,-0.18,0,0,6.00
2011-03-17T13:00:00,-0.04,1.11,0.71,0.5,0.99,-0.85,-0.08,0.07,-0.12,0,0,9.00
2011-03-17T14:00:00,-0.3,1.18,0.48,0.56,0.28,-0.97,-0.08,0.09,-0.11,0,0,9.00
2011-03-17T15:00:00,-0.52,1.09,0.48,0.69,0.49,-1.25,-0.07,0.08,-0.11,0,0,9.00
2011-03-17T16:00:00,-0.56,1.14,0.37,0.69,0.35,-1.13,-0.03,0.19,-0.1,0,0,9.00
2011-03-17T17:00:00,-0.75,0.51,-0.52,0.79,1.4,0.5,-0.06,0.16,-0.07,0,0,7.00
2011-03-17T18:00:00,-0.51,0.67,-0.18,0.77,0.68,-0.05,-0.13,0.09,-0.03,0,0,7.00
2011-03-17T19:00:00,0.33,0.68,1.05,0.51,1.21,-1.91,-0.22,-0.04,-0.14,0,0,6.00
2011-03-17T20:00:00,0.16,0.68,1.15,0.69,1.12,-1.82,-0.18,-0.11,-0.15,0,0,-4.00
2011-03-17T21:00:00,0.33,0.59,1.15,0.68,1.13,-1.57,-0.16,-0.13,-0.15,0,0,-10.00
2011-03-17T22:00:00,0.44,0.5,1.08,0.7,1.13,-1.41,-0.14,-0.08,-0.14,0,0,-7.00
2011-03-17T23:00:00,0.69,0.38,0.95,0.7,1.19,-1.21,-0.11,-0.14,-0.14,0,0,-5.00
2011-03-18T00:00:00,-0.01,0.92,0.51,1.01,0.32,-0.24,-0.2,0.01,-0.1,0,0,-6.00
2011-03-18T01:00:00,-0.01,1.05,0.45,0.94,0.11,-0.39,-0.24,-0.0,-0.12,0,0,-5.00
2011-03-18T02:00:00,0.0,1.12,0.43,0.9,0.01,-0.68,-0.4,-0.22,-0.16,0,0,-7.00
2011-03-18T03:00:00,-0.09,1.12,0.43,0.89,-0.17,-0.84,-0.43,-0.31,-0.16,0,0,-8.00
2011-03-18T04:00:00,-0.04,1.18,0.34,0.9,-0.1,-0.76,-0.51,-0.3,-0.17,0,0,-8.00
2011-03-18T05:00:00,-0.07,1.15,0.4,0.94,-0.22,-0.91,-0.52,-0.38,-0.17,0,0,-6.00
2011-03-18T06:00:00,0.17,1.15,0.36,0.89,-0.22,-0.72,-0.62,-0.41,-0.18,0,0,-4.00
2011-03-18T07:00:00,0.07,1.12,0.29,0.93,-0.12,-0.81,-0.49,-0.4,-0.17,0,0,-3.00
2011-03-18T08:00:00,0.03,0.99,0.42,0.97,-0.03,-1.1,-0.29,-0.36,-0.16,0,0,-3.00
2011-03-18T09:00:00,0.27,0.99,0.15,0.89,-0.44,-0.5,-0.24,-0.4,-0.16,0,0,-2.00
2011-03-18T10:00:00,0.1,0.99,0.18,0.95,-0.46,-0.61,-0.27,-0.43,-0.16,0,0,0.00
2011-03-18T11:00:00,-0.04,1.0,0.03,1.05,-0.35,-0.32,-0.37,-0.44,-0.17,0,0,2.00
2011-03-18T12:00:00,-0.27,0.91,-0.0,1.14,-0.33,-0.23,-0.4,-0.45,-0.17,0,0,2.00
2011-03-18T13:00:00,-0.19,0.94,-0.0,1.1,-0.41,-0.43,-0.42,-0.49,-0.17,0,0,1.00
2011-03-18T14:00:00,-0.44,0.78,0.29,1.19,-0.23,-0.98,-0.43,-0.49,-0.17,0,0,-1.00
2011-03-18T15:00:00,-0.38,0.67,0.26,1.18,-0.15,-0.88,-0.46,-0.5,-0.17,0,0,-3.00
2011-03-18T16:00:00,-0.19,0.7,0.11,1.12,-0.37,-0.57,-0.38,-0.49,-0.16,0,0,-4.00
2011-03-18T17:00:00,0.0,0.64,0.1,1.02,-0.33,-0.44,-0.34,-0.48,-0.14,0,0,-4.00
2011-03-18T18:00:00,-0.16,0.55,0.16,1.08,-0.23,-0.52,-0.34,-0.48,-0.13,0,0,-2.00
2011-03-18T19:00:00,-0.19,0.54,0.3,1.06,-0.25,-0.83,-0.33,-0.48,-0.14,0,0,-4.00
2011-03-18T20:00:00,-0.32,0.52,0.05,1.12,-0.19,-0.29,-0.27,-0.49,-0.13,0,0,-5.00
2011-03-18T21:00:00,-0.34,0.46,0.24,1.12,-0.2,-0.57,-0.32,-0.49,-0.13,0,0,-7.00
2011-03-18T22:00:00,-0.67,0.26,-0.07,1.27,-0.04,0.09,-0.38,-0.53,-0.16,0,0,-8.00
2011-03-18T23:00:00,-0.58,0.37,0.22,1.25,-0.28,-0.6,-0.39,-0.53,-0.16,0,0,-9.00
2011-03-19T00:00:00,-0.55,0.25,0.27,1.27,-0.03,-0.71,-0.33,-0.5,-0.14,0,0,-10.00
2011-03-19T01:00:00,-0.54,-0.22,0.33,1.27,0.63,-0.83,-0.27,-0.5,-0.14,0,0,-10.00
2011-03-19T02:00:00,-0.65,0.19,0.15,1.33,0.03,-0.4,-0.27,-0.51,-0.15,0,0,-12.00
2011-03-19T03:00:00,-0.58,0.34,-0.11,1.31,-0.22,0.13,-0.25,-0.51,-0.15,0,0,-11.00
2011-03-19T04:00:00,-0.6,0.17,-0.2,1.32,0.02,0.37,-0.24,-0.51,-0.15,0,0,-5.00
2011-03-19T05:00:00,-0.66,0.39,0.16,1.35,-0.34,-0.39,-0.21,-0.53,-0.16,0,0,-3.00
2011-03-19T06:00:00,-0.58,0.43,0.22,1.33,-0.44,-0.42,-0.16,-0.52,-0.15,0,0,-2.00
2011-03-19T07:00:00,-0.51,0.35,0.4,1.25,-0.19,-0.55,0.0,-0.52,-0.15,0,0,-2.00
2011-03-19T08:00:00,-0.78,0.16,0.32,1.31,0.04,-0.51,0.17,-0.5,-0.14,0,0,0.00
2011-03-19T09:00:00,-0.83,-0.0,0.2,1.34,0.17,-0.44,0.14,-0.5,-0.15,0,0,3.00
2011-03-19T10:00:00,-0.56,0.08,-0.33,1.3,0.1,0.5,0.07,-0.5,-0.13,0,0,6.00
2011-03-19T11:00:00,0.2,0.75,-0.07,1.08,-0.77,0.08,0.19,-0.57,-0.16,0,0,6.00
2011-03-19T12:00:00,-0.25,0.33,-0.13,1.03,0.23,-0.64,0.64,-0.52,-0.03,0,0,7.00
2011-03-19T13:00:00,-0.45,-0.06,0.11,0.96,-0.17,-0.4,0.66,-0.49,0.06,0,0,8.00
2011-03-19T14:00:00,-0.42,0.09,0.11,0.98,-0.05,-0.44,0.76,-0.48,0.13,0,0,11.00
2011-03-19T15:00:00,-0.43,0.02,0.12,0.98,-0.1,-0.55,0.75,-0.48,0.12,0,0,10.00
2011-03-19T16:00:00,-0.49,0.04,0.17,0.97,-0.06,-0.58,0.7,-0.5,0.01,0,0,10.00
2011-03-19T17:00:00,0.05,-0.21,0.19,1.12,-0.19,-0.51,0.64,-0.48,0.77,0,0,9.00
2011-03-19T18:00:00,0.45,-0.46,0.02,1.28,-0.55,-0.7,0.47,-0.48,-0.06,0,0,11.00
2011-03-19T19:00:00,0.38,-0.53,0.17,1.27,-0.45,-0.44,0.48,-0.49,-0.08,0,0,11.00
2011-03-19T20:00:00,0.46,-0.56,-0.01,1.29,-0.45,-0.56,0.36,-0.49,-0.1,0,0,7.00
2011-03-19T21:00:00,0.49,-0.33,-0.08,1.31,-0.25,-0.62,0.44,-0.45,-0.03,0,0,3.00
2011-03-19T22:00:00,0.5,-0.54,-0.17,1.29,0.09,-0.77,0.24,-0.47,-0.12,0,0,1.00
2011-03-19T23:00:00,0.47,-0.59,-0.04,1.27,0.03,-0.76,0.14,-0.49,-0.13,0,0,0.00
2011-03-20T00:00:00,0.36,-0.85,0.02,1.25,0.01,-0.74,0.02,-0.54,-0.16,0,0,-2.00
2011-03-20T01:00:00,0.47,-0.6,-0.14,1.28,-0.02,-0.8,0.35,-0.5,-0.13,0,0,-5.00
2011-03-20T02:00:00,0.58,-0.7,-0.05,1.29,0.0,-0.61,0.36,-0.52,-0.15,0,0,-6.00
2011-03-20T03:00:00,0.33,-0.7,0.03,1.28,-0.19,-0.59,0.53,-0.51,-0.12,0,0,-3.00
2011-03-20T04:00:00,0.37,-0.82,-0.1,1.21,-0.23,-0.42,0.11,-0.5,-0.15,0,0,0.00
2011-03-20T05:00:00,0.35,-0.89,-0.05,1.22,-0.35,-0.41,0.02,-0.49,-0.15,0,0,-2.00
2011-03-20T06:00:00,0.35,-0.82,-0.12,1.23,-0.3,-0.41,0.08,-0.46,-0.14,0,0,0.00
2011-03-20T07:00:00,0.62,-0.63,-0.16,1.26,-0.21,-0.34,0.17,-0.43,-0.13,0,0,-2.00
2011-03-20T08:00:00,0.61,-0.61,-0.17,1.27,-0.22,-0.43,0.23,-0.42,-0.12,0,0,-1.00
2011-03-20T09:00:00,0.78,-0.56,-0.24,1.32,-0.27,-0.74,0.15,-0.49,-0.15,0,0,-2.00
2011-03-20T10:00:00,0.95,-0.02,-0.45,1.24,0.18,-1.03,0.42,-0.48,-0.15,0,0,-1.00
2011-03-20T11:00:00,0.42,-0.4,-0.08,1.09,0.33,-0.8,0.38,-0.41,0.01,0,0,-2.00
2011-03-20T12:00:00,0.36,-1.08,-0.09,1.08,0.19,-0.68,0.17,-0.26,-0.12,0,0,-5.00
2011-03-20T13:00:00,0.6,-0.8,-0.29,1.11,0.36,-0.68,0.04,-0.22,-0.11,0,0,-4.00
2011-03-20T14:00:00,0.65,-0.77,-0.06,1.16,0.44,-0.49,0.03,-0.25,-0.1,0,0,-6.00
2011-03-20T15:00:00,0.79,-0.63,-0.13,1.24,0.47,-0.6,0.07,-0.29,-0.11,0,0,-7.00
2011-03-20T16:00:00,0.66,-0.75,-0.13,1.16,0.47,-0.35,-0.0,-0.31,-0.12,0,0,-8.00
2011-03-20T17:00:00,0.76,-0.63,-0.1,1.15,0.64,-0.11,-0.14,-0.34,-0.13,0,0,-9.00
2011-03-20T18:00:00,0.53,-0.8,-0.23,1.06,0.21,-0.35,0.41,-0.35,-0.1,0,0,-11.00
2011-03-20T19:00:00,-0.13,-0.86,0.05,0.81,0.07,0.27,-0.21,-0.38,-0.13,0,0,-13.00
2011-03-20T20:00:00,0.01,-0.83,0.03,0.91,0.19,0.37,-0.3,-0.42,-0.14,0,0,-14.00
2011-03-20T21:00:00,0.48,-0.45,-0.28,1.1,0.44,0.17,-0.22,-0.32,-0.1,0,0,-16.00
2011-03-20T22:00:00,0.3,-0.45,-0.46,1.05,0.48,-0.55,-0.24,-0.42,-0.14,0,0,-17.00
2011-03-20T23:00:00,0.23,-0.55,-0.41,1.06,0.07,-0.14,-0.29,-0.44,-0.15,0,0,-14.00
2011-03-21T00:00:00,0.61,-0.4,0.01,1.28,0.56,0.59,-0.22,-0.36,-0.1,0,0,-11.00
2011-03-21T01:00:00,0.32,-0.21,0.1,1.15,0.86,0.53,-0.29,-0.38,0.1,0,0,-10.00
2011-03-21T02:00:00,0.43,-0.47,0.09,1.15,0.33,0.51,-0.31,-0.38,-0.09,0,0,-12.00
2011-03-21T03:00:00,0.39,-0.63,0.04,1.12,0.08,0.22,-0.25,-0.42,-0.12,0,0,-13.00
2011-03-21T04:00:00,0.28,-0.64,0.03,1.09,0.08,-0.25,-0.22,-0.5,-0.14,0,0,-11.00
2011-03-21T05:00:00,0.3,-0.59,0.18,1.16,0.08,-0.2,-0.2,-0.49,-0.13,0,0,-7.00
2011-03-21T06:00:00,0.3,-0.61,0.05,1.22,-0.13,-0.51,-0.09,-0.55,-0.15,0,0,-8.00
2011-03-21T10:00:00,0.21,-0.6,-0.03,1.18,-0.21,-0.5,-0.08,-0.56,-0.15,0,0,-3.00
2011-03-21T11:00:00,0.19,-0.57,-0.07,1.24,-0.21,-0.46,0.05,-0.57,-0.15,0,0,-4.00
2011-03-21T12:00:00,0.02,-0.55,-0.03,1.34,-0.28,-0.25,0.33,-0.57,-0.12,0,0,-4.00
2011-03-21T13:00:00,0.19,-0.52,-0.03,1.38,-0.34,-0.15,1.34,-0.57,-0.07,0,0,-3.00
2011-03-21T14:00:00,0.13,-0.56,-0.1,1.46,-0.4,-0.27,0.75,-0.58,-0.12,0,0,-1.00
2011-03-21T15:00:00,-0.34,-0.55,-0.11,1.47,-0.4,-0.24,0.47,-0.57,-0.14,0,0,1.00
2011-03-21T16:00:00,-0.15,-0.62,-0.08,1.37,-0.32,-0.06,0.34,-0.5,-0.1,0,0,1.00
2011-03-21T17:00:00,0.32,-0.59,0.03,1.22,-0.18,0.67,0.5,-0.43,-0.03,0,0,-2.00
2011-03-21T18:00:00,0.22,-0.87,0.02,1.28,-0.19,0.45,0.45,-0.48,-0.13,1,0,-1.00
2011-03-21T19:00:00,-0.09,-1.09,0.3,1.27,-0.21,0.46,0.5,-0.49,-0.15,1,0,1.00
2011-03-21T20:00:00,0.06,-0.86,-0.77,1.28,-0.31,0.44,0.17,-0.47,-0.17,1,0,2.00
2011-03-21T21:00:00,0.15,-0.33,-0.85,1.33,-0.64,0.09,0.45,-0.46,-0.15,1,0,1.00
2011-03-21T22:00:00,0.1,-0.58,-0.45,1.3,-0.42,0.49,0.36,-0.4,-0.09,1,0,1.00
2011-03-21T23:00:00,0.39,-1.05,-0.45,1.33,-0.68,0.35,0.06,-0.45,-0.17,1,0,-6.00
2011-03-22T00:00:00,0.46,-0.86,-0.59,1.33,-0.68,0.39,0.09,-0.47,-0.17,1,0,-16.00
2011-03-22T01:00:00,0.49,-0.76,-0.52,1.29,-0.68,0.38,0.3,-0.47,-0.15,1,0,-18.00
2011-03-22T02:00:00,0.44,-0.87,-0.3,1.24,-0.69,0.32,0.5,-0.48,-0.15,1,0,-11.00
2011-03-22T03:00:00,0.45,-0.77,0.03,1.34,-0.68,-0.06,1.17,-0.48,-0.09,1,0,-10.00
2011-03-22T04:00:00,0.57,-0.84,0.22,1.29,-1.29,0.32,2.96,-0.48,-0.06,1,0,-9.00
2011-03-22T05:00:00,0.31,-0.33,0.22,1.28,-0.56,-0.04,3.42,-0.52,0.32,1,0,-7.00
2011-03-22T06:00:00,0.17,-0.3,0.1,1.26,-0.47,-0.11,4.32,-0.53,0.99,1,0,-3.00
2011-03-22T07:00:00,0.09,-0.24,0.07,1.26,-0.49,-0.02,4.73,-0.52,2.43,1,0,8.00
2011-03-22T08:00:00,0.36,-0.71,0.09,1.33,-0.65,-0.05,3.98,-0.5,0.06,1,0,10.00
2011-03-22T09:00:00,0.27,-0.94,0.7,1.28,-0.87,0.15,2.34,-0.5,-0.12,1,0,10.00
2011-03-22T10:00:00,0.78,-1.24,0.53,1.28,-1.04,0.27,1.65,-0.47,-0.15,1,0,9.00
2011-03-22T11:00:00,0.66,-1.07,0.75,1.19,-0.96,0.71,2.48,-0.41,-0.11,1,0,8.00
2011-03-22T12:00:00,0.31,-0.22,0.5,1.25,-0.84,0.42,2.26,-0.43,0.18,1,0,3.00
2011-03-22T13:00:00,-0.95,1.04,0.69,1.05,-0.14,-0.14,1.52,-0.45,-0.15,1,0,6.00
2011-03-22T14:00:00,-0.43,0.94,1.16,1.19,-0.4,0.24,1.02,-0.35,-0.15,1,0,8.00
2011-03-22T15:00:00,-0.94,1.06,1.01,1.01,0.2,0.48,1.16,-0.48,-0.17,1,0,10.00
2011-03-22T16:00:00,-0.89,0.72,1.16,0.95,0.13,0.47,1.09,-0.44,-0.16,1,0,9.00
2011-03-22T17:00:00,-0.95,1.11,0.84,0.99,-0.39,-0.43,0.64,-0.11,-0.13,1,0,8.00
2011-03-22T18:00:00,-1.13,0.77,1.11,0.98,-0.43,-0.45,0.83,-0.11,-0.13,1,0,9.00
2011-03-22T19:00:00,-0.97,1.32,0.72,1.02,-0.49,-0.53,0.73,-0.11,-0.13,1,0,7.00
2011-03-22T20:00:00,-0.54,1.76,0.3,1.04,-0.38,-0.61,0.57,-0.25,-0.15,1,0,9.00
2011-03-22T21:00:00,-0.75,1.49,0.21,0.91,-0.37,-0.43,0.69,-0.13,-0.13,1,0,9.00
2011-03-22T22:00:00,-0.43,1.51,0.06,0.74,-0.07,-0.14,0.66,-0.11,-0.12,1,0,9.00
2011-03-22T23:00:00,-0.25,0.72,0.05,0.53,0.08,0.04,0.86,0.13,0.29,1,0,9.00
2011-03-23T00:00:00,-0.88,0.33,0.72,0.56,0.19,-0.4,0.85,0.37,0.08,1,0,9.00
2011-03-23T01:00:00,-0.48,0.25,0.5,0.41,0.28,-0.25,0.73,0.47,0.54,1,0,8.00
2011-03-23T02:00:00,-0.52,1.17,0.4,0.23,0.18,0.12,0.38,0.3,-0.04,1,0,5.00
2011-03-23T03:00:00,-0.75,1.39,0.09,0.21,0.16,0.36,0.22,0.23,-0.1,1,0,-3.00
2011-03-23T04:00:00,-0.75,1.21,-0.07,0.18,0.25,0.46,0.31,0.3,-0.07,1,0,-1.00
2011-03-23T05:00:00,-0.81,1.11,0.1,0.15,0.12,0.26,0.31,0.29,-0.06,1,0,-4.00
2011-03-23T06:00:00,-0.53,0.89,0.01,0.01,0.39,0.2,0.37,0.34,0.06,1,0,-8.00
2011-03-23T07:00:00,-0.33,1.31,-0.12,-0.06,-0.16,0.1,0.26,0.27,-0.07,1,0,-8.00
2011-03-23T08:00:00,-0.89,1.02,0.37,0.11,-0.12,-0.41,0.14,0.12,-0.1,1,0,-5.00
2011-03-23T09:00:00,-0.67,-0.14,0.5,-0.14,1.14,-0.48,0.14,0.26,0.11,1,0,-6.00
2011-03-23T10:00:00,-0.71,-0.11,0.68,-0.2,1.75,-1.14,-0.07,0.6,0.05,1,0,-10.00
2011-03-23T11:00:00,-0.74,0.72,0.21,-0.22,0.52,-0.17,-0.06,0.71,0.05,1,0,-10.00
2011-03-23T12:00:00,-0.37,0.59,-0.12,-0.3,0.74,0.11,-0.05,0.59,0.25,1,0,-3.00
2011-03-23T13:00:00,-0.87,0.1,-0.07,-0.13,1.24,0.24,-0.02,0.45,0.1,1,0,-2.00
2011-03-23T14:00:00,-0.93,0.1,-0.04,-0.15,1.01,-0.16,-0.04,0.29,0.03,1,0,-2.00
2011-03-23T15:00:00,-0.64,-0.43,-0.0,-0.32,1.55,-0.08,-0.15,0.32,0.11,1,0,-5.00
2011-03-23T16:00:00,-0.67,0.42,-0.19,-0.3,0.52,0.33,-0.15,0.23,0.02,0,0,-8.00
2011-03-23T17:00:00,-0.79,0.13,-0.15,-0.22,0.99,0.43,-0.13,0.17,0.02,0,0,-14.00
2011-03-23T18:00:00,-0.99,0.39,0.12,-0.12,0.67,-0.31,-0.06,0.03,-0.07,0,0,-13.00
2011-03-23T19:00:00,-0.98,0.69,0.07,-0.09,0.32,0.13,-0.12,-0.09,-0.12,0,0,-9.00
2011-03-23T20:00:00,-0.87,1.0,0.14,-0.12,0.08,0.05,-0.14,-0.06,-0.13,0,0,-9.00
2011-03-23T21:00:00,-1.17,0.84,0.37,0.0,-0.13,0.08,-0.1,-0.01,-0.14,0,0,-8.00
2011-03-23T22:00:00,-0.18,1.13,0.71,0.04,-0.22,-0.03,-0.1,-0.07,-0.14,0,0,-8.00
2011-03-23T23:00:00,-0.04,1.09,0.81,0.12,-0.21,-0.05,-0.16,-0.22,-0.15,0,0,-5.00
2011-03-24T00:00:00,-0.45,0.8,0.61,0.19,-0.16,0.11,0.05,-0.03,-0.09,0,0,-3.00
2011-03-24T01:00:00,-0.82,0.74,0.55,0.28,-0.23,-0.17,0.16,-0.07,-0.1,0,0,-1.00
2011-03-24T02:00:00,-0.66,0.73,0.58,0.21,-0.21,-0.28,0.1,-0.04,-0.09,0,0,1.00
2011-03-24T03:00:00,-0.63,0.69,0.6,0.34,0.08,-0.38,0.04,-0.19,-0.12,0,0,1.00
2011-03-24T04:00:00,-0.25,1.08,0.64,0.36,0.0,-0.45,-0.04,-0.24,-0.15,0,0,0.00
2011-03-24T05:00:00,-0.68,0.49,0.76,0.37,-0.02,-0.66,0.11,0.0,-0.08,0,0,-1.00
2011-03-24T06:00:00,-0.42,1.14,0.33,0.13,-0.13,-0.1,-0.21,-0.01,-0.13,0,0,0.00
2011-03-24T07:00:00,-0.89,0.49,0.59,0.24,0.42,-0.37,-0.18,0.04,-0.11,0,0,1.00
2011-03-24T08:00:00,-0.97,-0.14,0.66,0.22,1.1,-0.38,-0.17,-0.02,-0.11,0,0,-2.00
2011-03-24T09:00:00,-0.84,-0.56,0.44,0.16,1.11,-0.1,-0.17,0.05,-0.09,0,0,-4.00
2011-03-24T10:00:00,-0.34,-1.0,0.16,0.03,1.48,0.12,-0.18,0.07,-0.08,0,0,-3.00
2011-03-24T11:00:00,-0.63,0.13,0.58,0.08,0.54,-0.24,-0.27,0.16,-0.03,0,0,-1.00
2011-03-24T12:00:00,-0.75,0.4,0.46,0.11,0.19,-0.13,-0.31,0.16,-0.07,0,0,-2.00
2011-03-24T13:00:00,-0.26,0.91,0.45,-0.01,-0.29,0.01,-0.4,0.04,-0.12,0,0,-3.00
2011-03-24T14:00:00,-0.17,1.05,0.28,0.0,-0.45,0.05,-0.43,-0.1,-0.14,0,0,-1.00
2011-03-24T15:00:00,-0.36,0.76,0.44,0.06,-0.15,-0.33,-0.41,-0.02,-0.11,0,0,1.00
2011-03-24T16:00:00,-0.35,0.86,0.39,0.1,-0.04,-0.21,-0.44,0.07,-0.11,0,0,2.00
2011-03-24T17:00:00,-0.19,0.91,0.52,0.01,-0.1,-0.19,-0.47,0.09,-0.12,0,0,2.00
2011-03-24T18:00:00,-0.32,0.74,0.39,0.01,0.05,0.04,-0.38,0.2,-0.06,0,0,2.00
2011-03-24T19:00:00,-0.5,0.14,0.84,0.09,0.55,-0.39,-0.4,0.03,-0.11,0,0,3.00
2011-03-24T20:00:00,-0.1,0.73,0.4,0.05,0.05,-0.02,-0.42,0.05,-0.07,0,0,5.00
2011-03-24T21:00:00,-0.45,0.59,0.6,0.1,-0.22,-0.15,-0.45,0.12,-0.1,0,0,2.00
2011-03-24T22:00:00,-0.2,0.47,0.63,0.06,0.1,-0.49,-0.52,0.01,-0.1,0,0,0.00
2011-03-24T23:00:00,-0.74,0.21,0.22,0.18,0.21,0.19,-0.47,-0.11,-0.1,0,0,-2.00
2011-03-25T00:00:00,-0.59,0.38,0.55,0.2,-0.09,-0.64,-0.5,-0.11,-0.12,0,0,-3.00
2011-03-25T01:00:00,-0.7,0.28,0.49,0.25,-0.03,-0.71,-0.58,-0.2,-0.14,0,0,-2.00
2011-03-25T02:00:00,-0.55,0.52,0.53,0.21,-0.26,-0.7,-0.61,-0.27,-0.16,0,0,-1.00
2011-03-25T03:00:00,-0.51,0.46,0.58,0.2,-0.09,-0.78,-0.62,-0.24,-0.15,0,0,-1.00
2011-03-25T04:00:00,-0.15,0.52,0.66,0.13,-0.02,-0.76,-0.6,-0.26,-0.15,0,0,0.00
2011-03-25T05:00:00,-0.1,0.64,0.55,0.15,-0.06,-0.56,-0.52,-0.27,-0.14,0,0,0.00
2011-03-25T06:00:00,-0.5,0.51,0.19,0.34,0.02,0.01,-0.44,-0.19,-0.09,0,0,-1.00
2011-03-25T07:00:00,-0.27,0.76,0.24,0.27,-0.52,-0.13,-0.36,-0.3,-0.13,0,0,0.00
2011-03-25T08:00:00,-0.15,0.53,0.43,0.38,-0.24,0.35,-0.05,-0.34,-0.07,0,0,-2.00
2011-03-25T09:00:00,-0.2,0.73,0.34,0.37,-0.47,0.27,0.06,-0.37,-0.11,0,0,-5.00
2011-03-25T10:00:00,-0.55,0.58,0.2,0.5,-0.16,0.55,0.19,-0.29,-0.07,0,0,-5.00
2011-03-25T11:00:00,-0.69,0.38,-0.18,0.58,-0.32,0.86,0.28,-0.28,-0.06,0,0,-3.00
2011-03-25T12:00:00,-0.23,0.46,-0.06,0.53,-0.4,1.0,0.2,-0.31,0.08,0,0,0.00
2011-03-25T13:00:00,-0.19,0.5,0.25,0.54,-0.44,0.77,0.18,-0.32,0.03,0,0,2.00
2011-03-25T14:00:00,-0.05,0.47,0.65,0.54,-0.53,-0.12,0.06,-0.35,-0.1,0,0,3.00
2011-03-25T15:00:00,-0.16,0.52,0.43,0.56,-0.47,0.26,-0.07,-0.12,0.01,0,0,5.00
2011-03-25T16:00:00,-0.69,0.38,-0.04,0.47,0.1,0.58,-0.37,-0.03,-0.06,0,0,3.00
2011-03-25T17:00:00,-0.21,0.43,0.63,0.28,-0.08,-0.96,-0.42,-0.14,-0.1,0,0,2.00
2011-03-25T18:00:00,-0.61,0.57,0.3,0.48,-0.37,-0.25,-0.41,-0.09,-0.1,0,0,1.00
2011-03-25T19:00:00,-0.56,0.69,0.02,0.4,-1.05,1.41,-0.26,-0.17,-0.1,0,0,-2.00
2011-03-25T20:00:00,-0.53,0.48,0.31,0.51,-0.25,0.18,-0.41,-0.11,-0.08,0,0,-1.00
2011-03-25T21:00:00,-0.44,0.36,0.16,0.54,-0.23,0.72,-0.43,-0.01,0.03,0,0,1.00
2011-03-25T22:00:00,-0.25,0.18,0.39,0.54,-0.07,0.09,-0.43,0.14,0.18,0,0,2.00
2011-03-25T23:00:00,-0.41,0.26,0.38,0.71,-0.48,0.22,-0.42,0.26,0.1,0,0,1.00
2011-03-26T00:00:00,-0.4,0.21,0.32,0.72,-0.34,0.25,-0.52,0.14,0.08,0,0,-2.00
2011-03-26T01:00:00,-0.73,0.03,-0.28,0.71,0.02,0.85,-0.59,0.08,-0.1,0,0,-3.00
2011-03-26T02:00:00,-0.88,-0.09,-0.13,0.68,0.16,0.62,-0.66,0.18,-0.12,0,0,-5.00
2011-03-26T03:00:00,-0.81,-0.2,-0.05,0.7,0.25,0.35,-0.67,0.12,-0.11,0,0,-7.00
2011-03-26T04:00:00,-0.66,-0.22,0.04,0.8,0.62,0.61,-0.59,0.04,-0.06,0,0,-8.00
2011-03-26T05:00:00,-0.51,-0.2,0.42,0.76,0.46,-0.07,-0.54,-0.14,-0.08,0,0,-7.00
2011-03-26T06:00:00,-0.38,-0.08,0.59,0.75,0.27,-0.32,-0.55,-0.23,-0.12,0,0,-6.00
2011-03-26T07:00:00,-0.54,0.1,0.41,0.84,0.12,-0.09,-0.55,-0.27,-0.11,0,0,-5.00
2011-03-26T08:00:00,-0.63,0.09,0.23,0.89,0.15,0.19,-0.53,-0.21,-0.09,0,0,-5.00
2011-03-26T09:00:00,-0.47,0.41,0.26,0.84,-0.14,0.01,-0.55,-0.18,-0.09,0,0,-5.00
2011-03-26T10:00:00,-0.4,0.4,0.33,0.79,-0.1,-0.07,-0.58,-0.16,-0.09,0,0,-6.00
2011-03-26T11:00:00,-0.43,0.4,0.25,0.87,-0.14,-0.1,-0.55,-0.24,-0.1,0,0,-5.00
2011-03-26T12:00:00,-0.57,0.16,0.3,0.88,0.1,-0.32,-0.58,-0.32,-0.12,0,0,-2.00
2011-03-26T13:00:00,-0.55,0.21,0.32,0.87,0.09,-0.38,-0.58,-0.34,-0.13,0,0,-1.00
2011-03-26T14:00:00,-0.57,0.19,0.27,1.01,0.17,-0.21,-0.57,-0.27,-0.11,0,0,0.00
2011-03-26T15:00:00,-0.3,0.47,0.38,0.89,-0.29,-0.23,-0.57,-0.3,-0.12,0,0,0.00
2011-03-26T16:00:00,-0.27,0.47,0.29,0.91,-0.24,-0.3,-0.6,-0.34,-0.12,0,0,0.00
2011-03-26T17:00:00,-0.26,0.36,0.49,0.86,-0.2,-0.69,-0.63,-0.37,-0.15,0,0,-1.00
2011-03-26T18:00:00,-0.37,0.2,0.44,0.97,-0.17,-0.56,-0.61,-0.33,-0.12,0,0,-1.00
2011-03-26T19:00:00,-0.18,-0.21,0.64,0.93,0.36,-0.9,-0.59,-0.43,-0.16,0,0,1.00
2011-03-26T20:00:00,-0.44,-0.02,0.61,1.05,0.29,-0.91,-0.56,-0.38,-0.15,0,0,2.00
2011-03-26T21:00:00,-0.35,0.1,0.68,1.04,0.01,-0.76,-0.57,-0.35,-0.15,0,0,3.00
2011-03-26T22:00:00,-0.39,0.34,0.57,1.09,-0.16,-0.62,-0.56,-0.35,-0.15,0,0,5.00
2011-03-26T23:00:00,-0.38,0.37,0.48,1.11,-0.25,-0.67,-0.6,-0.36,-0.15,0,0,5.00
2011-03-27T00:00:00,-0.37,0.3,0.52,1.08,-0.11,-0.48,-0.67,-0.37,-0.15,0,0,3.00
2011-03-27T01:00:00,-0.58,0.34,0.33,1.19,-0.33,-0.59,-0.69,-0.29,-0.15,0,0,5.00
2011-03-27T02:00:00,-0.58,0.24,0.28,1.31,-0.5,-0.68,-0.68,-0.5,-0.17,0,0,4.00
2011-03-27T03:00:00,-0.68,0.12,0.07,1.42,-0.34,-0.18,-0.69,-0.53,-0.18,0,0,1.00
2011-03-27T04:00:00,-0.64,0.22,0.1,1.43,-0.46,-0.27,-0.7,-0.51,-0.17,0,0,-1.00
2011-03-27T05:00:00,-0.67,0.13,0.19,1.44,-0.27,-0.32,-0.69,-0.49,-0.17,0,0,0.00
2011-03-27T06:00:00,-0.65,0.03,0.21,1.48,-0.31,-0.48,-0.7,-0.53,-0.18,0,0,0.00
2011-03-27T07:00:00,-0.61,0.13,0.22,1.48,-0.59,-0.46,-0.7,-0.54,-0.18,0,0,1.00
2011-03-27T08:00:00,-0.54,0.29,0.2,1.45,-0.97,-0.34,-0.67,-0.54,-0.17,0,0,1.00
2011-03-27T09:00:00,-0.58,0.29,0.07,1.46,-0.9,0.17,-0.63,-0.54,-0.17,0,0,0.00
2011-03-27T10:00:00,-0.5,0.44,0.11,1.4,-1.24,-0.06,-0.62,-0.56,-0.18,0,0,0.00
2011-03-27T11:00:00,-0.5,0.42,0.12,1.28,-0.73,0.47,0.03,-0.57,-0.16,0,0,-3.00
2011-03-27T12:00:00,-0.56,0.41,0.07,1.41,-1.15,0.05,-0.58,-0.57,-0.18,0,0,-5.00
2011-03-27T13:00:00,-0.54,0.49,0.0,1.36,-1.23,0.16,-0.52,-0.57,-0.18,0,0,-4.00
2011-03-27T14:00:00,-0.52,0.45,0.12,1.31,-1.15,-0.17,-0.45,-0.57,-0.18,0,0,-2.00
2011-03-27T15:00:00,-0.46,0.44,0.15,1.25,-0.94,-0.29,-0.37,-0.55,-0.16,0,0,-1.00
2011-03-27T16:00:00,-0.43,0.39,0.0,1.23,-0.78,-0.1,-0.31,-0.55,-0.15,0,0,-1.00
2011-03-27T17:00:00,-0.19,0.58,0.12,1.17,-0.93,-0.49,-0.28,-0.55,-0.16,0,0,-1.00
2011-03-27T18:00:00,-0.33,0.49,0.14,1.22,-0.79,-0.61,-0.23,-0.54,-0.15,0,0,1.00
2011-03-27T19:00:00,-0.06,0.34,-0.31,1.08,-0.45,0.08,-0.13,-0.51,-0.12,0,0,1.00
2011-03-27T20:00:00,-0.23,0.52,-0.14,1.11,-0.51,0.04,-0.14,-0.49,-0.12,0,0,1.00
2011-03-27T21:00:00,-0.17,0.43,-0.26,1.05,-0.31,0.08,-0.11,-0.48,-0.11,0,0,2.00
2011-03-27T22:00:00,-0.25,0.4,0.11,1.05,-0.13,-0.04,0.01,-0.45,-0.03,0,0,-1.00
2011-03-27T23:00:00,-0.22,0.13,0.57,1.06,-0.17,-0.49,0.03,-0.47,-0.1,0,0,-1.00
2011-03-28T00:00:00,-0.12,0.36,0.52,1.05,-0.33,-0.35,0.09,-0.47,-0.1,0,0,-3.00
2011-03-28T01:00:00,-0.14,-0.24,0.51,1.05,-0.2,-0.16,0.15,-0.43,-0.04,0,0,-3.00
2011-03-28T02:00:00,-0.32,0.34,0.33,1.08,-0.46,-0.2,0.14,-0.42,-0.02,0,0,0.00
2011-03-28T03:00:00,-0.35,0.1,0.49,1.08,-0.25,-0.17,0.1,-0.43,-0.06,0,0,2.00
2011-03-28T04:00:00,-0.35,0.23,0.38,1.08,-0.34,-0.05,0.15,-0.38,0.01,0,0,2.00
2011-03-28T05:00:00,-0.21,0.19,0.48,1.07,-0.35,-0.19,0.11,-0.43,-0.04,0,0,1.00
2011-03-28T06:00:00,-0.57,0.24,0.27,1.08,-0.36,0.04,0.2,-0.37,-0.04,0,0,1.00
2011-03-28T07:00:00,-0.23,0.34,0.17,1.04,-0.48,-0.14,0.09,-0.4,0.08,0,0,4.00
2011-03-28T08:00:00,-0.51,0.29,-0.03,1.13,-0.43,0.1,0.11,-0.36,-0.01,0,0,7.00
2011-03-28T09:00:00,-0.59,0.17,-0.09,1.18,-0.27,0.11,0.1,-0.35,-0.03,0,0,8.00
2011-03-28T10:00:00,-0.35,0.36,-0.28,1.15,-0.31,0.14,0.03,-0.42,-0.08,0,0,7.00
2011-03-28T11:00:00,-0.5,0.25,-0.18,1.19,0.12,0.12,1.42,-0.4,0.1,0,0,4.00
2011-03-28T12:00:00,-0.51,0.28,0.18,1.19,-0.26,-0.21,0.19,-0.38,-0.01,0,0,2.00
2011-03-28T13:00:00,-0.51,0.26,0.24,1.21,-0.29,-0.26,0.2,-0.36,0.0,0,0,-1.00
2011-03-28T14:00:00,-0.66,0.26,-0.01,1.24,-0.26,-0.08,0.27,-0.36,-0.04,0,0,1.00
2011-03-28T15:00:00,-0.49,0.43,0.08,1.24,-0.35,-0.17,0.25,-0.36,-0.02,0,0,3.00
2011-03-28T16:00:00,-0.46,0.25,0.0,1.23,-0.19,-0.37,0.27,-0.31,0.12,0,0,3.00
2011-03-28T17:00:00,-0.57,-0.06,0.04,1.27,0.05,-0.25,0.26,-0.3,0.09,0,0,4.00
2011-03-28T18:00:00,-0.38,0.2,0.07,1.29,0.0,-0.31,0.22,-0.37,0.16,0,0,4.00
2011-03-28T19:00:00,-0.05,0.55,0.12,1.31,0.0,-0.17,0.12,-0.47,-0.07,0,0,3.00
2011-03-28T20:00:00,-0.21,0.09,0.28,1.35,0.27,-0.07,0.15,-0.42,0.24,0,0,1.00
2011-03-28T21:00:00,-0.28,0.26,0.06,1.37,0.11,-0.14,0.16,-0.42,0.14,0,0,2.00
2011-03-28T22:00:00,0.01,0.32,0.36,1.37,0.06,-0.3,0.1,-0.48,-0.03,0,0,4.00
2011-03-28T23:00:00,-0.04,0.22,0.48,1.36,-0.01,-0.39,0.1,-0.49,-0.07,0,0,3.00
2011-03-29T00:00:00,0.27,0.13,0.43,1.27,0.06,-0.52,-0.04,-0.51,-0.1,0,0,2.00
2011-03-29T01:00:00,0.35,0.15,0.41,1.23,0.04,-0.5,-0.08,-0.51,-0.11,0,0,2.00
2011-03-29T02:00:00,0.39,0.24,0.36,1.25,0.03,-0.3,-0.09,-0.51,-0.12,0,0,2.00
2011-03-29T03:00:00,0.11,0.38,0.38,1.27,-0.04,-0.38,-0.06,-0.53,-0.12,0,0,2.00
2011-03-29T04:00:00,0.09,0.32,0.41,1.29,-0.07,-0.35,0.02,-0.52,-0.1,0,0,2.00
2011-03-29T05:00:00,0.2,0.34,0.42,1.26,0.01,-0.27,0.1,-0.51,-0.1,0,0,3.00
2011-03-29T06:00:00,0.28,0.49,0.43,1.26,-0.05,-0.23,0.1,-0.51,-0.14,0,0,4.00
2011-03-29T07:00:00,0.33,0.47,0.32,1.24,-0.04,-0.16,0.17,-0.5,-0.11,0,0,6.00
2011-03-29T08:00:00,0.43,0.53,0.25,1.23,-0.2,-0.34,0.04,-0.48,-0.12,0,0,6.00
2011-03-29T09:00:00,0.16,0.57,0.05,1.31,-0.23,-0.12,-0.04,-0.5,-0.12,0,0,6.00
2011-03-29T10:00:00,-0.32,0.5,0.02,1.45,-0.3,-0.11,-0.06,-0.49,-0.11,0,0,5.00
2011-03-29T11:00:00,-0.17,0.58,0.12,1.44,-0.47,-0.3,-0.12,-0.52,-0.13,0,0,3.00
2011-03-29T12:00:00,-0.09,0.52,0.44,1.42,-0.15,-0.66,-0.32,-0.55,-0.17,0,0,1.00
2011-03-29T13:00:00,0.04,0.72,0.21,1.35,-0.35,-0.46,-0.39,-0.56,-0.17,0,0,1.00
2011-03-29T14:00:00,-0.08,0.65,0.2,1.42,-0.37,-0.43,-0.35,-0.55,-0.17,0,0,2.00
2011-03-29T15:00:00,-0.26,1.22,0.36,0.98,-0.68,-0.13,0.26,-0.48,-0.17,0,0,4.00
2011-03-29T16:00:00,0.05,1.16,0.52,0.79,-0.25,-0.63,1.37,-0.46,-0.14,0,0,5.00
2011-03-29T17:00:00,-0.38,0.6,0.55,0.98,0.01,-0.87,2.01,-0.38,0.0,0,0,14.00
2011-03-29T18:00:00,-0.34,0.59,0.4,0.98,-0.02,-0.75,2.66,-0.37,0.12,0,0,19.00
2011-03-29T19:00:00,-0.17,0.83,0.57,0.97,-0.08,-1.09,3.06,-0.39,-0.0,0,0,22.00
2011-03-29T20:00:00,-0.35,0.94,0.58,0.98,-0.19,-1.3,3.52,-0.42,-0.04,0,0,26.00
2011-03-29T21:00:00,0.16,-0.18,0.16,0.93,0.07,-1.18,5.59,-0.46,3.85,0,0,29.00
2011-03-29T22:00:00,0.35,-0.38,-0.83,0.92,0.22,-0.93,5.76,-0.42,0.03,0,0,31.00
2011-03-29T23:00:00,0.68,-1.08,0.97,0.93,-0.25,0.01,4.43,-0.4,-0.09,0,0,36.00
2011-03-30T00:00:00,-0.05,-1.37,1.46,0.95,-0.19,-0.31,1.65,-0.42,-0.16,0,0,37.00
2011-03-30T01:00:00,-0.18,-1.33,1.83,1.03,-0.32,-0.52,-0.15,-0.48,-0.19,0,1,14.00
2011-03-30T02:00:00,-0.15,-1.37,1.79,0.99,0.25,0.09,-0.15,-0.57,-0.19,0,1,-1.00
2011-03-30T03:00:00,-0.18,-1.11,1.89,1.02,0.14,-0.03,-0.33,-0.6,-0.19,0,1,-3.00
2011-03-30T04:00:00,-0.23,-0.84,1.94,1.0,0.15,-0.11,-0.2,-0.59,-0.19,0,1,-2.00
2011-03-30T05:00:00,-0.27,-1.27,1.67,1.03,0.09,0.11,-0.48,-0.52,-0.19,0,1,-4.00
2011-03-30T06:00:00,-0.51,-1.27,1.59,1.08,-0.22,0.08,-0.75,-0.53,-0.19,0,1,-1.00
2011-03-30T07:00:00,-0.66,-0.57,1.93,1.06,-0.51,-0.06,-0.86,-0.51,-0.19,0,1,-1.00
2011-03-30T08:00:00,-0.84,-0.12,1.94,0.99,0.08,-0.03,-0.81,-0.57,-0.19,0,1,-2.00
2011-03-30T09:00:00,-0.9,0.54,1.87,1.04,0.13,-0.25,-0.68,-0.59,-0.19,0,1,-4.00
2011-03-30T10:00:00,-1.0,0.87,1.75,1.07,0.07,-0.3,-0.7,-0.59,-0.19,0,1,-3.00
2011-03-30T11:00:00,-1.06,1.15,1.62,1.1,-0.04,-0.36,-0.59,-0.59,-0.19,0,1,-1.00
2011-03-30T12:00:00,-1.08,1.31,1.49,1.15,0.0,-0.31,-0.51,-0.59,-0.19,0,1,3.00
2011-03-30T13:00:00,-0.87,1.29,1.54,1.1,-0.06,-0.49,-0.42,-0.59,-0.19,0,1,2.00
2011-03-30T14:00:00,-1.11,0.46,1.76,1.19,0.63,-0.44,-0.66,-0.59,-0.19,0,1,4.00
2011-03-30T15:00:00,-1.02,0.68,1.76,1.19,0.32,-0.41,-0.71,-0.59,-0.19,0,1,8.00
2011-03-30T16:00:00,-0.93,1.04,1.62,1.08,-0.04,-0.35,-0.66,-0.58,-0.19,0,1,8.00
2011-03-30T17:00:00,-1.05,0.95,1.57,1.2,0.17,-0.11,-0.49,-0.56,-0.19,0,1,8.00
2011-03-30T18:00:00,-1.38,0.25,1.52,1.19,0.49,0.33,-0.49,-0.51,-0.19,0,1,11.00
2011-03-30T19:00:00,-1.05,0.79,1.46,1.07,0.26,0.41,-0.36,-0.46,-0.19,0,1,13.00
2011-03-30T20:00:00,-1.05,1.01,1.32,1.08,0.3,0.4,-0.31,-0.48,-0.19,0,1,15.00
2011-03-30T21:00:00,-1.1,1.34,1.11,1.17,-0.02,0.14,-0.44,-0.56,-0.19,0,1,15.00
2011-03-30T22:00:00,-1.15,1.3,1.07,1.22,0.06,0.12,-0.47,-0.57,-0.19,0,1,12.00
2011-03-30T23:00:00,-1.13,1.34,0.99,1.24,0.07,0.12,-0.47,-0.57,-0.19,0,1,10.00
2011-03-31T00:00:00,-1.1,1.38,0.82,1.27,0.24,0.28,-0.28,-0.54,-0.19,0,1,9.00
2011-03-31T01:00:00,-0.99,1.39,0.64,1.33,0.37,0.57,-0.1,-0.5,-0.18,0,0,7.00
2011-03-31T02:00:00,-1.35,1.19,0.49,1.54,0.64,0.7,-0.17,-0.52,-0.19,0,0,7.00
2011-03-31T03:00:00,-1.0,1.46,0.51,1.43,0.18,0.34,-0.22,-0.53,-0.19,0,0,9.00
2011-03-31T04:00:00,-0.45,1.63,0.55,1.21,0.01,-0.34,-0.13,-0.5,-0.18,0,0,8.00
