2011-03-31T05:00:00,-0.99,1.44,0.17,1.58,0.42,0.1,-0.32,-0.5,-0.19,0,0,6.00
2011-03-31T06:00:00,-1.02,1.39,-0.04,1.56,0.31,0.02,-0.36,-0.5,-0.19,0,0,5.00
2011-03-31T07:00:00,-0.77,1.43,0.03,1.37,0.06,-0.82,-0.23,-0.48,-0.18,0,0,3.00
2011-03-31T08:00:00,-0.57,1.71,0.23,1.13,-0.55,-1.07,0.38,-0.52,-0.18,0,0,1.00
2011-03-31T09:00:00,-0.86,1.51,0.09,1.39,-0.32,-1.26,-0.26,-0.5,-0.19,0,0,1.00
2011-03-31T10:00:00,-0.74,1.53,-0.4,1.44,-0.6,-0.34,-0.55,-0.51,-0.19,0,0,1.00
2011-03-31T11:00:00,-1.05,1.43,-0.64,1.49,-1.05,-0.26,-0.75,-0.55,-0.19,0,1,2.00
2011-03-31T12:00:00,-1.0,1.46,-0.59,1.47,-1.34,-0.39,-0.71,-0.55,-0.19,0,1,0.00
2011-03-31T13:00:00,-0.93,1.51,-0.61,1.44,-1.2,-0.41,-0.75,-0.55,-0.19,0,1,-3.00
2011-03-31T14:00:00,-1.06,1.39,-0.66,1.44,-0.82,0.38,-0.55,-0.54,-0.19,0,1,-4.00
2011-03-31T15:00:00,-0.87,1.52,-0.59,1.44,-0.96,-0.07,-0.78,-0.55,-0.19,0,1,-4.00
2011-03-31T16:00:00,-0.88,1.47,-0.6,1.43,-0.79,0.26,-0.75,-0.54,-0.19,0,1,-3.00
2011-03-31T17:00:00,-0.45,1.75,-0.19,1.29,-1.03,-0.27,-0.72,-0.46,-0.19,0,1,-2.00
2011-03-31T18:00:00,-0.63,1.6,-0.17,1.45,-0.68,-0.15,-0.72,-0.4,-0.19,0,1,0.00
2011-03-31T19:00:00,-0.87,1.45,-0.14,1.65,-0.47,-0.23,-0.74,-0.4,-0.19,0,1,-1.00
2011-03-31T20:00:00,-0.8,1.47,-0.1,1.7,-0.38,-0.32,-0.73,-0.36,-0.19,0,1,-3.00
2011-03-31T21:00:00,-0.77,1.68,-0.03,1.5,-0.68,-0.47,-0.68,-0.38,-0.19,0,1,-5.00
2011-03-31T22:00:00,-0.85,1.69,-0.07,1.5,-0.88,-0.68,-0.59,-0.42,-0.19,0,1,-5.00
2011-03-31T23:00:00,-0.52,1.64,0.79,1.37,-0.73,-1.94,-0.59,-0.47,-0.19,0,1,-2.00
2011-04-01T00:00:00,-0.5,1.69,0.65,1.29,-0.94,-1.73,-0.54,-0.44,-0.19,0,1,---
2011-04-01T01:00:00,-0.39,1.66,0.61,1.32,-0.88,-1.3,-0.42,-0.44,-0.19,0,1,-1.00
2011-04-01T02:00:00,-0.54,1.74,0.31,1.4,-1.07,-0.98,-0.52,-0.52,-0.19,0,1,-1.00
2011-04-01T03:00:00,-0.68,1.71,0.2,1.44,-1.2,-1.13,-0.52,-0.54,-0.19,0,1,-1.00
2011-04-01T04:00:00,-0.69,1.73,0.33,1.45,-1.18,-1.94,-0.4,-0.52,-0.19,0,1,-4.00
2011-04-01T05:00:00,-0.76,1.58,0.2,1.33,-0.19,-2.06,-0.5,-0.45,-0.19,0,1,-4.00
2011-04-01T06:00:00,-0.87,1.35,0.13,1.31,-0.46,-1.11,-0.22,-0.36,-0.17,0,0,-6.00
2011-04-01T07:00:00,-0.06,1.05,-0.09,1.19,-0.66,-0.65,-0.12,-0.48,-0.17,0,0,-4.00
2011-04-01T08:00:00,-0.18,1.34,-0.47,1.04,-1.03,0.36,-0.26,-0.46,-0.18,0,0,-2.00
2011-04-01T09:00:00,0.21,1.42,-0.87,0.91,-1.09,0.83,-0.09,-0.39,-0.18,0,0,-2.00
2011-04-01T10:00:00,-0.43,1.55,-0.21,0.87,-0.9,0.43,0.1,-0.11,-0.15,0,0,6.00
2011-04-01T11:00:00,-1.09,1.23,0.35,1.02,-0.85,0.26,0.22,-0.04,-0.14,0,0,-1.00
2011-04-01T12:00:00,-0.98,0.63,0.55,1.04,-0.21,0.7,0.16,-0.13,-0.12,0,0,-3.00
2011-04-01T13:00:00,-1.19,1.01,0.31,1.08,-0.55,0.48,0.26,-0.26,-0.15,0,0,-7.00
2011-04-01T14:00:00,-0.91,1.22,0.71,0.89,-0.35,0.03,0.12,-0.34,-0.17,0,0,-3.00
2011-04-01T15:00:00,-0.01,0.12,-0.36,0.28,1.41,0.93,1.38,-0.01,0.94,0,0,2.00
2011-04-01T16:00:00,0.45,-0.43,-0.21,0.03,1.64,1.2,1.97,-0.03,0.62,0,0,4.00
2011-04-01T17:00:00,0.68,-0.88,0.08,-0.02,1.47,0.78,0.41,0.54,0.11,0,0,11.00
2011-04-01T18:00:00,0.76,-1.21,-0.09,0.36,0.12,0.22,-0.01,0.52,-0.07,0,0,6.00
2011-04-01T19:00:00,0.62,-1.45,-0.72,0.49,-1.11,0.07,-0.11,0.09,-0.15,1,0,-11.00
2011-04-01T20:00:00,1.01,-0.73,-1.19,0.54,-0.54,-0.7,-0.18,0.14,-0.15,1,0,-15.00
2011-04-01T21:00:00,0.64,-1.03,-1.21,0.5,-0.97,-0.3,-0.13,0.38,-0.14,1,0,-14.00
2011-04-01T22:00:00,0.81,-0.71,-1.2,0.57,-0.65,-0.38,-0.15,0.59,-0.12,1,0,-13.00
2011-04-01T23:00:00,0.72,-0.78,-1.12,0.58,-0.41,0.08,-0.14,0.4,-0.13,1,0,-17.00
2011-04-02T00:00:00,1.18,-0.87,-0.76,0.66,-0.62,-0.07,0.0,0.15,-0.14,1,0,-29.00
2011-04-02T01:00:00,1.15,-1.43,0.09,0.63,-1.37,1.17,0.12,0.05,-0.14,1,0,-32.00
2011-04-02T02:00:00,0.91,-1.07,-0.21,0.59,-1.32,0.81,0.17,0.06,-0.11,1,0,-35.00
2011-04-02T03:00:00,1.32,-0.88,-0.04,0.74,-0.95,0.67,0.21,0.02,-0.12,1,0,-38.00
2011-04-02T04:00:00,1.38,-1.07,-0.54,0.58,-0.93,0.46,-0.19,0.37,-0.14,1,0,-33.00
2011-04-02T05:00:00,1.09,-0.81,-0.62,0.28,-0.65,0.37,-0.23,1.05,-0.08,1,0,-33.00
2011-04-02T06:00:00,1.01,-1.2,0.07,-0.58,0.91,1.11,-0.39,1.32,-0.08,1,0,-33.00
2011-04-02T07:00:00,0.5,-0.73,0.48,-0.81,1.34,1.98,-0.48,1.61,0.06,1,0,-34.00
2011-04-02T08:00:00,0.86,-0.69,-0.52,-0.82,0.96,-0.16,-0.53,1.21,-0.08,1,0,-30.00
2011-04-02T09:00:00,0.5,-0.35,-0.86,-1.22,1.09,-1.73,-0.57,1.18,-0.08,1,0,-27.00
2011-04-02T10:00:00,0.79,-0.45,-0.32,-1.17,0.84,-0.71,-0.6,1.01,-0.05,1,0,-25.00
2011-04-02T11:00:00,1.12,-0.16,0.26,-1.03,1.42,0.3,-0.6,0.58,-0.11,1,0,-29.00
2011-04-02T12:00:00,0.38,0.35,0.68,-1.49,2.41,1.29,-0.57,1.23,0.02,1,0,-31.00
2011-04-02T13:00:00,0.72,0.35,0.6,-1.27,2.59,0.55,-0.56,0.93,-0.04,1,0,-26.00
2011-04-02T14:00:00,1.13,-0.16,0.57,-1.01,2.07,0.52,-0.56,0.68,-0.11,1,0,-20.00
2011-04-02T15:00:00,0.98,-0.58,0.53,-1.02,1.26,0.49,-0.61,0.95,-0.1,1,0,-18.00
2011-04-02T16:00:00,0.76,-0.57,-0.34,-1.02,1.24,-1.35,-0.62,1.08,-0.06,1,0,-18.00
2011-04-02T17:00:00,0.8,-0.52,-0.55,-0.92,1.47,-1.6,-0.65,0.92,-0.11,1,0,-20.00
2011-04-02T18:00:00,0.88,-0.46,-0.12,-0.91,1.6,0.05,-0.63,0.83,-0.07,1,0,-17.00
2011-04-02T19:00:00,0.76,-0.7,-0.17,-0.98,0.97,0.0,-0.65,0.94,-0.08,1,0,-17.00
2011-04-02T20:00:00,1.1,-0.36,0.21,-0.85,1.59,0.86,-0.65,0.39,-0.13,1,0,-21.00
2011-04-02T21:00:00,0.74,-0.65,-0.2,-1.48,0.46,0.55,-0.46,1.69,0.07,1,0,-28.00
2011-04-02T22:00:00,0.75,-0.97,-0.27,-1.54,-0.86,0.4,-0.56,1.37,-0.07,0,0,-26.00
2011-04-02T23:00:00,0.67,-0.92,0.28,-1.54,-0.8,1.5,-0.61,0.76,-0.1,0,0,-16.00
2011-04-03T00:00:00,-0.0,-0.99,-0.65,-1.56,-1.2,-0.13,-0.64,0.51,-0.14,0,0,-18.00
2011-04-03T01:00:00,-0.03,-0.9,-0.43,-1.5,-1.35,0.71,-0.58,0.66,-0.09,0,0,-23.00
2011-04-03T02:00:00,0.32,-0.78,-0.27,-1.36,-1.23,0.56,-0.62,0.72,-0.06,0,0,-25.00
2011-04-03T03:00:00,0.46,-0.7,-0.21,-1.26,-1.34,0.65,-0.66,0.56,-0.08,0,0,-27.00
2011-04-03T04:00:00,0.25,-0.71,-0.17,-1.28,-1.26,0.44,-0.69,0.53,-0.07,0,0,-35.00
2011-04-03T05:00:00,0.45,-0.48,0.01,-1.08,-0.63,1.33,-0.72,0.52,-0.02,0,0,-37.00
2011-04-03T06:00:00,0.33,-0.65,-0.17,-0.92,-0.54,0.05,-0.63,0.25,-0.07,0,0,-37.00
2011-04-03T07:00:00,0.6,-0.08,0.32,-1.07,0.15,1.31,-0.65,0.35,-0.02,0,0,-36.00
2011-04-03T08:00:00,0.26,-0.8,-0.11,-1.28,1.27,0.13,-0.55,0.2,-0.08,0,0,-35.00
2011-04-03T09:00:00,0.08,-0.75,-0.29,-1.14,-0.04,0.06,-0.76,0.14,-0.13,0,0,-28.00
2011-04-03T10:00:00,0.31,-0.01,-0.14,-1.03,1.17,0.27,-0.72,0.2,0.16,0,0,-26.00
2011-04-03T11:00:00,0.33,0.48,-0.14,-1.0,1.84,-0.13,-0.71,0.15,-0.07,0,0,-27.00
2011-04-03T12:00:00,0.38,0.43,-0.2,-1.03,1.58,-0.09,-0.76,0.08,-0.11,0,0,-22.00
2011-04-03T13:00:00,0.52,0.01,-0.19,-0.91,0.84,-0.13,-0.79,0.12,-0.09,0,0,-20.00
2011-04-03T14:00:00,0.32,-0.56,0.01,-0.95,-0.36,0.64,-0.77,0.45,-0.05,0,0,-19.00
2011-04-03T15:00:00,0.17,-0.29,-0.18,-1.02,0.3,0.0,-0.77,0.41,0.09,0,0,-19.00
2011-04-03T16:00:00,0.32,-0.17,-0.34,-0.92,0.44,-0.39,-0.76,0.33,-0.05,0,0,-24.00
2011-04-03T17:00:00,0.11,-0.37,-0.3,-1.06,-0.03,-0.52,-0.77,0.37,-0.03,0,0,-23.00
2011-04-03T18:00:00,0.13,-0.24,-0.38,-0.99,0.41,-0.76,-0.77,0.31,-0.06,0,0,-20.00
2011-04-03T19:00:00,0.24,-0.36,-0.27,-0.84,-0.53,-0.92,-0.77,0.24,-0.06,0,0,-19.00
2011-04-03T20:00:00,0.22,-0.01,-0.33,-0.91,0.77,-0.61,-0.76,0.29,-0.01,0,0,-17.00
2011-04-03T21:00:00,0.26,-0.28,-0.15,-0.88,0.23,0.06,-0.77,0.3,0.06,0,0,-24.00
2011-04-03T22:00:00,0.12,-0.29,-0.04,-0.97,0.12,0.24,-0.76,0.3,0.29,0,0,-24.00
2011-04-03T23:00:00,-0.05,-0.44,-0.29,-1.05,-0.46,-0.51,-0.77,0.25,-0.07,0,0,-22.00
2011-04-04T00:00:00,0.04,-0.54,-0.15,-0.95,-0.75,-0.12,-0.78,0.17,-0.08,0,0,-20.00
2011-04-04T01:00:00,0.22,-0.52,0.03,-0.81,-0.6,0.41,-0.78,0.14,-0.07,0,0,-22.00
2011-04-04T02:00:00,0.31,-0.26,-0.23,-0.71,-0.21,-0.55,-0.77,0.09,-0.05,0,0,-27.00
2011-04-04T03:00:00,0.44,-0.32,0.11,-0.57,-0.03,0.31,-0.74,0.01,-0.06,0,0,-31.00
2011-04-04T04:00:00,0.07,-0.3,-0.08,-0.93,0.05,-0.48,-0.75,0.2,0.2,0,0,-29.00
2011-04-04T05:00:00,0.04,-0.2,-0.22,-0.94,0.74,-0.9,-0.76,0.29,0.14,0,0,-31.00
2011-04-04T06:00:00,0.25,-0.49,0.08,-0.74,-0.72,0.05,-0.76,0.32,-0.01,0,0,-29.00
2011-04-04T07:00:00,0.45,-0.25,-0.01,-0.53,0.78,-0.64,-0.76,0.24,-0.01,0,0,-25.00
2011-04-04T08:00:00,0.14,-0.51,0.26,-0.78,0.09,0.41,-0.79,0.32,-0.05,0,0,-26.00
2011-04-04T09:00:00,0.34,-0.42,-0.01,-0.64,0.13,-0.33,-0.8,0.32,-0.04,0,0,-23.00
2011-04-04T10:00:00,0.12,-0.44,0.08,-0.73,0.04,-0.06,-0.8,0.26,0.01,0,0,-24.00
2011-04-04T11:00:00,0.04,-0.53,0.08,-0.77,-0.07,-0.17,-0.82,0.28,-0.05,0,0,-24.00
2011-04-04T12:00:00,0.28,-0.4,-0.03,-0.58,0.09,-0.35,-0.82,0.11,-0.07,0,0,-23.00
2011-04-04T13:00:00,0.47,-0.31,-0.02,-0.34,0.02,-0.41,-0.84,-0.12,-0.13,0,0,-21.00
2011-04-04T14:00:00,0.38,-0.45,0.03,-0.32,-0.45,-0.11,-0.85,-0.08,-0.13,0,0,-18.00
2011-04-04T15:00:00,0.44,-0.39,0.02,-0.23,-0.18,-0.01,-0.85,-0.11,-0.13,0,0,-18.00
2011-04-04T16:00:00,0.5,-0.3,-0.1,-0.16,0.08,-0.56,-0.85,-0.18,-0.15,0,0,-18.00
2011-04-04T17:00:00,0.53,-0.34,-0.03,-0.06,-0.08,-0.17,-0.87,-0.28,-0.16,0,0,-17.00
2011-04-04T18:00:00,0.46,-0.45,0.01,-0.09,-0.5,0.1,-0.87,-0.26,-0.16,0,0,-15.00
2011-04-04T19:00:00,0.34,-0.53,-0.05,-0.17,-0.65,-0.11,-0.87,-0.22,-0.16,0,0,-13.00
2011-04-04T20:00:00,0.48,-0.41,0.01,-0.03,-0.32,0.4,-0.84,-0.14,-0.14,0,0,-14.00
2011-04-04T21:00:00,0.49,-0.46,-0.07,0.06,-0.49,-0.03,-0.87,-0.29,-0.17,0,0,-15.00
2011-04-04T22:00:00,0.49,-0.47,-0.07,0.19,-0.93,-0.26,-0.85,-0.43,-0.18,0,0,-14.00
2011-04-04T23:00:00,0.4,-0.53,0.05,0.19,-1.02,-0.04,-0.82,-0.47,-0.18,0,0,-13.00
2011-04-05T00:00:00,0.37,-0.46,-0.14,0.13,-0.78,-0.65,-0.75,-0.39,-0.16,0,0,-14.00
2011-04-05T01:00:00,0.25,-0.48,-0.07,0.0,-0.58,-0.4,-0.71,-0.3,-0.12,0,0,-16.00
2011-04-05T02:00:00,0.42,-0.34,-0.19,0.08,-0.46,-0.51,-0.63,-0.2,-0.1,0,0,-19.00
2011-04-05T03:00:00,0.37,-0.22,-0.35,0.07,-0.18,-0.85,-0.61,-0.23,-0.11,0,0,-20.00
2011-04-05T04:00:00,0.3,-0.5,-0.03,0.05,-0.57,-0.28,-0.59,-0.21,-0.08,0,0,-21.00
2011-04-05T05:00:00,0.17,-0.45,0.42,0.01,-0.69,0.38,-0.59,-0.28,-0.11,0,0,-20.00
2011-04-05T06:00:00,0.38,-0.4,0.05,0.17,-0.76,-0.36,-0.47,-0.18,-0.01,0,0,-21.00
2011-04-05T07:00:00,0.32,-0.4,-0.05,0.17,-0.85,-0.56,-0.44,-0.1,0.06,0,0,-21.00
2011-04-05T08:00:00,0.05,-0.1,0.38,0.11,-0.45,-0.08,-0.43,-0.13,0.25,0,0,-18.00
2011-04-05T09:00:00,-0.23,0.25,0.55,0.08,-0.23,0.04,-0.46,-0.33,-0.11,0,0,-15.00
2011-04-05T10:00:00,-0.4,0.25,0.64,0.03,-0.28,0.07,-0.43,-0.38,-0.15,0,0,-15.00
2011-04-05T11:00:00,-0.43,0.2,0.66,0.03,-0.39,0.11,0.3,-0.36,-0.09,0,0,-15.00
2011-04-05T12:00:00,-0.43,0.21,0.67,0.06,-0.61,0.08,-0.47,-0.31,-0.14,0,0,-13.00
2011-04-05T13:00:00,-0.4,0.12,0.58,0.12,-0.74,-0.17,-0.42,-0.21,-0.09,0,0,-11.00
2011-04-05T14:00:00,-0.46,0.24,0.56,0.1,-0.55,-0.1,-0.44,-0.23,-0.11,0,0,-8.00
2011-04-05T15:00:00,-0.22,0.24,0.51,0.22,-0.51,-0.3,-0.33,-0.08,0.02,0,0,-6.00
2011-04-05T16:00:00,0.14,-0.2,0.55,0.22,-0.73,0.13,-0.33,0.14,0.11,0,0,-6.00
2011-04-05T17:00:00,-0.15,0.04,0.17,-0.06,-0.45,-0.82,-0.34,0.22,2.87,0,0,-5.00
2011-04-05T18:00:00,0.6,-0.12,-0.27,-0.54,-0.44,-1.17,-0.16,0.73,0.28,0,0,1.00
2011-04-05T19:00:00,0.95,-0.04,-0.49,-0.62,-0.35,-0.88,-0.28,0.47,-0.06,0,0,7.00
2011-04-05T20:00:00,0.83,-0.15,-0.22,-0.83,-0.24,0.32,-0.35,1.06,0.11,0,0,12.00
2011-04-05T21:00:00,0.75,-0.47,0.03,-0.95,-0.73,1.43,-0.41,1.3,0.14,0,0,-1.00
2011-04-05T22:00:00,0.82,-0.13,0.36,-0.73,-1.14,2.03,-0.45,0.74,0.02,0,0,-12.00
2011-04-05T23:00:00,-0.68,-0.52,0.54,-0.74,-0.09,0.78,-0.49,-0.08,-0.13,0,0,-15.00
2011-04-06T00:00:00,-0.69,-0.6,0.74,-0.82,0.34,1.2,-0.35,0.05,-0.12,0,0,-11.00
2011-04-06T01:00:00,-0.31,-0.94,0.2,-0.74,0.4,2.19,-0.12,0.14,-0.04,0,0,-8.00
2011-04-06T02:00:00,0.1,-0.86,0.23,-0.79,-0.01,3.49,-0.19,0.4,0.04,0,0,-9.00
2011-04-06T03:00:00,0.23,-1.21,-0.19,-0.62,-0.69,2.37,-0.09,0.19,-0.09,0,0,-5.00
2011-04-06T04:00:00,-0.3,-1.05,0.46,-0.66,-0.41,3.19,0.13,0.13,-0.06,0,0,-8.00
2011-04-06T05:00:00,-0.12,-1.14,0.46,-0.5,-0.3,3.16,0.13,-0.01,-0.09,0,0,-9.00
2011-04-06T06:00:00,0.0,-1.03,0.61,-0.5,-0.34,2.85,0.06,-0.15,-0.11,0,0,-10.00
2011-04-06T07:00:00,0.31,-0.92,0.79,-0.32,0.04,2.33,-0.04,-0.21,-0.14,0,0,-8.00
2011-04-06T08:00:00,0.22,-0.79,0.53,-0.28,-0.2,1.88,0.13,-0.32,-0.11,0,0,-6.00
2011-04-06T09:00:00,-1.78,-1.1,-0.45,-0.52,1.78,0.79,1.43,0.18,-0.1,0,0,-3.00
2011-04-06T10:00:00,-1.82,-1.86,0.02,-0.54,1.19,0.24,1.24,-0.17,-0.16,0,0,7.00
2011-04-06T11:00:00,-0.44,-0.84,-0.16,-0.4,0.87,-0.29,1.18,0.41,0.32,0,0,0.00
2011-04-06T12:00:00,1.25,-0.44,-1.16,-0.26,0.73,-1.1,0.89,0.08,-0.12,0,0,-21.00
2011-04-06T13:00:00,1.24,0.84,-1.06,-0.26,1.12,-0.51,0.45,0.31,-0.12,0,0,-13.00
2011-04-06T14:00:00,1.06,0.92,-1.01,-0.3,1.15,0.03,0.32,0.87,-0.07,0,0,-16.00
2011-04-06T15:00:00,0.84,-0.31,-0.96,-0.36,0.31,0.02,0.34,1.19,0.04,0,0,-32.00
2011-04-06T16:00:00,0.34,-0.13,-0.68,-0.55,0.62,-0.14,-0.04,1.08,0.19,0,0,-39.00
2011-04-06T17:00:00,0.37,-0.55,-0.43,-0.47,0.03,0.12,0.14,0.78,0.26,0,0,-46.00
2011-04-06T18:00:00,0.75,0.09,-0.23,-0.29,0.84,0.19,-0.24,0.68,0.13,0,0,-54.00
2011-04-06T19:00:00,0.45,0.24,-0.33,-0.35,0.65,-0.14,-0.3,0.58,0.19,0,0,-60.00
2011-04-06T20:00:00,0.49,-0.13,-0.33,-0.3,0.11,-0.12,-0.33,0.48,0.16,0,0,-60.00
2011-04-06T21:00:00,0.22,-0.77,-0.28,-0.37,-1.2,0.14,-0.38,0.3,-0.03,0,0,-58.00
2011-04-06T22:00:00,0.79,-0.44,0.16,-0.16,-0.71,1.17,-0.3,0.68,0.06,0,0,-52.00
2011-04-06T23:00:00,0.68,-0.62,0.1,-0.22,-0.82,0.84,-0.27,0.49,0.03,0,0,-50.00
2011-04-07T00:00:00,0.58,-0.77,-0.14,-0.3,-0.67,0.29,-0.26,0.27,-0.04,0,0,-46.00
2011-04-07T01:00:00,-0.16,-1.0,-0.01,-0.55,-1.03,0.33,-0.41,0.01,-0.11,0,0,-43.00
2011-04-07T02:00:00,0.41,-0.82,0.03,-0.45,-0.89,-0.1,-0.48,-0.09,-0.12,0,0,-42.00
2011-04-07T03:00:00,0.18,-0.81,0.07,-0.67,-1.1,-0.21,-0.58,-0.2,-0.13,0,0,-41.00
2011-04-07T04:00:00,0.07,-0.84,0.18,-0.73,-1.0,-0.02,-0.63,-0.33,-0.16,0,0,-42.00
2011-04-07T05:00:00,0.01,-0.88,0.14,-0.68,-0.76,-0.23,-0.7,-0.4,-0.17,0,0,-41.00
2011-04-07T06:00:00,0.17,-0.74,0.22,-0.58,-0.25,-0.02,-0.65,-0.41,-0.16,0,0,-38.00
2011-04-07T07:00:00,0.14,-0.72,0.17,-0.51,-0.31,-0.11,-0.66,-0.42,-0.16,0,0,-34.00
2011-04-07T08:00:00,0.15,-0.57,0.14,-0.45,-0.02,-0.27,-0.58,-0.37,-0.12,0,0,-28.00
2011-04-07T09:00:00,-0.06,-0.43,0.16,-0.59,0.06,-0.03,-0.53,-0.27,0.0,0,0,-23.00
2011-04-07T10:00:00,-0.05,-0.58,0.25,-0.49,-0.22,-0.04,-0.63,-0.37,-0.13,0,0,-18.00
2011-04-07T11:00:00,0.2,-0.56,0.21,-0.38,-0.27,-0.07,-0.59,-0.35,-0.12,0,0,-19.00
2011-04-07T12:00:00,0.46,-0.47,0.34,-0.2,-0.21,0.22,-0.59,-0.32,-0.14,0,0,-20.00
2011-04-07T13:00:00,0.45,-0.23,0.22,-0.18,0.45,-0.17,-0.44,-0.24,-0.01,0,0,-19.00
2011-04-07T14:00:00,-0.1,-0.44,0.44,-0.36,-0.08,0.08,-0.52,-0.37,-0.12,0,0,-17.00
2011-04-07T15:00:00,0.21,-0.21,0.35,-0.23,0.21,-0.08,-0.42,-0.27,0.06,0,0,-15.00
2011-04-07T16:00:00,-0.09,-0.38,0.31,-0.31,-0.1,-0.03,-0.41,-0.35,-0.02,0,0,-14.00
2011-04-07T17:00:00,-0.33,-0.4,0.25,-0.18,0.2,0.26,-0.45,-0.42,-0.11,0,0,-11.00
2011-04-07T18:00:00,-0.28,-0.45,0.29,-0.15,0.15,0.24,-0.36,-0.36,-0.08,0,0,-12.00
2011-04-07T19:00:00,-0.3,-0.42,0.15,-0.06,0.41,0.34,-0.31,-0.37,-0.04,0,0,-12.00
2011-04-07T20:00:00,-0.16,-0.35,0.14,-0.0,0.43,0.26,-0.22,-0.35,0.13,0,0,-15.00
2011-04-07T21:00:00,-0.22,-0.54,0.25,0.0,0.11,0.47,-0.34,-0.43,-0.11,0,0,-12.00
2011-04-07T22:00:00,-0.47,-0.37,0.1,0.04,0.11,0.43,-0.24,-0.46,-0.11,0,0,-11.00
2011-04-07T23:00:00,-0.32,-0.41,0.12,0.16,0.16,0.55,-0.13,-0.46,-0.06,0,0,-9.00
2011-04-08T00:00:00,-0.55,-0.26,0.12,0.17,0.43,0.78,-0.21,-0.45,-0.11,0,0,-11.00
2011-04-08T01:00:00,-0.68,-0.15,0.15,0.18,0.41,0.86,-0.2,-0.47,-0.13,0,0,-15.00
2011-04-08T02:00:00,-0.63,-0.24,0.17,0.2,0.36,0.88,-0.14,-0.47,-0.12,0,0,-18.00
2011-04-08T03:00:00,-0.61,-0.27,0.23,0.22,0.28,0.81,-0.06,-0.47,-0.12,0,0,-18.00
2011-04-08T04:00:00,-0.33,-0.38,0.11,0.32,0.19,0.56,0.08,-0.38,0.05,0,0,-18.00
2011-04-08T05:00:00,-0.28,-0.64,0.04,0.32,0.0,0.63,0.08,-0.45,-0.1,0,0,-17.00
2011-04-08T06:00:00,-0.6,-0.55,0.25,0.34,0.21,0.71,0.1,-0.5,-0.15,0,0,-15.00
2011-04-08T07:00:00,-0.7,-0.14,0.42,0.38,0.28,0.6,0.22,-0.5,-0.13,0,0,-14.00
2011-04-08T08:00:00,-0.74,-0.28,0.51,0.4,0.03,0.54,0.1,-0.5,-0.15,0,0,-13.00
2011-04-08T09:00:00,-0.76,-0.47,0.26,0.45,-0.03,0.35,0.3,-0.5,-0.15,0,0,-11.00
2011-04-08T10:00:00,-0.62,-0.62,0.15,0.5,-0.12,0.18,0.18,-0.47,-0.13,0,0,-10.00
2011-04-08T11:00:00,-0.11,-0.39,-0.05,0.56,0.04,0.17,0.03,-0.45,0.05,0,0,-8.00
2011-04-08T12:00:00,-0.29,-0.59,0.35,0.58,-0.13,0.19,0.2,-0.41,-0.08,0,0,-11.00
2011-04-08T13:00:00,-0.09,-0.74,-0.13,0.54,-0.45,0.08,0.28,-0.38,-0.07,0,0,-9.00
2011-04-08T14:00:00,-0.34,-0.68,0.36,0.6,-0.61,-0.46,0.82,-0.46,-0.09,0,0,-4.00
2011-04-08T15:00:00,-0.42,-0.52,0.29,0.58,-0.24,0.31,0.11,-0.46,-0.11,0,0,-2.00
2011-04-08T16:00:00,0.04,-0.5,-0.32,0.51,-0.48,0.29,0.05,-0.31,-0.03,0,0,-4.00
2011-04-08T17:00:00,-0.27,-0.76,0.4,0.52,-0.26,0.17,-0.11,-0.44,-0.14,0,0,-4.00
2011-04-08T18:00:00,0.38,-0.39,-0.44,0.54,-0.52,0.26,0.01,-0.31,-0.08,0,0,-4.00
2011-04-08T19:00:00,0.44,-0.05,-0.49,0.59,-0.6,0.06,-0.0,-0.19,-0.04,0,0,-10.00
2011-04-08T20:00:00,0.28,-0.19,-0.57,0.57,-0.7,0.04,0.03,-0.22,-0.05,0,0,-10.00
2011-04-08T21:00:00,0.2,-0.22,-0.57,0.58,-0.71,-0.03,-0.01,-0.27,-0.07,0,0,-14.00
2011-04-08T22:00:00,0.4,0.03,-0.74,0.63,-0.67,-0.42,-0.23,-0.39,-0.15,0,0,-19.00
2011-04-08T23:00:00,0.5,-0.27,-0.79,0.6,-0.62,-0.28,-0.48,-0.43,-0.17,0,0,-22.00
2011-04-09T00:00:00,0.65,-0.41,-0.68,0.63,-0.88,-0.16,-0.5,-0.44,-0.18,0,0,-17.00
2011-04-09T01:00:00,0.44,-0.5,-0.42,0.41,-0.0,0.36,-0.45,-0.27,-0.13,0,0,-26.00
2011-04-09T02:00:00,0.32,-0.36,-0.43,0.39,-0.07,0.68,-0.38,-0.21,-0.09,0,0,-34.00
2011-04-09T03:00:00,0.49,-0.56,-0.25,0.35,-0.17,0.34,-0.41,-0.21,-0.11,0,0,-39.00
2011-04-09T04:00:00,0.3,-0.19,-0.52,0.31,-0.2,0.04,-0.45,-0.23,-0.11,0,0,-40.00
2011-04-09T05:00:00,0.16,-0.19,-0.6,0.29,-0.27,-0.04,-0.47,-0.29,-0.13,0,0,-40.00
2011-04-09T06:00:00,0.07,0.14,-0.54,0.24,-0.03,-0.22,-0.47,-0.27,-0.12,0,0,-38.00
2011-04-09T07:00:00,0.04,-0.2,-0.38,0.17,-0.25,-0.16,-0.47,-0.24,-0.05,0,0,-35.00
2011-04-09T08:00:00,0.38,-0.45,-0.26,0.23,-0.34,-0.22,-0.52,-0.32,-0.12,0,0,-36.00
2011-04-09T09:00:00,0.47,-0.32,-0.18,0.22,-0.32,-0.11,-0.49,-0.27,-0.09,0,0,-37.00
2011-04-09T10:00:00,0.56,-0.23,-0.0,0.29,-0.1,0.08,-0.45,-0.31,-0.08,0,0,-38.00
2011-04-09T11:00:00,0.53,-0.33,-0.03,0.3,-0.21,0.04,-0.46,-0.33,-0.1,0,0,-39.00
2011-04-09T12:00:00,0.52,-0.32,-0.06,0.3,-0.12,-0.03,-0.42,-0.26,-0.06,0,0,-38.00
2011-04-09T13:00:00,0.52,-0.31,-0.13,0.34,0.03,-0.3,-0.44,-0.25,-0.07,0,0,-35.00
2011-04-09T14:00:00,0.52,-0.17,-0.24,0.42,0.45,-0.64,-0.42,-0.19,-0.06,0,0,-31.00
2011-04-09T15:00:00,0.65,-0.15,0.04,0.51,0.31,-0.15,-0.38,-0.26,-0.07,0,0,-25.00
2011-04-09T16:00:00,0.57,-0.36,0.23,0.54,0.16,0.26,-0.39,-0.34,-0.1,0,0,-22.00
2011-04-09T17:00:00,0.62,-0.4,0.08,0.61,0.02,0.03,-0.44,-0.42,-0.14,0,0,-18.00
2011-04-09T18:00:00,0.67,-0.49,0.05,0.69,-0.07,-0.11,-0.56,-0.49,-0.17,0,0,-18.00
2011-04-09T19:00:00,0.73,-0.28,0.36,0.71,0.08,0.25,-0.58,-0.5,-0.17,0,0,-17.00
2011-04-09T20:00:00,0.66,-0.41,0.33,0.71,-0.09,0.28,-0.57,-0.51,-0.17,0,0,-19.00
2011-04-09T21:00:00,0.64,-0.55,-0.04,0.74,-0.32,-0.27,-0.56,-0.51,-0.17,0,0,-20.00
2011-04-09T22:00:00,0.38,-0.56,-0.29,0.69,-0.3,-0.59,-0.55,-0.5,-0.17,0,0,-18.00
2011-04-09T23:00:00,0.63,-0.48,-0.01,0.8,-0.27,-0.05,-0.52,-0.49,-0.17,0,0,-15.00
2011-04-10T00:00:00,0.62,-0.43,-0.06,0.83,-0.17,-0.05,-0.44,-0.44,-0.15,0,0,-15.00
2011-04-10T01:00:00,0.69,-0.39,0.24,0.89,-0.33,-0.06,-0.46,-0.48,-0.16,0,0,-17.00
2011-04-10T02:00:00,0.67,-0.43,0.16,0.87,-0.37,-0.16,-0.36,-0.35,-0.13,0,0,-16.00
2011-04-10T03:00:00,0.75,-0.38,0.12,0.94,-0.75,0.02,-0.31,-0.37,-0.13,0,0,-15.00
2011-04-10T04:00:00,0.8,-0.24,0.11,0.96,-0.78,0.35,-0.27,-0.34,-0.12,0,0,-13.00
2011-04-10T05:00:00,0.8,-0.19,0.11,0.95,-0.78,0.47,-0.21,-0.36,-0.12,0,0,-11.00
2011-04-10T06:00:00,0.67,-0.13,0.37,0.95,-0.8,0.6,-0.22,-0.37,-0.11,0,0,-11.00
2011-04-10T07:00:00,0.72,-0.23,0.25,0.95,-0.7,0.51,-0.11,-0.39,-0.11,0,0,-10.00
2011-04-10T08:00:00,0.68,-0.4,0.05,0.98,-0.92,0.38,-0.08,-0.37,-0.1,0,0,-9.00
2011-04-10T09:00:00,0.52,-0.52,-0.11,0.98,-0.88,0.22,-0.1,-0.42,-0.12,0,0,-8.00
2011-04-10T10:00:00,0.4,-0.56,-0.21,1.01,-0.81,0.3,-0.24,-0.47,-0.14,0,0,-10.00
2011-04-10T11:00:00,0.3,-0.51,-0.33,1.0,-0.62,0.49,-0.3,-0.49,-0.15,0,0,-12.00
2011-04-10T12:00:00,0.16,-0.45,-0.39,1.06,-0.57,0.51,-0.34,-0.52,-0.16,0,0,-13.00
2011-04-10T13:00:00,0.36,-0.35,-0.35,1.1,-0.65,0.5,-0.29,-0.51,-0.15,0,0,-13.00
2011-04-10T14:00:00,0.41,-0.41,-0.32,1.13,-0.66,0.48,-0.33,-0.53,-0.16,0,0,-13.00
2011-04-10T15:00:00,0.43,-0.33,-0.34,1.12,-0.54,0.74,-0.22,-0.52,-0.15,0,0,-13.00
2011-04-10T16:00:00,0.23,0.17,-0.27,1.08,-0.59,0.81,-0.1,-0.5,-0.07,0,0,-11.00
2011-04-10T17:00:00,0.21,-0.03,-0.32,1.07,-0.41,0.79,-0.04,-0.51,-0.09,0,0,-12.00
2011-04-10T18:00:00,0.09,-0.15,-0.35,1.05,-0.33,0.89,0.09,-0.52,-0.09,0,0,-9.00
2011-04-10T19:00:00,0.45,-0.28,-0.26,1.14,-0.31,0.74,-0.08,-0.53,-0.14,0,0,-7.00
2011-04-10T20:00:00,0.38,-0.11,-0.36,1.17,-0.16,0.2,0.09,-0.54,-0.13,0,0,-6.00
2011-04-10T21:00:00,0.38,-0.37,-0.14,1.31,-0.6,0.05,0.32,-0.51,-0.08,0,0,-7.00
2011-04-10T22:00:00,0.18,-0.64,-0.07,1.33,-0.79,0.24,0.32,-0.56,-0.14,0,0,-9.00
2011-04-10T23:00:00,0.28,-0.58,-0.09,1.36,-0.83,0.12,0.43,-0.56,-0.13,0,0,-9.00
2011-04-11T00:00:00,0.49,-0.48,-0.06,1.44,-0.76,0.14,0.53,-0.55,-0.13,0,0,-6.00
2011-04-11T01:00:00,0.62,-0.36,0.12,1.44,-0.59,0.33,0.52,-0.54,-0.13,0,0,-2.00
2011-04-11T02:00:00,0.5,-0.32,0.08,1.45,-0.59,0.28,0.58,-0.56,-0.11,0,0,-1.00
2011-04-11T03:00:00,0.47,-0.33,-0.03,1.48,-0.64,0.12,0.56,-0.56,-0.11,0,0,-1.00
2011-04-11T04:00:00,0.41,-0.47,-0.09,1.49,-0.61,0.09,0.55,-0.56,-0.13,0,0,-4.00
2011-04-11T05:00:00,0.54,-0.73,-0.09,1.44,-0.93,0.46,1.42,-0.53,-0.12,1,0,-3.00
2011-04-11T06:00:00,0.62,-0.6,-0.16,1.34,-1.01,0.07,2.16,-0.5,-0.07,1,0,-2.00
2011-04-11T07:00:00,0.08,-0.02,-0.33,1.19,-0.93,-0.08,4.24,-0.46,0.68,1,0,1.00
2011-04-11T08:00:00,-0.09,-0.05,-0.11,1.2,-1.02,0.2,5.1,-0.41,5.26,1,0,7.00
2011-04-11T09:00:00,-0.28,0.41,0.06,1.05,-0.63,0.34,6.49,-0.48,0.79,1,0,12.00
2011-04-11T10:00:00,0.28,0.69,-0.69,1.07,-0.16,0.35,4.62,-0.38,0.03,1,0,14.00
2011-04-11T11:00:00,0.7,-0.47,-0.49,1.18,-0.69,0.39,4.05,-0.37,0.07,1,0,16.00
2011-04-11T12:00:00,0.52,-0.35,0.32,1.16,-0.76,0.47,4.15,-0.39,0.41,1,0,17.00
2011-04-11T13:00:00,-0.46,0.81,0.09,1.06,-0.39,0.08,4.72,-0.5,-0.01,1,0,9.00
2011-04-11T14:00:00,-0.07,0.86,0.49,1.04,-0.47,0.25,6.9,-0.46,0.1,1,0,5.00
2011-04-11T15:00:00,-0.39,0.6,0.04,0.94,-0.43,0.1,7.93,-0.41,0.6,1,0,9.00
2011-04-11T16:00:00,-0.2,1.16,1.33,0.79,-0.07,-0.33,2.75,-0.07,-0.07,1,0,20.00
2011-04-11T17:00:00,-0.59,1.4,0.72,0.68,0.14,-0.01,1.79,0.35,0.01,1,0,32.00
2011-04-11T18:00:00,0.41,1.37,0.67,0.59,0.16,-0.03,1.4,0.27,-0.01,1,0,22.00
2011-04-11T19:00:00,-0.4,0.64,1.95,0.43,0.75,-0.27,0.79,0.39,-0.12,1,0,16.00
2011-04-11T20:00:00,-0.48,1.51,1.7,0.38,1.2,0.05,0.22,1.0,-0.12,1,0,12.00
2011-04-11T21:00:00,-0.29,0.92,1.82,0.27,1.67,-0.14,0.48,1.19,-0.08,1,0,10.00
2011-04-11T22:00:00,-0.89,1.06,0.85,0.2,1.61,-0.14,0.97,1.19,0.08,1,0,11.00
2011-04-11T23:00:00,-0.68,-0.2,1.44,0.1,1.36,-1.1,1.19,0.87,0.03,1,0,17.00
2011-04-12T00:00:00,-0.77,0.51,1.44,0.25,0.86,-0.62,1.1,0.52,-0.04,1,0,21.00
2011-04-12T01:00:00,-0.98,0.39,0.16,-0.06,0.64,-0.22,0.28,0.35,0.05,1,0,20.00
2011-04-12T02:00:00,-1.11,-0.46,0.18,-0.15,0.88,-0.08,0.19,0.16,-0.05,1,0,16.00
2011-04-12T03:00:00,-1.25,-0.26,0.13,-0.06,0.92,-0.16,0.15,0.08,-0.08,1,0,11.00
2011-04-12T04:00:00,-0.1,-0.12,0.46,-0.43,0.72,-0.62,0.26,0.32,0.9,1,0,6.00
2011-04-12T05:00:00,-0.86,-0.11,-1.1,-0.38,0.57,0.81,-0.07,0.12,-0.14,1,0,9.00
2011-04-12T06:00:00,-1.21,-0.45,-1.1,-0.36,0.8,0.55,-0.16,-0.01,-0.16,1,0,5.00
2011-04-12T07:00:00,-1.21,-0.66,-1.01,-0.33,0.79,0.35,-0.14,0.14,-0.15,1,0,-16.00
2011-04-12T08:00:00,-1.35,-0.59,-0.81,-0.26,0.74,0.09,-0.04,0.24,-0.14,1,0,-32.00
2011-04-12T09:00:00,0.28,1.14,0.81,-0.46,-0.34,-0.86,0.31,0.34,-0.07,1,0,-45.00
2011-04-12T10:00:00,0.21,1.17,0.7,-0.48,-0.21,-0.69,0.22,0.33,-0.07,1,0,-48.00
2011-04-12T11:00:00,-0.65,-0.08,-0.74,-0.49,0.77,0.28,0.29,0.59,0.06,1,0,-37.00
2011-04-12T12:00:00,-0.76,0.73,-0.18,-0.4,0.05,0.05,0.28,0.59,0.08,1,0,-28.00
2011-04-12T13:00:00,-0.04,1.05,0.5,-0.64,-0.01,-0.86,0.05,0.53,-0.01,1,0,-30.00
2011-04-12T14:00:00,-0.42,0.77,0.06,-0.66,0.38,-0.11,0.02,0.87,0.22,1,0,-43.00
2011-04-12T15:00:00,-0.14,0.26,0.23,-0.93,1.24,-0.31,-0.16,1.02,1.97,1,0,-45.00
2011-04-12T16:00:00,0.14,-0.0,0.83,-1.04,1.21,-1.0,-0.23,0.95,0.12,1,0,-43.00
2011-04-12T17:00:00,-0.36,0.28,0.58,-0.92,0.82,-0.72,-0.24,0.85,0.22,1,0,-41.00
2011-04-12T18:00:00,-0.23,0.39,0.72,-1.06,0.81,-1.47,-0.3,0.79,0.07,1,0,-37.00
2011-04-12T19:00:00,-0.8,0.3,-0.07,-1.04,1.0,-0.41,-0.4,0.49,0.0,1,0,-32.00
2011-04-12T20:00:00,-1.18,0.3,-0.29,-1.05,0.99,-0.29,-0.51,0.16,-0.14,0,0,-28.00
2011-04-12T21:00:00,-0.99,0.39,-0.03,-0.99,0.91,-0.24,-0.56,0.09,-0.13,0,0,-24.00
2011-04-12T22:00:00,-1.05,0.01,0.26,-0.86,1.41,-0.83,-0.51,0.21,-0.11,0,0,-25.00
2011-04-12T23:00:00,-0.98,0.01,-0.11,-0.86,1.52,0.11,-0.54,0.2,-0.11,0,0,-30.00
2011-04-13T00:00:00,-0.92,0.26,-0.01,-0.86,0.82,-0.01,-0.58,0.02,-0.12,0,0,-34.00
2011-04-13T01:00:00,-0.96,0.24,0.04,-0.84,0.84,0.07,-0.58,0.06,-0.13,0,0,-34.00
2011-04-13T02:00:00,-0.95,0.01,-0.02,-0.85,1.13,0.32,-0.57,0.1,-0.12,0,0,-29.00
2011-04-13T03:00:00,-0.78,0.07,-0.19,-0.85,0.78,0.78,-0.57,0.32,-0.07,0,0,-30.00
2011-04-13T04:00:00,-0.71,0.18,-0.31,-0.79,0.43,1.1,-0.57,0.42,-0.06,0,0,-31.00
2011-04-13T05:00:00,-0.78,0.01,-0.3,-0.68,0.93,0.94,-0.57,0.24,-0.09,0,0,-38.00
2011-04-13T06:00:00,-0.7,0.26,-0.16,-0.65,0.38,0.64,-0.59,0.21,-0.07,0,0,-45.00
2011-04-13T07:00:00,-0.81,0.21,-0.07,-0.51,0.48,0.44,-0.6,-0.04,-0.12,0,0,-43.00
2011-04-13T08:00:00,-0.79,0.22,0.16,-0.52,0.42,-0.32,-0.59,-0.03,-0.11,0,0,-43.00
2011-04-13T09:00:00,-0.76,0.01,0.35,-0.45,0.89,-1.03,-0.59,-0.08,-0.12,0,0,-40.00
2011-04-13T10:00:00,-0.63,0.04,0.49,-0.47,0.95,-1.42,-0.59,-0.04,-0.11,0,0,-36.00
2011-04-13T11:00:00,-0.72,0.15,0.34,-0.38,0.68,-1.16,-0.58,-0.1,-0.11,0,0,-40.00
2011-04-13T12:00:00,-0.74,0.27,0.18,-0.29,0.38,-0.6,-0.6,-0.12,-0.12,0,0,-34.00
2011-04-13T13:00:00,-0.43,0.58,0.13,-0.35,-0.28,-0.48,-0.62,-0.1,-0.11,0,0,-27.00
2011-04-13T14:00:00,-0.38,0.57,0.5,-0.33,-0.08,-1.19,-0.62,-0.17,-0.14,0,0,-25.00
2011-04-13T15:00:00,0.01,0.46,0.58,-0.49,0.06,-1.36,-0.65,-0.16,-0.13,0,0,-23.00
2011-04-13T16:00:00,-0.33,0.49,0.5,-0.29,0.12,-1.11,-0.65,-0.11,-0.13,0,0,-24.00
2011-04-13T17:00:00,-0.18,0.44,0.61,-0.31,0.21,-1.47,-0.66,-0.08,-0.13,0,0,-24.00
2011-04-13T18:00:00,-0.33,0.61,0.17,-0.23,-0.07,-0.47,-0.68,-0.12,-0.12,0,0,-23.00
2011-04-13T19:00:00,-0.37,0.35,0.47,-0.18,0.31,-1.34,-0.66,-0.07,-0.11,0,0,-19.00
2011-04-13T20:00:00,-0.54,0.12,0.23,-0.12,0.77,-0.61,-0.56,0.02,-0.01,0,0,-17.00
2011-04-13T21:00:00,-0.65,0.03,0.34,-0.01,0.83,-0.97,-0.55,-0.06,-0.09,0,0,-15.00
2011-04-13T22:00:00,-0.79,0.2,-0.02,0.09,0.36,0.12,-0.6,-0.24,-0.14,0,0,-14.00
2011-04-13T23:00:00,-0.71,0.21,0.16,0.07,0.43,-0.56,-0.55,-0.11,-0.1,0,0,-13.00
2011-04-14T00:00:00,-0.58,0.35,0.33,-0.03,-0.09,-0.98,-0.52,-0.1,-0.09,0,0,-12.00
2011-04-14T01:00:00,-0.71,0.31,0.06,0.04,-0.03,-0.41,-0.52,-0.11,-0.1,0,0,-13.00
2011-04-14T02:00:00,-0.57,-0.07,0.37,-0.02,0.5,-1.32,-0.5,-0.07,-0.06,0,0,-15.00
2011-04-14T03:00:00,-0.45,-0.07,0.44,-0.08,0.44,-1.35,-0.53,-0.15,-0.07,0,0,-18.00
2011-04-14T04:00:00,-0.4,-0.3,0.43,-0.09,0.73,-1.19,-0.55,-0.23,-0.1,0,0,-20.00
2011-04-14T05:00:00,-0.67,0.19,0.08,0.09,-0.05,-0.43,-0.48,-0.16,-0.08,0,0,-23.00
2011-04-14T06:00:00,-0.67,0.04,0.2,0.15,0.23,-0.71,-0.5,-0.24,-0.1,0,0,-22.00
2011-04-14T07:00:00,-0.64,0.12,0.19,0.18,0.12,-0.62,-0.5,-0.26,-0.1,0,0,-20.00
2011-04-14T08:00:00,-0.61,0.09,0.24,0.23,0.12,-0.67,-0.52,-0.28,-0.1,0,0,-21.00
2011-04-14T09:00:00,-0.32,0.05,0.32,0.23,0.15,-0.46,-0.53,-0.24,0.01,0,0,-20.00
2011-04-14T10:00:00,-0.14,-0.01,0.52,0.23,0.12,-0.63,-0.5,-0.3,-0.07,0,0,-18.00
2011-04-14T11:00:00,-0.48,-0.09,0.32,0.33,0.21,-0.04,-0.5,-0.23,-0.05,0,0,-17.00
2011-04-14T12:00:00,-0.57,0.13,-0.06,0.39,-0.09,0.33,-0.54,-0.25,-0.09,0,0,-18.00
2011-04-14T13:00:00,-0.61,0.03,0.08,0.41,0.02,0.15,-0.5,-0.06,-0.02,0,0,-16.00
2011-04-14T14:00:00,-0.62,0.01,0.19,0.46,0.2,-0.15,-0.53,-0.19,-0.08,0,0,-13.00
2011-04-14T15:00:00,-0.67,0.0,0.13,0.46,0.19,0.24,-0.56,-0.39,-0.14,0,0,-13.00
2011-04-14T16:00:00,-0.61,-0.06,0.15,0.48,0.13,0.02,-0.49,-0.34,-0.11,0,0,-14.00
2011-04-14T17:00:00,-0.61,-0.02,0.09,0.51,0.05,0.09,-0.46,-0.37,-0.11,0,0,-15.00
2011-04-14T18:00:00,-0.61,-0.03,0.06,0.52,0.11,0.03,-0.44,-0.4,-0.11,0,0,-13.00
2011-04-14T19:00:00,-0.62,0.18,0.08,0.48,-0.24,-0.1,-0.48,-0.38,-0.12,0,0,-7.00
2011-04-14T20:00:00,-0.64,0.07,-0.03,0.49,-0.03,0.23,-0.45,-0.42,-0.13,0,0,-4.00
2011-04-14T21:00:00,-0.51,0.18,-0.11,0.59,-0.25,0.32,-0.42,-0.33,-0.08,0,0,-5.00
2011-04-14T22:00:00,-0.52,0.14,-0.2,0.64,-0.31,0.42,-0.39,-0.35,-0.09,0,0,-5.00
2011-04-14T23:00:00,-0.54,0.12,-0.16,0.71,-0.35,0.48,-0.43,-0.33,-0.09,0,0,-9.00
2011-04-15T00:00:00,-0.56,0.09,-0.08,0.76,-0.27,0.26,-0.41,-0.34,-0.09,0,0,-14.00
2011-04-15T01:00:00,-0.53,0.19,-0.14,0.78,-0.25,0.28,-0.39,-0.35,-0.09,0,0,-17.00
2011-04-15T02:00:00,-0.52,0.08,-0.16,0.82,-0.14,0.25,-0.34,-0.32,-0.07,0,0,-17.00
2011-04-15T03:00:00,-0.39,0.25,0.09,0.8,-0.32,-0.01,-0.35,-0.38,-0.03,0,0,-19.00
2011-04-15T04:00:00,-0.13,0.4,0.15,0.71,-0.48,-0.11,-0.42,-0.42,-0.06,0,0,-18.00
2011-04-15T05:00:00,-0.45,0.3,0.08,0.86,-0.29,-0.09,-0.27,-0.34,-0.04,0,0,-16.00
2011-04-15T06:00:00,-0.26,0.48,0.13,0.77,-0.6,-0.17,-0.38,-0.43,-0.11,0,0,-14.00
2011-04-15T07:00:00,-0.38,0.33,0.28,0.79,-0.45,-0.33,-0.28,-0.41,-0.08,0,0,-14.00
2011-04-15T08:00:00,-0.04,0.39,0.34,0.68,-0.37,-0.55,-0.28,-0.48,-0.11,0,0,-13.00
2011-04-15T09:00:00,-0.06,0.27,0.53,0.7,-0.29,-0.86,-0.3,-0.48,-0.13,0,0,-12.00
2011-04-15T10:00:00,-0.34,-0.14,0.35,0.7,0.02,-0.27,0.2,-0.45,0.01,0,0,-8.00
2011-04-15T11:00:00,-0.29,-0.12,0.05,0.67,0.07,0.04,0.63,-0.49,0.36,0,0,-9.00
2011-04-15T12:00:00,-0.28,0.07,0.03,0.71,0.01,-0.0,0.65,-0.48,0.45,0,0,-3.00
2011-04-15T13:00:00,-0.42,-0.06,0.09,0.73,0.01,0.05,0.6,-0.48,0.11,0,0,0.00
2011-04-15T14:00:00,-0.33,0.14,0.14,0.78,0.05,0.08,0.58,-0.48,0.19,0,0,0.00
2011-04-15T15:00:00,-0.01,0.1,0.13,0.84,0.0,0.07,0.64,-0.49,2.54,0,0,3.00
2011-04-15T16:00:00,-0.12,0.34,0.18,0.87,-0.06,-0.01,0.55,-0.5,0.11,0,0,1.00
2011-04-15T17:00:00,-0.26,0.2,0.14,0.92,-0.03,0.08,0.51,-0.47,0.23,0,0,1.00
2011-04-15T18:00:00,-0.36,0.23,0.1,0.98,-0.05,0.1,0.31,-0.47,0.06,0,0,4.00
2011-04-15T19:00:00,-0.23,0.33,0.16,0.99,-0.1,0.08,0.39,-0.5,0.04,0,0,3.00
2011-04-15T20:00:00,-0.27,0.21,0.21,1.03,-0.19,-0.03,0.4,-0.5,0.09,0,0,1.00
2011-04-15T21:00:00,-0.43,0.36,0.33,1.16,-0.39,-0.19,-0.1,-0.5,-0.13,0,0,-3.00
2011-04-15T22:00:00,-0.46,0.18,0.4,1.15,-0.23,-0.33,0.08,-0.52,-0.12,0,0,-1.00
2011-04-15T23:00:00,-0.53,0.41,0.27,1.2,-0.51,-0.16,-0.02,-0.52,-0.14,0,0,3.00
2011-04-16T00:00:00,-0.33,0.33,0.35,1.09,-0.24,-0.04,0.32,-0.48,-0.06,0,0,2.00
2011-04-16T01:00:00,-0.18,0.32,0.37,1.02,-0.11,0.05,0.62,-0.51,-0.03,0,0,1.00
2011-04-16T02:00:00,0.27,0.28,0.25,1.06,-0.08,0.04,0.7,-0.51,0.03,0,0,0.00
2011-04-16T03:00:00,0.35,0.28,0.26,1.07,-0.09,0.06,0.68,-0.51,-0.01,0,0,3.00
2011-04-16T04:00:00,-0.09,0.25,0.03,1.09,-0.06,0.03,0.93,-0.51,0.44,0,0,3.00
2011-04-16T05:00:00,-0.24,0.03,0.11,1.04,-0.22,-0.06,0.93,-0.51,0.61,0,0,0.00
2011-04-16T06:00:00,0.23,0.13,0.09,1.13,-0.21,0.06,0.58,-0.51,0.44,0,0,2.00
2011-04-16T07:00:00,0.61,0.41,0.04,1.23,-0.0,0.03,0.26,-0.51,-0.13,0,0,1.00
2011-04-16T08:00:00,0.67,0.4,-0.09,1.19,-0.08,0.03,-0.01,-0.52,-0.15,0,0,1.00
2011-04-16T09:00:00,0.46,0.38,-0.06,1.26,0.04,-0.13,0.54,-0.52,-0.09,0,0,1.00
2011-04-16T10:00:00,0.23,0.09,0.24,1.22,-0.17,-0.13,1.17,-0.52,0.39,0,0,-1.00
2011-04-16T11:00:00,-0.22,-0.27,0.45,1.27,-0.01,-0.23,1.12,-0.55,-0.06,0,0,0.00
2011-04-16T12:00:00,-0.08,-0.44,0.22,1.27,-0.1,-0.29,1.11,-0.54,0.02,0,0,1.00
2011-04-16T13:00:00,-0.42,-0.43,0.23,1.26,-0.03,-0.13,1.05,-0.56,-0.1,0,0,3.00
2011-04-16T14:00:00,-0.16,-0.08,0.12,1.23,-0.06,-0.08,0.81,-0.52,1.06,0,0,5.00
2011-04-16T15:00:00,0.45,0.37,0.11,1.23,-0.02,-0.15,0.7,-0.5,-0.04,0,0,4.00
2011-04-16T16:00:00,0.47,0.2,0.15,1.26,-0.04,-0.16,0.98,-0.52,-0.0,0,0,5.00
2011-04-16T17:00:00,0.29,-0.44,0.17,1.32,-0.13,-0.06,0.97,-0.54,-0.03,0,0,9.00
2011-04-16T18:00:00,0.03,-0.54,0.17,1.32,-0.17,-0.05,1.0,-0.54,-0.04,0,0,11.00
2011-04-16T19:00:00,-0.16,-0.68,0.07,1.32,-0.2,-0.18,0.85,-0.54,-0.11,0,0,11.00
2011-04-16T20:00:00,-0.48,-0.28,-0.15,1.31,-0.16,-0.25,0.97,-0.53,-0.07,0,0,10.00
2011-04-16T21:00:00,-0.44,-0.22,-0.15,1.31,0.03,-0.27,1.15,-0.56,-0.06,0,0,9.00
2011-04-16T22:00:00,-0.48,-0.43,-0.04,1.33,-0.07,-0.12,1.13,-0.57,-0.11,0,0,8.00
2011-04-16T23:00:00,-0.37,-0.58,0.11,1.36,-0.11,-0.03,1.15,-0.57,-0.12,0,0,10.00
2011-04-17T00:00:00,-0.34,-0.32,-0.08,1.36,-0.07,-0.06,1.41,-0.56,-0.02,0,0,8.00
2011-04-17T01:00:00,-0.36,-0.19,-0.1,1.34,0.09,-0.11,1.26,-0.56,0.0,0,0,7.00
2011-04-17T02:00:00,-0.31,-0.23,-0.12,1.37,0.1,-0.18,1.29,-0.56,0.01,0,0,5.00
2011-04-17T03:00:00,-0.29,-0.29,-0.04,1.37,0.07,-0.22,1.27,-0.55,0.05,0,0,2.00
2011-04-17T04:00:00,-0.26,-0.28,-0.05,1.39,0.07,-0.22,1.21,-0.55,0.07,0,0,2.00
2011-04-17T05:00:00,-0.22,-0.18,-0.07,1.4,0.02,-0.25,1.22,-0.56,0.18,0,0,2.00
2011-04-17T06:00:00,-0.25,-0.25,-0.08,1.39,-0.3,-0.7,2.13,-0.55,0.2,0,0,3.00
2011-04-17T07:00:00,-0.26,-0.24,-0.07,1.43,-0.04,-0.24,1.11,-0.55,0.1,0,0,4.00
2011-04-17T08:00:00,-0.19,-0.2,0.01,1.45,-0.04,-0.24,1.16,-0.55,0.36,0,0,3.00
2011-04-17T09:00:00,-0.43,0.09,-0.12,1.46,-0.26,-0.22,2.57,-0.51,0.2,0,0,3.00
2011-04-17T10:00:00,-0.44,0.06,-0.29,1.48,-0.22,-0.0,1.08,-0.52,-0.05,0,0,2.00
2011-04-17T11:00:00,-0.52,0.03,-0.32,1.49,-0.16,0.07,0.31,-0.53,-0.13,0,0,-3.00
2011-04-17T12:00:00,-0.53,0.17,-0.18,1.53,-0.24,-0.01,0.51,-0.5,-0.08,0,0,-1.00
2011-04-17T13:00:00,-0.51,0.1,-0.21,1.5,-0.19,-0.1,0.4,-0.51,-0.1,0,0,3.00
2011-04-17T14:00:00,-0.53,-0.17,-0.12,1.46,-0.12,-0.19,0.41,-0.46,-0.04,0,0,2.00
2011-04-17T15:00:00,-0.61,0.01,-0.05,1.5,-0.11,-0.3,0.46,-0.35,0.04,0,0,1.00
2011-04-17T16:00:00,-0.12,0.28,0.35,1.44,-0.11,-0.49,0.43,-0.47,0.05,0,0,1.00
2011-04-17T17:00:00,-0.06,0.24,0.25,1.46,-0.08,-0.34,0.45,-0.47,0.26,0,0,2.00
2011-04-17T18:00:00,-0.56,0.22,-0.07,1.47,0.02,-0.28,0.4,-0.47,-0.06,0,0,4.00
2011-04-17T19:00:00,-0.4,0.33,0.35,1.47,0.08,-0.55,0.31,-0.5,-0.09,0,0,4.00
2011-04-17T20:00:00,-0.08,0.18,0.37,1.4,0.1,-0.54,0.42,-0.5,0.05,0,0,-1.00
2011-04-17T21:00:00,-0.39,0.32,0.29,1.43,0.02,-0.53,0.36,-0.5,-0.07,0,0,-3.00
2011-04-17T22:00:00,-0.26,0.33,0.33,1.43,0.03,-0.55,0.46,-0.52,-0.06,0,0,0.00
2011-04-17T23:00:00,-0.23,0.4,0.36,1.43,-0.05,-0.56,0.45,-0.52,-0.09,0,0,5.00
2011-04-18T00:00:00,-0.46,0.35,0.2,1.45,-0.04,-0.33,0.46,-0.53,-0.1,0,0,9.00
2011-04-18T01:00:00,-0.39,-0.09,-0.08,1.39,0.22,-0.13,0.8,-0.57,-0.04,0,0,9.00
2011-04-18T02:00:00,-0.38,-0.04,-0.11,1.38,0.22,-0.22,0.81,-0.56,-0.03,0,0,7.00
2011-04-18T03:00:00,-0.42,0.15,0.0,1.39,0.23,-0.12,0.87,-0.56,-0.04,0,0,6.00
2011-04-18T04:00:00,-0.42,0.13,0.12,1.41,0.04,0.07,1.03,-0.56,-0.03,0,0,6.00
2011-04-18T05:00:00,-0.31,0.13,0.42,1.32,-0.42,0.39,2.16,-0.52,0.09,0,0,5.00
2011-04-18T06:00:00,0.82,-1.05,0.33,0.96,-1.36,0.76,4.61,-0.49,-0.09,0,0,4.00
2011-04-18T07:00:00,0.12,-1.45,-0.39,1.06,-1.25,0.65,5.14,-0.51,-0.12,0,0,9.00
2011-04-18T08:00:00,-1.3,1.05,-0.13,1.15,-1.32,0.44,4.15,-0.52,-0.15,0,0,29.00
2011-04-18T09:00:00,-1.96,0.85,-0.42,0.93,-0.87,0.13,2.21,-0.27,-0.14,0,0,26.00
2011-04-18T10:00:00,-1.71,0.87,-0.39,0.78,0.23,0.65,1.58,-0.12,-0.12,0,0,15.00
2011-04-18T11:00:00,-1.58,-0.06,-0.44,0.73,0.7,1.02,1.97,-0.08,-0.07,0,0,9.00
2011-04-18T12:00:00,-1.17,0.81,0.04,0.82,0.74,0.98,2.0,-0.08,-0.02,0,0,4.00
2011-04-18T13:00:00,0.41,0.92,0.47,0.91,0.43,0.9,2.28,-0.07,0.11,0,0,6.00
2011-04-18T14:00:00,-0.67,0.41,-0.18,0.81,0.55,0.69,1.02,0.33,0.38,0,0,-5.00
2011-04-18T15:00:00,-1.17,0.66,-0.04,0.81,0.61,0.94,0.44,0.12,-0.06,0,0,-10.00
2011-04-18T16:00:00,-1.04,0.6,0.12,0.89,0.77,0.85,0.3,0.1,-0.05,0,0,-14.00
2011-04-18T17:00:00,-0.43,0.74,0.36,1.09,0.53,0.43,0.46,0.28,0.13,0,0,-15.00
2011-04-18T18:00:00,-0.31,0.76,0.46,1.12,0.72,0.33,0.19,0.07,0.0,0,0,-12.00
2011-04-18T19:00:00,-0.22,0.62,0.37,1.15,1.16,0.72,0.04,0.31,0.16,0,0,-11.00
2011-04-18T20:00:00,-0.25,0.5,0.59,1.11,1.33,0.46,-0.21,0.26,0.02,0,0,-11.00
2011-04-18T21:00:00,0.72,0.22,0.78,1.08,1.29,0.71,-0.29,0.09,-0.1,0,0,-9.00
2011-04-18T22:00:00,0.19,0.5,0.11,1.01,1.08,0.39,0.08,0.22,0.45,0,0,-8.00
2011-04-18T23:00:00,-0.01,0.5,0.22,0.96,0.66,0.04,0.3,0.03,0.41,0,0,-7.00
2011-04-19T00:00:00,0.02,0.3,0.68,0.98,0.47,-0.45,0.52,-0.1,0.09,0,0,-6.00
2011-04-19T01:00:00,-0.49,0.49,0.01,1.07,0.24,0.0,0.59,-0.12,0.15,0,0,-8.00
2011-04-19T02:00:00,-0.29,0.38,0.0,0.99,0.25,-0.26,0.51,-0.03,0.58,0,0,-11.00
2011-04-19T03:00:00,-0.5,0.17,0.27,1.03,0.2,0.02,0.59,-0.03,0.41,0,0,-8.00
2011-04-19T04:00:00,0.04,0.32,0.63,0.93,0.25,0.15,0.52,-0.08,0.13,0,0,-8.00
2011-04-19T05:00:00,-0.15,0.72,0.38,0.92,0.22,0.54,0.35,-0.18,-0.0,0,0,-7.00
2011-04-19T06:00:00,-0.82,0.61,-0.03,0.93,0.02,0.46,0.29,-0.19,-0.08,0,0,-2.00
2011-04-19T07:00:00,-0.0,1.21,0.23,0.76,0.01,-0.03,-0.13,-0.29,-0.15,0,0,-2.00
2011-04-19T08:00:00,-0.07,1.21,0.16,0.76,0.05,-0.01,-0.23,-0.21,-0.15,0,0,-5.00
2011-04-19T09:00:00,-0.2,1.1,0.22,0.75,0.1,-0.3,-0.35,-0.27,-0.15,0,0,-11.00
2011-04-19T10:00:00,-0.59,0.94,0.12,0.86,0.33,-0.29,-0.3,-0.33,-0.15,0,0,-11.00
2011-04-19T11:00:00,-0.68,0.68,0.01,0.72,0.31,-0.67,-0.15,-0.32,-0.13,0,0,-9.00
2011-04-19T12:00:00,-0.15,0.7,0.29,0.69,0.48,-0.77,-0.04,-0.19,-0.05,0,0,-7.00
2011-04-19T13:00:00,-0.22,0.77,0.22,0.71,0.28,-0.61,-0.14,-0.28,-0.1,0,0,-5.00
2011-04-19T14:00:00,-0.01,0.77,0.05,0.76,0.24,-0.53,-0.17,-0.22,-0.07,0,0,-3.00
2011-04-19T15:00:00,-0.41,0.6,0.22,0.89,0.41,-0.68,-0.2,-0.28,-0.09,0,0,-3.00
2011-04-19T16:00:00,-0.62,0.72,0.32,1.04,0.35,-0.81,-0.33,-0.39,-0.16,0,0,-4.00
2011-04-19T17:00:00,-0.39,0.7,0.47,1.04,0.53,-0.59,-0.26,-0.4,-0.15,0,0,-5.00
2011-04-19T18:00:00,-0.45,0.58,0.47,1.02,0.34,-0.19,-0.22,-0.35,-0.13,0,0,-3.00
2011-04-19T19:00:00,-0.79,0.2,0.17,1.1,0.72,0.13,-0.2,-0.23,-0.09,0,0,-1.00
2011-04-19T20:00:00,-0.29,0.67,0.79,0.51,0.29,-0.82,0.44,-0.25,-0.1,0,0,1.00
2011-04-19T21:00:00,-0.04,1.53,0.74,0.2,-0.6,-0.7,0.93,-0.31,-0.15,1,0,1.00
2011-04-19T22:00:00,-0.4,1.63,0.79,0.3,-0.67,-1.36,0.93,-0.23,-0.15,1,0,12.00
2011-04-19T23:00:00,-0.64,1.34,0.54,0.33,-0.95,-1.59,1.72,-0.22,-0.1,1,0,19.00
2011-04-20T00:00:00,-1.31,0.81,-0.33,0.52,-0.82,-0.82,2.19,-0.08,-0.05,1,0,17.00
2011-04-20T01:00:00,0.14,1.41,0.92,0.35,-0.62,-0.63,1.51,-0.03,-0.09,1,0,14.00
2011-04-20T02:00:00,-1.11,2.24,-0.42,0.38,-1.18,-0.23,1.27,-0.02,-0.15,1,0,6.00
2011-04-20T03:00:00,-0.51,0.67,-0.89,0.23,-0.18,-0.14,1.89,0.53,0.16,1,0,1.00
2011-04-20T04:00:00,0.25,-0.87,0.06,0.12,-0.01,-0.7,1.09,0.84,0.64,1,0,-3.00
2011-04-20T05:00:00,-0.25,0.06,0.91,-0.03,0.11,-0.39,0.74,1.13,0.41,1,0,-10.00
2011-04-20T06:00:00,-0.3,0.7,0.47,-0.21,0.56,-0.65,0.43,1.03,0.42,1,0,-22.00
2011-04-20T07:00:00,0.68,0.34,0.82,-0.45,1.69,-0.72,-0.2,0.44,-0.06,1,0,-20.00
2011-04-20T08:00:00,0.47,0.23,0.73,-0.64,1.8,-0.38,-0.41,0.31,-0.06,1,0,-21.00
2011-04-20T09:00:00,0.46,-0.62,0.26,-0.5,1.54,-0.75,-0.32,0.63,0.11,1,0,-26.00
2011-04-20T10:00:00,0.37,0.15,0.56,-0.55,2.33,-0.78,-0.29,0.63,0.2,1,0,-20.00
2011-04-20T11:00:00,-0.23,-0.25,0.31,-0.55,1.8,-0.21,-0.34,0.59,0.73,1,0,-17.00
2011-04-20T12:00:00,-0.69,0.0,0.32,-0.67,2.13,0.74,-0.53,0.2,-0.04,1,0,-14.00
2011-04-20T13:00:00,-0.67,0.24,0.34,-0.57,2.06,0.79,-0.53,0.13,-0.06,0,0,-15.00
2011-04-20T14:00:00,-0.64,0.2,0.37,-0.43,2.01,0.96,-0.53,0.36,-0.02,0,0,-17.00
2011-04-20T15:00:00,-0.55,0.19,0.43,-0.29,2.14,0.87,-0.52,0.22,-0.03,0,0,-15.00
2011-04-20T16:00:00,-0.45,0.4,0.24,-0.19,2.05,1.07,-0.5,0.36,0.07,0,0,-17.00
2011-04-20T17:00:00,-0.27,0.24,0.25,-0.02,1.68,0.54,-0.52,0.33,0.33,0,0,-16.00
2011-04-20T18:00:00,-0.38,0.4,0.38,-0.07,1.63,0.44,-0.51,0.27,0.01,0,0,-13.00
2011-04-20T19:00:00,-0.02,0.18,0.27,-0.01,1.8,0.44,-0.39,0.14,0.87,0,0,-13.00
2011-04-20T20:00:00,-0.18,0.19,0.39,0.05,0.87,-0.37,-0.32,-0.06,0.18,0,0,-13.00
2011-04-20T21:00:00,-0.15,0.19,0.51,0.17,0.57,-0.12,-0.33,-0.27,-0.04,0,0,-11.00
2011-04-20T22:00:00,-0.51,0.47,0.32,0.22,0.3,-0.2,-0.35,-0.3,-0.11,0,0,-6.00
2011-04-20T23:00:00,-0.21,0.16,0.33,-0.11,0.8,-0.49,-0.21,-0.11,0.32,0,0,-2.00
2011-04-21T00:00:00,0.35,-0.12,0.51,-0.12,0.79,-0.35,-0.18,-0.31,-0.04,0,0,1.00
