2011-07-30T02:00:00,-0.0,-0.77,0.74,0.83,-0.32,0.24,0.37,-0.49,-0.15,1,0,-3.00
2011-07-30T03:00:00,-0.24,-0.93,0.55,0.87,-0.2,0.06,1.19,-0.53,-0.15,1,0,1.00
2011-07-30T04:00:00,-0.44,-0.78,0.83,0.91,-0.23,-0.06,1.41,-0.54,-0.16,1,0,6.00
2011-07-30T05:00:00,-0.59,-0.52,1.01,0.91,-0.21,-0.02,1.4,-0.54,-0.16,1,0,11.00
2011-07-30T06:00:00,0.6,-0.94,0.41,0.97,-0.57,-0.09,0.81,-0.42,-0.13,1,0,14.00
2011-07-30T07:00:00,1.24,-1.24,-0.12,0.99,-0.77,-0.27,0.47,-0.39,-0.17,1,0,15.00
2011-07-30T08:00:00,-0.08,-0.45,0.83,0.86,-0.57,0.22,0.93,-0.45,-0.11,1,0,10.00
2011-07-30T09:00:00,0.67,-0.63,0.27,0.66,-0.12,0.32,0.39,-0.04,0.01,1,0,7.00
2011-07-30T10:00:00,1.38,-0.97,-0.18,0.56,0.13,0.3,0.15,0.06,-0.13,1,0,7.00
2011-07-30T11:00:00,0.83,-1.03,0.59,0.54,0.36,0.31,0.82,-0.06,-0.08,1,0,3.00
2011-07-30T12:00:00,1.44,-1.26,0.46,0.63,0.01,0.47,0.83,0.06,-0.12,1,0,2.00
2011-07-30T13:00:00,0.72,-0.88,0.95,0.45,-0.01,0.59,1.45,0.35,0.03,1,0,1.00
2011-07-30T14:00:00,0.47,-0.95,-0.14,0.38,0.04,-0.33,1.37,0.59,0.34,1,0,2.00
2011-07-30T15:00:00,0.53,-0.88,-0.49,0.35,0.28,-0.66,1.1,0.95,0.29,1,0,10.00
2011-07-30T16:00:00,-0.04,-1.01,1.04,0.19,0.35,1.69,0.81,0.91,0.07,1,0,9.00
2011-07-30T17:00:00,0.51,-1.22,-0.59,0.34,-0.04,0.26,0.85,0.89,0.06,1,0,4.00
2011-07-30T18:00:00,0.78,-0.81,-0.66,0.39,0.4,0.19,0.8,0.88,0.1,1,0,1.00
2011-07-30T19:00:00,1.13,-1.08,-0.93,0.45,-0.18,0.41,0.63,0.43,-0.09,1,0,0.00
2011-07-30T20:00:00,1.17,-0.71,-1.01,0.43,0.39,0.37,0.43,0.23,-0.11,1,0,-11.00
2011-07-30T21:00:00,0.78,-2.36,-0.12,0.1,0.92,1.83,-0.01,-0.19,-0.18,1,0,-21.00
2011-07-30T22:00:00,0.77,-2.2,-0.48,0.05,0.64,1.49,0.0,-0.23,-0.18,1,0,-35.00
2011-07-30T23:00:00,0.91,-0.72,0.22,-0.22,1.4,1.69,0.1,1.73,0.23,1,0,-40.00
2011-07-31T00:00:00,0.77,-0.73,-0.05,-0.44,0.63,-0.33,-0.13,1.69,0.2,1,0,-31.00
2011-07-31T01:00:00,0.69,0.24,0.48,-0.62,1.96,0.19,-0.18,1.73,0.35,1,0,-28.00
2011-07-31T02:00:00,0.69,-0.12,0.87,-0.74,1.29,0.11,-0.26,1.13,0.01,1,0,-28.00
2011-07-31T03:00:00,0.76,-0.61,0.5,-0.9,0.98,-0.12,-0.36,0.97,0.0,1,0,-26.00
2011-07-31T04:00:00,0.64,-0.77,0.16,-1.11,-0.04,-0.41,-0.43,0.86,-0.0,1,0,-20.00
2011-07-31T05:00:00,0.77,-0.39,-0.12,-1.29,0.41,-1.1,-0.42,0.61,0.01,1,0,-18.00
2011-07-31T06:00:00,0.48,-0.11,0.57,-1.52,0.74,0.49,-0.47,1.19,0.17,1,0,-18.00
2011-07-31T07:00:00,0.46,-0.26,0.33,-1.51,0.61,0.02,-0.44,1.14,0.41,1,0,-25.00
2011-07-31T08:00:00,0.87,0.39,0.11,-1.32,1.55,-0.2,-0.44,1.02,0.04,0,0,-22.00
2011-07-31T09:00:00,0.88,0.65,-0.09,-1.27,1.74,-0.83,-0.45,1.03,-0.03,0,0,-19.00
2011-07-31T11:00:00,0.25,-0.89,0.7,-1.33,-0.11,0.61,-0.54,1.17,-0.06,0,0,-20.00
2011-07-31T12:00:00,0.09,-0.39,0.87,-1.38,0.83,0.65,-0.52,1.33,0.0,0,0,-23.00
2011-07-31T13:00:00,-0.08,-0.64,0.9,-1.41,0.75,0.9,-0.57,1.23,-0.06,0,0,-19.00
2011-07-31T14:00:00,-0.14,-0.98,0.78,-1.39,0.67,0.92,-0.56,1.46,-0.07,0,0,-19.00
2011-07-31T15:00:00,0.28,-0.95,0.42,-1.26,0.71,0.19,-0.55,1.83,0.02,0,0,-17.00
2011-07-31T16:00:00,1.03,-0.46,-0.16,-1.5,2.04,-0.68,-0.6,1.09,-0.07,0,0,-17.00
2011-07-31T17:00:00,0.86,-0.29,0.31,-1.71,1.85,-0.12,-0.7,0.72,-0.09,0,0,-19.00
2011-07-31T18:00:00,0.89,-0.37,-0.17,-1.71,1.95,-1.69,-0.73,0.53,-0.12,0,0,-24.00
2011-07-31T19:00:00,0.82,-0.46,0.12,-1.65,2.06,-0.83,-0.75,0.9,-0.09,0,0,-24.00
2011-07-31T20:00:00,0.71,-0.66,0.22,-1.62,1.05,-0.36,-0.79,0.9,-0.11,0,0,-21.00
2011-07-31T21:00:00,0.69,-0.82,0.11,-1.64,0.63,-0.31,-0.82,0.97,-0.14,0,0,-21.00
2011-07-31T22:00:00,0.93,-0.25,0.08,-1.58,2.68,-0.17,-0.83,0.57,-0.14,0,0,-21.00
2011-07-31T23:00:00,0.32,-0.77,0.36,-1.96,0.94,1.31,-0.82,1.13,-0.1,0,0,-20.00
2011-08-01T00:00:00,0.65,-0.7,0.14,-1.7,1.16,0.52,-0.79,0.76,-0.12,0,0,---
2011-08-01T01:00:00,0.72,-0.42,0.08,-1.65,1.55,0.3,-0.77,0.95,-0.07,0,0,-15.00
2011-08-01T02:00:00,0.75,-0.44,-0.15,-1.54,1.3,-0.55,-0.77,0.74,-0.1,0,0,-16.00
2011-08-01T03:00:00,0.57,-0.31,-0.21,-1.48,1.31,-0.74,-0.76,1.06,-0.01,0,0,-15.00
2011-08-01T04:00:00,0.56,-0.49,0.05,-1.47,0.71,-0.19,-0.73,1.27,0.03,0,0,-15.00
2011-08-01T05:00:00,0.77,-0.18,-0.21,-1.38,1.0,-0.5,-0.73,0.67,-0.08,0,0,-16.00
2011-08-01T06:00:00,0.57,-0.05,-0.33,-1.3,0.89,-0.89,-0.73,0.96,-0.02,0,0,-11.00
2011-08-01T07:00:00,0.61,-0.08,-0.09,-1.12,0.89,-1.06,-0.72,1.14,0.09,0,0,-13.00
2011-08-01T08:00:00,0.24,-0.22,0.29,-1.38,0.36,-0.08,-0.73,1.33,0.53,0,0,-18.00
2011-08-01T09:00:00,0.45,-0.44,0.13,-1.24,0.12,-0.28,-0.75,1.35,0.1,0,0,-19.00
2011-08-01T10:00:00,0.54,0.05,0.26,-1.14,0.86,-0.24,-0.73,1.36,0.17,0,0,-16.00
2011-08-01T11:00:00,0.36,0.16,0.19,-0.98,1.11,-1.01,-0.74,0.93,0.31,0,0,-15.00
2011-08-01T12:00:00,-0.02,0.05,0.52,-1.09,0.84,-0.05,-0.74,0.65,0.06,0,0,-15.00
2011-08-01T13:00:00,-0.68,-0.07,0.26,-1.38,0.58,-0.61,-0.75,-0.22,-0.15,0,0,-16.00
2011-08-01T14:00:00,-0.5,-0.39,0.32,-1.16,0.18,0.02,-0.73,-0.04,-0.12,0,0,-15.00
2011-08-01T15:00:00,-0.55,-0.08,0.21,-1.1,0.63,-0.01,-0.78,-0.13,-0.12,0,0,-13.00
2011-08-01T16:00:00,-0.25,-0.04,0.25,-0.99,0.55,0.13,-0.76,0.21,0.2,0,0,-13.00
2011-08-01T17:00:00,-0.38,0.0,0.22,-1.01,0.61,-0.02,-0.71,-0.06,0.01,0,0,-13.00
2011-08-01T18:00:00,-0.24,-0.19,0.15,-0.95,0.34,-0.02,-0.71,0.12,0.3,0,0,-12.00
2011-08-01T19:00:00,-0.34,-0.32,0.13,-0.93,0.59,0.0,-0.7,0.04,0.02,0,0,-10.00
2011-08-01T20:00:00,-0.14,-0.13,0.55,-0.86,0.58,0.96,-0.72,0.13,-0.06,0,0,-9.00
2011-08-01T21:00:00,0.56,-0.13,0.19,-0.57,0.33,0.4,-0.66,0.4,0.04,0,0,-11.00
2011-08-01T22:00:00,0.21,-0.25,-0.14,-0.64,0.6,-0.06,-0.67,0.42,0.3,0,0,-16.00
2011-08-01T23:00:00,0.61,-0.03,-0.19,-0.63,0.67,-0.03,-0.7,0.38,-0.04,0,0,-15.00
2011-08-02T00:00:00,0.6,0.01,0.1,-0.44,0.91,0.16,-0.64,0.55,0.08,0,0,-14.00
2011-08-02T01:00:00,0.6,0.01,0.18,-0.49,0.83,0.35,-0.64,0.39,0.03,0,0,-16.00
2011-08-02T02:00:00,0.41,-0.31,0.09,-0.52,0.69,0.97,-0.2,0.31,0.47,0,0,-16.00
2011-08-02T03:00:00,0.58,-0.08,0.09,-0.35,0.53,0.19,-0.67,0.36,0.03,0,0,-13.00
2011-08-02T04:00:00,0.54,-0.17,0.06,-0.33,0.14,0.05,-0.41,0.28,0.21,0,0,-14.00
2011-08-02T05:00:00,0.52,-0.21,0.07,-0.3,0.2,0.0,-0.67,0.3,0.04,0,0,-15.00
2011-08-02T06:00:00,0.58,-0.09,-0.05,-0.24,0.4,-0.21,-0.71,0.04,-0.07,0,0,-13.00
2011-08-02T07:00:00,0.51,-0.09,0.14,-0.19,0.5,-0.06,-0.73,0.09,-0.03,0,0,-10.00
2011-08-02T08:00:00,0.44,-0.26,0.08,-0.07,-0.1,0.05,-0.72,0.09,-0.0,0,0,-11.00
2011-08-02T09:00:00,0.5,-0.13,0.1,0.01,0.22,-0.2,-0.7,0.09,-0.0,0,0,-10.00
2011-08-02T10:00:00,0.4,-0.35,0.14,0.03,-0.21,0.3,-0.68,0.03,-0.02,0,0,-9.00
2011-08-02T11:00:00,0.41,-0.27,0.12,0.09,-0.32,0.43,-0.7,0.02,-0.0,0,0,-10.00
2011-08-02T12:00:00,0.36,-0.32,-0.02,0.17,-0.35,0.17,-0.67,-0.12,-0.03,0,0,-10.00
2011-08-02T13:00:00,0.21,-0.51,-0.05,0.17,-0.34,0.27,-0.65,-0.29,-0.11,0,0,-9.00
2011-08-02T14:00:00,0.28,-0.48,0.2,0.2,-0.34,0.4,-0.66,-0.26,-0.1,0,0,-7.00
2011-08-02T15:00:00,0.18,-0.45,0.17,0.26,-0.34,0.29,-0.63,-0.32,-0.08,0,0,-7.00
2011-08-02T16:00:00,0.16,-0.42,0.12,0.3,-0.23,0.25,-0.62,-0.31,-0.05,0,0,-7.00
2011-08-02T17:00:00,0.23,-0.38,0.11,0.32,-0.27,0.31,-0.62,-0.26,-0.02,0,0,-5.00
2011-08-02T18:00:00,0.32,-0.34,0.08,0.41,-0.2,0.3,-0.59,-0.23,-0.0,0,0,-3.00
2011-08-02T19:00:00,-0.06,-0.37,0.14,0.46,-0.33,0.18,-0.56,-0.22,0.09,0,0,-4.00
2011-08-02T20:00:00,-0.29,-0.13,0.27,0.41,-0.22,0.34,-0.52,-0.33,0.02,0,0,-5.00
2011-08-02T21:00:00,-0.3,-0.07,0.15,0.46,-0.04,0.04,-0.5,-0.35,0.12,0,0,-7.00
2011-08-02T22:00:00,0.04,-0.08,0.01,0.62,-0.15,-0.29,-0.48,-0.3,3.24,0,0,-9.00
2011-08-02T23:00:00,-0.43,-0.06,0.03,0.54,-0.24,-0.29,-0.53,-0.46,-0.09,0,0,-6.00
2011-08-03T00:00:00,-0.41,-0.1,0.08,0.58,-0.44,-0.2,-0.52,-0.44,-0.08,0,0,-6.00
2011-08-03T01:00:00,-0.43,-0.13,0.12,0.6,-0.43,-0.07,-0.59,-0.48,-0.12,0,0,-7.00
2011-08-03T02:00:00,-0.41,-0.12,0.14,0.65,-0.4,-0.04,-0.56,-0.45,-0.09,0,0,-9.00
2011-08-03T03:00:00,-0.28,-0.28,0.12,0.73,-0.41,0.1,-0.55,-0.48,-0.09,0,0,-7.00
2011-08-03T04:00:00,-0.23,-0.25,0.22,0.74,-0.1,-0.4,-0.54,-0.45,-0.06,0,0,-5.00
2011-08-03T05:00:00,-0.14,-0.2,0.24,0.78,-0.4,0.34,-0.56,-0.47,-0.02,0,0,-3.00
2011-08-03T06:00:00,-0.31,-0.15,0.28,0.8,-0.31,0.28,-0.56,-0.5,-0.11,0,0,-2.00
2011-08-03T07:00:00,0.11,-0.22,0.19,0.92,-0.55,0.19,-0.56,-0.43,0.1,0,0,-3.00
2011-08-03T08:00:00,0.26,-0.3,0.17,0.96,-0.51,0.26,-0.47,-0.41,-0.03,0,0,-3.00
2011-08-03T09:00:00,0.43,-0.26,0.09,1.02,-0.49,0.32,-0.38,-0.37,-0.04,0,0,-5.00
2011-08-03T10:00:00,0.31,-0.48,0.12,0.99,-0.4,0.09,-0.4,-0.41,-0.1,0,0,-6.00
2011-08-03T11:00:00,0.32,-0.36,0.08,1.03,-0.45,-0.06,-0.34,-0.34,0.01,0,0,-6.00
2011-08-03T12:00:00,0.01,-0.31,0.37,1.04,-0.5,-0.03,-0.34,-0.4,-0.03,0,0,-4.00
2011-08-03T13:00:00,0.4,-0.28,0.07,1.14,-0.51,0.01,-0.34,-0.41,-0.04,0,0,-2.00
2011-08-03T14:00:00,0.5,0.06,0.14,1.22,-0.07,0.14,-0.34,-0.44,-0.08,0,0,0.00
2011-08-03T15:00:00,0.43,-0.27,-0.04,1.18,-0.51,-0.33,-0.33,-0.45,-0.08,0,0,2.00
2011-08-03T16:00:00,0.16,-0.49,0.17,1.12,-0.62,-0.2,-0.38,-0.47,-0.11,0,0,1.00
2011-08-03T17:00:00,0.01,-0.42,0.25,1.1,-0.53,-0.18,-0.42,-0.48,-0.09,0,0,1.00
2011-08-03T18:00:00,0.46,-0.06,-0.24,1.16,-0.18,-0.47,-0.5,-0.42,-0.12,0,0,-1.00
2011-08-03T19:00:00,0.49,-0.08,-0.2,1.2,-0.27,-0.34,-0.51,-0.41,-0.12,0,0,-2.00
2011-08-03T20:00:00,0.51,-0.21,-0.02,1.21,-0.46,-0.06,-0.42,-0.42,-0.1,0,0,-5.00
2011-08-03T21:00:00,-0.4,0.07,0.44,0.97,-0.09,0.19,-0.43,-0.56,-0.16,0,0,-7.00
2011-08-03T22:00:00,-0.22,0.05,0.49,1.03,-0.3,0.16,-0.43,-0.58,-0.17,0,0,-7.00
2011-08-03T23:00:00,-0.03,0.02,0.67,1.1,-0.26,0.07,-0.4,-0.55,-0.17,0,0,-6.00
2011-08-04T00:00:00,-0.14,-0.28,0.68,1.12,-0.36,0.06,-0.45,-0.56,-0.18,0,0,-2.00
2011-08-04T01:00:00,-0.02,-0.46,0.6,1.15,-0.46,0.07,-0.41,-0.55,-0.17,0,0,0.00
2011-08-04T02:00:00,0.45,-0.56,0.31,1.22,-0.54,-0.06,-0.45,-0.56,-0.18,0,0,0.00
2011-08-04T03:00:00,0.42,-0.59,0.21,1.26,-0.64,-0.08,-0.48,-0.54,-0.17,0,0,-1.00
2011-08-04T04:00:00,0.07,-0.4,0.47,1.2,-0.65,0.28,-0.44,-0.53,-0.16,0,0,0.00
2011-08-04T05:00:00,-0.25,-0.09,0.55,1.18,-0.58,0.46,-0.36,-0.55,-0.16,0,0,1.00
2011-08-04T06:00:00,0.41,-0.58,0.33,1.3,-1.02,0.47,-0.67,-0.51,-0.18,0,0,1.00
2011-08-04T07:00:00,0.4,-0.49,0.28,1.23,-0.67,0.19,-0.61,-0.47,-0.16,0,0,3.00
2011-08-04T08:00:00,0.31,-0.37,0.47,1.18,-0.39,0.86,-0.58,-0.42,-0.15,0,0,1.00
2011-08-04T09:00:00,0.45,-0.44,0.28,1.28,-0.49,0.55,-0.57,-0.35,-0.13,0,0,2.00
2011-08-04T10:00:00,0.09,-0.67,0.26,1.07,-0.77,0.52,-0.59,-0.38,-0.14,0,0,1.00
2011-08-04T11:00:00,0.19,-0.47,-0.02,1.1,-0.36,-0.06,-0.55,-0.35,-0.08,0,0,0.00
2011-08-04T12:00:00,0.54,-0.21,-0.08,1.2,-0.14,0.51,0.04,-0.28,0.04,0,0,-1.00
2011-08-04T13:00:00,0.46,-0.05,0.4,1.24,0.18,1.08,-0.55,-0.27,-0.09,0,0,-2.00
2011-08-04T14:00:00,0.31,-0.45,-0.05,1.18,-0.41,-0.25,-0.55,-0.23,-0.06,0,0,-4.00
2011-08-04T15:00:00,0.27,-0.4,-0.11,1.17,-0.36,-0.18,-0.56,-0.23,-0.04,0,0,-4.00
2011-08-04T16:00:00,0.1,-0.21,0.64,1.08,-0.09,1.12,-0.55,-0.35,-0.14,0,0,-2.00
2011-08-04T17:00:00,0.23,-0.52,0.48,1.11,-0.41,1.0,-0.55,-0.38,-0.14,0,0,-3.00
2011-08-04T18:00:00,0.2,-0.44,0.54,1.11,-0.38,1.17,-0.56,-0.4,-0.15,0,0,-5.00
2011-08-04T19:00:00,0.35,-0.53,0.48,1.19,-0.58,1.24,-0.54,-0.37,-0.15,0,0,-6.00
2011-08-04T20:00:00,0.27,-0.29,0.56,1.14,-0.11,1.46,-0.53,-0.32,-0.13,0,0,-4.00
2011-08-04T21:00:00,0.7,0.07,0.29,0.81,-0.37,-0.2,0.16,1.98,1.0,0,0,-3.00
2011-08-04T22:00:00,0.98,-0.75,-0.59,0.67,-2.34,-2.16,0.18,0.84,-0.01,0,0,-1.00
2011-08-04T23:00:00,1.15,-0.68,-0.52,0.68,-1.51,-2.91,-0.04,0.56,-0.08,0,0,10.00
2011-08-05T00:00:00,0.64,-1.08,-0.05,0.63,-1.65,-2.21,-0.04,0.31,-0.07,0,0,3.00
2011-08-05T01:00:00,0.67,-0.92,-0.15,0.64,-1.07,-1.82,-0.14,-0.14,-0.12,0,0,-7.00
2011-08-05T02:00:00,0.92,-0.44,-0.35,0.59,-1.13,-1.13,-0.23,-0.23,-0.14,0,0,-11.00
2011-08-05T03:00:00,0.44,-0.53,0.16,0.64,-1.25,-0.8,0.07,-0.43,-0.09,0,0,-11.00
2011-08-05T04:00:00,0.06,-0.78,0.33,0.74,-1.41,-0.86,-0.0,-0.4,-0.12,0,0,-12.00
2011-08-05T05:00:00,-0.6,-0.4,0.53,0.58,-1.51,0.03,-0.23,-0.45,-0.15,0,0,-15.00
2011-08-05T06:00:00,-0.8,-0.18,0.4,0.46,-1.09,0.12,-0.36,-0.5,-0.17,0,0,-13.00
2011-08-05T07:00:00,-0.8,0.18,0.25,0.49,-0.66,-0.3,-0.36,-0.51,-0.17,0,0,-10.00
2011-08-05T08:00:00,-0.85,0.15,0.27,0.47,-0.53,-0.69,-0.35,-0.46,-0.16,0,0,-8.00
2011-08-05T09:00:00,-0.97,0.22,0.24,0.45,-0.35,-1.02,-0.44,-0.38,-0.16,0,0,-7.00
2011-08-05T10:00:00,-0.98,0.35,0.19,0.47,-0.22,-0.86,-0.41,-0.41,-0.17,0,0,-7.00
2011-08-05T11:00:00,-0.97,0.25,0.23,0.53,-0.1,-0.93,-0.38,-0.44,-0.17,0,0,-8.00
2011-08-05T12:00:00,-0.89,0.12,0.35,0.44,0.16,-0.64,-0.39,-0.41,-0.16,0,0,-9.00
2011-08-05T13:00:00,-0.75,0.14,0.26,0.45,-0.04,-0.18,-0.32,-0.42,-0.14,0,0,-3.00
2011-08-05T14:00:00,-0.29,-0.29,0.15,0.64,-0.04,-0.55,-0.28,-0.32,0.09,0,0,-1.00
2011-08-05T15:00:00,0.39,-0.45,0.07,0.79,-0.13,-0.51,-0.33,-0.36,-0.07,0,0,0.00
2011-08-05T16:00:00,0.38,-0.57,0.12,0.76,0.02,-0.39,-0.34,-0.43,-0.13,0,0,1.00
2011-08-05T17:00:00,0.48,-0.9,0.05,0.4,-0.6,-1.93,0.82,-0.22,-0.03,0,0,1.00
2011-08-05T18:00:00,0.94,1.37,-0.64,-0.33,-0.08,-3.3,2.53,0.31,0.01,0,0,1.00
2011-08-05T19:00:00,1.49,2.46,-0.86,-1.25,0.67,-2.63,5.0,0.37,-0.06,0,0,16.00
2011-08-05T20:00:00,2.33,2.56,-1.76,-1.0,-0.45,-2.7,1.61,0.76,-0.15,0,0,25.00
2011-08-05T21:00:00,2.82,-1.92,-2.46,-1.34,0.39,-1.11,1.24,0.48,-0.17,0,0,1.00
2011-08-05T22:00:00,-0.7,-2.47,0.74,-0.96,-0.09,-0.72,0.53,0.7,-0.13,0,0,-38.00
2011-08-05T23:00:00,-2.22,0.49,1.1,-0.82,-0.49,-0.9,0.82,0.97,-0.1,0,0,-82.00
2011-08-06T00:00:00,2.37,-0.45,-1.32,-1.15,1.87,1.01,0.59,1.46,-0.11,0,0,-96.00
2011-08-06T01:00:00,0.63,-1.72,-0.7,-1.08,2.29,0.73,0.6,1.68,-0.0,0,0,-78.00
2011-08-06T02:00:00,1.13,-1.46,-0.33,-0.91,1.87,1.79,0.68,1.79,0.05,0,0,-90.00
2011-08-06T03:00:00,2.02,-0.68,-0.26,-0.67,2.05,2.07,0.53,1.48,-0.04,0,0,-104.00
2011-08-06T04:00:00,1.22,-1.38,-0.58,-0.61,1.88,3.04,0.79,1.6,0.03,0,0,-115.00
2011-08-06T05:00:00,0.54,-1.81,0.52,-0.87,2.75,3.57,0.68,1.88,0.04,0,0,-99.00
2011-08-06T06:00:00,0.98,-2.24,-0.28,-0.51,0.84,2.99,0.87,0.48,-0.12,0,0,-84.00
2011-08-06T07:00:00,0.62,-0.97,0.34,-0.3,1.11,2.11,1.33,1.09,0.42,0,0,-77.00
2011-08-06T08:00:00,0.31,1.04,0.57,-0.42,-0.96,1.66,0.73,1.22,0.24,0,0,-75.00
2011-08-06T09:00:00,1.39,-1.76,0.31,-0.59,-0.09,0.7,0.02,0.14,-0.16,0,0,-65.00
2011-08-06T10:00:00,0.6,-2.36,0.12,-0.67,0.78,-0.23,0.26,-0.3,-0.18,0,0,-60.00
2011-08-06T11:00:00,0.06,-1.18,0.21,-0.48,1.07,0.19,0.24,-0.2,-0.11,0,0,-60.00
2011-08-06T12:00:00,-0.44,-0.84,0.74,-0.53,1.46,1.05,-0.47,0.09,-0.14,0,0,-66.00
2011-08-06T13:00:00,-0.53,-0.2,0.37,-0.07,1.01,2.78,-0.73,0.37,-0.05,0,0,-74.00
2011-08-06T14:00:00,0.77,-1.06,-0.6,-0.8,0.2,4.9,-0.88,0.4,-0.18,0,0,-71.00
2011-08-06T15:00:00,0.3,-0.34,0.61,-0.54,-2.73,0.92,-0.91,3.53,-0.04,0,0,-70.00
2011-08-06T16:00:00,0.03,0.37,0.41,-0.14,-2.52,1.06,-0.93,3.99,0.05,0,0,-71.00
2011-08-06T17:00:00,-0.3,-0.02,0.73,0.67,1.23,-1.39,-0.94,1.6,-0.15,0,0,-70.00
2011-08-06T18:00:00,-0.43,0.54,0.67,2.91,-6.39,-0.54,-0.94,4.66,-0.11,0,0,-65.00
2011-08-06T19:00:00,0.1,-0.13,1.12,0.61,-3.9,2.34,-0.86,0.63,-0.17,0,0,-64.00
2011-08-06T20:00:00,0.01,-0.02,0.84,0.72,-5.8,2.73,-0.92,2.33,-0.12,0,0,-60.00
2011-08-06T21:00:00,-0.05,0.01,0.7,0.98,-1.24,0.89,-0.96,2.61,-0.13,0,0,-54.00
2011-08-06T22:00:00,-0.71,0.61,-0.21,-0.9,1.6,-0.92,-0.76,-0.2,-0.17,0,0,-56.00
2011-08-06T23:00:00,-0.76,0.77,-0.14,-0.89,1.72,-0.48,-0.74,-0.47,-0.18,0,1,-53.00
2011-08-07T00:00:00,-0.82,0.47,0.0,-1.06,1.08,-0.37,-0.83,-0.47,-0.18,0,1,-47.00
2011-08-07T01:00:00,-0.71,0.41,-0.11,-1.01,1.03,0.05,-0.86,-0.41,-0.18,0,1,-50.00
2011-08-07T02:00:00,-0.63,0.53,-0.01,-0.92,0.96,0.0,-0.88,-0.41,-0.18,0,1,-51.00
2011-08-07T03:00:00,-0.58,0.46,0.14,-0.93,1.09,-0.21,-0.87,-0.46,-0.18,0,1,-54.00
2011-08-07T04:00:00,-0.65,0.37,-0.16,-0.83,1.42,0.69,-0.85,-0.5,-0.18,0,1,-54.00
2011-08-07T05:00:00,-0.64,0.4,-0.07,-0.85,0.9,-0.17,-0.84,-0.49,-0.18,0,1,-51.00
2011-08-07T06:00:00,-0.69,0.22,-0.19,-0.74,1.43,0.43,-0.85,-0.47,-0.18,0,1,-51.00
2011-08-07T07:00:00,-0.66,0.42,-0.04,-0.67,0.95,-0.16,-0.85,-0.51,-0.19,0,1,-50.00
2011-08-07T08:00:00,-0.49,0.64,0.16,-0.73,0.07,-0.96,-0.87,-0.52,-0.19,0,1,-48.00
2011-08-07T09:00:00,-0.57,0.59,0.03,-0.57,0.36,0.07,-0.86,-0.51,-0.19,0,1,-47.00
2011-08-07T10:00:00,-0.69,0.37,-0.15,-0.47,0.76,0.66,-0.84,-0.52,-0.19,0,1,-46.00
2011-08-07T11:00:00,-0.71,0.31,-0.19,-0.46,0.63,0.15,-0.81,-0.54,-0.19,0,1,-45.00
2011-08-07T12:00:00,-0.74,0.26,-0.12,-0.43,0.64,-0.19,-0.83,-0.52,-0.19,0,1,-47.00
2011-08-07T13:00:00,-0.71,0.24,-0.09,-0.43,0.69,0.52,-0.82,-0.52,-0.18,0,1,-50.00
2011-08-07T14:00:00,-0.68,0.11,0.02,-0.47,-0.21,0.6,-0.85,-0.52,-0.18,0,1,-52.00
2011-08-07T15:00:00,-0.68,0.11,-0.05,-0.39,-0.34,0.41,-0.81,-0.53,-0.18,0,1,-50.00
2011-08-07T16:00:00,-0.64,0.09,-0.13,-0.32,-0.32,1.22,-0.74,-0.57,-0.18,0,1,-50.00
2011-08-07T17:00:00,-0.64,0.04,-0.12,-0.28,-0.49,0.97,-0.7,-0.57,-0.18,0,1,-45.00
2011-08-07T18:00:00,-0.61,-0.11,-0.12,-0.24,0.07,0.93,-0.66,-0.57,-0.18,0,1,-44.00
2011-08-07T19:00:00,-0.57,-0.12,-0.24,-0.25,-0.04,1.38,-0.66,-0.56,-0.18,0,1,-41.00
2011-08-07T20:00:00,-0.49,-0.28,-0.27,-0.28,0.34,1.23,-0.64,-0.56,-0.18,0,1,-35.00
2011-08-07T21:00:00,-0.33,-0.53,-0.22,-0.33,0.64,0.97,-0.56,-0.57,-0.18,0,1,-35.00
2011-08-07T22:00:00,-0.46,-0.32,-0.12,-0.22,0.2,0.99,-0.61,-0.56,-0.17,0,1,-35.00
2011-08-07T23:00:00,-0.49,0.46,0.03,-0.1,-1.17,0.54,-0.71,-0.55,-0.18,0,1,-37.00
2011-08-08T00:00:00,-0.34,0.47,0.08,-0.18,-1.22,0.61,-0.65,-0.54,-0.17,0,1,-40.00
2011-08-08T01:00:00,-0.5,0.0,0.28,-0.12,-0.24,0.25,-0.48,-0.49,-0.14,0,0,-37.00
2011-08-08T02:00:00,-0.51,0.07,0.09,-0.14,-0.43,0.67,-0.4,-0.44,-0.1,0,0,-34.00
2011-08-08T03:00:00,-0.56,0.33,-0.24,-0.12,-0.75,1.31,-0.45,-0.43,-0.15,0,0,-35.00
2011-08-08T04:00:00,-0.48,0.3,-0.18,-0.11,-0.63,1.28,-0.36,-0.39,-0.11,0,0,-37.00
2011-08-08T05:00:00,-0.43,0.02,-0.01,-0.15,-0.34,0.87,-0.34,-0.2,0.12,0,0,-38.00
2011-08-08T06:00:00,-0.19,0.38,0.17,-0.3,-0.67,0.86,-0.31,-0.15,0.14,0,0,-39.00
2011-08-08T07:00:00,-0.34,0.46,0.04,-0.26,-0.51,0.82,-0.3,-0.16,0.01,0,0,-37.00
2011-08-08T08:00:00,-0.78,0.25,-0.17,-0.45,-0.1,0.62,-0.42,0.24,-0.05,0,0,-32.00
2011-08-08T09:00:00,-0.81,0.13,-0.34,-0.49,-0.71,0.62,0.24,0.15,0.04,0,0,-28.00
2011-08-08T10:00:00,-0.86,0.16,-0.39,-0.52,0.56,0.67,-0.63,0.13,-0.13,0,0,-31.00
2011-08-08T11:00:00,-0.75,0.22,-0.45,-0.61,1.27,0.89,-0.06,0.18,-0.03,0,0,-37.00
2011-08-08T12:00:00,-0.24,0.76,-0.05,-0.79,0.7,0.1,-0.7,0.58,-0.08,0,0,-41.00
2011-08-08T13:00:00,-0.4,0.41,-0.06,-0.94,0.85,-0.02,-0.63,0.62,0.08,0,0,-43.00
2011-08-08T14:00:00,-0.4,0.46,0.11,-1.04,0.63,-0.0,-0.65,0.54,0.03,0,0,-40.00
2011-08-08T15:00:00,-0.49,0.47,0.14,-1.11,0.19,-0.27,-0.71,0.23,-0.08,0,0,-38.00
2011-08-08T16:00:00,-0.53,0.45,0.2,-1.1,0.03,-0.29,-0.74,0.08,-0.11,0,0,-35.00
2011-08-08T17:00:00,-0.6,0.35,0.17,-1.14,-0.21,0.27,-0.21,0.21,0.09,0,0,-36.00
2011-08-08T18:00:00,-0.61,0.32,0.06,-1.05,-0.3,-0.26,-0.69,0.27,-0.07,0,0,-37.00
2011-08-08T19:00:00,-0.3,0.49,0.35,-1.22,-0.25,-0.78,-0.71,0.09,-0.09,0,0,-37.00
2011-08-08T20:00:00,-0.26,0.2,0.31,-1.34,-0.45,0.25,-0.15,0.14,0.51,0,0,-37.00
2011-08-08T21:00:00,-0.25,0.45,0.29,-1.31,0.02,-0.26,-0.64,0.54,0.07,0,0,-32.00
2011-08-08T22:00:00,-0.68,0.23,-0.21,-1.1,0.18,-0.1,-0.67,0.43,-0.07,0,0,-29.00
2011-08-08T23:00:00,-0.69,0.2,-0.06,-1.03,-0.03,-0.1,-0.66,0.26,-0.07,0,0,-29.00
2011-08-09T00:00:00,-0.5,0.25,0.18,-1.02,0.06,-0.53,-0.65,0.27,0.01,0,0,-33.00
2011-08-09T01:00:00,-0.16,0.45,0.3,-1.26,-0.52,-0.67,-0.65,0.38,0.05,0,0,-35.00
2011-08-09T02:00:00,-0.53,0.23,0.16,-1.05,-0.21,-0.54,-0.65,0.21,-0.01,0,0,-31.00
2011-08-09T03:00:00,-0.64,-0.09,-0.16,-1.2,0.31,-0.2,-0.59,0.27,-0.03,0,0,-28.00
2011-08-09T04:00:00,-0.43,0.09,-0.31,-1.19,-0.47,0.01,-0.61,0.28,0.0,0,0,-24.00
2011-08-09T05:00:00,-0.59,0.27,0.1,-1.06,-0.65,-0.4,-0.58,0.35,0.02,0,0,-24.00
2011-08-09T06:00:00,-0.44,0.18,0.26,-1.13,-0.47,-0.77,-0.57,0.33,0.13,0,0,-28.00
2011-08-09T07:00:00,-0.45,0.24,0.15,-1.17,-0.2,-0.4,-0.57,0.4,0.16,0,0,-28.00
2011-08-09T08:00:00,-0.55,0.07,0.0,-1.26,0.27,-0.38,-0.54,0.26,0.09,0,0,-26.00
2011-08-09T09:00:00,-0.24,0.54,0.16,-1.38,-0.47,-0.67,-0.67,0.2,-0.04,0,0,-24.00
2011-08-09T10:00:00,0.11,0.56,0.24,-1.45,-0.39,-0.52,-0.71,0.12,-0.07,0,0,-28.00
2011-08-09T11:00:00,-0.2,0.13,0.24,-1.09,0.56,-0.57,-0.69,0.08,0.26,0,0,-28.00
2011-08-09T12:00:00,-0.23,0.21,0.31,-0.98,0.29,-1.02,-0.65,0.06,0.09,0,0,-29.00
2011-08-09T13:00:00,-0.03,0.35,0.28,-1.0,0.03,-1.04,-0.58,0.08,0.13,0,0,-29.00
2011-08-09T14:00:00,-0.09,0.45,0.22,-0.91,0.11,-0.74,-0.6,0.07,0.04,0,0,-25.00
2011-08-09T15:00:00,-0.69,0.09,0.11,-0.76,0.96,-0.92,-0.67,-0.03,-0.1,0,0,-20.00
2011-08-09T16:00:00,-0.66,0.36,-0.05,-0.79,0.63,-0.32,-0.74,-0.21,-0.15,0,0,-20.00
2011-08-09T17:00:00,-0.64,0.31,0.0,-0.75,0.57,-0.1,-0.74,-0.27,-0.15,0,0,-24.00
2011-08-09T18:00:00,-0.47,-0.32,0.04,-0.68,1.18,0.1,-0.73,-0.16,-0.1,0,0,-26.00
2011-08-09T19:00:00,-0.63,-0.03,0.13,-0.56,0.49,-0.26,-0.74,-0.21,-0.13,0,0,-25.00
2011-08-09T20:00:00,-0.64,0.28,0.11,-0.53,0.09,-0.37,-0.78,-0.3,-0.16,0,0,-27.00
2011-08-09T21:00:00,-0.56,0.37,0.14,-0.57,-0.19,-0.49,-0.73,-0.21,-0.14,0,0,-28.00
2011-08-09T22:00:00,-0.49,0.33,0.1,-0.62,0.16,-0.41,-0.68,-0.12,-0.09,0,0,-28.00
2011-08-09T23:00:00,-0.47,0.46,0.09,-0.55,-0.21,-0.54,-0.67,-0.13,-0.11,0,0,-26.00
2011-08-10T00:00:00,-0.33,0.43,0.08,-0.59,-0.33,-0.23,-0.66,-0.1,-0.06,0,0,-23.00
2011-08-10T01:00:00,-0.29,0.45,0.18,-0.63,-0.16,-0.58,-0.6,-0.06,-0.04,0,0,-23.00
2011-08-10T02:00:00,-0.39,0.31,-0.04,-0.72,0.44,-0.32,-0.57,-0.0,0.02,0,0,-24.00
2011-08-10T03:00:00,-0.28,0.33,0.19,-0.84,0.64,-1.12,-0.55,0.09,0.13,0,0,-21.00
2011-08-10T04:00:00,-0.26,0.08,-0.22,-0.82,0.78,-0.38,-0.55,0.1,0.17,0,0,-19.00
2011-08-10T05:00:00,-0.1,0.25,-0.22,-0.83,0.65,-0.47,-0.56,0.05,0.13,0,0,-18.00
2011-08-10T06:00:00,-0.13,0.33,-0.16,-0.82,0.36,-0.65,-0.56,0.17,0.17,0,0,-20.00
2011-08-10T07:00:00,-0.29,-0.14,0.04,-0.78,0.86,-1.35,-0.52,0.38,0.84,0,0,-23.00
2011-08-10T08:00:00,-0.1,-0.32,-0.24,-0.88,1.02,-0.52,-0.56,0.02,0.07,0,0,-21.00
2011-08-10T09:00:00,-0.39,-0.33,0.04,-0.75,0.82,-1.08,-0.58,0.06,0.06,0,0,-22.00
2011-08-10T10:00:00,-0.38,-0.2,-0.13,-0.69,0.42,-0.82,-0.58,0.08,0.08,0,0,-20.00
2011-08-10T11:00:00,-0.48,-0.14,0.12,-0.65,0.32,-0.64,-0.58,-0.08,0.01,0,0,-25.00
2011-08-10T12:00:00,-0.4,0.08,0.22,-0.61,0.24,-0.59,-0.64,-0.06,0.03,0,0,-25.00
2011-08-10T13:00:00,-0.18,0.29,0.05,-0.61,0.11,-0.44,-0.68,-0.04,0.12,0,0,-24.00
2011-08-10T14:00:00,-0.13,0.29,-0.01,-0.58,-0.12,-0.38,-0.66,-0.11,0.12,0,0,-21.00
2011-08-10T15:00:00,-0.05,0.29,0.24,-0.59,-0.0,-0.89,-0.65,-0.17,0.07,0,0,-19.00
2011-08-10T16:00:00,-0.14,0.35,-0.02,-0.51,-0.04,-0.53,-0.67,-0.3,-0.05,0,0,-19.00
2011-08-10T17:00:00,0.26,0.15,-0.03,-0.57,0.06,-0.57,-0.69,-0.34,0.01,0,0,-19.00
2011-08-10T18:00:00,0.26,0.15,0.09,-0.54,0.21,-0.63,-0.66,-0.3,0.08,0,0,-19.00
2011-08-10T19:00:00,0.32,-0.07,-0.04,-0.4,0.49,-0.5,-0.67,-0.35,-0.0,0,0,-21.00
2011-08-10T20:00:00,0.38,-0.21,0.07,-0.27,0.44,-0.54,-0.71,-0.48,-0.13,0,0,-20.00
2011-08-10T21:00:00,0.37,-0.22,0.1,-0.22,0.51,-0.41,-0.71,-0.5,-0.14,0,0,-17.00
2011-08-10T22:00:00,0.36,-0.16,0.11,-0.14,0.33,-0.3,-0.71,-0.47,-0.12,0,0,-18.00
2011-08-10T23:00:00,0.29,-0.18,0.08,-0.08,0.46,-0.17,-0.64,-0.4,-0.01,0,0,-18.00
2011-08-11T00:00:00,0.38,0.02,0.03,-0.08,0.22,-0.19,-0.67,-0.43,-0.08,0,0,-19.00
2011-08-11T01:00:00,0.35,-0.14,-0.0,-0.02,0.16,-0.14,-0.62,-0.47,-0.09,0,0,-19.00
2011-08-11T02:00:00,0.18,-0.23,0.03,0.13,0.14,-0.16,-0.57,-0.46,0.03,0,0,-17.00
2011-08-11T03:00:00,0.14,-0.19,0.09,0.19,0.04,-0.21,-0.53,-0.45,0.24,0,0,-16.00
2011-08-11T04:00:00,0.12,-0.19,0.08,0.24,0.2,-0.16,-0.52,-0.44,0.27,0,0,-13.00
2011-08-11T05:00:00,0.04,-0.13,0.03,0.36,0.15,0.01,-0.51,-0.42,1.26,0,0,-11.00
2011-08-11T06:00:00,0.06,-0.19,-0.16,0.38,0.12,0.25,-0.54,-0.48,-0.04,0,0,-11.00
2011-08-11T07:00:00,0.25,0.02,-0.04,0.36,-0.17,0.2,-0.5,-0.39,0.18,0,0,-12.00
2011-08-11T08:00:00,0.24,-0.05,-0.04,0.4,-0.19,0.22,-0.54,-0.44,0.09,0,0,-15.00
2011-08-11T09:00:00,0.25,0.13,-0.06,0.45,-0.31,0.2,-0.56,-0.45,-0.02,0,0,-18.00
2011-08-11T10:00:00,0.24,0.02,-0.04,0.47,0.42,0.4,0.12,-0.48,0.39,0,0,-19.00
2011-08-11T11:00:00,0.38,0.06,-0.02,0.51,-0.34,0.32,-0.63,-0.51,-0.12,0,0,-20.00
2011-08-11T12:00:00,0.37,0.13,-0.04,0.56,-0.34,0.26,-0.62,-0.51,-0.13,0,0,-21.00
2011-08-11T13:00:00,0.29,0.15,-0.07,0.59,-0.39,0.33,-0.57,-0.48,-0.08,0,0,-21.00
2011-08-11T14:00:00,0.19,0.12,-0.11,0.63,-0.34,0.37,-0.51,-0.46,-0.0,0,0,-19.00
2011-08-11T15:00:00,-0.04,0.05,-0.17,0.68,-0.23,0.37,-0.52,-0.45,0.03,0,0,-15.00
2011-08-11T16:00:00,-0.16,-0.01,-0.2,0.7,-0.24,0.39,-0.49,-0.42,-0.01,0,0,-12.00
2011-08-11T17:00:00,-0.11,-0.15,-0.25,0.69,-0.05,0.47,-0.42,-0.43,-0.04,0,0,-12.00
2011-08-11T18:00:00,-0.24,0.17,-0.21,0.72,-0.17,0.46,-0.3,-0.39,-0.01,0,0,-13.00
2011-08-11T19:00:00,-0.14,0.09,0.03,0.69,-0.19,0.39,-0.22,-0.36,1.07,0,0,-14.00
2011-08-11T20:00:00,-0.13,0.22,-0.31,0.6,0.16,0.95,0.01,-0.33,0.05,0,0,-14.00
2011-08-11T21:00:00,0.03,0.43,0.32,0.59,-0.09,0.35,0.04,-0.28,0.09,0,0,-8.00
2011-08-11T22:00:00,0.21,0.15,0.45,0.56,-0.03,0.02,-0.09,-0.32,0.04,0,0,-9.00
2011-08-11T23:00:00,0.07,0.03,0.51,0.63,0.02,-0.05,-0.13,-0.34,0.0,0,0,-7.00
2011-08-13T00:00:00,0.21,0.21,-0.08,0.88,-0.11,-0.69,-0.23,-0.42,0.1,0,0,-7.00
2011-08-13T01:00:00,0.15,0.25,-0.28,0.93,-0.2,-0.34,-0.25,-0.47,-0.08,0,0,-5.00
2011-08-13T02:00:00,0.3,0.27,-0.01,0.93,-0.34,-0.69,-0.22,-0.46,-0.02,0,0,-6.00
2011-08-13T03:00:00,0.21,0.32,0.05,1.0,-0.35,-0.69,-0.12,-0.46,0.03,0,0,-9.00
2011-08-13T04:00:00,0.19,0.36,0.16,1.04,-0.46,-0.62,-0.09,-0.46,-0.0,0,0,-15.00
2011-08-13T05:00:00,0.12,0.19,-0.05,1.1,-0.41,-0.37,-0.03,-0.45,0.32,0,0,-17.00
2011-08-13T06:00:00,0.34,0.32,0.29,1.1,-0.5,-0.53,-0.02,-0.49,-0.08,0,0,-17.00
2011-08-13T07:00:00,0.17,0.3,0.29,1.18,-0.35,-0.58,0.05,-0.48,-0.0,0,0,-14.00
2011-08-13T08:00:00,0.17,0.22,0.22,1.21,-0.33,-0.41,0.12,-0.46,0.18,0,0,-11.00
2011-08-13T09:00:00,0.09,0.17,0.15,1.24,-0.36,-0.3,0.15,-0.45,0.68,0,0,-9.00
2011-08-13T10:00:00,0.04,0.2,0.24,1.25,-0.37,-0.48,0.16,-0.46,0.31,0,0,-8.00
2011-08-13T11:00:00,0.37,0.2,-0.06,1.21,-0.43,-0.33,0.25,-0.46,0.05,0,0,-9.00
2011-08-13T12:00:00,0.11,0.24,-0.12,1.22,-0.53,-0.15,0.36,-0.47,0.18,0,0,-8.00
2011-08-13T13:00:00,-0.15,0.17,0.51,1.29,-0.53,-0.46,0.22,-0.49,-0.07,0,0,-9.00
2011-08-13T14:00:00,-0.03,-0.04,0.56,1.31,-0.59,-0.61,0.12,-0.51,-0.1,0,0,-10.00
2011-08-13T15:00:00,-0.12,0.13,0.22,1.39,-0.79,-0.47,0.11,-0.5,0.27,0,0,-12.00
2011-08-13T16:00:00,-0.29,0.24,-0.2,1.46,-0.95,-0.21,0.2,-0.51,-0.06,0,0,-12.00
2011-08-13T17:00:00,-0.29,0.22,-0.19,1.51,-0.88,-0.2,0.22,-0.55,-0.09,0,0,-12.00
2011-08-13T18:00:00,-0.1,0.07,-0.13,1.5,-0.8,-0.47,0.57,-0.57,0.11,0,0,-13.00
2011-08-13T19:00:00,0.19,-0.09,-0.22,1.4,-0.75,-0.61,1.05,-0.58,-0.04,0,0,-14.00
2011-08-13T20:00:00,0.29,-0.04,-0.33,1.38,-0.83,-0.75,1.52,-0.58,-0.09,0,0,-10.00
2011-08-13T21:00:00,0.37,-0.56,0.01,1.33,-0.71,-0.85,1.47,-0.49,-0.0,0,0,-2.00
2011-08-13T22:00:00,0.49,-0.76,0.03,1.25,-0.29,-0.93,1.98,-0.53,-0.1,1,0,2.00
2011-08-13T23:00:00,0.55,-0.8,0.1,1.23,-0.36,-0.97,1.75,-0.49,-0.09,1,0,0.00
2011-08-14T00:00:00,0.59,-0.75,-0.02,1.22,-0.55,-1.01,2.36,-0.48,-0.06,1,0,2.00
2011-08-14T01:00:00,0.31,-0.61,0.41,1.12,-0.62,-0.61,2.43,-0.41,0.08,1,0,1.00
2011-08-14T02:00:00,0.93,-1.01,0.01,1.08,-0.71,-0.75,1.27,-0.35,-0.12,1,0,8.00
2011-08-14T03:00:00,0.97,-1.11,-0.11,1.06,-0.83,-0.73,1.05,-0.39,-0.14,1,0,8.00
2011-08-14T04:00:00,0.44,-1.05,0.7,1.02,-1.01,-0.2,0.97,-0.32,-0.12,1,0,1.00
2011-08-14T05:00:00,1.06,-1.0,-0.2,1.11,-1.01,-0.74,0.72,-0.4,-0.15,1,0,-6.00
2011-08-14T06:00:00,0.99,-0.89,0.03,1.07,-0.97,-0.42,0.81,-0.35,-0.13,1,0,-7.00
2011-08-14T07:00:00,0.66,-1.01,0.69,0.91,-1.6,-0.02,1.83,-0.29,-0.08,1,0,-7.00
2011-08-14T08:00:00,-0.4,0.64,0.32,0.86,-1.88,0.16,4.11,-0.36,0.24,1,0,-6.00
2011-08-14T09:00:00,0.84,-0.75,0.67,0.86,-1.64,0.51,2.34,-0.32,-0.06,1,0,4.00
2011-08-14T10:00:00,1.07,-0.69,0.94,0.89,-1.13,0.13,0.69,-0.39,-0.16,1,0,10.00
2011-08-14T11:00:00,1.1,-0.77,0.4,0.88,-0.76,0.53,0.62,-0.26,-0.12,1,0,3.00
2011-08-14T12:00:00,0.71,-0.56,0.12,0.73,-0.5,0.33,0.67,-0.09,0.06,1,0,-2.00
2011-08-14T13:00:00,0.74,-0.62,-0.19,0.66,-0.44,-0.13,0.67,-0.09,0.01,1,0,-3.00
2011-08-14T14:00:00,0.57,-0.38,0.02,0.59,-0.35,-0.0,0.47,-0.12,0.18,1,0,-3.00
2011-08-14T15:00:00,1.03,-0.23,-0.52,0.27,0.3,-0.25,0.13,-0.05,-0.1,1,0,-5.00
2011-08-14T16:00:00,1.15,-0.49,-0.33,0.19,0.24,0.34,0.09,-0.06,-0.11,1,0,-10.00
2011-08-14T17:00:00,1.11,-0.28,-0.02,0.11,0.2,0.61,0.18,-0.04,-0.07,1,0,-13.00
2011-08-14T18:00:00,1.12,-0.43,0.09,0.07,0.5,0.35,0.09,-0.02,-0.09,1,0,-18.00
2011-08-14T19:00:00,1.19,-0.39,-0.17,0.1,0.91,0.03,0.06,0.01,-0.1,1,0,-16.00
2011-08-14T20:00:00,0.68,-0.46,0.19,-0.1,1.12,0.2,0.23,0.3,0.18,1,0,-15.00
2011-08-14T21:00:00,0.75,-0.23,-0.27,-0.11,1.57,-0.16,0.49,0.46,0.28,1,0,-14.00
2011-08-14T22:00:00,1.35,-0.2,-0.5,-0.05,2.01,-0.28,0.62,0.26,-0.05,1,0,-11.00
2011-08-14T23:00:00,0.74,0.41,-0.27,-0.16,2.58,0.01,0.36,0.33,0.13,1,0,-12.00
2011-08-15T00:00:00,1.11,-1.17,-0.27,-0.32,2.65,0.21,-0.01,0.62,-0.09,1,0,-6.00
2011-08-15T01:00:00,1.17,-0.8,-0.0,-0.34,2.4,-0.14,-0.22,-0.01,-0.14,1,0,-10.00
2011-08-15T02:00:00,1.03,-0.57,0.03,-0.41,2.26,-0.69,-0.32,-0.2,-0.14,0,0,-13.00
2011-08-15T03:00:00,0.67,-0.95,0.29,-0.42,1.48,-0.38,-0.44,-0.09,-0.14,0,0,-14.00
2011-08-15T04:00:00,0.94,-0.64,0.18,-0.2,1.77,-0.8,-0.39,-0.08,-0.13,0,0,-17.00
2011-08-15T05:00:00,0.9,-0.64,0.44,-0.21,1.55,-0.6,-0.43,-0.19,-0.15,0,0,-17.00
2011-08-15T06:00:00,0.85,-0.72,0.31,-0.11,1.33,-0.38,-0.46,-0.15,-0.15,0,0,-18.00
2011-08-15T07:00:00,0.8,-0.86,-0.02,-0.05,1.33,-0.53,0.46,-0.22,-0.09,0,0,-21.00
2011-08-15T08:00:00,0.63,-0.41,-0.05,0.21,1.31,-0.53,1.27,-0.07,0.31,0,0,-18.00
2011-08-15T09:00:00,0.52,-0.61,0.4,0.21,0.82,-0.02,-0.27,-0.08,-0.08,0,0,-19.00
2011-08-15T10:00:00,0.38,-0.45,-0.0,0.16,1.02,0.35,-0.01,-0.07,0.17,0,0,-18.00
2011-08-15T11:00:00,0.47,-0.56,0.11,0.3,0.53,-0.07,-0.13,-0.12,-0.0,0,0,-23.00
2011-08-15T12:00:00,0.19,-0.41,0.28,0.26,0.06,0.36,0.15,-0.14,0.3,0,0,-18.00
2011-08-15T13:00:00,0.28,-0.52,0.09,0.34,-0.32,0.31,0.28,-0.18,0.19,0,0,-15.00
2011-08-15T14:00:00,0.21,-0.44,0.16,0.26,-0.53,0.53,0.2,-0.19,0.3,0,0,-13.00
2011-08-15T15:00:00,0.59,-0.55,-0.36,0.39,-0.81,-0.5,0.33,-0.21,-0.05,0,0,-12.00
2011-08-15T16:00:00,0.39,-1.08,-0.26,0.25,-1.01,-0.23,0.44,-0.24,-0.11,0,0,-13.00
2011-08-15T17:00:00,0.5,-0.86,-0.01,0.32,-1.39,0.48,0.69,-0.16,-0.01,0,0,-12.00
2011-08-15T18:00:00,0.99,-0.42,0.01,0.46,-0.54,0.06,0.65,-0.1,-0.02,0,0,-15.00
2011-08-15T19:00:00,0.78,-0.42,-0.55,0.38,-0.51,-0.38,0.61,-0.11,-0.05,0,0,-20.00
2011-08-15T20:00:00,0.67,-0.03,-0.29,0.41,-0.1,-0.14,0.71,0.03,0.21,0,0,-21.00
2011-08-15T21:00:00,-0.1,-0.52,0.0,0.25,-0.69,-0.05,0.81,-0.07,0.63,0,0,-21.00
2011-08-15T22:00:00,-0.34,-0.88,0.06,0.28,-0.76,0.22,0.37,-0.19,-0.04,0,0,-21.00
2011-08-15T23:00:00,-0.45,-0.55,0.33,0.39,-0.39,0.5,0.1,-0.11,0.02,0,0,-20.00
2011-08-16T00:00:00,-0.18,-0.51,0.32,0.45,-0.32,0.33,0.13,-0.07,0.18,0,0,-19.00
2011-08-16T01:00:00,-0.36,-0.24,0.43,0.26,-0.5,0.36,-0.16,-0.04,0.11,0,0,-12.00
2011-08-16T02:00:00,-0.42,-0.71,0.33,0.27,-0.7,0.24,-0.35,-0.19,-0.11,0,0,-8.00
2011-08-16T03:00:00,0.12,-0.41,0.02,0.15,-0.78,0.76,-0.11,-0.28,0.2,0,0,-7.00
2011-08-16T04:00:00,-0.4,-0.14,0.2,-0.35,0.9,1.92,-0.45,0.02,0.2,0,0,-6.00
2011-08-16T05:00:00,-0.41,-0.71,0.11,-0.56,1.99,2.41,-0.7,0.17,-0.11,0,0,-5.00
2011-08-16T06:00:00,-0.08,-0.6,0.21,-0.74,2.18,2.11,-0.65,-0.1,-0.08,0,0,-14.00
2011-08-16T07:00:00,-0.13,-0.63,0.17,-0.72,2.9,4.14,-0.68,0.03,-0.08,0,0,-16.00
2011-08-16T08:00:00,0.12,-0.93,-0.15,-0.36,3.36,3.31,-0.61,0.37,-0.1,0,0,-14.00
2011-08-16T09:00:00,0.07,-1.12,-0.11,-0.09,2.73,2.83,-0.55,0.48,-0.11,0,0,-13.00
2011-08-16T10:00:00,-0.9,-0.42,0.48,-0.06,2.54,2.65,-0.5,0.45,-0.09,0,0,-17.00
2011-08-16T11:00:00,-0.14,-0.9,-0.21,0.13,1.87,2.26,-0.48,0.39,-0.07,0,0,-20.00
2011-08-16T12:00:00,-0.05,-0.82,0.0,0.23,1.27,1.31,-0.45,0.2,-0.04,0,0,-21.00
2011-08-16T13:00:00,0.28,-0.54,-0.19,0.35,1.12,1.16,-0.44,0.03,-0.01,0,0,-20.00
2011-08-16T14:00:00,0.22,-0.25,0.22,0.37,0.94,1.4,-0.46,-0.21,0.19,0,0,-21.00
2011-08-16T15:00:00,0.03,-0.27,0.15,0.45,-0.03,1.01,-0.52,-0.08,0.6,0,0,-21.00
2011-08-16T16:00:00,0.14,-0.2,-0.09,0.47,-0.15,0.63,-0.52,-0.19,0.34,0,0,-22.00
2011-08-16T17:00:00,0.02,-0.4,0.13,0.42,-0.78,0.76,-0.49,-0.16,0.16,0,0,-20.00
2011-08-16T18:00:00,0.15,-0.36,0.28,0.42,-0.73,0.72,-0.52,-0.24,0.02,0,0,-20.00
2011-08-16T19:00:00,0.11,-0.33,-0.14,0.39,-0.7,-0.01,-0.57,-0.29,-0.01,0,0,-21.00
2011-08-16T20:00:00,0.1,-0.39,-0.1,0.35,-0.67,-0.19,-0.6,-0.33,-0.05,0,0,-21.00
2011-08-16T21:00:00,0.23,-0.33,-0.01,0.41,-0.41,-0.03,-0.6,-0.35,-0.03,0,0,-20.00
2011-08-16T22:00:00,0.24,-0.19,0.1,0.38,-0.27,0.32,-0.56,-0.25,0.24,0,0,-23.00
2011-08-16T23:00:00,0.04,-0.44,-0.11,0.31,-0.6,-0.09,-0.58,-0.35,-0.08,0,0,-22.00
2011-08-17T00:00:00,-0.03,-0.28,-0.17,0.29,-0.47,-0.27,-0.54,-0.34,0.01,0,0,-19.00
2011-08-17T01:00:00,-0.02,-0.18,0.03,0.32,-0.33,0.09,-0.53,-0.35,0.84,0,0,-18.00
2011-08-17T02:00:00,-0.22,-0.33,0.24,0.28,-0.42,0.47,-0.48,-0.38,-0.03,0,0,-19.00
2011-08-17T03:00:00,-0.05,-0.22,-0.22,0.38,-0.37,-0.23,-0.49,-0.35,0.0,0,0,-16.00
2011-08-17T04:00:00,0.36,-0.01,-0.1,0.49,-0.19,-0.01,-0.4,-0.24,0.12,0,0,-12.00
2011-08-17T05:00:00,0.22,-0.15,-0.24,0.48,-0.37,-0.15,-0.39,-0.26,0.06,0,0,-12.00
2011-08-17T06:00:00,-0.11,-0.34,0.25,0.42,-0.54,0.4,-0.28,-0.35,0.08,0,0,-15.00
2011-08-17T07:00:00,-0.07,-0.33,0.46,0.5,-0.7,-0.02,0.52,-0.36,0.09,0,0,-12.00
2011-08-17T08:00:00,0.15,-0.54,0.05,0.51,-0.74,0.14,0.01,-0.29,0.06,0,0,-9.00
2011-08-17T09:00:00,0.2,-0.02,-0.41,0.53,-0.32,-0.44,-0.04,-0.31,-0.0,0,0,-7.00
2011-08-17T10:00:00,0.22,0.02,-0.42,0.46,-0.05,-0.04,0.64,-0.35,0.07,0,0,-6.00
2011-08-17T11:00:00,0.16,-0.21,0.01,0.52,-0.2,-0.35,-0.17,-0.37,0.56,0,0,-8.00
2011-08-17T12:00:00,-0.36,-0.64,0.5,0.48,-0.36,-0.31,-0.19,-0.42,-0.14,0,0,-14.00
2011-08-17T13:00:00,-0.17,-0.23,0.56,0.5,-0.27,-0.04,-0.13,-0.37,-0.07,0,0,-20.00
2011-08-17T14:00:00,0.32,-0.05,0.34,0.58,-0.23,-0.08,-0.08,-0.26,0.19,0,0,-18.00
2011-08-17T15:00:00,0.17,-0.36,0.44,0.59,-0.36,-0.06,-0.11,-0.3,0.0,0,0,-15.00
2011-08-17T16:00:00,0.09,-0.42,0.47,0.58,-0.34,-0.07,-0.11,-0.3,-0.03,0,0,-16.00
2011-08-17T17:00:00,0.19,-0.48,0.48,0.55,-0.32,-0.23,-0.15,-0.31,-0.07,0,0,-15.00
2011-08-17T18:00:00,-0.25,-0.73,0.16,0.45,-0.62,-0.58,-0.16,-0.25,-0.07,0,0,-17.00
2011-08-17T19:00:00,-0.22,-0.79,0.26,0.48,-0.58,-0.6,-0.2,-0.25,-0.09,0,0,-15.00
2011-08-17T20:00:00,-0.22,-0.83,0.33,0.51,-0.43,-0.59,-0.23,-0.26,-0.11,0,0,-13.00
2011-08-17T21:00:00,0.08,-0.3,0.36,0.57,-0.08,-0.48,-0.18,-0.2,0.18,0,0,-11.00
2011-08-17T22:00:00,-0.12,-0.72,0.41,0.61,-0.18,-0.24,-0.2,-0.27,-0.1,0,0,-9.00
2011-08-17T23:00:00,-0.15,-0.71,0.39,0.65,-0.18,-0.26,-0.25,-0.28,-0.1,0,0,-7.00
2011-08-18T00:00:00,-0.17,-0.57,0.43,0.61,-0.47,-0.11,-0.16,-0.25,-0.06,0,0,-7.00
2011-08-18T01:00:00,-0.25,-0.42,0.24,0.59,-0.31,-0.39,-0.07,-0.22,0.11,0,0,-6.00
2011-08-18T02:00:00,0.08,-0.32,0.43,0.71,-0.23,-0.04,-0.01,-0.23,0.12,0,0,-5.00
2011-08-18T03:00:00,0.1,-0.15,0.32,0.75,-0.13,-0.03,0.0,-0.23,0.58,0,0,-5.00
2011-08-18T04:00:00,0.16,-0.36,0.44,0.79,-0.26,0.1,-0.04,-0.31,0.01,0,0,-5.00
2011-08-18T05:00:00,0.16,-0.46,0.62,0.8,-0.51,0.27,-0.01,-0.42,-0.12,0,0,-4.00
2011-08-18T06:00:00,-0.35,-0.73,0.44,0.8,-0.36,0.1,-0.02,-0.47,-0.15,0,0,-5.00
2011-08-18T07:00:00,-0.19,-0.8,0.47,0.86,-0.31,0.08,0.08,-0.45,-0.14,0,0,-4.00
2011-08-18T08:00:00,0.21,-0.44,0.76,0.9,-0.4,0.21,0.03,-0.42,-0.14,0,0,-3.00
2011-08-18T09:00:00,0.29,-0.39,0.69,0.89,-0.48,0.31,-0.06,-0.39,-0.12,0,0,-4.00
2011-08-18T10:00:00,0.6,-0.25,0.35,0.96,-0.15,0.28,0.04,-0.23,-0.01,0,0,-4.00
2011-08-18T11:00:00,0.58,-0.15,0.17,0.97,-0.16,-0.04,0.06,-0.1,0.16,0,0,-5.00
2011-08-18T12:00:00,0.49,0.36,0.06,0.95,0.34,-0.33,-0.02,-0.23,0.04,0,0,-7.00
2011-08-18T13:00:00,0.19,-0.0,-0.1,0.91,0.11,-0.45,0.03,-0.28,0.88,0,0,-9.00
2011-08-18T14:00:00,-0.13,-0.56,0.27,0.85,-0.29,0.13,-0.08,-0.37,-0.05,0,0,-8.00
2011-08-18T15:00:00,-0.32,-0.45,0.23,0.76,-0.4,0.2,-0.09,-0.41,-0.05,0,0,-6.00
2011-08-18T16:00:00,-0.43,-0.5,0.25,0.77,-0.48,0.21,-0.11,-0.43,-0.11,0,0,-7.00
2011-08-18T17:00:00,-0.59,-0.38,0.07,0.75,-0.2,0.0,-0.2,-0.48,-0.13,0,0,-3.00
2011-08-18T18:00:00,-0.03,-0.37,0.25,0.81,-0.26,0.22,-0.11,-0.38,0.11,0,0,1.00
2011-08-18T19:00:00,0.32,-0.34,0.24,0.89,-0.23,0.15,-0.08,-0.3,0.09,0,0,3.00
2011-08-18T20:00:00,0.46,-0.28,0.33,0.96,-0.19,0.25,-0.19,-0.35,-0.05,0,0,4.00
2011-08-18T21:00:00,0.3,-0.25,0.48,0.97,-0.24,0.45,-0.22,-0.39,-0.08,0,0,3.00
2011-08-18T22:00:00,0.37,-0.33,0.31,1.04,-0.3,0.43,-0.2,-0.35,-0.03,0,0,-1.00
2011-08-18T23:00:00,0.03,-0.3,0.33,0.92,-0.32,0.48,-0.2,-0.36,0.09,0,0,-3.00
2011-08-19T00:00:00,0.14,-0.2,0.32,0.96,-0.32,0.4,-0.17,-0.35,0.18,0,0,-4.00
2011-08-19T01:00:00,0.06,-0.29,0.37,0.97,-0.34,0.42,-0.19,-0.4,0.01,0,0,-2.00
2011-08-19T02:00:00,0.11,-0.24,0.41,1.02,-0.21,0.49,-0.22,-0.43,-0.03,0,0,-2.00
2011-08-19T03:00:00,-0.34,-0.27,0.24,0.92,-0.12,0.18,-0.23,-0.45,-0.05,0,0,-3.00
2011-08-19T04:00:00,-0.29,-0.32,0.32,0.92,-0.21,0.28,-0.23,-0.46,-0.08,0,0,-4.00
2011-08-19T05:00:00,-0.12,-0.56,0.15,0.96,-0.38,0.24,-0.18,-0.46,-0.09,0,0,-4.00
2011-08-19T06:00:00,-0.04,-0.06,0.56,0.96,-0.12,0.44,-0.14,-0.45,-0.09,0,0,-6.00
2011-08-19T07:00:00,-0.07,-0.46,0.43,0.96,-0.34,0.57,-0.2,-0.46,-0.11,0,0,-6.00
2011-08-19T08:00:00,-0.11,-0.6,0.26,0.99,-0.55,0.54,-0.16,-0.46,-0.11,0,0,-5.00
2011-08-19T09:00:00,-0.29,-0.6,0.24,0.96,-0.5,0.53,-0.21,-0.48,-0.14,0,0,-3.00
2011-08-19T10:00:00,-0.01,-0.48,0.4,1.03,-0.5,0.63,-0.18,-0.47,-0.11,0,0,-3.00
2011-08-19T11:00:00,0.09,-0.53,0.47,1.08,-0.57,0.75,-0.14,-0.47,-0.13,0,0,-5.00
2011-08-19T12:00:00,-0.04,-0.63,0.32,1.05,-0.7,0.6,-0.11,-0.5,-0.13,0,0,-9.00
2011-08-19T13:00:00,0.22,-0.38,0.38,1.1,-0.38,0.64,-0.05,-0.44,-0.06,0,0,-10.00
2011-08-19T14:00:00,0.45,-0.34,0.4,1.13,-0.39,0.68,0.01,-0.39,-0.07,0,0,-7.00
2011-08-19T15:00:00,0.64,0.04,0.51,1.11,-0.34,0.56,-0.03,-0.42,-0.12,0,0,-7.00
2011-08-19T16:00:00,0.63,0.06,0.49,1.13,-0.35,0.5,-0.06,-0.45,-0.13,0,0,-7.00
2011-08-19T17:00:00,0.73,-0.07,0.4,1.14,-0.38,0.45,-0.01,-0.45,-0.13,0,0,-7.00
2011-08-19T18:00:00,0.75,0.09,0.38,1.14,-0.4,0.44,0.02,-0.45,-0.13,0,0,-7.00
2011-08-19T19:00:00,0.73,-0.21,0.3,1.11,-0.67,0.47,0.12,-0.43,-0.11,0,0,-7.00
2011-08-19T20:00:00,0.55,-0.29,-0.08,1.13,-0.42,0.22,0.08,-0.44,-0.07,0,0,-6.00
2011-08-19T21:00:00,0.53,-0.07,0.36,0.97,-0.18,0.39,-0.16,-0.38,-0.07,0,0,-3.00
2011-08-19T22:00:00,0.56,0.01,0.3,0.96,-0.14,0.54,-0.15,-0.33,-0.04,0,0,-3.00
2011-08-19T23:00:00,0.55,0.03,0.33,0.83,0.37,0.58,0.17,-0.38,-0.03,0,0,-5.00
2011-08-20T00:00:00,0.45,0.32,0.36,0.78,0.47,0.08,-0.18,-0.4,-0.09,0,0,-6.00
2011-08-20T01:00:00,0.5,0.35,0.03,0.81,0.38,-0.47,-0.22,-0.38,-0.08,0,0,-4.00
2011-08-20T02:00:00,0.29,-0.2,-0.26,0.72,-0.2,-0.77,-0.23,-0.39,-0.04,0,0,-3.00
2011-08-20T03:00:00,0.48,0.07,-0.05,0.81,0.31,-0.51,-0.23,-0.29,0.05,0,0,-3.00
2011-08-20T04:00:00,0.5,-0.31,0.16,0.85,-0.15,-0.25,-0.23,-0.32,-0.03,0,0,-5.00
2011-08-20T05:00:00,0.33,-0.46,0.21,0.75,-0.23,-0.35,-0.22,-0.34,-0.04,0,0,-9.00
2011-08-20T06:00:00,0.4,-0.51,0.33,0.76,-0.23,-0.47,-0.33,-0.36,-0.11,0,0,-9.00
2011-08-20T07:00:00,0.48,-0.24,0.54,0.81,-0.02,-0.05,-0.27,-0.39,-0.12,0,0,-6.00
2011-08-20T08:00:00,0.47,-0.2,0.57,0.84,0.15,0.08,-0.13,-0.39,-0.11,0,0,-6.00
2011-08-20T09:00:00,0.42,-0.63,0.3,0.86,-0.4,-0.3,-0.17,-0.42,-0.13,0,0,-5.00
2011-08-20T10:00:00,-0.1,-0.66,0.1,0.78,-0.52,-0.4,-0.16,-0.43,-0.1,0,0,-2.00
2011-08-20T11:00:00,-0.1,-0.32,0.19,0.79,-0.29,-0.14,-0.07,-0.4,0.2,0,0,-3.00
2011-08-20T12:00:00,-0.05,-0.48,-0.05,0.79,-0.44,-0.41,-0.03,-0.42,0.0,0,0,-3.00
2011-08-20T13:00:00,-0.04,-0.29,0.18,0.83,-0.2,-0.04,-0.04,-0.41,0.32,0,0,-2.00
2011-08-20T14:00:00,0.14,-0.14,0.48,0.86,-0.12,0.25,0.0,-0.39,0.01,0,0,0.00
2011-08-20T15:00:00,0.24,-0.4,0.16,0.91,-0.38,0.07,0.06,-0.38,0.08,0,0,-2.00
2011-08-20T16:00:00,0.04,-0.25,0.02,0.85,0.1,-0.12,1.64,-0.47,1.41,0,0,-3.00
2011-08-20T17:00:00,0.45,-0.21,0.26,0.91,-0.19,0.36,0.53,-0.41,0.08,0,0,1.00
2011-08-20T18:00:00,0.62,-0.35,0.24,1.0,-0.28,0.54,0.51,-0.4,-0.04,0,0,3.00
2011-08-20T19:00:00,0.27,-0.8,-0.05,1.01,-0.9,0.82,0.68,-0.51,-0.12,0,0,3.00
2011-08-20T20:00:00,0.04,-0.48,-0.36,0.98,-0.67,0.91,0.68,-0.5,-0.09,0,0,6.00
2011-08-20T21:00:00,0.04,1.01,0.11,0.97,-0.13,0.86,0.42,-0.49,-0.15,0,0,12.00
2011-08-20T22:00:00,0.08,0.84,0.1,0.97,-0.18,0.92,0.57,-0.49,-0.12,0,0,10.00
