2011-09-17T16:00:00,-0.73,1.68,-1.15,0.14,0.53,-0.39,0.31,-0.54,-0.19,0,1,-72.00
2011-09-17T17:00:00,-0.52,1.93,-0.67,0.2,0.59,-0.14,-0.08,-0.41,-0.18,0,1,-56.00
2011-09-17T18:00:00,-0.44,2.14,-0.29,0.31,0.26,0.1,-0.7,-0.24,-0.19,0,1,-57.00
2011-09-17T19:00:00,-0.35,2.05,-0.17,0.55,0.22,0.23,-0.61,-0.25,-0.18,0,1,-68.00
2011-09-17T20:00:00,0.2,2.23,0.24,0.42,-0.19,0.59,-0.63,-0.44,-0.19,0,1,-69.00
2011-09-17T21:00:00,0.39,2.21,0.71,0.41,-0.92,0.61,-0.51,-0.43,-0.19,0,1,-61.00
2011-09-17T22:00:00,0.05,1.03,1.85,0.41,-1.42,0.87,-0.49,-0.49,-0.19,0,1,-54.00
2011-09-17T23:00:00,0.03,0.84,1.77,0.45,-1.7,0.68,-0.5,-0.56,-0.19,0,1,-50.00
2011-09-18T00:00:00,0.15,0.97,1.56,0.46,-2.51,0.14,-0.79,-0.59,-0.19,0,1,-47.00
2011-09-18T01:00:00,0.33,0.62,1.5,0.38,-1.99,-0.12,-0.78,-0.58,-0.19,0,1,-46.00
2011-09-18T02:00:00,0.4,0.15,1.44,0.33,-0.72,-0.56,-0.65,-0.55,-0.19,0,1,-47.00
2011-09-18T03:00:00,0.32,0.58,1.23,0.34,-1.64,-0.15,-0.56,-0.53,-0.19,0,1,-45.00
2011-09-18T04:00:00,0.19,0.63,1.17,0.43,-2.13,-0.2,-0.65,-0.56,-0.19,0,1,-38.00
2011-09-18T05:00:00,0.07,0.69,0.96,0.32,-2.98,0.3,-0.81,-0.5,-0.19,0,1,-35.00
2011-09-18T06:00:00,0.1,0.6,0.82,0.35,-2.3,0.94,-0.79,-0.4,-0.18,0,1,-39.00
2011-09-18T07:00:00,0.01,0.57,0.62,0.41,-1.53,1.13,-0.75,-0.37,-0.17,0,1,-38.00
2011-09-18T08:00:00,-0.2,0.41,0.3,0.39,-0.59,1.48,-0.66,-0.24,-0.09,0,1,-37.00
2011-09-18T09:00:00,-0.17,0.74,-0.09,0.32,-0.52,0.82,-0.69,-0.42,-0.17,0,0,-35.00
2011-09-18T10:00:00,-0.55,0.5,-0.18,0.29,-0.16,0.3,-0.65,-0.38,-0.16,0,0,-32.00
2011-09-18T11:00:00,0.07,0.74,-0.16,-0.18,-1.2,-0.06,-0.68,-0.46,-0.17,0,0,-30.00
2011-09-18T12:00:00,0.43,0.71,0.03,0.0,-0.54,-0.28,-0.56,-0.52,-0.18,0,0,-27.00
2011-09-18T13:00:00,0.68,0.64,0.14,0.17,-0.38,-0.23,-0.44,-0.57,-0.18,0,1,-28.00
2011-09-18T14:00:00,0.67,0.66,0.08,0.2,-0.48,-0.39,-0.38,-0.54,-0.18,0,1,-27.00
2011-09-18T15:00:00,0.55,0.77,-0.03,0.27,-0.51,-0.24,-0.36,-0.52,-0.17,0,1,-30.00
2011-09-18T16:00:00,0.58,0.8,0.07,0.38,-0.27,-0.23,-0.31,-0.57,-0.18,0,1,-29.00
2011-09-18T17:00:00,0.57,0.8,0.09,0.45,-0.13,-0.23,-0.21,-0.58,-0.18,0,1,-28.00
2011-09-18T18:00:00,0.52,0.81,0.17,0.49,-0.18,-0.29,-0.22,-0.57,-0.18,0,1,-26.00
2011-09-18T19:00:00,0.39,0.87,0.14,0.45,-0.44,-0.46,-0.36,-0.53,-0.18,0,1,-27.00
2011-09-18T20:00:00,-0.28,0.71,-0.15,0.58,-0.62,-0.09,-0.2,-0.47,-0.15,0,1,-29.00
2011-09-18T21:00:00,0.07,-0.15,0.17,0.58,-0.07,0.26,0.16,-0.35,1.98,0,0,-30.00
2011-09-18T22:00:00,0.34,-0.16,0.69,0.63,-0.01,0.46,-0.29,-0.44,-0.15,0,0,-30.00
2011-09-18T23:00:00,0.61,-0.67,0.45,0.67,-0.71,-0.01,-0.55,-0.28,-0.16,0,0,-30.00
2011-09-19T00:00:00,0.58,-0.77,0.45,0.55,-0.48,-0.45,-0.53,-0.24,-0.15,0,0,-29.00
2011-09-19T01:00:00,0.51,-0.85,0.37,0.49,-0.61,-0.86,-0.51,-0.27,-0.15,0,0,-31.00
2011-09-19T02:00:00,0.67,-0.54,0.38,0.54,-0.23,-0.61,-0.49,-0.17,-0.13,0,0,-31.00
2011-09-19T03:00:00,0.55,-0.49,0.38,0.52,-0.18,-0.36,-0.48,-0.03,-0.09,0,0,-30.00
2011-09-19T04:00:00,0.67,-0.08,0.49,0.53,0.06,0.21,-0.42,0.02,-0.07,0,0,-27.00
2011-09-19T05:00:00,0.75,-0.13,0.44,0.59,-0.05,0.08,-0.42,-0.06,-0.09,0,0,-24.00
2011-09-19T06:00:00,0.79,-0.39,0.4,0.65,-0.44,0.07,-0.44,-0.16,-0.13,0,0,-22.00
2011-09-19T07:00:00,0.65,-0.05,0.57,0.58,-0.22,0.45,-0.45,-0.15,-0.11,0,0,-21.00
2011-09-19T08:00:00,0.52,-0.17,0.68,0.53,-0.42,0.68,-0.46,-0.16,-0.12,0,0,-23.00
2011-09-19T09:00:00,0.18,-0.78,0.62,0.52,-0.59,0.46,-0.5,-0.35,-0.16,0,0,-22.00
2011-09-19T10:00:00,0.24,-0.65,0.64,0.54,-0.41,0.43,-0.44,-0.33,-0.15,0,0,-17.00
2011-09-19T11:00:00,-0.03,-0.83,0.61,0.5,-0.6,0.32,-0.45,-0.34,-0.16,0,0,-13.00
2011-09-19T12:00:00,0.18,-0.83,0.58,0.61,-0.65,0.17,-0.47,-0.32,-0.16,0,0,-9.00
2011-09-19T13:00:00,0.72,-0.45,0.12,0.69,-0.35,-0.32,-0.44,-0.24,-0.12,0,0,-8.00
2011-09-19T14:00:00,0.95,-0.02,0.08,0.66,0.29,-0.09,-0.36,-0.2,-0.12,0,0,-8.00
2011-09-19T15:00:00,0.86,-0.28,0.26,0.67,-0.17,0.28,-0.35,-0.16,-0.11,0,0,-8.00
2011-09-19T16:00:00,0.55,-0.41,0.38,0.57,-0.77,0.25,0.62,-0.07,0.15,0,0,-10.00
2011-09-19T17:00:00,0.24,-0.57,0.41,0.57,-0.19,0.36,-0.31,-0.05,-0.03,0,0,-14.00
2011-09-19T18:00:00,0.05,-0.26,0.72,0.57,0.11,0.79,-0.34,-0.08,-0.07,0,0,-14.00
2011-09-19T19:00:00,0.17,-0.46,0.74,0.61,-0.03,0.64,-0.43,-0.13,-0.12,0,0,-15.00
2011-09-19T20:00:00,0.2,-0.46,0.75,0.65,-0.03,0.75,-0.49,-0.15,-0.13,0,0,-15.00
2011-09-19T21:00:00,0.16,-0.59,0.73,0.61,0.06,0.44,-0.55,-0.17,-0.15,0,0,-14.00
2011-09-19T22:00:00,0.13,-0.39,0.73,0.42,0.68,0.67,-0.47,-0.2,-0.13,0,0,-13.00
2011-09-19T23:00:00,0.44,-0.58,0.63,0.43,0.41,0.42,-0.44,-0.11,-0.12,0,0,-14.00
2011-09-20T00:00:00,0.56,-0.45,0.48,0.43,0.3,0.63,-0.41,-0.06,-0.09,0,0,-15.00
2011-09-20T01:00:00,0.83,-0.11,0.24,0.53,0.77,0.16,-0.31,-0.21,-0.1,0,0,-16.00
2011-09-20T02:00:00,0.97,0.22,-0.04,0.47,0.91,-0.14,-0.42,-0.17,-0.13,0,0,-14.00
2011-09-20T03:00:00,0.89,-0.26,-0.16,0.6,0.45,-0.36,-0.35,-0.24,-0.13,0,0,-14.00
2011-09-20T04:00:00,0.88,-0.32,0.05,0.67,0.64,-0.06,-0.35,-0.19,-0.11,0,0,-12.00
2011-09-20T05:00:00,0.64,-0.41,-0.02,0.6,0.4,-0.23,-0.37,-0.06,-0.05,0,0,-17.00
2011-09-20T06:00:00,0.54,-0.48,-0.04,0.49,0.33,-0.53,-0.3,0.04,0.01,0,0,-24.00
2011-09-20T07:00:00,0.08,-0.69,0.01,0.38,0.27,-0.58,-0.29,0.07,0.04,0,0,-24.00
2011-09-20T08:00:00,0.42,-0.32,0.22,0.52,0.6,-0.31,-0.32,-0.01,0.13,0,0,-19.00
2011-09-20T09:00:00,0.46,-0.43,0.02,0.53,0.41,-0.26,-0.25,-0.12,0.03,0,0,-19.00
2011-09-20T10:00:00,0.79,-0.31,0.12,0.7,0.46,0.05,-0.26,-0.23,-0.1,0,0,-14.00
2011-09-20T11:00:00,0.79,-0.08,0.38,0.74,0.93,0.5,-0.34,-0.31,-0.13,0,0,-14.00
2011-09-20T12:00:00,0.17,-0.56,0.35,0.48,0.02,0.31,-0.39,-0.19,-0.05,0,0,-16.00
2011-09-20T13:00:00,-0.32,-0.5,0.5,0.31,0.23,0.4,-0.45,-0.28,-0.12,0,0,-17.00
2011-09-20T14:00:00,0.18,-0.3,0.21,0.57,0.53,-0.15,-0.42,-0.22,0.19,0,0,-14.00
2011-09-20T15:00:00,0.59,-0.4,0.29,0.78,0.07,0.35,-0.39,-0.25,-0.1,0,0,-15.00
2011-09-20T16:00:00,0.69,-0.36,0.16,0.8,0.02,0.11,-0.36,-0.29,-0.11,0,0,-17.00
2011-09-20T17:00:00,0.51,-0.36,-0.2,0.76,0.02,-0.6,-0.42,-0.3,-0.1,0,0,-18.00
2011-09-20T18:00:00,0.6,-0.33,-0.24,0.88,-0.2,-0.78,-0.34,-0.31,-0.11,0,0,-19.00
2011-09-20T19:00:00,0.69,-0.35,0.08,0.92,-0.44,-0.21,-0.29,-0.35,-0.11,0,0,-20.00
2011-09-20T20:00:00,0.65,-0.14,0.42,0.94,-0.1,0.31,-0.34,-0.36,-0.12,0,0,-20.00
2011-09-20T21:00:00,0.54,-0.45,0.39,0.85,-0.42,0.11,-0.42,-0.36,-0.13,0,0,-24.00
2011-09-20T22:00:00,0.51,-0.23,0.56,0.88,-0.08,0.58,-0.52,-0.47,-0.16,0,0,-25.00
2011-09-20T23:00:00,0.32,-0.47,0.6,0.83,-0.46,0.81,-0.48,-0.45,-0.16,0,0,-22.00
2011-09-21T00:00:00,0.42,-0.49,0.43,0.92,-0.56,0.34,-0.39,-0.41,-0.14,0,0,-20.00
2011-09-21T01:00:00,0.66,-0.43,0.22,1.04,-0.5,0.04,-0.28,-0.36,-0.12,0,0,-18.00
2011-09-21T12:00:00,0.51,-0.04,-0.5,1.08,-0.22,-1.07,-0.08,-0.4,-0.12,0,0,-8.00
2011-09-21T13:00:00,0.72,-0.51,0.27,1.16,-0.88,0.22,0.01,-0.37,-0.12,0,0,-13.00
2011-09-21T14:00:00,0.28,-0.56,-0.07,1.03,-1.01,-0.22,-0.03,-0.36,-0.05,0,0,-16.00
2011-09-21T15:00:00,0.36,-0.58,0.11,1.04,-1.03,-0.32,0.0,-0.38,-0.07,0,0,-19.00
2011-09-21T16:00:00,0.21,-0.47,0.69,1.01,-0.85,0.24,-0.01,-0.4,-0.13,0,0,-17.00
2011-09-21T17:00:00,0.29,-0.4,0.64,1.03,-0.86,0.37,-0.06,-0.35,-0.11,0,0,-13.00
2011-09-21T18:00:00,0.33,-0.57,0.5,1.0,-0.86,0.07,-0.02,-0.35,-0.1,0,0,-16.00
2011-09-21T19:00:00,0.12,-0.45,0.87,0.91,-0.69,0.64,-0.02,-0.37,-0.14,0,0,-16.00
2011-09-21T20:00:00,0.05,-0.63,0.62,0.89,-0.93,0.28,0.06,-0.33,-0.1,0,0,-13.00
2011-09-21T21:00:00,0.32,-0.71,0.03,0.92,-0.64,-0.53,-0.07,-0.35,-0.09,0,0,-11.00
2011-09-21T22:00:00,-0.02,-0.72,0.5,0.8,-0.41,-0.03,-0.08,-0.2,-0.08,0,0,-10.00
2011-09-21T23:00:00,0.12,-0.83,0.69,0.76,-0.28,0.22,-0.29,-0.12,-0.13,0,0,-11.00
2011-09-22T00:00:00,0.18,-0.9,0.72,0.74,-0.35,0.27,-0.37,-0.1,-0.14,0,0,-14.00
2011-09-22T01:00:00,0.38,-1.07,0.42,0.82,-0.43,-0.04,-0.36,-0.07,-0.14,0,0,-15.00
2011-09-22T02:00:00,0.38,-0.96,0.33,0.78,0.1,-0.11,-0.36,0.01,-0.11,0,0,-14.00
2011-09-22T03:00:00,0.12,-0.77,0.68,0.68,0.38,0.36,-0.35,0.01,-0.11,0,0,-13.00
2011-09-22T04:00:00,0.26,-0.75,0.4,0.72,0.46,-0.16,-0.35,0.12,-0.05,0,0,-10.00
2011-09-22T05:00:00,0.55,-0.0,0.57,0.81,1.22,0.1,-0.27,0.25,0.03,0,0,-7.00
2011-09-22T06:00:00,0.12,-0.94,0.42,0.72,0.04,-0.02,-0.34,0.05,-0.1,0,0,-6.00
2011-09-22T07:00:00,0.15,-0.84,0.38,0.75,0.18,-0.03,-0.39,0.06,-0.08,0,0,-7.00
2011-09-22T08:00:00,-0.02,-0.49,0.62,0.63,0.59,0.21,-0.41,0.11,-0.05,0,0,-10.00
2011-09-22T09:00:00,-0.2,-0.83,0.42,0.6,0.21,-0.04,-0.37,0.14,-0.07,0,0,-9.00
2011-09-22T10:00:00,0.37,-0.48,0.16,0.74,0.47,-0.24,-0.42,0.04,0.05,0,0,-9.00
2011-09-22T11:00:00,0.38,-0.55,0.44,0.72,0.35,0.39,-0.41,-0.04,-0.07,0,0,-9.00
2011-09-22T12:00:00,0.57,-0.52,0.15,0.77,0.2,0.03,-0.4,-0.13,-0.08,0,0,-14.00
2011-09-22T13:00:00,0.48,-0.68,0.2,0.82,-0.05,0.12,-0.44,-0.21,-0.11,0,0,-14.00
2011-09-22T14:00:00,0.45,-0.68,0.1,0.8,-0.22,0.15,-0.49,-0.27,-0.13,0,0,-13.00
2011-09-22T15:00:00,0.6,-0.51,-0.19,0.86,-0.13,-0.27,-0.47,-0.32,-0.14,0,0,-10.00
2011-09-22T16:00:00,0.71,-0.09,-0.3,0.89,0.35,-0.44,-0.42,-0.3,-0.13,0,0,-8.00
2011-09-22T17:00:00,0.79,-0.18,-0.18,0.91,0.12,-0.32,-0.4,-0.31,-0.13,0,0,-8.00
2011-09-22T18:00:00,0.73,-0.47,0.01,0.87,-0.29,0.08,-0.47,-0.32,-0.14,0,0,-13.00
2011-09-22T19:00:00,0.71,-0.4,-0.23,0.87,-0.22,-0.4,-0.45,-0.34,-0.15,0,0,-19.00
2011-09-22T20:00:00,0.75,-0.28,-0.28,0.88,-0.18,-0.38,-0.42,-0.27,-0.13,0,0,-27.00
2011-09-22T21:00:00,0.71,-0.42,-0.17,0.94,-0.29,-0.66,-0.48,-0.31,-0.14,0,0,-29.00
2011-09-22T22:00:00,0.58,-0.75,0.18,0.95,-0.65,-0.18,-0.51,-0.36,-0.16,0,0,-24.00
2011-09-22T23:00:00,0.52,-0.79,0.3,0.92,-0.56,-0.0,-0.54,-0.35,-0.16,0,0,-21.00
2011-09-23T00:00:00,0.28,-0.79,0.54,0.79,-0.53,0.58,-0.57,-0.42,-0.17,0,0,-22.00
2011-09-23T01:00:00,0.43,-0.74,0.21,0.87,-0.42,-0.23,-0.45,-0.43,-0.16,0,0,-15.00
2011-09-23T02:00:00,0.61,-0.74,0.13,0.94,-0.64,-0.27,-0.27,-0.46,-0.16,0,0,-11.00
2011-09-23T03:00:00,-0.13,-0.17,0.57,0.82,-0.2,0.08,0.07,-0.44,-0.08,0,0,-10.00
2011-09-23T04:00:00,-0.04,-0.03,0.46,0.9,-0.23,-0.08,0.08,-0.4,0.07,0,0,-9.00
2011-09-23T05:00:00,-0.0,0.01,0.43,0.93,-0.33,0.03,-0.08,-0.4,0.06,0,0,-6.00
2011-09-23T06:00:00,0.1,-0.28,0.54,1.01,-0.76,0.11,-0.05,-0.43,-0.08,0,0,-4.00
2011-09-23T07:00:00,-0.08,-0.02,0.45,0.91,-0.25,-0.05,-0.08,-0.41,0.03,0,0,-5.00
2011-09-23T08:00:00,-0.21,0.06,0.48,0.84,-0.09,0.21,-0.13,-0.39,-0.03,0,0,-5.00
2011-09-23T09:00:00,0.14,-0.49,0.54,0.95,-0.87,-0.0,-0.26,-0.38,-0.12,0,0,-3.00
2011-09-23T10:00:00,0.09,-0.17,0.63,0.97,-0.5,0.28,-0.27,-0.34,-0.09,0,0,-1.00
2011-09-23T11:00:00,0.25,-0.6,0.57,0.99,-0.4,0.32,-0.38,-0.4,-0.15,0,0,-3.00
2011-09-23T12:00:00,0.32,-0.64,0.44,1.01,-0.39,0.09,-0.36,-0.4,-0.14,0,0,-5.00
2011-09-23T13:00:00,0.14,-0.63,0.55,0.95,-0.26,0.45,-0.35,-0.45,-0.16,0,0,-7.00
2011-09-23T14:00:00,0.13,-0.36,0.53,1.0,-0.13,0.15,-0.28,-0.41,-0.11,0,0,-6.00
2011-09-23T15:00:00,0.34,-0.68,0.31,1.02,-0.36,0.1,-0.32,-0.4,-0.14,0,0,-5.00
2011-09-23T16:00:00,0.32,-0.32,0.46,1.01,-0.05,0.11,-0.26,-0.35,-0.08,0,0,-4.00
2011-09-23T17:00:00,0.39,-0.62,0.25,1.02,-0.33,0.06,-0.24,-0.39,-0.12,0,0,-6.00
2011-09-23T18:00:00,0.34,-0.65,0.21,1.01,-0.3,0.18,0.32,-0.42,-0.08,0,0,-8.00
2011-09-23T19:00:00,0.54,-0.47,0.16,1.06,-0.13,0.07,-0.08,-0.34,-0.07,0,0,-8.00
2011-09-23T20:00:00,0.41,0.23,0.48,1.06,0.42,0.3,-0.11,-0.42,-0.1,0,0,-9.00
2011-09-23T21:00:00,0.39,0.05,0.39,1.1,0.5,-0.24,0.5,-0.41,0.06,0,0,-8.00
2011-09-23T22:00:00,0.41,-0.5,0.16,1.13,-0.32,0.27,-0.15,-0.38,-0.08,0,0,-9.00
2011-09-23T23:00:00,0.31,0.02,0.25,1.08,0.19,0.27,-0.12,-0.38,0.17,0,0,-6.00
2011-09-24T00:00:00,0.6,0.11,0.21,1.16,0.18,0.17,-0.05,-0.4,-0.06,0,0,-3.00
2011-09-24T01:00:00,0.56,-0.33,0.3,1.17,-0.82,0.6,-0.08,-0.41,-0.09,0,0,-1.00
2011-09-24T02:00:00,0.55,-0.15,0.37,1.15,-0.09,0.41,-0.06,-0.38,-0.07,0,0,1.00
2011-09-24T03:00:00,0.58,-0.37,0.13,1.17,-0.48,0.2,-0.06,-0.38,-0.07,0,0,3.00
2011-09-24T04:00:00,0.51,0.14,0.25,1.18,0.16,0.18,-0.09,-0.41,-0.05,0,0,4.00
2011-09-24T05:00:00,0.63,0.24,0.25,1.23,0.48,0.14,-0.05,-0.41,-0.09,0,0,1.00
2011-09-24T06:00:00,0.55,0.38,-0.05,1.2,0.48,0.02,-0.04,-0.41,-0.09,0,0,-1.00
2011-09-24T07:00:00,0.68,0.07,-0.09,1.28,0.18,0.0,-0.08,-0.4,-0.09,0,0,-2.00
2011-09-24T08:00:00,0.7,-0.31,0.11,1.3,-0.33,0.38,-0.1,-0.44,-0.12,0,0,-3.00
2011-09-24T09:00:00,0.53,-0.15,0.07,1.19,-0.04,0.45,-0.02,-0.41,-0.02,0,0,-3.00
2011-09-24T10:00:00,0.31,-0.27,0.45,1.16,-0.26,1.0,-0.01,-0.42,-0.06,0,0,-3.00
2011-09-24T11:00:00,0.51,-0.31,0.28,1.21,-0.37,0.65,0.03,-0.37,-0.04,0,0,-3.00
2011-09-24T12:00:00,0.6,-0.32,-0.01,1.27,-0.3,0.28,0.03,-0.28,-0.01,0,0,-5.00
2011-09-24T13:00:00,0.45,-0.36,0.19,1.2,-0.27,0.75,-0.01,-0.36,-0.01,0,0,-8.00
2011-09-24T14:00:00,0.41,-0.53,0.35,1.21,-0.45,0.67,-0.07,-0.4,-0.1,0,0,-8.00
2011-09-24T15:00:00,0.34,-0.38,0.42,1.2,-0.24,0.89,-0.07,-0.37,-0.06,0,0,-6.00
2011-09-24T16:00:00,0.57,-0.28,0.08,1.29,-0.13,0.4,-0.02,-0.27,0.01,0,0,-3.00
2011-09-24T17:00:00,0.63,-0.27,0.13,1.32,-0.09,0.65,-0.06,-0.35,-0.06,0,0,-4.00
2011-09-24T18:00:00,0.69,-0.39,-0.11,1.35,-0.33,0.22,-0.06,-0.32,-0.09,0,0,-6.00
2011-09-24T19:00:00,0.58,-0.39,-0.04,1.33,-0.33,0.3,-0.07,-0.35,-0.07,0,0,-9.00
2011-09-24T20:00:00,0.65,-0.31,-0.25,1.35,-0.2,-0.08,-0.07,-0.37,-0.11,0,0,-11.00
2011-09-24T21:00:00,0.52,-0.51,0.12,1.32,-0.41,0.46,-0.07,-0.44,-0.11,0,0,-12.00
2011-09-24T22:00:00,0.48,-0.71,0.16,1.33,-0.62,0.6,-0.07,-0.45,-0.14,0,0,-10.00
2011-09-24T23:00:00,0.55,-0.65,0.21,1.37,-0.64,0.65,-0.11,-0.44,-0.14,0,0,-7.00
2011-09-25T01:00:00,0.81,-0.21,-0.35,1.49,-0.24,-0.29,-0.18,-0.5,-0.16,0,0,-4.00
2011-09-25T02:00:00,0.82,-0.52,0.05,1.5,-0.56,0.46,-0.17,-0.5,-0.16,0,0,-2.00
2011-09-25T03:00:00,0.89,-0.45,-0.05,1.56,-0.55,0.39,-0.2,-0.51,-0.17,0,0,-1.00
2011-09-25T04:00:00,0.86,-0.52,-0.06,1.57,-0.55,0.29,-0.24,-0.51,-0.17,0,0,-1.00
2011-09-25T05:00:00,0.87,-0.47,-0.14,1.58,-0.41,0.06,-0.27,-0.51,-0.17,0,0,-2.00
2011-09-25T06:00:00,0.81,-0.66,0.04,1.54,-0.59,0.36,-0.26,-0.52,-0.17,0,0,-3.00
2011-09-25T07:00:00,0.83,-0.6,0.1,1.56,-0.57,0.44,-0.23,-0.5,-0.17,0,0,-5.00
2011-09-25T08:00:00,0.6,-0.55,0.25,1.46,-0.36,0.57,0.02,-0.41,-0.12,0,0,-7.00
2011-09-25T09:00:00,0.4,-0.18,0.44,1.43,-0.25,0.7,-0.16,-0.47,-0.11,0,0,-6.00
2011-09-25T10:00:00,0.86,-0.48,0.49,1.42,-0.85,0.46,0.04,-0.49,-0.16,0,0,-5.00
2011-09-25T11:00:00,1.4,-1.44,0.24,1.09,-2.2,0.03,0.76,-0.41,-0.17,0,0,-5.00
2011-09-25T12:00:00,0.71,-0.89,1.03,1.07,-2.11,0.33,1.03,-0.48,-0.16,0,0,-4.00
2011-09-25T13:00:00,0.89,-0.96,0.8,1.2,-2.22,0.21,1.12,-0.48,-0.16,0,0,2.00
2011-09-25T14:00:00,1.28,-0.9,-0.03,1.34,-2.24,-0.25,1.38,-0.49,-0.16,0,0,1.00
2011-09-25T15:00:00,1.18,-0.82,0.19,1.3,-2.31,0.16,1.58,-0.41,-0.13,0,0,2.00
2011-09-25T16:00:00,0.86,-0.73,0.74,1.24,-1.99,0.09,1.39,-0.47,-0.14,0,0,3.00
2011-09-25T17:00:00,0.58,-0.67,0.93,1.26,-1.72,-0.36,1.24,-0.5,-0.15,0,0,-1.00
2011-09-25T18:00:00,0.76,-0.44,1.04,1.34,-1.41,-0.5,1.3,-0.44,-0.14,0,0,0.00
2011-09-25T19:00:00,0.42,-0.12,1.06,1.32,-0.97,-0.1,1.29,-0.48,-0.14,0,0,-5.00
2011-09-25T20:00:00,0.59,-0.61,0.81,1.29,-1.01,-0.02,1.24,-0.5,-0.14,0,0,-5.00
2011-09-25T21:00:00,0.28,-0.18,0.76,1.17,-0.66,0.01,1.95,-0.48,-0.06,0,0,-4.00
2011-09-25T22:00:00,0.62,-0.6,0.53,1.15,-0.86,0.42,1.31,-0.38,-0.06,0,0,-2.00
2011-09-25T23:00:00,1.0,-1.09,-0.04,1.09,-0.84,0.69,1.13,-0.19,-0.1,0,0,3.00
2011-09-26T00:00:00,0.71,-0.96,0.31,1.06,-0.21,0.78,1.36,-0.14,-0.02,0,0,6.00
2011-09-26T01:00:00,0.49,-0.78,0.63,1.1,-0.21,0.58,1.43,-0.23,-0.02,0,0,7.00
2011-09-26T02:00:00,0.66,-0.79,0.44,1.18,-0.34,0.56,1.55,-0.26,-0.02,0,0,9.00
2011-09-26T03:00:00,0.32,-0.89,0.46,1.2,-0.24,0.69,1.44,-0.29,-0.02,0,0,12.00
2011-09-26T04:00:00,0.57,-0.59,0.57,1.19,-0.22,0.47,1.37,-0.28,-0.01,0,0,12.00
2011-09-26T05:00:00,-0.19,-0.31,0.86,1.24,-0.26,0.49,1.56,-0.31,-0.01,0,0,12.00
2011-09-26T06:00:00,0.56,-0.71,0.49,1.29,-0.37,0.48,1.59,-0.34,-0.03,0,0,10.00
2011-09-26T07:00:00,0.92,-0.56,0.11,1.32,-0.39,0.5,1.63,-0.33,-0.03,0,0,8.00
2011-09-26T08:00:00,1.05,-0.37,-0.08,1.37,-0.41,0.42,1.62,-0.33,-0.05,0,0,7.00
2011-09-26T09:00:00,1.01,-0.37,-0.16,1.36,-0.49,0.55,1.55,-0.33,-0.05,0,0,7.00
2011-09-26T10:00:00,1.04,-0.6,-0.13,1.28,-0.4,0.5,1.73,-0.32,-0.06,0,0,7.00
2011-09-26T11:00:00,0.98,-1.0,-0.23,0.8,-1.0,0.41,3.64,-0.05,0.09,0,0,4.00
2011-09-26T12:00:00,0.64,-0.75,2.21,-0.14,-0.64,1.96,4.75,0.91,0.06,1,0,7.00
2011-09-26T13:00:00,0.01,1.49,-0.16,-0.49,0.39,2.07,3.63,3.04,1.31,1,0,23.00
2011-09-26T14:00:00,-1.93,2.01,-0.94,-0.52,-0.15,2.06,3.82,2.27,0.13,1,0,25.00
2011-09-26T15:00:00,-0.9,3.15,-2.3,-0.65,3.96,0.5,1.0,4.4,-0.08,1,0,17.00
2011-09-26T16:00:00,-0.54,4.94,1.09,-0.71,3.19,0.7,0.38,2.03,-0.16,1,0,7.00
2011-09-26T17:00:00,-2.25,3.45,-3.68,-1.04,2.12,-0.96,-0.05,0.79,-0.18,1,0,-52.00
2011-09-26T18:00:00,-1.68,3.13,-2.33,-1.36,1.18,-0.88,1.62,0.93,-0.15,1,0,-82.00
2011-09-26T19:00:00,-0.36,-0.62,-1.1,-1.69,0.38,-1.54,2.63,0.27,0.1,1,0,-90.00
2011-09-26T20:00:00,-1.85,-0.62,-0.61,-2.17,0.73,-1.19,0.47,0.17,-0.13,0,0,-78.00
2011-09-26T21:00:00,-2.13,-0.17,-0.68,-1.68,1.52,-1.54,-0.22,0.14,-0.17,0,0,-99.00
2011-09-26T22:00:00,-2.14,0.18,-0.48,-1.65,0.99,-0.71,-0.45,0.04,-0.18,0,0,-114.00
2011-09-26T23:00:00,-1.64,-0.66,-0.1,-1.85,0.05,-0.74,-0.53,0.16,-0.17,0,0,-117.00
2011-09-27T00:00:00,-0.89,0.32,-0.09,-1.93,0.03,-0.79,0.23,-0.23,-0.07,0,0,-118.00
2011-09-27T01:00:00,-0.38,0.55,-0.07,-1.87,0.44,-0.85,0.51,-0.3,0.03,0,0,-102.00
2011-09-27T02:00:00,-0.51,0.04,0.13,-1.78,0.29,-0.51,0.42,-0.25,0.25,0,0,-86.00
2011-09-27T03:00:00,-0.9,-1.05,0.35,-1.68,-0.29,-0.63,-0.68,-0.19,-0.18,0,0,-70.00
2011-09-27T04:00:00,-1.19,-0.69,0.27,-1.49,-0.24,-0.62,-0.7,-0.28,-0.18,0,0,-79.00
2011-09-27T05:00:00,-1.28,-0.6,0.2,-1.51,-0.17,-0.72,-0.65,-0.16,-0.17,0,0,-77.00
2011-09-27T06:00:00,-0.8,0.13,-0.21,-1.43,-0.03,-0.74,0.39,-0.27,-0.05,0,0,-74.00
2011-09-27T07:00:00,-0.63,0.4,-0.01,-1.36,0.23,-0.97,0.53,-0.27,0.01,0,0,-68.00
2011-09-27T08:00:00,-0.64,0.34,-0.01,-1.35,0.37,-0.86,0.88,-0.29,0.07,0,0,-69.00
2011-09-27T09:00:00,-1.19,0.2,-0.0,-1.22,-0.28,-0.41,-0.45,-0.28,-0.16,0,0,-77.00
2011-09-27T10:00:00,-1.28,0.25,-0.14,-0.94,-0.38,0.07,-0.46,0.11,-0.14,0,0,-69.00
2011-09-27T11:00:00,-1.21,0.49,-0.25,-1.14,-0.32,0.41,-0.58,-0.36,-0.18,0,0,-63.00
2011-09-27T12:00:00,-1.09,0.45,-0.31,-1.11,-0.21,0.31,-0.53,-0.3,-0.17,0,0,-57.00
2011-09-27T13:00:00,-0.55,-0.34,0.25,-1.01,0.27,-0.02,-0.12,-0.41,-0.1,0,0,-51.00
2011-09-27T14:00:00,-0.22,-0.98,0.77,-0.92,0.52,-0.21,-0.11,-0.49,-0.17,0,0,-51.00
2011-09-27T15:00:00,-0.5,-0.63,0.63,-0.86,0.43,-0.02,0.08,-0.47,-0.15,0,0,-48.00
2011-09-27T16:00:00,-1.26,0.21,0.32,-0.69,0.12,-0.27,-0.64,-0.49,-0.19,0,0,-38.00
2011-09-27T17:00:00,-0.65,-0.29,0.44,-0.86,0.46,-0.07,0.02,-0.37,-0.11,0,0,-36.00
2011-09-27T18:00:00,-0.75,0.73,0.09,-0.78,-0.05,-0.04,0.16,-0.3,-0.12,0,0,-42.00
2011-09-27T19:00:00,-0.75,0.49,0.17,-0.73,-0.03,0.32,0.79,-0.35,-0.06,0,0,-38.00
2011-09-27T20:00:00,-0.57,0.45,-0.03,-0.71,-0.38,0.37,1.93,-0.45,0.02,0,0,-36.00
2011-09-27T21:00:00,0.04,0.44,-0.04,-0.63,-0.52,0.22,2.32,-0.47,0.32,0,0,-33.00
2011-09-27T22:00:00,-0.77,0.35,0.03,-0.48,-0.26,0.12,1.64,-0.51,-0.09,0,0,-15.00
2011-09-27T23:00:00,-0.64,0.08,-0.27,-0.37,0.34,0.56,0.57,-0.36,-0.03,0,0,-14.00
2011-09-28T00:00:00,-0.29,0.19,-0.12,-0.37,0.4,-0.14,1.05,-0.33,0.57,0,0,-23.00
2011-09-28T01:00:00,0.15,0.08,-0.32,-0.34,0.69,-0.28,1.0,-0.47,0.1,0,0,-32.00
2011-09-28T02:00:00,0.01,0.17,-0.55,-0.27,0.4,-0.24,1.9,-0.49,-0.03,0,0,-42.00
2011-09-28T03:00:00,-0.32,0.28,-0.41,-0.27,0.21,0.14,2.15,-0.46,0.05,0,0,-42.00
2011-09-28T04:00:00,-0.66,0.69,-0.28,-0.31,0.06,0.57,0.91,-0.51,-0.14,0,0,-34.00
2011-09-28T05:00:00,-0.25,0.25,-0.25,-0.32,0.09,0.61,0.5,-0.53,-0.06,0,0,-45.00
2011-09-28T06:00:00,-0.1,-0.47,-0.44,-0.35,0.24,0.31,0.79,-0.52,-0.11,0,0,-56.00
2011-09-28T07:00:00,-0.62,-0.51,-0.48,-0.28,0.43,0.48,0.14,-0.55,-0.17,0,0,-68.00
2011-09-28T08:00:00,-0.63,-0.39,-0.45,-0.22,0.69,0.43,0.27,-0.55,-0.17,0,0,-63.00
2011-09-28T09:00:00,-0.51,-0.33,-0.33,-0.17,0.58,0.29,0.48,-0.55,-0.14,0,0,-57.00
2011-09-28T10:00:00,-0.7,-0.21,-0.28,-0.05,1.15,0.75,-0.16,-0.52,-0.16,0,0,-53.00
2011-09-28T11:00:00,-0.49,-0.43,-0.35,-0.1,0.91,0.8,-0.16,-0.54,-0.16,0,0,-58.00
2011-09-28T12:00:00,-0.37,-0.44,-0.33,-0.06,0.31,0.5,0.29,-0.56,-0.15,0,0,-54.00
2011-09-28T13:00:00,-0.54,-0.22,-0.34,0.05,0.39,0.53,0.13,-0.56,-0.16,0,0,-54.00
2011-09-28T14:00:00,-0.41,-0.12,-0.12,0.08,0.41,0.57,-0.46,-0.3,-0.02,0,0,-55.00
2011-09-28T15:00:00,-0.27,-0.47,0.0,0.15,0.62,0.6,-0.55,-0.24,-0.06,0,0,-54.00
2011-09-28T16:00:00,-0.48,-0.56,-0.06,0.33,0.85,0.69,-0.66,-0.45,-0.17,0,0,-49.00
2011-09-28T17:00:00,-0.6,-0.47,-0.03,0.42,1.03,0.46,-0.67,-0.47,-0.17,0,0,-46.00
2011-09-28T18:00:00,-0.54,-0.49,0.26,0.29,0.99,-0.89,-0.66,-0.45,-0.17,0,0,-45.00
2011-09-29T00:00:00,-0.0,-0.46,-1.31,-0.69,1.0,2.58,0.02,-0.06,-0.15,0,0,-36.00
2011-09-29T01:00:00,0.1,0.62,-1.23,-0.7,0.27,2.28,0.11,-0.29,-0.16,0,0,-37.00
2011-09-29T02:00:00,1.02,1.73,0.12,-0.7,0.5,0.73,-0.44,-0.53,-0.19,0,0,-29.00
2011-09-29T03:00:00,0.06,-0.14,0.67,-0.53,0.94,1.15,0.51,-0.19,0.08,0,0,-50.00
2011-09-29T04:00:00,-0.18,-0.62,0.88,-0.49,0.71,-0.06,0.7,-0.09,-0.04,0,0,-56.00
2011-09-29T05:00:00,-0.71,-0.64,1.0,-0.74,0.1,-0.51,0.1,0.05,-0.11,0,0,-40.00
2011-09-29T06:00:00,0.28,0.09,0.33,-0.98,-0.18,-1.22,0.81,0.06,1.3,0,0,-34.00
2011-09-29T07:00:00,1.07,-0.15,0.04,-1.07,0.08,-1.41,0.26,-0.18,-0.08,0,0,-30.00
2011-09-29T08:00:00,0.65,-0.21,0.16,-0.93,0.1,-1.43,0.27,0.0,0.19,0,0,-42.00
2011-09-29T09:00:00,-0.1,0.34,0.51,-0.72,0.05,-1.41,0.02,0.06,0.17,0,0,-44.00
2011-09-29T10:00:00,-0.11,0.3,0.27,-0.76,0.04,-1.22,-0.36,-0.13,0.21,0,0,-34.00
2011-09-29T11:00:00,-0.5,0.27,0.29,-0.83,-0.2,-1.15,-0.26,-0.34,-0.07,0,0,-34.00
2011-09-29T12:00:00,0.09,0.17,0.33,-0.58,-0.11,-0.84,-0.37,-0.34,0.11,0,0,-34.00
2011-09-29T13:00:00,-0.21,0.24,0.49,-0.52,-0.04,-0.74,-0.57,-0.26,-0.09,0,0,-35.00
2011-09-29T14:00:00,0.07,0.37,0.64,-0.27,-0.18,-0.59,-0.44,-0.36,-0.14,0,0,-35.00
2011-09-29T15:00:00,0.02,0.16,0.61,-0.27,-0.37,-0.39,-0.54,-0.42,-0.14,0,0,-31.00
2011-09-29T16:00:00,0.08,0.14,0.65,-0.25,-0.82,-0.42,-0.5,-0.39,-0.14,0,0,-33.00
2011-09-29T17:00:00,0.03,0.09,0.45,-0.17,-0.9,-0.62,-0.45,-0.35,-0.03,0,0,-32.00
2011-09-29T18:00:00,-0.64,-0.23,0.25,-0.85,-1.52,-0.26,-0.82,-0.25,-0.16,0,0,-36.00
2011-09-29T19:00:00,-0.46,-0.15,-0.17,-0.56,-0.79,-0.9,-0.71,-0.18,-0.1,0,0,-37.00
2011-09-29T20:00:00,-0.45,0.06,-0.14,-0.7,-0.33,-0.94,-0.79,-0.11,-0.1,0,0,-36.00
2011-09-29T21:00:00,-0.04,0.27,0.37,-0.45,0.46,0.42,-0.83,-0.38,-0.15,0,0,-37.00
2011-09-29T22:00:00,0.27,0.1,0.42,-0.15,-0.16,0.61,-0.8,-0.39,-0.15,0,0,-38.00
2011-09-29T23:00:00,0.01,-0.08,0.22,-0.28,-0.61,-0.18,-0.77,-0.4,0.14,0,0,-39.00
2011-09-30T00:00:00,0.46,-0.13,0.24,0.25,-1.11,0.16,-0.84,-0.4,-0.16,0,0,-37.00
2011-09-30T01:00:00,0.56,-0.2,0.27,0.4,-1.48,0.12,-0.85,-0.44,-0.17,0,0,-35.00
2011-09-30T02:00:00,0.58,-0.21,0.41,0.33,-1.52,0.96,-0.84,-0.35,-0.17,0,0,-32.00
2011-09-30T03:00:00,0.51,-0.18,0.43,0.26,-1.75,1.05,-0.78,-0.31,-0.15,0,0,-35.00
2011-09-30T04:00:00,0.59,-0.01,0.41,0.54,-1.64,1.65,-0.87,-0.45,-0.18,0,0,-33.00
2011-09-30T05:00:00,0.6,-0.25,0.4,0.52,-2.72,1.44,-0.89,-0.33,-0.18,0,0,-30.00
2011-09-30T06:00:00,0.57,-0.54,0.19,0.49,-3.48,0.5,-0.89,-0.27,-0.18,0,0,-29.00
2011-09-30T07:00:00,0.51,-0.57,0.1,0.38,-3.34,0.39,-0.85,-0.31,-0.17,0,0,-30.00
2011-09-30T08:00:00,0.47,-0.59,0.11,0.34,-2.94,1.06,-0.8,-0.26,-0.16,0,0,-31.00
2011-09-30T09:00:00,0.43,-0.52,0.25,0.37,-2.65,1.57,-0.34,-0.23,-0.07,0,0,-30.00
2011-09-30T10:00:00,0.48,-0.48,0.26,0.5,-2.85,1.13,-0.82,-0.26,-0.16,0,0,-27.00
2011-09-30T11:00:00,0.53,-0.5,0.21,0.47,-3.57,0.61,-0.83,-0.18,-0.16,0,0,-26.00
2011-09-30T12:00:00,0.38,-0.7,0.26,0.31,-3.04,0.44,-0.76,-0.27,-0.16,0,0,-25.00
2011-09-30T13:00:00,0.14,-0.29,0.01,0.1,-1.95,-0.8,-0.76,-0.07,0.12,0,0,-25.00
2011-09-30T14:00:00,0.31,0.75,0.25,0.06,1.2,-0.18,-0.82,0.17,-0.15,0,0,-24.00
2011-09-30T15:00:00,0.52,-0.62,0.42,0.15,-3.69,-0.63,-0.87,0.74,-0.14,0,0,-24.00
2011-09-30T16:00:00,0.17,-0.39,0.51,0.04,-2.24,-0.24,-0.86,1.44,-0.04,0,0,-23.00
2011-09-30T17:00:00,0.18,0.33,0.66,0.26,-0.15,-0.04,-0.79,0.82,-0.09,0,0,-26.00
2011-09-30T18:00:00,-0.15,0.38,0.47,0.09,0.05,-0.29,0.12,-0.35,-0.02,0,0,-26.00
2011-09-30T19:00:00,-0.19,0.48,0.54,0.2,-0.12,-0.03,0.61,-0.4,-0.05,0,0,-18.00
2011-09-30T21:00:00,0.56,-0.4,0.07,0.19,0.2,-0.17,1.42,-0.4,0.08,0,0,-9.00
2011-09-30T22:00:00,-0.3,0.69,-0.72,0.22,-0.62,0.71,1.94,-0.42,-0.1,0,0,-6.00
2011-09-30T23:00:00,-0.18,0.13,-0.11,0.14,0.0,0.44,1.25,-0.35,1.16,0,0,-3.00
2011-10-01T00:00:00,0.25,-0.25,0.4,0.22,0.47,0.51,1.4,-0.42,0.23,0,0,---
2011-10-01T01:00:00,-0.08,0.08,0.14,0.23,0.37,0.67,1.24,-0.39,4.64,0,0,-13.00
2011-10-01T02:00:00,-0.51,-0.59,-0.5,0.33,0.37,0.81,0.29,-0.33,-0.11,0,0,-18.00
2011-10-01T03:00:00,-0.47,-0.5,-0.74,0.34,0.58,0.78,0.04,-0.24,-0.13,0,0,-13.00
2011-10-01T04:00:00,0.35,0.04,0.05,0.35,0.48,1.27,-0.32,0.43,1.11,0,0,-19.00
2011-10-01T05:00:00,0.17,0.03,0.3,0.39,0.88,0.99,-0.46,0.27,0.83,0,0,-29.00
2011-10-01T06:00:00,0.11,0.79,-0.18,0.35,1.72,-0.12,-0.52,-0.03,-0.11,0,0,-41.00
2011-10-01T07:00:00,-0.37,0.53,-0.43,0.23,0.82,-0.21,-0.54,0.22,-0.08,0,0,-36.00
2011-10-01T08:00:00,-0.28,0.42,-0.18,0.49,1.01,0.11,-0.33,0.1,0.1,0,0,-35.00
2011-10-01T09:00:00,-0.88,-0.17,-0.02,0.09,0.66,-0.16,-0.55,0.08,-0.1,0,0,-39.00
2011-10-01T10:00:00,-0.69,-0.42,0.24,-0.36,1.17,-1.17,-0.56,-0.15,-0.12,0,0,-37.00
2011-10-01T11:00:00,-0.66,-0.35,0.12,-0.54,1.16,-0.99,-0.58,0.05,-0.08,0,0,-33.00
2011-10-01T12:00:00,-0.49,-0.4,0.18,-0.77,1.25,-1.01,-0.58,0.01,-0.05,0,0,-28.00
2011-10-01T13:00:00,-0.64,-0.19,-0.01,-0.68,1.05,-0.53,-0.63,-0.09,-0.09,0,0,-24.00
2011-10-01T14:00:00,-0.53,0.11,-0.07,-0.7,0.76,-0.48,-0.57,0.05,0.01,0,0,-26.00
2011-10-01T15:00:00,-0.46,0.26,0.01,-0.78,0.53,-0.18,-0.61,0.01,-0.0,0,0,-27.00
2011-10-01T16:00:00,-0.6,0.22,-0.05,-0.6,0.77,-0.23,-0.49,0.04,-0.02,0,0,-27.00
2011-10-01T17:00:00,-0.77,0.04,-0.12,-0.43,0.57,-0.54,-0.34,0.28,0.01,0,0,-24.00
2011-10-01T18:00:00,-0.76,-0.29,-0.13,-0.4,1.1,-0.52,-0.22,0.3,0.03,0,0,-20.00
2011-10-01T19:00:00,-0.72,-0.19,-0.05,-0.25,1.03,-0.57,-0.04,0.42,0.19,0,0,-18.00
2011-10-01T20:00:00,-0.27,0.43,0.03,-0.21,1.09,-0.88,-0.01,0.29,0.51,0,0,-13.00
2011-10-01T21:00:00,-0.1,0.47,0.35,-0.39,1.24,-0.36,-0.35,0.02,0.06,0,0,-24.00
2011-10-01T22:00:00,-0.52,0.2,0.05,-0.34,1.65,0.09,-0.4,-0.07,0.04,0,0,-30.00
2011-10-01T23:00:00,-0.16,0.38,0.4,-0.43,1.41,-0.26,-0.45,-0.11,-0.01,0,0,-32.00
2011-10-02T00:00:00,0.02,0.21,0.6,-0.43,1.76,-0.58,-0.43,-0.18,-0.06,0,0,-25.00
2011-10-02T01:00:00,-0.27,0.19,0.41,-0.29,1.83,-0.51,-0.4,-0.04,0.09,0,0,-20.00
2011-10-02T02:00:00,-0.12,0.66,0.14,-0.26,1.27,-0.37,-0.42,-0.09,-0.05,0,0,-21.00
2011-10-02T03:00:00,-0.43,0.3,-0.28,-0.19,1.7,-0.14,-0.25,-0.04,0.02,0,0,-20.00
2011-10-02T04:00:00,0.12,0.56,-0.09,-0.33,1.23,-0.47,-0.3,0.03,0.06,0,0,-19.00
2011-10-02T05:00:00,-0.23,0.37,-0.4,-0.21,1.37,-0.56,-0.24,0.02,0.02,0,0,-17.00
2011-10-02T06:00:00,-0.18,-0.0,-0.5,-0.15,1.38,0.15,-0.08,-0.19,-0.01,0,0,-20.00
2011-10-02T07:00:00,0.07,-0.06,0.43,-0.14,1.03,-0.29,0.0,-0.27,0.24,0,0,-24.00
2011-10-02T08:00:00,0.8,0.12,0.34,-0.29,0.62,-0.85,-0.3,-0.37,-0.14,0,0,-30.00
2011-10-02T09:00:00,-0.12,-0.17,-0.19,-0.29,0.1,-0.53,-0.32,0.12,0.65,0,0,-33.00
2011-10-02T10:00:00,-0.45,-0.19,-0.37,-0.24,-0.33,0.27,-0.3,0.21,0.06,0,0,-27.00
2011-10-02T11:00:00,0.2,0.14,-0.4,-0.22,-0.52,0.53,-0.32,0.04,0.07,0,0,-26.00
2011-10-02T12:00:00,0.43,0.36,0.02,-0.15,-0.46,0.65,-0.22,-0.05,0.12,0,0,-28.00
2011-10-02T13:00:00,-0.1,-0.27,-0.48,-0.07,-0.15,1.03,-0.12,-0.24,-0.04,0,0,-32.00
2011-10-02T14:00:00,-0.1,-0.1,-0.27,-0.05,-0.02,0.97,-0.15,-0.09,0.36,0,0,-31.00
2011-10-02T15:00:00,0.28,0.21,0.27,-0.0,-0.1,1.52,-0.5,0.21,0.31,0,0,-26.00
2011-10-02T16:00:00,-0.18,-0.04,0.4,0.04,-0.1,1.88,-0.53,0.06,0.18,0,0,-24.00
2011-10-02T17:00:00,-0.05,0.35,0.41,0.18,-0.16,0.98,-0.62,0.07,-0.0,0,0,-23.00
2011-10-02T18:00:00,0.52,0.38,0.17,0.21,-0.41,0.5,-0.64,0.12,-0.05,0,0,-22.00
2011-10-02T19:00:00,0.73,-0.06,0.03,0.21,-0.3,0.43,-0.63,-0.03,-0.09,0,0,-20.00
2011-10-02T20:00:00,0.3,-0.38,-0.08,0.28,-0.21,0.47,-0.63,-0.01,0.02,0,0,-20.00
2011-10-02T21:00:00,0.01,0.18,0.08,0.3,-0.18,0.36,-0.44,-0.2,1.17,0,0,-25.00
2011-10-02T22:00:00,-0.41,0.34,0.4,0.47,-0.11,0.04,-0.53,-0.41,-0.14,0,0,-27.00
2011-10-02T23:00:00,-0.5,-0.27,0.22,0.5,0.22,-0.05,-0.51,-0.3,-0.09,0,0,-24.00
2011-10-03T00:00:00,-0.59,0.01,0.3,0.5,0.31,-0.17,-0.48,-0.35,-0.11,0,0,-20.00
2011-10-03T01:00:00,-0.49,0.11,0.17,0.54,0.29,-0.13,-0.38,-0.2,0.03,0,0,-17.00
2011-10-03T02:00:00,-0.3,0.03,0.36,0.58,0.27,-0.17,-0.4,-0.37,-0.03,0,0,-18.00
2011-10-03T03:00:00,-0.23,0.25,-0.0,0.56,0.13,0.19,-0.29,-0.33,0.16,0,0,-18.00
2011-10-03T04:00:00,-0.39,0.33,0.07,0.62,0.07,-0.0,-0.31,-0.33,-0.03,0,0,-14.00
2011-10-03T05:00:00,0.02,0.37,-0.09,0.54,0.12,0.02,-0.37,-0.43,-0.05,0,0,-11.00
2011-10-03T06:00:00,0.23,0.23,-0.32,0.52,0.1,0.24,-0.3,-0.44,-0.1,0,0,-12.00
2011-10-03T07:00:00,-0.33,0.27,0.29,0.62,0.06,-0.73,-0.22,-0.35,-0.01,0,0,-13.00
2011-10-03T08:00:00,-0.3,0.6,0.08,0.66,-0.44,-0.59,-0.42,-0.47,-0.15,0,0,-15.00
2011-10-03T09:00:00,-0.33,0.67,-0.14,0.77,-0.77,-0.41,-0.68,-0.56,-0.18,0,0,-18.00
2011-10-03T10:00:00,-0.34,0.57,-0.2,0.83,-0.71,-0.37,-0.7,-0.56,-0.18,0,0,-23.00
2011-10-03T11:00:00,-0.53,0.46,-0.12,0.95,-0.83,-0.36,-0.7,-0.54,-0.18,0,0,-24.00
2011-10-03T12:00:00,-0.21,0.35,-0.42,0.78,-0.64,0.12,-0.63,-0.52,-0.17,0,0,-23.00
2011-10-03T13:00:00,-0.07,0.29,-0.38,0.57,-0.35,0.19,-0.58,-0.51,-0.16,0,0,-23.00
2011-10-03T14:00:00,-0.48,0.55,-0.24,0.8,-0.89,0.28,-0.53,-0.46,-0.17,0,0,-20.00
2011-10-03T15:00:00,-0.46,0.69,-0.01,0.85,-0.94,-0.27,-0.56,-0.47,-0.17,0,0,-17.00
2011-10-03T16:00:00,-0.41,0.54,-0.29,0.84,-0.68,0.25,-0.5,-0.46,-0.16,0,0,-21.00
2011-10-03T17:00:00,-0.43,0.53,-0.31,0.83,-0.41,0.39,-0.45,-0.42,-0.15,0,0,-20.00
2011-10-03T18:00:00,-0.4,0.4,-0.36,0.85,-0.13,0.44,-0.43,-0.43,-0.15,0,0,-20.00
2011-10-03T19:00:00,-0.46,0.58,-0.06,0.92,-0.58,-0.04,-0.48,-0.45,-0.16,0,0,-18.00
2011-10-03T20:00:00,-0.4,0.54,-0.22,0.9,-0.21,0.19,-0.5,-0.48,-0.16,0,0,-19.00
2011-10-03T21:00:00,-0.52,0.4,-0.26,0.97,-0.11,0.3,-0.47,-0.42,-0.15,0,0,-21.00
2011-10-03T22:00:00,-0.64,0.33,-0.11,1.03,0.05,-0.09,-0.47,-0.46,-0.15,0,0,-20.00
2011-10-03T23:00:00,-0.78,0.18,-0.04,1.1,0.41,-0.29,-0.41,-0.45,-0.15,0,0,-18.00
2011-10-04T00:00:00,-0.9,-0.02,-0.17,1.12,0.76,0.04,-0.41,-0.45,-0.16,0,0,-21.00
2011-10-04T01:00:00,-0.79,-0.48,0.0,1.09,1.53,-0.28,-0.4,-0.45,-0.16,0,0,-23.00
2011-10-04T02:00:00,-0.64,-0.54,0.14,1.09,1.48,-0.63,-0.47,-0.47,-0.16,0,0,-21.00
2011-10-04T03:00:00,-0.54,-0.61,0.11,1.1,1.51,-0.52,-0.44,-0.44,-0.15,0,0,-19.00
2011-10-04T04:00:00,-0.34,-0.48,0.07,1.04,1.09,-0.43,-0.42,-0.46,-0.12,0,0,-18.00
2011-10-04T05:00:00,-0.45,0.37,-0.31,1.07,-0.18,0.18,-0.29,-0.46,-0.14,0,0,-17.00
2011-10-04T06:00:00,-0.18,0.61,-0.33,0.96,-0.34,0.08,-0.17,-0.51,-0.16,0,0,-15.00
2011-10-04T07:00:00,0.2,0.67,-0.23,0.97,-0.15,0.19,-0.2,-0.53,-0.16,0,0,-14.00
2011-10-04T08:00:00,0.07,0.69,-0.09,1.04,-0.25,0.16,-0.1,-0.53,-0.15,0,0,-18.00
2011-10-04T09:00:00,-0.26,0.44,-0.35,1.11,-0.05,0.42,-0.12,-0.49,-0.14,0,0,-22.00
2011-10-04T10:00:00,-0.47,0.59,-0.12,1.13,-0.22,0.19,-0.09,-0.5,-0.15,0,0,-22.00
2011-10-04T11:00:00,-0.55,0.53,-0.22,1.14,-0.21,0.21,0.1,-0.5,-0.15,0,0,-20.00
2011-10-04T12:00:00,-0.05,0.24,-0.74,1.09,-0.06,0.41,0.09,-0.5,-0.16,0,0,-16.00
2011-10-04T13:00:00,-0.5,-0.1,-0.38,1.16,0.15,0.38,0.16,-0.48,-0.11,0,0,-14.00
2011-10-04T14:00:00,-0.02,0.63,-0.29,1.09,-0.18,0.17,-0.05,-0.5,-0.15,0,0,-12.00
2011-10-04T15:00:00,0.24,0.72,-0.31,1.06,-0.36,0.2,-0.12,-0.51,-0.16,0,0,-18.00
2011-10-04T16:00:00,0.55,0.44,-0.06,1.0,-0.32,-0.0,0.08,-0.5,-0.13,0,0,-15.00
2011-10-04T17:00:00,0.0,0.55,0.19,1.12,-0.21,-0.3,-0.04,-0.43,-0.07,0,0,-17.00
2011-10-04T18:00:00,-0.14,-0.25,0.4,1.16,0.51,-0.49,-0.03,-0.43,-0.0,0,0,-17.00
2011-10-04T19:00:00,-0.5,-0.47,-0.18,1.27,0.66,0.31,-0.04,-0.42,-0.11,0,0,-20.00
2011-10-04T20:00:00,-0.47,-0.58,0.27,1.3,0.67,-0.14,-0.08,-0.43,-0.12,0,0,-21.00
2011-10-04T21:00:00,-0.09,0.24,0.06,1.13,-0.01,0.37,0.02,-0.42,0.43,0,0,-21.00
2011-10-04T22:00:00,-0.01,0.72,-0.07,1.1,-0.35,0.54,0.02,-0.39,-0.1,0,0,-21.00
2011-10-04T23:00:00,-0.19,0.53,0.04,1.14,-0.16,0.25,0.02,-0.35,-0.0,0,0,-16.00
2011-10-05T00:00:00,0.16,0.7,0.32,1.08,-0.09,0.04,-0.02,-0.4,-0.11,0,0,-13.00
2011-10-05T01:00:00,-0.19,0.72,0.02,1.11,-0.19,0.2,0.03,-0.35,-0.08,0,0,-12.00
2011-10-05T02:00:00,-0.29,0.03,-0.33,1.07,0.21,0.3,-0.0,-0.3,0.04,0,0,-12.00
2011-10-05T03:00:00,-0.25,0.18,-0.31,1.05,-0.1,0.51,-0.02,-0.28,0.05,0,0,-12.00
2011-10-05T04:00:00,0.09,0.64,0.14,0.92,-0.29,0.13,-0.02,-0.33,-0.05,0,0,-14.00
2011-10-05T05:00:00,0.34,0.36,0.53,0.9,-0.09,-0.29,0.01,-0.3,-0.06,0,0,-15.00
2011-10-05T06:00:00,0.25,0.84,0.11,0.79,-0.34,0.02,0.07,-0.28,-0.09,0,0,-12.00
2011-10-05T07:00:00,0.9,0.97,0.26,0.2,-0.29,0.89,0.9,-0.14,-0.08,0,0,-12.00
2011-10-05T08:00:00,-0.15,0.65,-0.79,0.28,-0.19,1.43,0.87,0.0,-0.02,0,0,-6.00
2011-10-05T09:00:00,0.3,1.68,0.16,0.09,-1.24,0.02,0.93,-0.16,-0.13,0,0,0.00
2011-10-05T10:00:00,-0.07,1.96,-0.43,0.16,-0.92,0.04,0.67,-0.44,-0.18,0,1,-10.00
2011-10-05T11:00:00,-0.33,1.75,-0.98,0.18,-0.69,0.03,0.48,-0.42,-0.18,0,1,-18.00
2011-10-05T12:00:00,-0.34,1.55,-1.16,0.1,-0.31,0.11,0.48,-0.51,-0.18,0,1,-14.00
2011-10-05T13:00:00,-1.04,0.93,-1.3,0.26,0.46,0.46,-0.09,-0.53,-0.19,0,1,-17.00
2011-10-05T14:00:00,0.48,1.44,0.75,0.4,-0.35,0.68,0.73,-0.51,-0.18,0,1,-25.00
2011-10-05T15:00:00,0.59,1.21,0.89,0.23,0.26,-0.4,0.91,-0.56,-0.18,0,1,-43.00
2011-10-05T16:00:00,0.36,1.32,1.16,0.17,0.85,-0.53,1.25,-0.58,-0.18,0,1,-40.00
2011-10-05T17:00:00,0.63,1.08,1.37,0.27,0.67,-0.34,1.18,-0.57,-0.18,0,1,-26.00
2011-10-05T18:00:00,0.84,0.87,1.54,0.35,0.61,-0.32,0.2,-0.5,-0.18,0,1,-20.00
2011-10-05T19:00:00,1.04,0.8,1.31,0.35,0.46,-0.89,0.89,-0.22,-0.15,0,0,-20.00
2011-10-05T20:00:00,1.25,0.8,1.15,0.35,0.18,-0.89,1.41,-0.34,-0.15,0,0,-31.00
2011-10-05T21:00:00,1.32,-0.01,1.53,0.57,-0.07,-0.03,0.29,-0.41,-0.18,0,0,-20.00
2011-10-05T22:00:00,1.76,0.53,1.24,0.76,1.05,-0.01,0.33,-0.39,-0.18,0,0,-21.00
2011-10-05T23:00:00,1.86,0.11,1.39,0.82,0.66,0.23,0.52,-0.38,-0.18,0,0,-25.00
2011-10-06T00:00:00,1.6,-0.2,1.48,0.86,0.53,-0.05,0.53,-0.17,-0.16,0,0,-19.00
2011-10-06T01:00:00,1.78,-0.18,1.31,0.86,0.01,0.21,0.32,-0.12,-0.16,0,0,-14.00
2011-10-06T02:00:00,1.21,0.33,0.87,0.81,0.4,-0.33,2.16,-0.14,-0.05,0,0,-11.00
2011-10-06T03:00:00,1.53,0.71,0.89,0.8,0.15,-0.43,2.85,-0.18,-0.09,0,0,-9.00
2011-10-06T04:00:00,1.9,0.37,0.72,0.84,0.2,-0.44,2.55,-0.25,-0.12,0,0,-14.00
2011-10-06T05:00:00,1.82,0.12,0.54,0.91,0.23,-0.3,2.49,-0.27,-0.11,0,0,0.00
2011-10-06T06:00:00,1.81,-0.26,0.5,0.94,0.28,-0.28,2.05,-0.27,-0.12,0,0,-3.00
2011-10-06T07:00:00,1.47,-0.4,0.44,0.98,0.29,-0.36,2.08,-0.23,-0.08,0,0,-7.00
2011-10-06T08:00:00,1.35,-0.27,0.32,0.95,0.39,-0.34,2.26,-0.26,-0.05,0,0,-3.00
2011-10-06T09:00:00,1.36,0.2,0.05,0.92,0.34,-0.27,2.45,-0.34,-0.07,0,0,-2.00
2011-10-06T10:00:00,1.25,0.83,-0.03,0.94,0.26,-0.33,2.5,-0.33,-0.09,0,0,-4.00
2011-10-06T11:00:00,0.96,0.74,-0.14,1.0,0.02,-0.03,1.96,-0.35,-0.07,0,0,-3.00
2011-10-06T12:00:00,0.72,1.02,-0.06,0.97,0.03,-0.73,1.52,-0.44,-0.13,0,0,-7.00
2011-10-06T13:00:00,1.18,1.07,-0.24,0.98,-0.29,0.08,1.64,-0.44,-0.15,0,0,-9.00
2011-10-06T14:00:00,1.25,1.53,-0.17,0.91,-0.25,-0.17,1.19,-0.52,-0.18,0,0,-8.00
2011-10-06T15:00:00,1.21,1.77,0.07,0.91,-0.43,-0.21,0.7,-0.52,-0.18,0,1,-11.00
2011-10-06T16:00:00,1.09,1.79,0.41,0.94,-0.5,-0.31,0.79,-0.51,-0.18,0,1,-15.00
2011-10-06T17:00:00,1.02,1.72,0.58,0.99,-0.46,-0.34,0.83,-0.51,-0.18,0,1,-19.00
2011-10-06T18:00:00,1.13,1.53,0.66,1.02,-0.41,-0.32,0.64,-0.52,-0.18,0,1,-20.00
2011-10-06T19:00:00,0.97,1.63,0.49,1.02,-0.5,-0.26,0.61,-0.52,-0.18,0,1,-21.00
2011-10-06T20:00:00,1.03,1.4,0.69,1.03,-0.53,-0.39,0.83,-0.54,-0.18,0,1,-21.00
2011-10-06T21:00:00,1.01,1.09,0.9,1.03,-0.58,-0.24,0.27,-0.46,-0.18,0,1,-22.00
2011-10-06T22:00:00,0.73,0.91,0.85,1.01,-0.57,-0.08,-0.09,-0.35,-0.17,0,0,-20.00
2011-10-06T23:00:00,0.23,0.39,1.2,0.99,-0.6,0.58,-0.35,-0.42,-0.18,0,0,-20.00
2011-10-07T00:00:00,-0.22,0.13,0.95,0.85,-0.9,0.16,-0.0,-0.34,-0.14,0,0,-18.00
2011-10-07T01:00:00,-0.64,-0.19,0.42,0.84,-0.95,0.05,0.24,-0.26,-0.03,0,0,-14.00
2011-10-07T02:00:00,-0.11,-0.44,-0.27,0.9,-0.37,0.38,1.72,-0.46,0.09,0,0,-11.00
2011-10-07T03:00:00,0.32,0.12,-0.49,0.99,-0.5,0.5,1.17,-0.53,-0.1,0,0,-10.00
2011-10-07T04:00:00,0.64,0.19,-0.54,0.96,-0.57,0.49,0.89,-0.56,-0.16,0,0,-3.00
2011-10-07T05:00:00,0.46,0.2,-0.54,0.95,-0.78,0.54,1.02,-0.55,-0.14,0,0,-10.00
2011-10-07T06:00:00,0.49,0.25,-0.64,1.01,-0.72,0.49,0.49,-0.56,-0.17,0,0,-16.00
2011-10-07T07:00:00,0.37,-0.41,-0.41,0.98,-0.29,0.48,0.74,-0.56,-0.14,0,0,-25.00
2011-10-07T08:00:00,0.43,-0.25,-0.02,0.79,-0.19,-0.06,-0.1,-0.58,-0.15,0,0,-33.00
2011-10-07T09:00:00,0.43,-0.26,0.04,0.8,-0.15,-0.04,-0.14,-0.59,-0.15,0,0,-33.00
2011-10-07T10:00:00,0.4,-0.24,0.09,0.8,-0.21,0.08,-0.16,-0.59,-0.15,0,0,-29.00
2011-10-07T11:00:00,0.22,-0.31,0.2,0.86,-0.28,0.1,-0.09,-0.58,-0.11,0,0,-25.00
2011-10-07T12:00:00,0.36,-0.25,0.16,0.85,-0.29,0.18,-0.12,-0.58,-0.13,0,0,-25.00
2011-10-07T13:00:00,0.58,-0.15,-0.03,0.82,-0.25,0.17,-0.31,-0.58,-0.16,0,0,-25.00
2011-10-07T14:00:00,0.54,-0.1,-0.13,0.85,-0.26,0.11,-0.23,-0.58,-0.16,0,0,-26.00
2011-10-07T15:00:00,0.29,-0.09,0.05,0.95,-0.45,0.1,0.4,-0.57,0.06,0,0,-28.00
2011-10-07T16:00:00,0.19,-0.3,0.27,1.01,-0.49,0.06,0.29,-0.55,-0.04,0,0,-28.00
2011-10-07T17:00:00,0.4,-0.25,0.11,1.05,-0.43,-0.13,0.31,-0.53,-0.04,0,0,-27.00
2011-10-07T18:00:00,0.38,-0.23,0.02,1.04,-0.42,-0.13,0.37,-0.55,-0.04,0,0,-27.00
2011-10-07T19:00:00,0.34,-0.23,0.0,1.03,-0.36,-0.12,0.57,-0.57,-0.03,0,0,-24.00
2011-10-07T20:00:00,0.44,0.08,-0.17,1.13,-0.22,-0.31,0.16,-0.54,-0.1,0,0,-21.00
2011-10-07T21:00:00,0.46,0.05,-0.16,1.15,-0.26,-0.22,0.01,-0.53,-0.11,0,0,-18.00
2011-10-07T22:00:00,0.48,-0.05,-0.07,1.17,-0.33,-0.18,0.04,-0.5,-0.06,0,0,-17.00
2011-10-07T23:00:00,0.23,-0.01,-0.07,1.13,-0.46,0.12,0.29,-0.51,0.27,0,0,-19.00
2011-10-08T00:00:00,0.26,0.13,-0.09,1.13,-0.49,0.12,0.38,-0.55,0.04,0,0,-17.00
2011-10-08T01:00:00,0.27,0.05,-0.15,1.13,-0.42,0.18,0.48,-0.55,0.01,0,0,-15.00
2011-10-08T02:00:00,0.17,-0.01,-0.06,1.14,-0.33,0.08,0.66,-0.55,0.5,0,0,-11.00
2011-10-08T03:00:00,0.46,-0.09,-0.05,1.14,-0.39,0.11,0.46,-0.57,-0.09,0,0,-10.00
2011-10-08T04:00:00,0.6,-0.19,0.0,1.13,-0.64,-0.11,0.86,-0.57,-0.11,0,0,-11.00
2011-10-08T05:00:00,0.71,-0.25,-0.05,1.15,-0.77,-0.14,1.22,-0.56,-0.12,0,0,-12.00
2011-10-08T06:00:00,0.82,-0.32,-0.08,1.15,-0.71,-0.06,1.16,-0.56,-0.14,0,0,-13.00
2011-10-08T07:00:00,0.88,-0.36,0.01,1.13,-0.7,-0.18,1.1,-0.56,-0.15,0,0,-10.00
2011-10-08T08:00:00,0.9,-0.36,-0.0,1.13,-0.67,-0.19,1.08,-0.57,-0.15,0,0,-6.00
2011-10-08T09:00:00,0.81,-0.27,0.06,1.14,-0.62,-0.16,1.46,-0.56,-0.13,0,0,-3.00
2011-10-08T10:00:00,0.78,-0.31,0.12,1.16,-0.59,0.03,1.59,-0.56,-0.12,0,0,-1.00
2011-10-08T11:00:00,0.54,-0.36,-0.13,1.22,-0.51,0.25,1.49,-0.53,-0.06,0,0,-1.00
2011-10-08T12:00:00,0.71,-0.25,0.09,1.15,-0.49,0.03,1.42,-0.5,-0.06,0,0,2.00
2011-10-08T13:00:00,0.66,-0.25,-0.03,1.12,-0.33,0.11,2.09,-0.49,0.02,0,0,5.00
2011-10-08T14:00:00,0.27,-0.35,-0.25,1.13,-0.22,0.1,3.14,-0.48,0.24,0,0,8.00
2011-10-08T15:00:00,-0.61,-0.59,-0.13,1.17,-0.25,0.3,3.39,-0.51,-0.04,0,0,10.00
2011-10-08T16:00:00,-0.63,-0.61,0.14,1.24,-0.18,0.32,3.57,-0.56,-0.08,0,0,8.00
2011-10-08T17:00:00,-0.36,-0.64,-0.23,1.19,-0.15,0.31,2.5,-0.53,-0.06,0,0,4.00
2011-10-08T18:00:00,-0.21,0.84,-0.53,1.26,-0.13,0.36,2.62,-0.57,-0.15,0,0,5.00
2011-10-08T19:00:00,-0.25,1.22,0.06,1.22,0.33,-0.31,2.78,-0.52,-0.14,0,0,3.00
2011-10-08T20:00:00,-0.12,0.72,-0.19,1.26,0.15,0.12,2.77,-0.5,-0.02,0,0,0.00
2011-10-08T21:00:00,-0.1,0.65,-0.68,1.23,0.44,0.23,3.36,-0.5,-0.09,0,0,-10.00
2011-10-08T22:00:00,0.29,0.9,-0.8,1.28,0.4,-0.13,3.82,-0.52,-0.13,0,0,-6.00
2011-10-08T23:00:00,0.46,0.75,-0.9,1.31,0.4,0.33,2.67,-0.51,-0.15,0,0,-1.00
2011-10-09T00:00:00,0.6,0.91,-0.54,1.22,0.25,0.15,2.01,-0.42,-0.11,0,0,-10.00
2011-10-09T01:00:00,1.4,0.83,-0.03,1.17,0.08,0.22,1.85,-0.42,-0.14,0,0,-17.00
2011-10-09T02:00:00,1.36,0.96,-0.19,1.25,0.25,0.22,1.71,-0.43,-0.15,0,0,-25.00
2011-10-09T03:00:00,1.45,0.21,-0.18,1.22,0.02,0.09,2.18,-0.4,-0.11,0,0,-24.00
2011-10-09T04:00:00,0.71,-0.24,-0.5,1.22,-0.05,0.15,2.58,-0.4,-0.01,0,0,-24.00
