2012-04-23T03:00:00,0.01,-0.27,-0.33,0.79,-0.64,-0.65,5.89,-0.4,1.03,1,0,6.00
2012-04-23T04:00:00,-0.17,-1.3,-1.05,0.82,-0.68,-0.78,2.48,-0.15,-0.09,1,0,17.00
2012-04-23T05:00:00,-0.03,0.64,0.82,0.85,-0.44,-0.7,2.7,0.0,0.22,1,0,29.00
2012-04-23T06:00:00,-0.02,0.66,1.38,0.89,-0.23,-0.41,2.74,-0.05,-0.03,1,0,11.00
2012-04-23T07:00:00,0.46,-1.39,1.3,0.97,-0.65,0.09,2.72,-0.19,-0.11,1,0,-1.00
2012-04-23T08:00:00,0.3,-0.42,1.09,0.88,-0.39,0.59,3.34,-0.25,0.02,1,0,1.00
2012-04-23T09:00:00,0.09,0.31,1.22,0.89,-0.47,0.96,4.27,-0.37,-0.04,1,0,10.00
2012-04-23T10:00:00,0.01,-1.15,0.94,0.88,-0.76,0.81,3.66,-0.26,-0.03,1,0,13.00
2012-04-23T11:00:00,0.11,-1.55,0.24,0.9,-0.32,0.45,3.88,-0.35,-0.07,1,0,17.00
2012-04-23T12:00:00,0.57,-2.21,0.03,0.92,-0.6,0.21,2.46,-0.42,-0.16,1,0,16.00
2012-04-23T13:00:00,0.18,-0.95,-0.6,0.91,-0.49,0.35,2.5,-0.43,-0.09,1,0,16.00
2012-04-23T14:00:00,-0.91,1.87,-0.08,0.84,-0.0,0.81,3.55,-0.42,-0.15,1,0,14.00
2012-04-23T15:00:00,-1.16,2.13,-0.07,0.79,-0.01,0.02,2.66,-0.5,-0.17,1,0,11.00
2012-04-23T16:00:00,-0.96,1.5,-0.95,0.82,-0.16,-0.45,1.85,-0.49,-0.17,1,0,12.00
2012-04-23T17:00:00,0.03,0.18,-2.28,0.89,-0.51,-0.3,0.81,-0.52,-0.19,1,1,11.00
2012-04-23T18:00:00,-0.09,0.19,-2.25,0.82,-0.26,-0.43,0.72,-0.52,-0.19,1,1,9.00
2012-04-23T19:00:00,0.2,-0.1,-2.21,0.9,-0.19,-0.52,0.49,-0.53,-0.19,1,1,0.00
2012-04-23T20:00:00,0.6,-0.48,-2.14,0.97,-0.4,-0.51,0.44,-0.53,-0.19,1,1,-23.00
2012-04-23T21:00:00,0.65,-0.65,-2.07,1.0,-0.33,-0.5,0.48,-0.53,-0.19,1,1,-43.00
2012-04-23T22:00:00,0.56,-1.01,-1.86,1.04,-0.25,-0.46,0.99,-0.51,-0.18,1,1,-65.00
2012-04-23T23:00:00,0.45,-1.28,-1.56,1.08,0.01,-0.82,2.27,-0.48,-0.17,1,1,-83.00
2012-04-24T00:00:00,0.8,-1.12,-1.63,1.05,-0.11,-0.91,2.0,-0.48,-0.17,1,1,-95.00
2012-04-24T01:00:00,0.95,-0.75,-1.64,1.02,-0.12,-0.77,3.12,-0.5,-0.17,1,1,-93.00
2012-04-24T02:00:00,1.28,-0.32,-1.44,0.9,-0.5,-0.5,0.88,-0.41,-0.17,1,1,-88.00
2012-04-24T03:00:00,0.56,-0.22,-1.01,0.55,-1.85,0.8,0.12,0.33,-0.07,1,0,-89.00
2012-04-24T04:00:00,-0.18,-0.41,0.34,0.77,-2.41,0.9,0.22,0.66,0.96,1,0,-103.00
2012-04-24T05:00:00,-0.27,0.73,0.72,0.58,-2.18,1.37,0.28,0.56,0.07,1,0,-108.00
2012-04-24T06:00:00,-0.3,0.43,0.11,0.65,-1.39,0.54,1.99,0.1,1.4,1,0,-106.00
2012-04-24T07:00:00,-0.78,-0.07,1.08,0.77,-0.72,0.61,-0.54,0.49,-0.14,1,0,-87.00
2012-04-24T08:00:00,-0.21,-0.45,1.04,0.55,0.43,0.24,-0.46,0.85,-0.08,1,0,-69.00
2012-04-24T09:00:00,0.54,-0.05,-0.18,0.13,0.83,1.39,-0.33,0.59,0.29,1,0,-72.00
2012-04-24T10:00:00,0.86,-0.16,0.29,-0.15,0.59,0.89,-0.4,0.7,0.03,1,0,-61.00
2012-04-24T11:00:00,1.08,-0.3,0.08,-0.22,0.29,0.39,-0.46,0.4,-0.09,1,0,-54.00
2012-04-24T12:00:00,1.1,-0.7,0.16,-0.16,0.2,0.72,-0.33,0.64,-0.08,1,0,-54.00
2012-04-24T13:00:00,1.21,-0.83,0.35,-0.12,0.62,1.6,-0.29,0.44,-0.12,1,0,-55.00
2012-04-24T14:00:00,1.04,-0.57,0.44,-0.26,0.95,1.63,-0.25,0.72,-0.05,1,0,-47.00
2012-04-24T15:00:00,1.14,-0.71,-0.52,-0.33,1.29,-0.45,-0.35,1.48,-0.06,1,0,-45.00
2012-04-24T16:00:00,1.26,-0.62,-0.34,-0.44,1.4,0.67,-0.49,1.84,-0.06,1,0,-45.00
2012-04-24T17:00:00,1.0,-0.59,-0.59,-0.88,1.21,0.87,-0.58,2.23,-0.06,1,0,-45.00
2012-04-24T18:00:00,0.84,-0.48,-0.9,-1.07,0.72,0.26,-0.59,2.99,-0.05,1,0,-48.00
2012-04-24T19:00:00,1.17,-0.64,-0.81,-0.94,1.69,0.98,-0.57,2.86,-0.08,1,0,-46.00
2012-04-24T20:00:00,1.5,-1.04,-0.6,-0.67,1.4,2.05,-0.65,1.47,-0.15,1,0,-46.00
2012-04-24T21:00:00,1.34,-0.79,-0.8,-0.4,1.85,0.92,-0.53,1.4,-0.13,1,0,-48.00
2012-04-24T22:00:00,1.17,-1.54,-0.56,-0.42,0.65,1.36,-0.51,1.15,-0.15,1,0,-48.00
2012-04-24T23:00:00,1.1,-1.35,-0.47,-0.26,0.65,1.13,-0.55,1.32,-0.14,1,0,-50.00
2012-04-25T00:00:00,0.66,-0.14,-0.64,-0.41,1.73,1.24,-0.3,1.71,0.12,1,0,-53.00
2012-04-25T01:00:00,0.83,-1.45,-0.22,-0.23,0.69,1.59,-0.26,1.18,-0.09,1,0,-42.00
2012-04-25T02:00:00,0.12,-0.93,0.63,-0.38,1.74,2.12,-0.16,1.59,0.12,1,0,-40.00
2012-04-25T03:00:00,0.76,-1.7,-0.35,-0.19,0.55,1.63,-0.34,1.9,-0.09,1,0,-39.00
2012-04-25T04:00:00,0.76,-1.52,-0.63,-0.08,0.73,1.15,-0.43,2.01,-0.1,1,0,-39.00
2012-04-25T05:00:00,0.87,-1.39,-0.58,-0.15,1.26,1.28,-0.4,2.05,-0.08,1,0,-40.00
2012-04-25T06:00:00,0.95,-0.87,-0.82,-0.3,1.91,0.49,-0.35,1.56,-0.08,1,0,-41.00
2012-04-25T07:00:00,1.15,-0.82,-0.1,-0.4,1.21,2.72,-0.39,1.09,-0.08,1,0,-40.00
2012-04-25T08:00:00,0.54,0.09,-0.32,-1.22,0.73,-0.49,-0.75,0.24,-0.1,1,0,-44.00
2012-04-25T09:00:00,0.54,-0.19,-0.32,-1.18,-0.44,-0.31,-0.75,0.31,-0.09,1,0,-45.00
2012-04-25T10:00:00,0.69,-0.06,-0.2,-1.05,0.31,0.01,-0.76,0.13,-0.12,1,0,-46.00
2012-04-25T11:00:00,0.55,-0.55,-0.18,-1.2,-1.14,0.16,-0.76,0.42,-0.11,1,0,-41.00
2012-04-25T12:00:00,0.57,-0.41,-0.13,-1.2,-0.57,0.46,-0.78,0.39,-0.09,1,0,-39.00
2012-04-25T13:00:00,0.71,-0.73,0.0,-1.32,-1.4,1.06,-0.72,0.59,-0.11,1,0,-42.00
2012-04-25T14:00:00,0.74,-0.07,-0.16,-1.19,-0.57,0.47,-0.65,0.8,-0.01,1,0,-39.00
2012-04-25T15:00:00,0.65,-0.12,-0.34,-1.23,-0.83,-0.01,-0.64,1.01,0.01,1,0,-40.00
2012-04-25T16:00:00,0.54,-0.52,-0.48,-1.72,-1.36,0.55,-0.57,2.01,0.07,1,0,-40.00
2012-04-25T17:00:00,0.44,-1.1,-0.42,-1.88,-2.07,1.7,-0.64,2.29,-0.06,1,0,-39.00
2012-04-25T18:00:00,0.6,-1.0,-0.69,-2.12,-1.03,0.86,-0.78,1.75,-0.14,1,0,-41.00
2012-04-25T19:00:00,0.5,-1.36,-0.55,-2.09,-1.13,-0.32,-0.74,1.0,-0.16,1,0,-43.00
2012-04-25T20:00:00,0.53,-1.37,-0.14,-1.94,-0.94,0.39,-0.57,1.14,-0.12,1,0,-42.00
2012-04-25T21:00:00,-0.17,0.96,0.39,-2.18,1.29,-0.5,-0.34,1.09,0.02,1,0,-48.00
2012-04-25T22:00:00,0.36,0.75,0.9,-2.09,0.91,-0.9,-0.17,0.05,-0.12,1,0,-38.00
2012-04-25T23:00:00,0.21,0.59,0.72,-2.01,1.18,-0.15,-0.54,0.4,-0.09,1,0,-32.00
2012-04-26T00:00:00,0.23,0.66,-0.33,-1.91,0.85,-0.81,-0.48,0.08,-0.08,1,0,-27.00
2012-04-26T01:00:00,0.39,0.89,-0.61,-1.91,0.72,-1.57,-0.58,0.19,-0.15,0,0,-25.00
2012-04-26T02:00:00,0.67,1.11,-0.17,-1.95,-0.02,-0.94,0.19,-0.1,-0.11,0,0,-29.00
2012-04-26T03:00:00,0.81,1.04,0.36,-1.88,-0.11,-0.31,0.81,-0.49,-0.16,0,1,-41.00
2012-04-26T04:00:00,0.73,0.89,0.42,-1.81,-0.04,-0.38,0.37,-0.47,-0.16,0,1,-33.00
2012-04-26T05:00:00,0.54,0.85,0.53,-1.75,0.14,0.01,0.22,-0.5,-0.16,0,1,-24.00
2012-04-26T06:00:00,0.3,0.75,0.6,-1.61,0.08,0.04,-0.22,-0.51,-0.17,0,1,-17.00
2012-04-26T07:00:00,0.35,0.67,0.49,-1.53,0.16,0.06,-0.11,-0.52,-0.16,0,1,-18.00
2012-04-26T08:00:00,0.28,0.56,0.31,-1.47,-0.2,-0.26,-0.13,-0.46,-0.12,0,1,-20.00
2012-04-26T09:00:00,0.33,0.54,0.18,-1.36,-0.18,-0.2,-0.3,-0.43,-0.12,0,1,-19.00
2012-04-26T10:00:00,0.49,0.65,0.24,-1.26,-0.14,-0.11,-0.54,-0.46,-0.17,0,1,-18.00
2012-04-26T11:00:00,0.33,0.42,0.6,-1.23,-0.02,0.14,-0.68,-0.46,-0.17,0,1,-20.00
2012-04-26T12:00:00,0.27,0.42,0.27,-1.23,-0.1,-0.09,-0.55,-0.41,-0.12,0,1,-20.00
2012-04-26T13:00:00,-0.05,0.62,0.15,-1.38,0.22,0.61,-0.3,-0.47,-0.13,0,1,-23.00
2012-04-26T14:00:00,0.32,0.37,0.17,-1.08,0.28,0.03,-0.69,-0.48,-0.15,0,1,-18.00
2012-04-26T15:00:00,0.45,-0.57,0.06,-1.0,-0.81,-0.15,-0.78,-0.54,-0.18,0,1,-23.00
2012-04-26T16:00:00,0.54,-0.44,0.02,-0.89,-0.66,-0.14,-0.77,-0.53,-0.18,0,1,-25.00
2012-04-26T17:00:00,0.51,-0.48,-0.02,-0.85,-0.56,-0.12,-0.76,-0.53,-0.18,0,1,-28.00
2012-04-26T18:00:00,0.41,-0.55,-0.04,-0.86,-0.75,-0.17,-0.72,-0.55,-0.18,0,1,-27.00
2012-04-26T19:00:00,0.42,-0.47,-0.14,-0.81,-0.63,-0.28,-0.65,-0.55,-0.18,0,1,-25.00
2012-04-26T20:00:00,0.42,-0.56,0.06,-0.82,-0.78,-0.09,-0.71,-0.52,-0.18,0,1,-22.00
2012-04-26T21:00:00,0.33,-0.55,0.0,-0.75,-0.7,-0.14,-0.67,-0.51,-0.17,0,1,-19.00
2012-04-26T22:00:00,0.34,-0.46,-0.05,-0.68,-0.52,0.02,-0.55,-0.53,-0.16,0,1,-19.00
2012-04-26T23:00:00,0.37,-0.04,-0.15,-0.67,-0.09,-0.13,-0.6,-0.54,-0.15,0,1,-15.00
2012-04-27T00:00:00,0.44,0.01,-0.31,-0.58,0.1,-0.42,-0.2,-0.53,-0.14,0,1,-12.00
2012-04-27T01:00:00,0.62,-0.01,-0.16,-0.4,-0.06,-0.18,-0.72,-0.5,-0.17,0,1,-11.00
2012-04-27T02:00:00,0.66,-0.14,-0.02,-0.34,-0.36,0.25,-0.62,-0.5,-0.16,0,1,-12.00
2012-04-27T03:00:00,0.67,-0.06,-0.15,-0.32,-0.05,0.23,-0.51,-0.49,-0.16,0,1,-9.00
2012-04-27T04:00:00,0.65,0.08,-0.22,-0.22,0.08,-0.09,-0.66,-0.53,-0.18,0,1,-15.00
2012-04-27T05:00:00,0.58,0.19,-0.18,-0.13,0.25,0.05,-0.56,-0.53,-0.17,0,1,-17.00
2012-04-27T06:00:00,0.57,0.17,-0.19,-0.04,0.11,0.07,-0.51,-0.54,-0.17,0,1,-12.00
2012-04-27T07:00:00,0.66,0.16,-0.03,0.04,0.22,0.55,-0.43,-0.54,-0.16,0,1,-12.00
2012-04-27T08:00:00,0.69,0.16,-0.13,0.13,0.17,0.39,-0.49,-0.54,-0.17,0,1,-12.00
2012-04-27T09:00:00,0.65,0.26,-0.08,0.18,0.26,0.26,-0.5,-0.55,-0.17,0,1,-14.00
2012-04-27T10:00:00,0.65,0.25,-0.09,0.19,0.18,-0.01,-0.5,-0.56,-0.17,0,1,-14.00
2012-04-27T11:00:00,0.67,0.26,-0.11,0.24,0.16,0.01,-0.5,-0.53,-0.17,0,1,-12.00
2012-04-27T12:00:00,0.67,0.21,-0.14,0.23,0.1,-0.16,-0.5,-0.47,-0.16,0,1,-11.00
2012-04-27T13:00:00,0.55,0.29,-0.02,0.23,-0.06,-0.11,-0.44,-0.53,-0.16,0,1,-12.00
2012-04-27T14:00:00,0.42,0.47,-0.01,0.26,0.06,-0.12,-0.39,-0.55,-0.16,0,1,-11.00
2012-04-27T15:00:00,0.44,0.42,-0.06,0.25,0.18,-0.17,-0.27,-0.55,-0.16,0,1,-4.00
2012-04-27T16:00:00,0.52,-0.0,-0.14,0.19,-0.14,-0.13,-0.33,-0.54,-0.15,0,1,0.00
2012-04-27T17:00:00,0.25,-0.7,-0.04,0.03,-0.77,0.1,-0.51,-0.56,-0.18,0,1,4.00
2012-04-27T18:00:00,0.2,-0.75,-0.11,0.04,-0.71,-0.07,-0.53,-0.56,-0.18,0,1,3.00
2012-04-27T19:00:00,0.05,-0.1,0.13,0.03,-0.08,0.14,-0.54,-0.53,0.63,0,1,0.00
2012-04-27T20:00:00,-0.08,0.28,0.59,0.04,0.29,0.85,-0.57,-0.46,-0.16,0,1,-3.00
2012-04-27T21:00:00,0.1,-0.01,0.18,0.09,0.2,0.49,-0.54,-0.25,1.38,0,1,-6.00
2012-04-27T22:00:00,0.07,-0.18,0.29,0.07,0.2,0.29,-0.53,-0.18,0.27,0,0,-1.00
2012-04-27T23:00:00,-0.03,-0.3,0.36,0.04,0.05,0.56,-0.53,-0.08,0.1,0,0,2.00
2012-04-28T00:00:00,-0.19,-0.11,0.6,0.01,0.27,0.51,-0.6,-0.18,-0.1,0,0,2.00
2012-04-28T01:00:00,-0.01,0.07,0.51,0.07,0.49,0.69,-0.5,-0.15,-0.01,0,0,2.00
2012-04-28T02:00:00,0.17,-0.09,0.35,0.15,0.17,0.82,-0.47,-0.07,0.27,0,0,1.00
2012-04-28T03:00:00,-0.07,-0.19,0.51,0.13,0.03,0.82,-0.48,-0.13,-0.01,0,0,2.00
2012-04-28T04:00:00,0.34,-0.18,0.08,0.3,0.09,0.21,-0.46,-0.06,0.3,0,0,-1.00
2012-04-28T05:00:00,0.35,-0.23,0.09,0.34,-0.1,0.19,-0.46,-0.07,0.22,0,0,-1.00
2012-04-28T06:00:00,0.05,-0.19,0.54,0.19,-0.0,0.78,-0.48,-0.19,-0.04,0,0,-2.00
2012-04-28T07:00:00,0.54,-0.21,0.25,0.41,0.09,0.34,-0.46,-0.15,-0.03,0,0,-2.00
2012-04-28T08:00:00,0.17,-0.24,-0.39,0.3,-0.05,-0.73,-0.49,-0.23,-0.07,0,0,-2.00
2012-04-28T09:00:00,0.07,-0.26,0.33,0.3,-0.05,0.61,-0.52,-0.22,0.08,0,0,-2.00
2012-04-28T10:00:00,0.1,-0.2,0.29,0.31,0.1,0.82,-0.47,-0.09,0.37,0,0,0.00
2012-04-28T11:00:00,0.22,-0.4,0.07,0.41,-0.21,0.47,-0.48,-0.12,0.12,0,0,-4.00
2012-04-28T12:00:00,0.01,-0.23,-0.28,0.33,0.14,-0.33,-0.53,-0.13,0.05,0,0,0.00
2012-04-28T13:00:00,-0.11,-0.47,-0.3,0.27,-0.3,-0.39,-0.56,-0.15,-0.08,0,0,2.00
2012-04-28T14:00:00,-0.02,-0.52,-0.16,0.34,-0.42,-0.13,-0.6,-0.19,-0.07,0,0,2.00
2012-04-28T15:00:00,-0.04,-0.54,-0.09,0.34,-0.45,0.23,-0.59,-0.2,-0.07,0,0,-1.00
2012-04-28T16:00:00,0.03,-0.42,-0.46,0.43,-0.27,-0.5,-0.67,-0.32,-0.15,0,0,-6.00
2012-04-28T17:00:00,-0.03,-0.48,-0.4,0.45,-0.4,-0.44,-0.66,-0.29,-0.14,0,0,-7.00
2012-04-28T18:00:00,-0.09,-0.47,-0.32,0.43,-0.29,-0.32,-0.6,-0.27,-0.12,0,0,-5.00
2012-04-28T19:00:00,0.02,-0.37,-0.05,0.49,-0.11,0.11,-0.58,-0.2,0.08,0,0,-9.00
2012-04-28T20:00:00,0.36,-0.15,0.32,0.59,0.24,0.76,-0.5,-0.11,0.06,0,0,-14.00
2012-04-28T21:00:00,-0.19,-0.4,-0.24,0.42,-0.28,-0.08,-0.61,-0.22,-0.08,0,0,-15.00
2012-04-28T22:00:00,-0.21,-0.25,-0.36,0.45,-0.06,-0.53,-0.62,-0.24,-0.1,0,0,-14.00
2012-04-28T23:00:00,-0.14,-0.31,-0.23,0.52,-0.11,-0.15,-0.62,-0.2,-0.03,0,0,-11.00
2012-04-29T00:00:00,0.13,-0.25,-0.19,0.67,-0.01,-0.05,-0.58,-0.09,0.11,0,0,-10.00
2012-04-29T01:00:00,0.31,-0.15,-0.29,0.77,0.06,-0.39,-0.61,-0.1,-0.03,0,0,-12.00
2012-04-29T02:00:00,0.3,-0.23,-0.2,0.76,-0.1,-0.24,-0.62,-0.15,-0.02,0,0,-12.00
2012-04-29T03:00:00,-0.12,-0.5,-0.05,0.5,-0.59,0.2,-0.65,-0.19,-0.07,0,0,-8.00
2012-04-29T04:00:00,-0.01,-0.42,-0.19,0.54,-0.44,-0.15,-0.65,-0.26,-0.08,0,0,-13.00
2012-04-29T05:00:00,-0.24,-0.4,-0.03,0.46,-0.53,0.06,-0.68,-0.32,-0.09,0,0,-13.00
2012-04-29T06:00:00,-0.17,-0.37,0.13,0.5,-0.45,0.47,-0.66,-0.31,-0.04,0,0,-11.00
2012-04-29T07:00:00,0.17,-0.33,-0.12,0.67,-0.36,0.18,-0.63,-0.28,-0.02,0,0,-12.00
2012-04-29T08:00:00,0.13,-0.38,-0.05,0.7,-0.42,0.22,-0.63,-0.2,0.02,0,0,-11.00
2012-04-29T09:00:00,0.07,-0.33,0.29,0.67,-0.33,0.93,-0.66,-0.26,-0.03,0,0,-8.00
2012-04-29T10:00:00,0.16,-0.44,0.03,0.7,-0.49,0.18,-0.64,-0.31,-0.07,0,0,-8.00
2012-04-29T11:00:00,0.13,-0.42,-0.15,0.7,-0.51,-0.22,-0.67,-0.35,-0.11,0,0,-8.00
2012-04-29T12:00:00,0.12,-0.46,0.08,0.66,-0.64,0.36,-0.65,-0.38,-0.1,0,0,-7.00
2012-04-29T13:00:00,-0.03,-0.52,0.09,0.58,-0.91,0.41,-0.66,-0.41,-0.12,0,0,-7.00
2012-04-29T14:00:00,-0.14,-0.48,0.14,0.5,-1.05,0.58,-0.66,-0.4,-0.12,0,0,-7.00
2012-04-29T15:00:00,0.47,-0.35,0.06,0.95,-0.82,0.21,-0.69,-0.44,-0.15,0,0,-6.00
2012-04-29T16:00:00,0.33,-0.47,-0.03,0.84,-1.01,-0.01,-0.66,-0.39,-0.13,0,0,-5.00
2012-04-29T17:00:00,0.52,-0.25,-0.01,0.98,-0.73,-0.0,-0.64,-0.41,-0.14,0,0,-4.00
2012-04-29T18:00:00,0.47,-0.21,-0.2,0.96,-0.6,-0.43,-0.64,-0.29,-0.11,0,0,-2.00
2012-04-29T19:00:00,0.56,-0.18,-0.08,0.99,-0.4,-0.01,-0.72,-0.4,-0.15,0,0,-3.00
2012-04-29T20:00:00,0.59,-0.12,-0.04,1.04,-0.52,-0.1,-0.67,-0.19,-0.1,0,0,-5.00
2012-04-29T21:00:00,0.55,-0.1,-0.03,1.0,-0.43,-0.11,-0.6,-0.24,-0.08,0,0,-7.00
2012-04-29T22:00:00,0.34,-0.32,-0.05,0.82,-0.58,0.04,-0.49,-0.43,-0.09,0,0,-7.00
2012-04-29T23:00:00,0.32,-0.38,-0.03,0.83,-0.69,0.49,0.07,-0.5,-0.06,0,0,-6.00
2012-04-30T00:00:00,0.25,-0.42,-0.06,0.88,-0.49,0.26,-0.47,-0.52,-0.14,0,0,-3.00
2012-04-30T01:00:00,0.17,-0.44,-0.07,0.9,-0.42,0.21,-0.47,-0.52,-0.13,0,0,0.00
2012-04-30T02:00:00,0.24,-0.38,-0.08,0.91,-0.45,0.08,-0.47,-0.5,-0.12,0,0,2.00
2012-04-30T03:00:00,0.36,-0.44,0.01,0.98,-0.6,0.04,-0.49,-0.46,-0.13,0,0,2.00
2012-04-30T04:00:00,0.51,-0.26,-0.16,1.11,-0.73,-0.16,-0.54,-0.42,-0.13,0,0,0.00
2012-04-30T05:00:00,0.58,0.03,-0.18,1.18,-0.35,-0.26,-0.63,-0.48,-0.16,0,0,1.00
2012-04-30T06:00:00,0.41,-0.34,-0.1,1.1,-0.35,-0.12,-0.35,-0.56,-0.15,0,0,3.00
2012-04-30T07:00:00,0.44,-0.37,-0.1,1.14,-0.44,-0.14,-0.36,-0.57,-0.16,0,0,1.00
2012-04-30T08:00:00,0.4,-0.52,-0.02,1.21,-0.59,-0.13,-0.49,-0.57,-0.17,0,0,2.00
2012-04-30T09:00:00,0.21,-0.57,0.09,1.32,-0.39,-0.19,-0.48,-0.57,-0.17,0,0,3.00
2012-04-30T10:00:00,0.14,-0.62,0.17,1.26,-0.2,0.32,0.34,-0.58,-0.15,0,0,1.00
2012-04-30T11:00:00,0.18,-0.63,0.11,1.33,-0.51,-0.14,-0.48,-0.58,-0.18,0,0,1.00
2012-04-30T12:00:00,0.22,-0.63,0.12,1.36,-0.46,-0.2,-0.49,-0.58,-0.18,0,0,0.00
2012-04-30T13:00:00,0.32,-0.58,0.04,1.41,-0.42,-0.17,-0.42,-0.58,-0.17,0,0,-1.00
2012-04-30T14:00:00,0.2,-0.62,0.06,1.4,-0.41,-0.14,-0.4,-0.58,-0.17,0,0,-3.00
2012-04-30T15:00:00,0.23,-0.61,0.09,1.4,-0.34,-0.22,-0.45,-0.57,-0.17,0,0,-3.00
2012-04-30T16:00:00,0.21,-0.65,0.01,1.39,-0.35,-0.29,-0.45,-0.55,-0.17,0,0,-3.00
2012-04-30T17:00:00,0.2,-0.63,-0.01,1.4,-0.22,-0.33,-0.38,-0.55,-0.16,0,0,-3.00
2012-04-30T18:00:00,0.21,-0.63,-0.02,1.39,-0.21,-0.32,-0.39,-0.55,-0.16,0,0,-3.00
2012-04-30T19:00:00,0.29,-0.56,-0.05,1.4,-0.16,-0.21,-0.43,-0.5,-0.15,0,0,-5.00
2012-04-30T20:00:00,0.45,-0.44,-0.12,1.48,-0.1,-0.44,-0.39,-0.42,-0.12,0,0,-5.00
2012-04-30T21:00:00,0.57,-0.28,-0.15,1.54,0.15,-0.63,-0.38,-0.43,-0.13,0,0,-5.00
2012-04-30T22:00:00,0.38,-0.47,-0.16,1.48,-0.05,-0.55,-0.39,-0.45,-0.13,0,0,-4.00
2012-04-30T23:00:00,0.35,-0.49,-0.15,1.45,-0.31,-0.45,-0.4,-0.42,-0.12,0,0,-1.00
2012-05-01T00:00:00,0.25,-0.6,-0.19,1.41,-0.1,-0.54,-0.46,-0.51,-0.16,0,0,---
2012-05-01T01:00:00,0.19,-0.55,-0.13,1.43,0.16,-0.98,0.43,-0.51,-0.09,0,0,-7.00
2012-05-01T02:00:00,-0.17,-0.57,-0.14,1.25,-0.08,-0.71,-0.39,-0.54,-0.16,0,0,-10.00
2012-05-01T03:00:00,0.08,-0.67,-0.12,1.39,-0.25,-0.7,-0.38,-0.54,-0.16,0,0,-11.00
2012-05-01T04:00:00,0.23,-0.58,-0.15,1.45,-0.06,-0.74,-0.33,-0.52,-0.15,0,0,-8.00
2012-05-01T05:00:00,0.3,-0.52,-0.06,1.46,-0.14,-0.51,-0.27,-0.47,-0.12,0,0,-6.00
2012-05-01T06:00:00,0.55,-0.36,-0.03,1.57,-0.09,-0.36,-0.24,-0.39,-0.09,0,0,-5.00
2012-05-01T07:00:00,0.5,-0.21,0.01,1.54,0.2,-0.44,-0.2,-0.37,-0.03,0,0,-4.00
2012-05-01T08:00:00,0.35,-0.41,0.11,1.48,-0.02,-0.01,-0.23,-0.45,-0.08,0,0,-6.00
2012-05-01T09:00:00,0.33,-0.41,-0.09,1.46,-0.15,-0.26,-0.21,-0.41,-0.06,0,0,-6.00
2012-05-01T10:00:00,0.34,-0.33,-0.12,1.52,0.15,-0.85,0.66,-0.43,0.1,0,0,-6.00
2012-05-01T11:00:00,0.28,-0.62,0.19,1.47,-0.29,0.07,-0.22,-0.46,-0.13,0,0,-5.00
2012-05-01T12:00:00,0.4,-0.5,0.23,1.53,-0.31,0.19,-0.25,-0.45,-0.12,0,0,-5.00
2012-05-01T13:00:00,0.25,-0.55,0.0,1.48,-0.2,-0.22,-0.24,-0.49,-0.12,0,0,-8.00
2012-05-01T14:00:00,0.52,-0.52,-0.18,1.58,-0.15,-0.3,-0.2,-0.51,-0.15,0,0,-8.00
2012-05-01T15:00:00,0.25,-0.67,0.3,1.5,-0.25,0.19,-0.16,-0.54,-0.16,0,0,-6.00
2012-05-01T16:00:00,0.2,-0.69,-0.06,1.5,-0.34,-0.15,-0.23,-0.54,-0.16,0,0,-6.00
2012-05-01T17:00:00,0.38,-0.62,-0.23,1.58,-0.33,-0.37,-0.18,-0.52,-0.16,0,0,-9.00
2012-05-01T18:00:00,0.34,-0.56,-0.35,1.55,-0.27,-0.36,-0.09,-0.5,-0.15,0,0,-11.00
2012-05-01T19:00:00,0.47,-0.33,-0.4,1.6,-0.14,-0.29,0.0,-0.52,-0.15,0,0,-11.00
2012-05-01T20:00:00,0.4,-0.01,-0.45,1.59,0.07,-0.42,-0.01,-0.5,-0.13,0,0,-10.00
2012-05-01T21:00:00,0.38,-0.03,-0.42,1.58,0.08,-0.46,-0.03,-0.49,-0.12,0,0,-10.00
2012-05-01T22:00:00,0.32,-0.27,-0.39,1.57,-0.04,-0.45,-0.05,-0.5,-0.12,0,0,-12.00
2012-05-01T23:00:00,0.64,-0.29,-0.14,1.7,-0.15,-0.13,-0.02,-0.44,-0.11,0,0,-11.00
2012-05-02T00:00:00,0.75,-0.03,-0.13,1.74,0.13,-0.11,-0.06,-0.47,-0.13,0,0,-10.00
2012-05-02T01:00:00,0.43,-0.06,-0.49,1.63,0.07,-0.68,-0.04,-0.53,-0.15,0,0,-7.00
2012-05-02T02:00:00,0.5,-0.37,-0.32,1.68,-0.33,-0.43,-0.07,-0.53,-0.15,0,0,-6.00
2012-05-02T03:00:00,0.69,-0.18,-0.35,1.79,-0.2,-0.54,-0.1,-0.54,-0.17,0,0,-4.00
2012-05-02T04:00:00,0.7,-0.14,-0.42,1.8,-0.18,-0.78,-0.14,-0.55,-0.17,0,0,-2.00
2012-05-02T05:00:00,0.72,-0.31,-0.21,1.81,-0.25,-0.51,-0.1,-0.53,-0.16,0,0,-5.00
2012-05-02T06:00:00,0.68,-0.48,-0.15,1.82,-0.39,-0.51,-0.08,-0.51,-0.16,0,0,-8.00
2012-05-02T07:00:00,0.63,-0.54,-0.11,1.82,-0.46,-0.53,-0.12,-0.56,-0.17,0,0,-11.00
2012-05-02T08:00:00,0.61,-0.5,-0.14,1.81,-0.5,-0.45,-0.03,-0.57,-0.17,0,0,-13.00
2012-05-02T09:00:00,0.57,-0.58,-0.22,1.82,-0.59,-0.59,-0.08,-0.58,-0.18,0,0,-11.00
2012-05-02T10:00:00,0.55,-0.5,-0.33,1.81,-0.55,-0.82,-0.07,-0.57,-0.17,0,0,-9.00
2012-05-02T11:00:00,0.62,-0.42,-0.3,1.85,-0.5,-0.69,-0.03,-0.57,-0.17,0,0,-8.00
2012-05-02T12:00:00,0.65,-0.25,-0.37,1.87,-0.32,-0.74,-0.04,-0.58,-0.17,0,0,-6.00
2012-05-02T13:00:00,0.62,-0.27,-0.36,1.88,-0.35,-0.72,-0.0,-0.58,-0.17,0,0,-9.00
2012-05-02T14:00:00,0.6,-0.2,-0.39,1.88,-0.27,-0.81,0.05,-0.58,-0.17,0,0,-11.00
2012-05-02T15:00:00,0.7,-0.13,-0.38,1.88,-0.22,-0.81,0.03,-0.57,-0.17,0,0,-9.00
2012-05-02T16:00:00,0.68,-0.2,-0.33,1.91,-0.28,-0.71,0.03,-0.59,-0.18,0,0,-9.00
2012-05-02T17:00:00,0.61,-0.25,-0.28,1.9,-0.41,-0.56,0.11,-0.58,-0.17,0,0,-7.00
2012-05-02T18:00:00,0.54,-0.29,-0.28,1.91,-0.0,-0.68,1.05,-0.58,-0.14,0,0,-8.00
2012-05-02T19:00:00,0.37,-0.21,-0.43,1.82,-0.32,-0.42,0.25,-0.58,-0.16,0,0,-10.00
2012-05-02T20:00:00,0.19,0.16,-0.69,1.77,-0.18,-0.13,0.08,-0.58,-0.18,0,0,-11.00
2012-05-02T21:00:00,0.24,0.27,-0.57,1.75,-0.05,-0.34,0.34,-0.58,-0.17,0,0,-13.00
2012-05-02T22:00:00,0.18,-0.02,-0.43,1.72,0.11,-0.61,0.73,-0.56,-0.12,0,0,-15.00
2012-05-02T23:00:00,0.02,0.04,-0.59,1.77,0.09,-0.64,0.51,-0.55,-0.15,0,0,-16.00
2012-05-03T00:00:00,0.09,0.14,-0.64,1.76,0.02,-0.44,0.52,-0.56,-0.16,0,0,-12.00
2012-05-03T01:00:00,-0.13,0.53,-1.09,1.62,-0.26,-0.65,1.72,-0.51,-0.16,0,0,-11.00
2012-05-03T02:00:00,0.19,0.47,-0.83,1.65,-0.18,-0.72,2.06,-0.51,-0.13,0,0,-7.00
2012-05-03T03:00:00,0.41,0.4,-0.86,1.6,-0.3,-0.69,1.79,-0.54,-0.15,0,0,0.00
2012-05-03T04:00:00,0.51,0.44,-0.9,1.62,-0.49,-0.66,1.37,-0.54,-0.16,0,0,-1.00
2012-05-03T05:00:00,0.46,0.4,-0.83,1.64,-0.52,-0.69,1.54,-0.53,-0.15,0,0,-6.00
2012-05-03T06:00:00,0.15,0.56,-0.76,1.63,-0.54,-0.56,1.89,-0.53,-0.14,0,0,-11.00
2012-05-03T07:00:00,0.01,1.01,-0.18,1.59,-0.48,-0.57,1.76,-0.48,-0.11,0,0,-13.00
2012-05-03T08:00:00,0.62,0.5,-0.52,1.53,-0.25,-0.33,1.65,-0.47,-0.1,0,0,-17.00
2012-05-03T09:00:00,0.76,0.27,-0.51,1.53,-0.17,-0.3,1.74,-0.43,-0.08,0,0,-20.00
2012-05-03T10:00:00,0.32,0.49,-0.35,1.65,-0.36,-0.45,1.35,-0.42,-0.02,0,0,-18.00
2012-05-03T11:00:00,-0.11,0.51,-0.33,1.75,-0.37,-0.04,1.19,-0.4,0.02,0,0,-13.00
2012-05-03T12:00:00,0.04,0.68,-0.12,1.77,-0.29,0.1,1.33,-0.45,-0.02,0,0,-13.00
2012-05-03T13:00:00,0.11,0.47,-0.2,1.75,-0.44,0.24,1.67,-0.49,0.05,0,0,-16.00
2012-05-03T14:00:00,0.23,0.1,0.31,1.72,-0.7,0.02,1.86,-0.5,0.37,0,0,-13.00
2012-05-03T15:00:00,0.53,-0.15,0.26,1.7,-0.55,0.15,1.9,-0.5,0.06,0,0,-12.00
2012-05-03T16:00:00,0.53,0.0,0.41,1.67,-0.63,-0.06,2.13,-0.51,0.01,0,0,-10.00
2012-05-03T17:00:00,0.41,0.04,0.19,1.68,-0.59,-0.09,2.6,-0.5,0.38,0,0,-9.00
2012-05-03T18:00:00,-0.1,0.02,-0.49,1.68,-0.6,-0.11,2.55,-0.5,0.04,0,0,-6.00
2012-05-03T19:00:00,-0.18,0.34,-0.16,1.72,-0.93,-0.24,2.97,-0.5,0.31,0,0,-4.00
2012-05-03T20:00:00,-0.17,0.36,-0.26,1.71,-1.03,0.03,2.99,-0.51,0.14,0,0,-2.00
2012-05-03T21:00:00,-0.07,0.44,-0.36,1.7,-1.07,0.04,2.82,-0.52,0.01,0,0,-3.00
2012-05-03T22:00:00,-0.48,0.52,0.8,1.67,-0.93,0.24,1.04,-0.53,-0.15,0,0,-3.00
2012-05-03T23:00:00,-0.4,0.26,0.67,1.58,-0.53,0.47,0.61,-0.47,-0.11,0,0,-1.00
2012-05-04T00:00:00,-0.46,-0.13,1.04,1.58,-0.37,0.2,0.31,-0.48,-0.16,0,0,-5.00
2012-05-04T01:00:00,-0.42,0.12,1.01,1.63,-0.6,0.22,0.46,-0.48,-0.16,0,0,-7.00
2012-05-04T02:00:00,-0.27,0.17,0.6,1.61,-0.65,0.4,1.38,-0.5,-0.05,0,0,-6.00
2012-05-04T03:00:00,-0.36,0.07,0.96,1.54,0.25,0.42,0.1,-0.44,-0.15,0,0,-7.00
2012-05-04T04:00:00,-0.75,0.72,0.83,1.35,0.85,0.63,-0.53,-0.47,-0.18,0,1,-6.00
2012-05-04T05:00:00,-0.81,0.79,0.79,1.36,0.59,0.33,-0.57,-0.5,-0.19,0,1,-2.00
2012-05-04T06:00:00,-0.82,0.86,0.71,1.4,0.47,0.4,-0.54,-0.51,-0.19,0,1,-7.00
2012-05-04T07:00:00,-0.49,1.04,0.65,1.47,0.51,0.3,-0.45,-0.53,-0.19,0,1,-6.00
2012-05-04T08:00:00,-0.41,1.14,0.6,1.47,0.58,0.38,-0.44,-0.54,-0.19,0,1,-5.00
2012-05-04T09:00:00,-0.48,1.14,0.51,1.57,0.71,0.32,-0.46,-0.53,-0.19,0,1,-4.00
2012-05-04T10:00:00,-0.9,0.97,0.41,1.53,0.68,0.38,-0.29,-0.51,-0.18,0,1,-4.00
2012-05-04T11:00:00,-0.93,0.92,0.37,1.46,0.57,0.46,-0.23,-0.52,-0.18,0,1,-4.00
2012-05-04T12:00:00,-0.94,0.82,0.38,1.45,0.74,0.54,-0.09,-0.48,-0.17,0,1,-5.00
2012-05-04T13:00:00,-0.96,0.85,0.32,1.47,0.36,0.53,-0.17,-0.53,-0.18,0,1,-6.00
2012-05-04T14:00:00,-0.91,1.01,0.21,1.52,0.45,0.29,-0.34,-0.56,-0.19,0,1,-2.00
2012-05-04T15:00:00,-0.91,1.01,0.09,1.51,0.44,0.26,-0.33,-0.56,-0.19,0,1,1.00
2012-05-04T16:00:00,-0.72,0.93,0.26,1.48,0.16,0.41,0.12,-0.53,-0.17,0,1,0.00
2012-05-04T17:00:00,-0.7,0.97,0.27,1.46,0.51,0.41,-0.06,-0.55,-0.18,0,1,-2.00
2012-05-04T18:00:00,-0.93,0.44,0.37,1.64,0.23,0.28,0.12,-0.48,-0.16,0,1,-1.00
2012-05-04T19:00:00,-1.0,0.49,0.4,1.55,-0.03,0.5,-0.16,-0.49,-0.17,0,1,-3.00
2012-05-04T20:00:00,-0.87,0.68,0.28,1.57,-0.02,0.35,0.02,-0.53,-0.17,0,1,-1.00
2012-05-04T21:00:00,-0.97,0.42,0.28,1.58,-0.3,0.29,0.22,-0.5,-0.16,0,1,1.00
2012-05-04T22:00:00,-0.99,0.16,0.4,1.56,-0.25,0.32,0.12,-0.54,-0.17,0,1,1.00
2012-05-04T23:00:00,-0.93,0.09,0.39,1.57,-0.18,0.32,0.04,-0.56,-0.17,0,1,2.00
2012-05-05T00:00:00,-0.91,0.14,0.31,1.61,-0.04,0.13,0.03,-0.57,-0.17,0,1,1.00
2012-05-05T01:00:00,-0.92,0.44,0.1,1.6,0.08,-0.08,-0.25,-0.6,-0.19,0,1,1.00
2012-05-05T02:00:00,-0.85,0.51,-0.01,1.61,-0.07,-0.01,-0.21,-0.6,-0.19,0,1,0.00
2012-05-05T03:00:00,-0.85,0.49,-0.03,1.63,-0.1,0.08,-0.23,-0.6,-0.18,0,1,-1.00
2012-05-05T04:00:00,-0.78,0.52,-0.09,1.62,-0.13,0.12,-0.23,-0.6,-0.18,0,1,-2.00
2012-05-05T05:00:00,-0.82,0.38,-0.03,1.66,0.05,0.12,-0.25,-0.6,-0.18,0,1,-3.00
2012-05-05T06:00:00,-0.64,0.56,-0.16,1.61,-0.23,0.31,-0.27,-0.6,-0.18,0,1,-3.00
2012-05-05T07:00:00,-0.67,0.61,-0.08,1.64,-0.3,0.13,-0.31,-0.59,-0.18,0,1,-3.00
2012-05-05T08:00:00,-0.68,0.61,0.01,1.66,-0.28,-0.04,-0.31,-0.59,-0.18,0,1,-3.00
2012-05-05T09:00:00,-0.69,0.53,-0.07,1.68,-0.21,0.11,-0.2,-0.6,-0.18,0,1,-1.00
2012-05-05T10:00:00,-0.54,0.44,-0.04,1.68,-0.16,0.09,0.47,-0.61,-0.17,0,1,-2.00
2012-05-05T11:00:00,-0.44,0.29,-0.01,1.69,-0.12,0.05,0.91,-0.61,-0.15,0,1,-2.00
2012-05-05T12:00:00,-0.45,0.21,-0.1,1.74,-0.13,0.02,0.83,-0.6,-0.14,0,0,0.00
2012-05-05T13:00:00,-0.62,0.51,-0.05,1.71,0.05,0.11,-0.03,-0.57,-0.17,0,0,1.00
2012-05-05T14:00:00,-0.6,0.45,-0.26,1.69,0.14,0.34,-0.16,-0.51,-0.16,0,0,2.00
2012-05-05T15:00:00,-0.55,0.63,-0.01,1.75,0.06,0.24,-0.03,-0.48,-0.15,0,0,1.00
2012-05-05T16:00:00,-0.62,0.7,0.05,1.75,-0.09,0.25,0.05,-0.47,-0.15,0,0,-4.00
2012-05-05T17:00:00,-0.62,0.74,0.14,1.67,-0.28,0.28,0.2,-0.43,-0.14,0,0,-3.00
2012-05-05T18:00:00,-0.54,0.67,0.44,1.66,-0.25,0.22,0.33,-0.42,-0.12,0,0,-1.00
2012-05-05T19:00:00,-0.31,0.64,0.63,1.64,-0.34,0.17,0.37,-0.45,-0.14,0,0,2.00
2012-05-05T20:00:00,0.15,-0.05,0.91,1.55,-0.01,-0.23,0.56,-0.48,-0.14,0,0,4.00
2012-05-05T21:00:00,-0.13,-0.14,0.85,1.51,0.1,-0.01,0.7,-0.44,-0.11,0,0,5.00
2012-05-05T22:00:00,0.37,-0.15,0.63,1.33,-0.08,0.29,1.41,-0.47,-0.04,0,0,7.00
2012-05-05T23:00:00,0.57,-0.05,0.76,1.36,-0.06,0.31,1.28,-0.5,-0.12,0,0,10.00
2012-05-06T00:00:00,0.59,-0.47,0.54,1.33,0.08,0.38,1.16,-0.48,-0.11,0,0,15.00
2012-05-06T01:00:00,-0.78,0.88,0.32,1.48,-0.38,0.47,0.91,-0.45,-0.14,0,0,18.00
2012-05-06T02:00:00,-1.0,0.65,0.25,1.56,-0.34,0.57,0.79,-0.46,-0.15,0,0,18.00
2012-05-06T03:00:00,-1.09,0.68,0.03,1.6,-0.5,0.67,0.62,-0.5,-0.16,0,0,16.00
2012-05-06T04:00:00,-1.13,0.57,-0.24,1.65,-0.34,0.74,0.53,-0.51,-0.17,0,0,12.00
2012-05-06T05:00:00,-1.16,0.69,-0.38,1.67,-0.31,0.81,0.18,-0.52,-0.18,0,0,8.00
2012-05-06T06:00:00,-0.58,0.95,-0.02,1.64,-0.52,0.53,0.4,-0.49,-0.16,0,0,7.00
2012-05-06T07:00:00,-0.99,0.84,-0.11,1.7,-0.55,0.39,0.1,-0.47,-0.17,0,0,5.00
2012-05-06T08:00:00,-0.93,0.71,-0.31,1.6,-0.12,0.92,0.11,-0.44,-0.16,0,0,8.00
2012-05-06T09:00:00,-1.11,1.19,-0.31,1.62,-0.42,1.08,-0.14,-0.46,-0.18,0,0,7.00
2012-05-06T10:00:00,-0.93,1.26,-0.23,1.61,-0.51,1.14,0.08,-0.47,-0.18,0,0,6.00
2012-05-06T11:00:00,-0.93,1.41,0.2,1.71,-1.09,0.71,-0.24,-0.49,-0.18,0,0,3.00
2012-05-06T12:00:00,-0.34,1.28,0.84,1.51,-1.15,-0.43,0.01,-0.49,-0.18,0,0,2.00
2012-05-06T13:00:00,-0.43,1.31,0.89,1.54,-0.96,-0.58,-0.39,-0.45,-0.18,0,0,-1.00
2012-05-06T14:00:00,-0.58,1.33,0.67,1.61,-1.3,-0.38,-0.48,-0.33,-0.18,0,0,0.00
2012-05-06T15:00:00,-0.85,1.34,0.41,1.69,-0.89,-0.15,-0.48,-0.34,-0.18,0,0,3.00
2012-05-06T16:00:00,-0.8,1.04,0.3,1.62,-0.17,0.24,-0.37,-0.26,-0.16,0,0,3.00
2012-05-06T17:00:00,-0.3,1.19,0.52,1.39,-0.36,-0.35,-0.24,-0.17,-0.15,0,0,6.00
2012-05-06T18:00:00,-0.62,0.89,0.43,1.53,-0.2,-0.26,-0.19,-0.11,-0.13,0,0,7.00
2012-05-06T19:00:00,-0.58,0.9,0.54,1.52,-0.61,-0.55,-0.17,-0.11,-0.13,0,0,7.00
2012-05-06T20:00:00,-0.59,0.81,0.58,1.58,-0.08,-0.55,-0.22,-0.15,-0.13,0,0,5.00
2012-05-06T21:00:00,-0.92,0.71,0.12,1.63,-0.03,0.31,-0.1,-0.09,-0.11,0,0,4.00
2012-05-06T22:00:00,-0.68,0.85,0.31,1.55,-0.07,0.0,-0.08,-0.27,-0.14,0,0,3.00
2012-05-06T23:00:00,-0.06,1.01,0.78,1.54,-0.41,-0.49,-0.21,-0.41,-0.17,0,0,2.00
2012-05-07T00:00:00,-0.12,1.01,0.76,1.57,-0.48,-0.44,-0.2,-0.45,-0.17,0,0,4.00
2012-05-07T01:00:00,-0.38,1.07,0.66,1.62,-0.44,-0.35,-0.09,-0.52,-0.18,0,0,4.00
2012-05-07T02:00:00,-0.17,1.04,0.62,1.64,-0.31,-0.31,-0.03,-0.47,-0.17,0,0,5.00
2012-05-07T03:00:00,-0.09,0.98,0.58,1.66,-0.1,-0.22,0.14,-0.48,-0.16,0,0,7.00
2012-05-07T04:00:00,0.32,0.58,0.6,1.67,-0.05,-0.21,0.82,-0.49,-0.12,0,0,11.00
2012-05-07T05:00:00,0.14,0.53,0.4,1.7,0.08,-0.21,0.84,-0.49,-0.07,0,0,10.00
2012-05-07T06:00:00,0.24,0.69,0.46,1.69,0.14,-0.3,0.61,-0.48,-0.12,0,0,13.00
2012-05-07T07:00:00,0.15,0.8,0.56,1.67,0.18,-0.37,0.44,-0.5,-0.15,0,0,13.00
2012-05-07T08:00:00,-0.13,0.9,0.34,1.62,0.01,-0.35,0.67,-0.48,-0.14,0,0,11.00
2012-05-07T09:00:00,0.17,0.84,0.66,1.52,0.23,-0.48,0.77,-0.48,-0.14,0,0,9.00
2012-05-07T10:00:00,0.06,0.44,0.46,1.5,0.41,-0.35,1.83,-0.45,0.07,0,0,11.00
2012-05-07T11:00:00,-0.08,0.3,0.27,1.49,0.41,-0.24,2.12,-0.48,0.48,0,0,14.00
2012-05-07T12:00:00,-0.06,0.19,0.28,1.51,0.37,-0.35,2.1,-0.5,0.64,0,0,13.00
2012-05-07T13:00:00,-0.02,0.23,0.44,1.47,0.36,-0.53,1.77,-0.49,0.16,0,0,15.00
2012-05-07T14:00:00,-0.09,0.77,0.36,1.45,-0.06,-0.52,0.47,-0.43,-0.11,0,0,15.00
2012-05-07T15:00:00,0.04,0.71,0.74,1.41,-0.09,-1.19,0.05,-0.45,-0.15,0,0,14.00
2012-05-07T16:00:00,-0.05,0.44,0.89,1.44,0.23,-1.29,0.19,-0.43,-0.15,0,0,14.00
2012-05-07T17:00:00,-0.11,0.37,1.0,1.43,0.13,-1.34,0.35,-0.41,-0.14,0,0,13.00
2012-05-07T18:00:00,-0.34,0.58,0.9,1.48,-0.16,-1.17,0.35,-0.39,-0.14,0,0,14.00
2012-05-07T19:00:00,-0.52,0.57,0.92,1.52,-0.08,-1.17,0.48,-0.4,-0.15,0,0,15.00
2012-05-07T20:00:00,-0.32,0.17,1.13,1.46,0.24,-1.4,0.55,-0.4,-0.15,0,0,15.00
2012-05-07T21:00:00,-0.34,0.02,1.12,1.48,0.11,-1.29,0.7,-0.43,-0.15,0,0,13.00
2012-05-07T22:00:00,-0.41,0.46,1.01,1.48,-0.16,-1.23,0.74,-0.48,-0.16,0,0,13.00
2012-05-07T23:00:00,-0.59,0.56,0.82,1.53,-0.28,-1.07,1.05,-0.49,-0.15,0,0,13.00
2012-05-08T00:00:00,-0.5,0.64,0.48,1.54,-0.29,-0.85,1.57,-0.47,-0.09,0,0,14.00
2012-05-08T01:00:00,-0.68,0.54,0.51,1.49,-0.35,-0.53,2.02,-0.46,-0.08,0,0,16.00
2012-05-08T02:00:00,-0.43,0.37,0.03,1.43,-0.07,-0.81,3.2,-0.44,0.31,0,0,18.00
2012-05-08T03:00:00,-0.43,0.42,0.07,1.49,-0.22,-0.91,2.67,-0.5,0.11,0,0,21.00
2012-05-08T04:00:00,-0.08,0.05,-0.18,1.64,-0.47,-0.97,2.37,-0.5,0.82,0,0,23.00
2012-05-08T05:00:00,1.04,-0.46,0.21,1.77,-0.62,-1.14,1.37,-0.49,-0.13,1,0,24.00
2012-05-08T06:00:00,1.0,-0.49,0.12,1.79,-0.4,-1.15,1.66,-0.44,-0.1,1,0,20.00
2012-05-08T07:00:00,1.0,-0.45,-0.16,1.79,-0.37,-1.42,1.58,-0.47,-0.12,1,0,13.00
2012-05-08T08:00:00,0.91,-0.15,-0.45,1.76,-0.09,-1.45,1.47,-0.46,-0.11,1,0,13.00
2012-05-08T09:00:00,0.79,0.02,-0.54,1.73,-0.1,-1.49,1.59,-0.46,-0.1,1,0,16.00
2012-05-08T10:00:00,0.93,-0.28,0.18,1.74,-0.41,-1.19,1.69,-0.46,-0.08,1,0,15.00
2012-05-08T11:00:00,0.67,-0.4,0.71,1.63,-0.25,-0.24,1.41,-0.47,-0.11,1,0,15.00
2012-05-08T12:00:00,0.57,-0.74,0.74,1.6,-0.34,-0.23,0.85,-0.33,-0.11,1,0,13.00
2012-05-08T13:00:00,0.23,-0.59,0.98,1.44,0.05,0.42,0.45,0.07,-0.05,1,0,7.00
2012-05-08T14:00:00,0.3,-0.62,0.81,1.43,0.01,0.41,0.63,0.09,0.01,1,0,9.00
2012-05-08T15:00:00,0.15,-0.57,1.11,1.3,0.21,0.89,1.08,0.01,-0.03,1,0,9.00
2012-05-08T16:00:00,-0.01,-0.65,1.25,1.07,-0.06,-0.03,2.04,-0.22,-0.08,1,0,11.00
2012-05-08T17:00:00,-0.68,1.24,1.12,1.05,0.33,-1.05,3.89,-0.25,-0.08,1,0,16.00
2012-05-08T18:00:00,-0.51,2.28,0.29,1.09,-0.14,-1.03,3.67,-0.29,-0.13,1,0,21.00
2012-05-08T19:00:00,-0.21,2.38,-0.38,1.19,-0.72,-1.09,3.33,-0.32,-0.14,1,0,30.00
2012-05-08T20:00:00,0.71,0.73,-0.92,1.1,-0.46,-0.72,3.43,-0.22,-0.03,1,0,31.00
2012-05-08T21:00:00,1.47,-1.73,-1.39,0.94,-0.78,-0.16,1.04,-0.0,-0.16,1,0,28.00
2012-05-08T22:00:00,0.49,-1.61,-0.61,0.75,-0.33,0.29,1.23,0.42,-0.05,1,0,22.00
2012-05-08T23:00:00,-0.42,-2.03,1.22,0.51,-0.25,1.06,0.89,0.71,-0.1,1,0,1.00
2012-05-09T00:00:00,0.92,-1.87,-0.34,0.28,0.15,1.87,0.44,2.07,-0.01,1,0,-17.00
2012-05-09T01:00:00,1.05,-2.37,0.23,0.2,0.15,1.91,0.16,2.3,-0.08,1,0,-26.00
2012-05-09T02:00:00,0.21,-0.93,0.27,0.12,-0.52,1.46,1.65,1.42,1.02,1,0,-19.00
2012-05-09T03:00:00,-0.97,-1.09,-0.37,-0.13,-1.38,0.13,1.98,0.5,0.11,1,0,-19.00
2012-05-09T04:00:00,-0.8,-1.65,-0.85,0.2,-0.12,1.2,1.55,0.8,-0.02,1,0,-10.00
2012-05-09T05:00:00,0.38,-1.71,0.75,0.03,1.22,0.63,1.05,1.28,0.03,1,0,-9.00
2012-05-09T06:00:00,0.56,-0.66,-0.61,-0.32,1.41,0.83,1.72,0.98,0.49,1,0,-17.00
2012-05-09T07:00:00,-0.1,-0.42,-0.46,-0.32,1.34,1.3,0.15,0.92,0.48,1,0,-25.00
2012-05-09T08:00:00,-0.62,0.15,-0.25,-0.31,1.47,1.05,0.1,0.54,0.31,1,0,-24.00
2012-05-09T09:00:00,-0.21,-0.38,-0.01,-0.24,1.07,0.87,0.27,0.64,1.63,1,0,-36.00
2012-05-09T10:00:00,0.48,-0.67,-0.66,-0.14,0.53,-0.08,0.25,0.17,-0.04,1,0,-41.00
2012-05-09T11:00:00,0.99,-0.9,-0.45,0.02,0.29,-0.57,0.18,0.17,-0.1,1,0,-29.00
2012-05-09T12:00:00,0.29,-0.2,-0.65,-0.12,0.78,-0.93,0.28,0.31,0.12,1,0,-18.00
2012-05-09T13:00:00,0.9,-0.39,-0.28,-0.17,1.26,-0.97,0.54,0.39,0.12,1,0,-19.00
2012-05-09T14:00:00,1.07,0.03,0.82,-0.2,1.3,-0.18,0.43,0.48,-0.01,1,0,-21.00
2012-05-09T15:00:00,1.3,-0.47,0.49,-0.27,1.69,-0.07,0.42,0.73,0.01,1,0,-22.00
2012-05-09T16:00:00,0.55,-0.28,-0.88,-0.38,2.0,-0.96,0.56,0.63,0.07,1,0,-19.00
2012-05-09T17:00:00,0.95,-0.9,-0.46,-0.37,1.51,-0.24,0.35,0.79,0.01,1,0,-11.00
2012-05-09T18:00:00,0.14,0.05,-0.3,-0.71,2.83,0.51,0.37,1.15,2.2,1,0,-10.00
2012-05-09T19:00:00,0.79,-0.95,-0.22,-0.52,1.53,-0.37,0.38,1.23,0.15,1,0,-22.00
2012-05-09T20:00:00,0.58,-0.9,-0.36,-0.65,1.45,-0.1,0.47,1.26,0.25,1,0,-22.00
2012-05-09T21:00:00,0.71,-1.41,-0.29,-0.74,0.6,0.15,0.15,0.86,-0.05,1,0,-28.00
2012-05-09T22:00:00,0.3,-0.67,-0.05,-1.31,-0.18,0.23,-0.4,0.38,0.05,1,0,-29.00
2012-05-09T23:00:00,0.7,-0.35,-0.06,-1.05,0.06,0.25,-0.41,0.12,-0.03,0,0,-26.00
2012-05-10T00:00:00,0.32,0.15,0.23,-1.4,1.0,0.88,-0.45,0.31,0.52,0,0,-36.00
2012-05-10T01:00:00,0.69,-0.15,0.24,-1.13,0.69,0.99,-0.51,0.05,-0.05,0,0,-36.00
2012-05-10T02:00:00,0.71,-0.07,-0.05,-1.18,0.85,-0.07,-0.55,-0.02,-0.07,0,0,-35.00
2012-05-10T03:00:00,0.41,-0.6,0.22,-1.37,-0.37,0.4,-0.52,0.05,-0.06,0,0,-37.00
2012-05-10T04:00:00,0.22,-0.43,0.24,-1.5,0.16,0.31,-0.47,0.1,0.14,0,0,-36.00
2012-05-10T05:00:00,0.49,-0.31,0.1,-1.3,0.29,-0.0,-0.46,0.0,0.05,0,0,-30.00
2012-05-10T06:00:00,0.18,-0.62,-0.01,-1.51,0.0,0.67,-0.22,0.03,0.08,0,0,-21.00
2012-05-10T07:00:00,0.49,-0.45,0.2,-1.27,-0.21,0.33,-0.51,-0.03,-0.04,0,0,-17.00
2012-05-10T08:00:00,0.4,-0.24,0.35,-1.31,0.39,0.51,-0.5,0.08,0.06,0,0,-17.00
2012-05-10T09:00:00,0.38,-0.48,0.31,-1.29,-0.15,0.34,-0.49,0.06,-0.01,0,0,-16.00
2012-05-10T10:00:00,0.26,-0.52,0.02,-1.31,-0.4,-0.45,-0.54,0.01,0.01,0,0,-15.00
2012-05-10T11:00:00,0.45,-0.54,0.05,-1.16,-0.5,-0.17,-0.56,-0.08,-0.07,0,0,-14.00
2012-05-10T12:00:00,0.52,-0.49,-0.01,-1.04,-0.49,-0.59,-0.59,-0.19,-0.11,0,0,-11.00
2012-05-10T13:00:00,0.6,-0.55,0.21,-0.94,-0.57,0.06,-0.59,-0.19,-0.13,0,0,-12.00
2012-05-10T14:00:00,0.33,-0.79,0.21,-1.13,-0.96,0.01,-0.64,-0.09,-0.13,0,0,-15.00
2012-05-10T15:00:00,0.31,-0.76,0.15,-1.13,-0.88,-0.28,-0.63,-0.08,-0.12,0,0,-17.00
2012-05-10T16:00:00,0.25,-0.75,0.01,-1.16,-0.89,-0.62,-0.64,-0.11,-0.12,0,0,-14.00
2012-05-10T17:00:00,0.53,-0.51,-0.1,-1.02,-0.42,-0.73,-0.62,-0.15,-0.12,0,0,-13.00
2012-05-10T18:00:00,0.57,-0.36,-0.01,-1.0,-0.04,-0.63,-0.57,-0.09,-0.07,0,0,-13.00
2012-05-10T19:00:00,0.37,-0.41,-0.24,-1.15,0.11,-0.96,-0.6,0.16,-0.02,0,0,-15.00
2012-05-10T20:00:00,0.49,-0.43,-0.04,-1.06,-0.0,-0.41,-0.61,0.06,-0.05,0,0,-17.00
2012-05-10T21:00:00,0.1,-0.75,-0.05,-1.38,-0.5,-0.49,-0.64,0.13,-0.09,0,0,-16.00
2012-05-10T22:00:00,0.52,-0.21,-0.52,-1.31,0.72,-0.75,-0.66,0.15,-0.11,0,0,-14.00
2012-05-10T23:00:00,0.47,-0.08,-0.46,-1.31,0.87,-0.34,-0.68,0.2,-0.09,0,0,-12.00
2012-05-11T00:00:00,0.31,-0.3,-0.56,-1.35,0.5,-0.48,-0.69,0.27,-0.11,0,0,-17.00
2012-05-11T01:00:00,-0.04,-0.42,-0.46,-1.41,-0.11,-0.75,-0.71,0.2,-0.1,0,0,-20.00
2012-05-11T02:00:00,0.47,-0.26,-0.2,-1.17,0.11,-0.07,-0.7,0.27,-0.03,0,0,-27.00
2012-05-11T03:00:00,0.53,-0.27,-0.12,-1.09,0.16,0.11,-0.68,0.06,-0.06,0,0,-30.00
2012-05-11T04:00:00,0.39,-0.53,-0.06,-1.11,-0.55,-0.03,-0.66,0.06,-0.07,0,0,-30.00
2012-05-11T05:00:00,0.28,-0.58,0.09,-1.05,-0.87,0.3,-0.65,-0.03,-0.07,0,0,-29.00
2012-05-11T06:00:00,0.49,-0.22,0.06,-0.81,-0.03,-0.19,-0.6,0.15,0.06,0,0,-25.00
2012-05-11T07:00:00,0.29,-0.35,-0.07,-0.91,-0.27,-0.92,-0.63,0.06,0.07,0,0,-20.00
2012-05-11T08:00:00,-0.14,-0.57,0.32,-1.16,-0.7,0.38,-0.7,-0.02,-0.09,0,0,-18.00
2012-05-11T09:00:00,0.29,-0.45,0.25,-0.78,-0.5,0.08,-0.62,0.07,-0.01,0,0,-16.00
2012-05-11T10:00:00,0.48,-0.38,-0.01,-0.57,-0.54,-0.39,-0.58,-0.11,-0.06,0,0,-13.00
2012-05-11T11:00:00,0.3,-0.43,0.19,-0.61,-0.53,-0.12,-0.62,-0.13,-0.04,0,0,-11.00
2012-05-11T12:00:00,0.01,-0.61,0.35,-0.74,-0.78,0.03,-0.63,-0.22,-0.12,0,0,-13.00
2012-05-11T13:00:00,0.28,-0.67,0.12,-0.61,-0.93,-0.5,-0.53,-0.1,-0.08,0,0,-14.00
2012-05-11T14:00:00,0.39,-0.55,-0.08,-0.5,-1.0,-0.98,-0.57,-0.19,-0.1,0,0,-12.00
2012-05-11T15:00:00,0.41,-0.53,-0.03,-0.54,-0.56,-0.87,-0.73,-0.19,-0.13,0,0,-10.00
2012-05-11T16:00:00,0.6,-0.26,-0.35,-0.74,0.76,-1.23,-0.76,-0.3,-0.16,0,0,-12.00
2012-05-11T17:00:00,0.48,-0.21,-0.25,-0.81,0.84,-0.84,-0.7,-0.1,-0.1,0,0,-13.00
2012-05-11T18:00:00,0.65,0.05,-0.16,-0.71,1.0,-0.69,-0.7,-0.11,-0.12,0,0,-15.00
2012-05-11T19:00:00,0.45,-0.23,0.04,-0.83,0.25,-0.21,-0.7,-0.15,-0.06,0,0,-16.00
2012-05-11T20:00:00,0.47,-0.38,0.13,-0.74,-0.07,0.14,-0.72,-0.18,-0.11,0,0,-19.00
2012-05-11T21:00:00,0.47,-0.27,0.06,-0.68,0.31,0.07,-0.7,-0.2,-0.08,0,0,-18.00
2012-05-11T22:00:00,0.32,-0.31,0.14,-0.75,0.16,0.18,-0.69,-0.18,-0.03,0,0,-19.00
2012-05-11T23:00:00,0.25,-0.53,0.06,-0.77,-0.17,0.16,-0.73,-0.2,-0.11,0,0,-19.00
2012-05-12T00:00:00,0.34,-0.3,-0.29,-0.65,0.1,-0.74,-0.7,-0.18,-0.11,0,0,-20.00
2012-05-12T01:00:00,0.14,-0.42,-0.1,-0.73,-0.44,-0.97,0.02,-0.21,0.24,0,0,-20.00
2012-05-12T02:00:00,-0.11,-0.68,0.13,-0.87,-0.72,-0.08,-0.75,-0.21,-0.14,0,0,-19.00
2012-05-12T03:00:00,-0.01,-0.75,0.2,-0.81,-0.63,-0.18,-0.77,-0.28,-0.16,0,0,-18.00
2012-05-12T04:00:00,0.37,-0.42,-0.24,-0.74,-0.23,-0.42,-0.78,-0.2,-0.14,0,0,-17.00
2012-05-12T05:00:00,0.33,-0.5,0.08,-0.83,-0.56,0.44,-0.76,0.04,-0.08,0,0,-14.00
2012-05-12T06:00:00,0.35,-0.33,-0.13,-0.84,-0.13,-0.4,-0.75,-0.03,-0.07,0,0,-14.00
2012-05-12T07:00:00,0.38,-0.31,-0.02,-0.82,-0.08,0.24,-0.74,-0.05,-0.05,0,0,-16.00
2012-05-12T08:00:00,0.3,-0.49,-0.02,-0.83,-0.62,-0.0,-0.75,-0.1,-0.1,0,0,-15.00
2012-05-12T09:00:00,0.37,-0.14,0.06,-0.81,0.38,0.17,-0.73,-0.11,0.03,0,0,-16.00
2012-05-12T10:00:00,0.55,0.08,0.08,-0.62,0.85,0.1,-0.75,-0.25,-0.12,0,0,-11.00
2012-05-12T11:00:00,0.24,-0.14,-0.25,-0.88,0.15,-1.07,-0.73,-0.02,-0.02,0,0,-11.00
2012-05-12T12:00:00,0.46,0.04,-0.16,-0.73,0.47,-0.79,-0.72,-0.11,-0.07,0,0,-13.00
2012-05-12T13:00:00,0.66,-0.1,0.38,-0.95,0.06,1.23,-0.46,0.47,0.04,0,0,-16.00
2012-05-12T14:00:00,0.8,-0.36,-0.05,-0.89,-0.64,0.05,-0.46,0.5,-0.02,0,0,-15.00
2012-05-12T15:00:00,0.92,-0.21,-0.19,-0.73,-1.17,-0.2,-0.44,0.56,-0.04,0,0,-8.00
2012-05-12T16:00:00,0.48,-0.71,0.27,-0.83,-1.34,0.71,-0.4,0.3,-0.03,0,0,-6.00
2012-05-12T17:00:00,0.57,-0.17,0.09,-0.68,-0.63,0.09,-0.4,0.34,0.19,0,0,-5.00
2012-05-12T18:00:00,0.67,-0.34,0.02,-0.5,-0.66,0.1,-0.39,0.22,0.02,0,0,-1.00
2012-05-12T19:00:00,0.7,-0.43,-0.01,-0.42,-1.0,0.03,-0.46,0.24,-0.03,0,0,-2.00
2012-05-12T20:00:00,0.19,-0.76,-0.32,-0.46,-1.14,-0.17,-0.54,0.07,-0.1,0,0,-7.00
2012-05-12T21:00:00,0.32,-0.37,-0.51,-0.34,-0.95,-0.35,-0.52,-0.1,-0.11,0,0,-7.00
2012-05-12T22:00:00,0.21,-0.42,0.19,-0.33,-0.96,0.51,-0.44,-0.22,0.04,0,0,-7.00
2012-05-12T23:00:00,0.14,-0.4,-0.62,-0.12,-1.09,-0.52,-0.56,-0.32,-0.15,0,0,-9.00
2012-05-13T00:00:00,0.26,-0.32,-0.62,-0.01,-0.82,-0.38,-0.58,-0.39,-0.16,0,0,-9.00
2012-05-13T01:00:00,0.22,-0.29,-0.63,-0.07,-0.76,-0.63,-0.52,-0.33,-0.15,0,0,-14.00
2012-05-13T02:00:00,0.25,-0.39,-0.31,-0.02,-0.78,-0.41,-0.53,-0.26,-0.09,0,0,-19.00
2012-05-13T03:00:00,0.25,-0.31,0.04,0.1,-0.68,-0.2,-0.51,-0.18,0.15,0,0,-28.00
2012-05-13T04:00:00,0.72,0.13,0.18,0.17,-0.22,0.05,-0.33,-0.11,-0.05,0,0,-34.00
2012-05-13T05:00:00,0.41,-0.36,-0.46,0.1,-0.13,-0.51,-0.5,-0.17,-0.12,0,0,-30.00
2012-05-13T06:00:00,0.62,-0.08,-0.47,0.22,0.26,-0.64,-0.43,-0.21,-0.12,0,0,-22.00
2012-05-13T07:00:00,0.58,0.35,-0.37,0.24,0.42,-0.38,-0.46,-0.24,-0.13,0,0,-23.00
2012-05-13T08:00:00,0.63,0.25,-0.3,0.29,0.14,-0.27,-0.51,-0.27,-0.13,0,0,-27.00
2012-05-13T09:00:00,0.55,-0.16,-0.57,0.22,-0.4,-0.6,-0.46,-0.28,-0.15,0,0,-28.00
2012-05-13T10:00:00,0.63,0.08,-0.51,0.27,-0.42,-0.64,-0.43,-0.27,-0.14,0,0,-24.00
2012-05-13T11:00:00,0.45,0.42,-0.4,0.26,0.22,-0.44,-0.5,-0.27,-0.13,0,0,-21.00
2012-05-13T12:00:00,0.48,0.35,-0.47,0.27,0.19,-0.38,-0.52,-0.34,-0.15,0,0,-27.00
2012-05-13T13:00:00,0.42,0.63,-0.32,0.25,0.58,-0.38,-0.55,-0.35,-0.16,0,0,-35.00
2012-05-13T14:00:00,0.32,0.39,-0.29,0.22,0.4,-0.55,-0.53,-0.35,-0.13,0,0,-35.00
2012-05-13T15:00:00,0.48,0.54,0.04,0.22,0.74,-0.31,-0.45,-0.25,-0.1,0,0,-34.00
2012-05-13T16:00:00,0.24,0.46,0.03,-0.03,0.71,-0.42,-0.38,-0.15,0.04,0,0,-31.00
2012-05-13T17:00:00,-0.38,-0.63,-0.36,-0.32,-0.34,-0.74,-0.29,-0.15,-0.1,0,0,-27.00
2012-05-13T18:00:00,-0.23,-0.62,-0.38,-0.29,-0.41,-0.82,-0.3,-0.19,-0.1,0,0,-18.00
2012-05-13T19:00:00,-0.57,-0.26,-0.23,-0.37,-0.24,-0.8,-0.38,-0.23,-0.08,0,0,-14.00
2012-05-13T20:00:00,0.06,-0.36,-0.24,-0.05,-0.13,-0.62,-0.29,-0.15,0.11,0,0,-18.00
2012-05-13T21:00:00,-0.4,-0.57,-0.17,-0.18,-0.44,-0.59,-0.35,-0.28,-0.1,0,0,-19.00
2012-05-13T22:00:00,0.12,-0.44,-0.48,0.07,-0.07,-0.86,-0.44,-0.34,-0.13,0,0,-15.00
