2012-08-30T19:00:00,0.46,-0.12,0.08,0.5,0.6,-0.02,-0.55,-0.5,-0.13,0,1,2.00
2012-08-30T20:00:00,0.46,-0.23,0.06,0.53,0.71,0.28,-0.53,-0.56,-0.16,0,1,1.00
2012-08-30T21:00:00,0.45,-0.28,0.09,0.57,0.65,0.36,-0.55,-0.57,-0.16,0,1,0.00
2012-08-30T22:00:00,0.42,-0.36,0.1,0.64,0.63,0.29,-0.52,-0.57,-0.16,0,1,0.00
2012-08-30T23:00:00,0.36,-0.37,0.16,0.69,0.46,0.47,-0.48,-0.56,-0.16,0,1,-3.00
2012-08-31T00:00:00,0.34,-0.39,0.18,0.72,0.4,0.2,-0.48,-0.58,-0.16,0,1,-3.00
2012-08-31T01:00:00,0.33,-0.38,0.18,0.79,0.37,0.37,-0.47,-0.58,-0.16,0,1,-2.00
2012-08-31T02:00:00,0.36,-0.4,0.16,0.84,0.27,0.51,-0.55,-0.58,-0.17,0,1,-1.00
2012-08-31T03:00:00,0.34,-0.39,0.19,0.89,0.26,0.45,-0.54,-0.58,-0.17,0,1,2.00
2012-08-31T04:00:00,0.36,-0.43,0.22,0.98,0.12,0.4,-0.68,-0.55,-0.17,0,1,6.00
2012-08-31T05:00:00,0.0,-0.13,0.25,1.0,0.02,0.39,-0.54,-0.53,0.0,0,1,9.00
2012-08-31T06:00:00,-0.36,0.14,0.15,1.02,-0.15,0.62,-0.43,-0.56,-0.13,0,0,7.00
2012-08-31T07:00:00,-0.01,-0.13,0.17,1.15,-0.33,0.72,-0.38,-0.56,0.2,0,0,6.00
2012-08-31T08:00:00,0.29,-0.28,0.3,1.23,-0.32,0.88,-0.35,-0.57,-0.14,0,0,5.00
2012-08-31T09:00:00,0.21,-0.35,-0.07,1.22,-0.42,0.69,-0.32,-0.56,-0.12,0,0,5.00
2012-08-31T10:00:00,0.26,-0.3,-0.01,1.28,-0.64,0.65,-0.38,-0.56,-0.12,0,0,4.00
2012-08-31T11:00:00,0.29,-0.37,0.23,1.34,-0.73,0.78,-0.46,-0.56,-0.15,0,0,3.00
2012-08-31T12:00:00,0.31,-0.32,0.26,1.38,-0.55,0.8,-0.43,-0.56,-0.15,0,0,1.00
2012-08-31T13:00:00,0.35,-0.29,0.22,1.41,-0.58,0.64,-0.42,-0.57,-0.15,0,0,-4.00
2012-08-31T14:00:00,0.36,-0.24,0.28,1.42,-0.51,0.61,-0.44,-0.57,-0.15,0,0,-3.00
2012-08-31T15:00:00,0.37,-0.16,0.3,1.44,-0.48,0.61,-0.42,-0.57,-0.15,0,0,1.00
2012-08-31T16:00:00,0.36,-0.11,0.31,1.44,-0.46,0.55,-0.38,-0.58,-0.15,0,0,4.00
2012-08-31T17:00:00,0.24,-0.14,0.22,1.45,-0.5,0.43,-0.12,-0.6,-0.11,0,0,5.00
2012-08-31T18:00:00,0.17,-0.15,0.2,1.48,-0.55,0.36,-0.02,-0.6,-0.07,0,0,8.00
2012-08-31T19:00:00,0.2,-0.09,0.1,1.5,-0.6,0.43,-0.03,-0.61,-0.02,0,0,10.00
2012-08-31T20:00:00,0.0,-0.01,-0.11,1.56,-0.62,0.43,-0.02,-0.6,-0.03,0,0,14.00
2012-08-31T21:00:00,-0.06,-0.01,-0.22,1.6,-0.55,0.48,-0.08,-0.6,-0.13,0,0,16.00
2012-08-31T22:00:00,-0.06,-0.06,-0.22,1.6,-0.46,0.53,0.0,-0.6,-0.12,0,0,16.00
2012-08-31T23:00:00,-0.13,-0.12,-0.27,1.56,-0.28,0.39,0.28,-0.6,-0.14,0,0,16.00
2012-09-01T00:00:00,-0.21,-0.3,-0.41,1.45,-0.15,0.38,0.99,-0.59,-0.15,0,0,---
2012-09-01T01:00:00,-0.12,-0.29,-0.31,1.46,-0.12,0.4,1.72,-0.59,-0.1,0,0,8.00
2012-09-01T02:00:00,0.19,0.28,0.09,1.5,-0.21,0.24,1.98,-0.58,0.09,0,0,12.00
2012-09-01T03:00:00,0.37,0.57,0.21,1.53,-0.19,0.22,1.24,-0.58,-0.13,0,0,16.00
2012-09-01T04:00:00,0.27,0.34,0.1,1.55,-0.18,0.19,1.82,-0.56,0.06,0,0,15.00
2012-09-01T05:00:00,0.05,0.13,0.04,1.57,-0.22,0.32,2.04,-0.56,1.94,0,0,14.00
2012-09-01T06:00:00,0.23,0.54,0.03,1.58,-0.17,0.22,2.31,-0.58,-0.06,0,0,9.00
2012-09-01T07:00:00,0.07,0.58,0.06,1.42,-0.12,0.19,2.16,-0.56,-0.04,0,0,6.00
2012-09-01T08:00:00,0.3,1.08,-0.3,1.38,-0.21,0.19,0.44,-0.58,-0.18,0,1,7.00
2012-09-01T09:00:00,0.47,0.88,-0.64,1.39,0.0,-0.04,0.08,-0.58,-0.18,0,1,6.00
2012-09-01T10:00:00,0.43,0.95,-0.48,1.41,-0.11,-0.11,-0.14,-0.58,-0.19,0,1,-1.00
2012-09-01T11:00:00,0.2,1.1,-0.28,1.39,-0.21,0.0,-0.3,-0.59,-0.19,0,1,-6.00
2012-09-01T12:00:00,0.33,1.07,-0.34,1.38,-0.09,0.1,-0.44,-0.59,-0.19,0,1,-14.00
2012-09-01T13:00:00,0.27,1.08,-0.32,1.35,0.04,0.22,-0.47,-0.58,-0.19,0,1,-19.00
2012-09-01T14:00:00,0.19,1.18,-0.1,1.35,0.02,0.15,-0.52,-0.58,-0.19,0,1,-20.00
2012-09-01T15:00:00,0.33,1.12,-0.27,1.34,0.09,0.15,-0.56,-0.58,-0.19,0,1,-19.00
2012-09-01T16:00:00,0.27,1.15,-0.22,1.37,0.19,0.13,-0.53,-0.57,-0.19,0,1,-17.00
2012-09-01T17:00:00,0.24,1.17,-0.1,1.36,0.17,0.06,-0.49,-0.56,-0.19,0,1,-15.00
2012-09-01T18:00:00,0.46,1.13,0.04,1.39,0.15,0.06,-0.53,-0.56,-0.19,0,1,-10.00
2012-09-01T19:00:00,0.27,1.14,-0.09,1.43,0.04,0.09,-0.53,-0.56,-0.19,0,1,-5.00
2012-09-01T20:00:00,0.3,1.12,-0.23,1.42,-0.05,0.3,-0.5,-0.56,-0.19,0,1,0.00
2012-09-01T21:00:00,0.44,1.06,-0.41,1.42,-0.04,0.44,-0.24,-0.57,-0.19,0,0,3.00
2012-09-01T22:00:00,0.34,1.07,-0.54,1.45,0.04,0.51,-0.32,-0.58,-0.19,0,0,1.00
2012-09-01T23:00:00,0.36,1.02,-0.68,1.47,-0.04,0.34,-0.35,-0.59,-0.19,0,0,3.00
2012-09-02T00:00:00,0.14,0.95,-0.51,1.5,-0.06,0.12,-0.12,-0.59,-0.19,0,0,-3.00
2012-09-02T01:00:00,0.15,0.84,-0.58,1.5,-0.01,0.07,0.03,-0.59,-0.18,0,0,-8.00
2012-09-02T02:00:00,0.22,0.55,-0.87,1.49,-0.22,0.11,-0.01,-0.59,-0.19,0,0,-13.00
2012-09-02T03:00:00,0.24,0.17,-0.93,1.5,-0.34,-0.15,0.31,-0.59,-0.18,0,0,-14.00
2012-09-02T04:00:00,0.27,0.37,-0.93,1.49,-0.35,-0.0,0.32,-0.57,-0.18,0,0,-14.00
2012-09-02T05:00:00,0.37,0.71,-0.69,1.51,-0.11,0.1,0.5,-0.57,-0.18,0,0,-17.00
2012-09-02T06:00:00,0.35,0.42,-0.84,1.51,-0.1,0.11,0.38,-0.56,-0.18,0,0,-23.00
2012-09-02T07:00:00,0.02,1.02,-0.54,1.48,0.05,0.54,0.27,-0.56,-0.18,0,0,-32.00
2012-09-02T08:00:00,-0.01,0.72,-0.55,1.48,0.24,0.45,0.24,-0.55,-0.17,0,0,-34.00
2012-09-02T09:00:00,0.1,0.29,-0.92,1.43,0.08,0.19,0.2,-0.56,-0.18,0,0,-31.00
2012-09-02T10:00:00,-0.08,0.7,-0.71,1.43,-0.1,-0.18,0.48,-0.51,-0.16,0,0,-27.00
2012-09-02T11:00:00,0.13,0.33,-0.89,1.41,0.04,-0.18,0.64,-0.51,-0.16,0,0,-21.00
2012-09-02T12:00:00,0.13,0.47,-0.98,1.4,-0.02,-0.02,0.33,-0.52,-0.17,0,0,-27.00
2012-09-02T13:00:00,0.27,0.17,-1.04,1.41,0.04,0.12,0.41,-0.52,-0.17,0,0,-33.00
2012-09-02T14:00:00,0.2,-0.4,-1.05,1.45,0.08,0.05,0.49,-0.53,-0.17,0,0,-39.00
2012-09-02T15:00:00,0.2,-0.41,-1.04,1.48,0.48,-0.14,0.73,-0.51,-0.17,0,0,-40.00
2012-09-02T16:00:00,0.27,0.46,-0.96,1.45,0.01,-0.13,0.68,-0.5,-0.16,0,0,-42.00
2012-09-02T17:00:00,0.19,0.29,-1.04,1.51,0.09,-0.03,0.63,-0.5,-0.17,0,0,-47.00
2012-09-02T18:00:00,0.61,0.4,-1.0,1.47,0.03,-0.22,0.63,-0.54,-0.18,0,0,-53.00
2012-09-02T19:00:00,0.58,0.11,-1.06,1.49,0.17,-0.23,0.72,-0.55,-0.18,0,0,-53.00
2012-09-02T20:00:00,0.32,-0.17,-1.16,1.54,0.13,-0.07,0.63,-0.56,-0.18,0,0,-45.00
2012-09-02T21:00:00,0.32,-0.11,-1.15,1.54,0.04,0.01,0.87,-0.59,-0.18,0,0,-41.00
2012-09-02T22:00:00,0.41,-0.07,-1.09,1.52,0.05,0.02,0.9,-0.59,-0.18,0,0,-48.00
2012-09-02T23:00:00,0.47,-0.05,-1.2,1.56,0.18,-0.03,0.55,-0.59,-0.19,0,0,-49.00
2012-09-03T00:00:00,0.43,0.09,-1.2,1.59,0.54,-0.14,1.32,-0.59,-0.18,0,0,-54.00
2012-09-03T01:00:00,0.49,0.11,-1.16,1.6,0.08,-0.11,0.8,-0.59,-0.18,0,0,-54.00
2012-09-03T02:00:00,0.18,-0.61,-0.99,1.62,0.19,-0.36,1.3,-0.54,-0.17,0,0,-52.00
2012-09-03T03:00:00,0.25,-0.03,-1.21,1.59,-0.17,-0.13,0.77,-0.58,-0.18,0,0,-52.00
2012-09-03T04:00:00,0.14,-0.17,-1.04,1.6,-0.14,-0.24,0.81,-0.54,-0.17,0,0,-53.00
2012-09-03T05:00:00,0.34,-0.16,-1.1,1.59,-0.09,-0.41,0.77,-0.5,-0.17,0,0,-60.00
2012-09-03T06:00:00,0.6,0.48,-0.82,1.58,-0.26,-0.04,1.01,-0.54,-0.17,0,0,-66.00
2012-09-03T07:00:00,0.32,0.36,-1.06,1.61,-0.37,0.07,0.77,-0.49,-0.16,0,0,-70.00
2012-09-03T08:00:00,0.19,0.32,-1.05,1.64,-0.38,0.02,0.79,-0.48,-0.16,0,0,-70.00
2012-09-03T09:00:00,0.19,0.68,-0.49,1.66,-0.03,0.15,1.01,-0.43,-0.1,0,0,-67.00
2012-09-03T10:00:00,0.94,0.7,-0.1,1.56,-0.18,0.32,1.18,-0.42,-0.12,0,0,-71.00
2012-09-03T11:00:00,0.22,1.81,-1.31,0.93,-0.55,-0.1,3.21,0.14,-0.08,0,0,-74.00
2012-09-03T12:00:00,-0.52,2.25,-1.46,0.46,-0.98,-0.16,3.81,0.27,-0.09,0,0,-69.00
2012-09-03T13:00:00,-0.42,1.64,-1.22,0.44,-1.23,0.08,4.06,0.13,-0.04,0,0,-44.00
2012-09-03T14:00:00,-0.64,1.68,-0.99,0.43,-0.96,0.84,3.83,-0.01,-0.06,0,0,-50.00
2012-09-03T15:00:00,0.27,-0.35,-0.33,0.51,-1.14,1.57,3.88,0.11,1.71,0,0,-59.00
2012-09-03T16:00:00,0.14,-2.0,-0.12,0.4,-1.11,2.12,3.11,0.15,-0.02,0,0,-62.00
2012-09-03T17:00:00,-0.11,-0.97,-1.56,0.45,-1.12,1.69,2.37,0.16,-0.07,0,0,-59.00
2012-09-03T18:00:00,0.53,-1.4,0.66,0.52,-0.99,1.94,2.0,0.31,0.03,0,0,-58.00
2012-09-03T19:00:00,0.15,-0.93,1.97,0.6,-0.78,1.88,1.83,0.34,-0.09,0,0,-58.00
2012-09-03T20:00:00,0.36,-0.48,-0.33,0.52,-0.46,1.37,2.49,0.08,0.76,0,0,-66.00
2012-09-03T21:00:00,0.28,-0.97,0.21,0.46,-0.2,1.03,1.59,0.78,0.58,0,0,-63.00
2012-09-03T22:00:00,-0.47,2.02,1.27,0.33,0.77,1.81,1.27,-0.05,-0.15,0,0,-50.00
2012-09-03T23:00:00,-0.25,1.14,1.24,0.3,1.42,0.66,2.51,-0.32,-0.12,0,0,-56.00
2012-09-04T00:00:00,-0.69,-0.27,-0.31,0.52,0.5,1.22,1.82,0.0,0.32,0,0,-53.00
2012-09-04T01:00:00,-1.08,0.51,0.02,0.6,-0.01,0.82,1.25,0.24,0.1,0,0,-39.00
2012-09-04T02:00:00,-0.5,1.05,0.41,0.51,-0.16,-0.02,0.94,0.36,0.07,0,0,-35.00
2012-09-04T03:00:00,-0.46,0.58,-0.5,0.52,0.17,-0.55,0.79,0.31,0.16,0,0,-44.00
2012-09-04T04:00:00,-0.23,0.63,-0.73,0.54,0.8,-0.83,0.44,0.21,-0.0,0,0,-50.00
2012-09-04T05:00:00,-0.62,0.56,-0.82,0.57,0.82,-0.6,0.13,0.21,-0.08,0,0,-46.00
2012-09-04T06:00:00,-0.22,-0.34,-0.53,0.59,-0.91,-0.35,0.65,-0.21,0.03,0,0,-52.00
2012-09-04T07:00:00,-0.13,0.24,0.21,0.61,-1.61,-0.61,0.99,-0.19,1.5,0,0,-62.00
2012-09-04T08:00:00,0.2,-0.73,-0.08,0.69,-2.03,-0.78,1.21,-0.32,0.07,0,0,-63.00
2012-09-04T09:00:00,0.57,-0.11,0.61,0.65,-1.82,-0.78,0.79,-0.32,-0.03,0,0,-59.00
2012-09-04T10:00:00,0.71,0.09,0.82,0.53,-0.86,-0.67,0.58,-0.31,-0.11,0,0,-47.00
2012-09-04T11:00:00,0.66,0.25,0.92,0.53,-0.29,-0.96,0.33,-0.42,-0.15,0,0,-39.00
2012-09-04T12:00:00,0.79,1.34,0.78,0.63,0.61,-1.21,0.32,-0.56,-0.18,0,0,-38.00
2012-09-04T13:00:00,0.91,1.12,0.94,0.72,0.13,-0.05,0.08,-0.53,-0.18,0,0,-45.00
2012-09-04T14:00:00,-0.42,1.09,-0.19,0.26,0.09,-1.61,0.42,-0.55,-0.17,0,0,-40.00
2012-09-04T15:00:00,0.87,0.73,0.18,0.81,-0.05,-0.56,0.43,-0.53,-0.17,0,0,-38.00
2012-09-04T16:00:00,-0.07,1.09,-0.12,0.55,0.67,-0.69,0.13,-0.54,-0.17,0,0,-28.00
2012-09-04T17:00:00,-0.59,0.99,0.02,0.4,0.65,-0.09,-0.16,-0.56,-0.18,0,1,-23.00
2012-09-04T18:00:00,-1.02,0.57,0.39,0.33,0.06,0.48,-0.01,-0.57,-0.18,0,1,-28.00
2012-09-04T19:00:00,-1.19,0.33,0.2,0.27,-0.14,-0.13,-0.16,-0.56,-0.18,0,1,-31.00
2012-09-04T20:00:00,-1.08,0.34,-0.21,0.25,-0.33,-0.93,-0.37,-0.54,-0.18,0,1,-33.00
2012-09-04T21:00:00,-1.11,0.58,-0.19,0.39,0.52,-0.02,-0.61,-0.52,-0.19,0,1,-36.00
2012-09-04T22:00:00,-1.58,0.84,-0.76,0.1,0.16,1.03,-0.16,-0.37,-0.18,0,1,-37.00
2012-09-04T23:00:00,-1.65,0.88,-0.71,0.08,0.35,1.23,0.15,-0.22,-0.17,0,1,-35.00
2012-09-05T00:00:00,-1.37,0.91,-0.9,-0.18,0.15,1.25,0.22,-0.15,-0.16,0,0,-34.00
2012-09-05T01:00:00,-0.85,0.7,-0.61,-0.39,0.34,1.37,0.41,0.44,-0.02,0,0,-40.00
2012-09-05T02:00:00,-1.18,0.39,-0.08,-0.35,-0.29,0.81,1.12,1.26,0.35,0,0,-44.00
2012-09-05T03:00:00,-1.48,-0.07,0.11,-0.26,0.01,0.5,1.2,1.3,0.23,0,0,-48.00
2012-09-05T04:00:00,-0.12,0.12,-0.0,-0.59,-0.46,0.02,1.19,0.74,14.94,0,0,-44.00
2012-09-05T05:00:00,-0.07,0.49,1.26,-0.54,0.19,-0.89,1.01,0.26,-0.02,0,0,-49.00
2012-09-05T06:00:00,-0.48,2.62,-0.01,-0.48,-0.79,-0.72,0.52,-0.51,-0.19,0,0,-68.00
2012-09-05T07:00:00,-0.69,2.54,-0.03,-0.18,-0.42,-0.8,-0.43,-0.51,-0.19,0,1,-59.00
2012-09-05T08:00:00,-0.65,2.4,-0.24,-0.25,-0.36,-0.96,-0.06,-0.48,-0.19,0,1,-67.00
2012-09-05T09:00:00,-1.28,1.56,0.32,-0.43,0.2,0.12,0.8,-0.36,-0.17,0,1,-65.00
2012-09-05T10:00:00,-1.02,1.44,0.42,-0.35,0.7,-0.54,0.19,-0.47,-0.18,0,1,-48.00
2012-09-05T11:00:00,-1.04,1.26,0.62,-0.36,0.11,-0.56,0.12,-0.49,-0.18,0,1,-42.00
2012-09-05T12:00:00,-1.24,0.81,0.69,-0.2,0.15,-0.5,-0.11,-0.46,-0.18,0,1,-41.00
2012-09-05T13:00:00,-1.1,1.01,0.63,-0.17,-0.13,-0.63,-0.34,-0.41,-0.18,0,1,-41.00
2012-09-05T14:00:00,-0.87,1.13,0.64,-0.14,-0.67,-0.72,-0.5,-0.35,-0.18,0,1,-46.00
2012-09-05T15:00:00,-1.11,0.75,0.9,-0.29,-0.8,-0.81,-0.26,-0.48,-0.18,0,1,-45.00
2012-09-05T16:00:00,-1.42,0.2,0.89,-0.22,-0.49,-0.97,-0.5,-0.54,-0.19,0,1,-38.00
2012-09-05T17:00:00,-1.13,-0.55,0.2,-0.06,-0.42,-1.08,0.44,-0.45,-0.15,0,1,-39.00
2012-09-05T18:00:00,0.08,-0.92,-0.26,0.15,-0.04,-1.33,0.97,-0.45,-0.11,0,0,-26.00
2012-09-05T19:00:00,0.17,-0.74,-0.18,0.13,0.24,-1.19,0.73,-0.4,-0.05,0,0,-28.00
2012-09-05T20:00:00,0.17,-0.49,-0.16,0.2,0.46,-1.12,0.67,-0.34,0.13,0,0,-39.00
2012-09-05T21:00:00,0.39,-0.45,0.12,0.18,0.06,-1.21,0.54,-0.34,0.1,0,0,-39.00
2012-09-05T22:00:00,-0.16,-0.22,-0.09,0.21,-0.59,-1.43,1.61,-0.46,0.8,0,0,-33.00
2012-09-05T23:00:00,0.23,-0.16,0.21,0.24,-0.45,-0.86,1.71,-0.42,1.15,0,0,-27.00
2012-09-06T00:00:00,-0.27,-0.01,0.32,0.43,-0.47,-1.13,2.13,-0.51,0.33,0,0,-18.00
2012-09-06T01:00:00,-0.53,-0.44,-0.31,0.32,-0.12,-1.15,1.65,-0.38,0.03,0,0,-18.00
2012-09-06T02:00:00,0.44,-0.93,1.19,0.21,-0.97,-1.28,-0.29,-0.37,-0.18,0,0,-17.00
2012-09-06T03:00:00,0.46,-0.57,1.56,0.29,-0.4,0.27,-0.31,-0.58,-0.19,0,1,-21.00
2012-09-06T04:00:00,0.55,-0.87,1.47,0.37,-0.48,-0.78,0.35,-0.59,-0.19,0,1,-36.00
2012-09-06T05:00:00,0.67,-0.68,1.51,0.33,-0.34,-0.38,-0.65,-0.56,-0.19,0,1,-31.00
2012-09-06T06:00:00,0.52,-0.84,1.47,0.3,-0.4,-0.15,-0.63,-0.57,-0.19,0,1,-34.00
2012-09-06T07:00:00,0.25,-0.88,1.45,0.37,-0.22,-0.5,-0.42,-0.56,-0.19,0,1,-35.00
2012-09-06T08:00:00,0.1,-0.9,1.38,0.45,0.08,-0.37,-0.36,-0.56,-0.19,0,1,-32.00
2012-09-06T09:00:00,-0.0,-1.03,1.26,0.51,0.16,-0.55,-0.52,-0.53,-0.19,0,1,-29.00
2012-09-06T10:00:00,-0.12,-1.14,1.13,0.58,0.2,-0.98,-0.8,-0.49,-0.19,0,1,-27.00
2012-09-06T11:00:00,-0.17,-1.1,1.08,0.61,0.22,-0.86,-0.79,-0.49,-0.19,0,1,-28.00
2012-09-06T12:00:00,-0.27,-1.17,0.93,0.64,0.22,-0.37,-0.81,-0.39,-0.19,0,1,-32.00
2012-09-06T13:00:00,-0.23,-1.17,0.88,0.69,0.39,-0.21,-0.86,-0.4,-0.19,0,1,-33.00
2012-09-06T14:00:00,-0.24,-1.18,0.83,0.73,0.54,-0.53,-0.89,-0.4,-0.19,0,1,-32.00
2012-09-06T15:00:00,-0.36,-1.19,0.4,0.74,-0.01,-0.25,-0.64,-0.41,-0.18,0,1,-30.00
2012-09-06T16:00:00,-0.44,-0.88,-0.19,0.72,-0.13,-0.66,0.72,-0.42,-0.11,0,0,-31.00
2012-09-06T17:00:00,-0.4,-0.92,-0.08,0.84,-0.35,-0.33,0.96,-0.42,-0.11,0,0,-23.00
2012-09-06T18:00:00,-0.39,-1.09,0.09,0.79,-0.4,0.11,-0.25,-0.43,-0.17,0,0,-15.00
2012-09-06T19:00:00,-0.29,-1.27,0.1,0.74,-0.39,-1.29,-0.9,-0.42,-0.19,0,1,-18.00
2012-09-06T20:00:00,-0.44,-1.2,-0.16,0.79,-0.55,-0.88,-0.94,-0.51,-0.19,0,1,-25.00
2012-09-06T21:00:00,-0.26,-1.22,-0.08,0.82,-0.67,-0.38,-0.94,-0.46,-0.19,0,1,-31.00
2012-09-06T22:00:00,-0.25,-1.16,-0.04,0.87,-0.64,0.3,-0.88,-0.34,-0.19,0,1,-31.00
2012-09-06T23:00:00,-0.17,-1.06,0.04,0.95,-0.81,1.34,-0.73,-0.27,-0.17,0,1,-31.00
2012-09-07T00:00:00,-0.22,-1.06,0.18,0.86,-0.57,0.42,-0.71,-0.43,-0.18,0,0,-30.00
2012-09-07T01:00:00,-0.48,-0.54,-0.16,0.86,-0.9,0.22,-0.45,-0.47,-0.16,0,0,-26.00
2012-09-07T02:00:00,-0.57,-0.15,-0.64,0.91,-0.77,-0.21,-0.3,-0.5,-0.17,0,0,-22.00
2012-09-07T03:00:00,-0.68,0.57,0.15,0.89,-0.57,0.39,-0.5,-0.53,-0.18,0,0,-15.00
2012-09-07T04:00:00,-0.65,0.52,-0.37,0.9,-0.49,0.03,-0.42,-0.57,-0.18,0,0,-21.00
2012-09-07T05:00:00,-0.5,0.02,-0.6,0.96,-0.42,0.1,-0.45,-0.54,-0.18,0,0,-28.00
2012-09-07T06:00:00,-0.42,-0.53,-0.68,1.0,0.06,0.43,-0.62,-0.54,-0.19,0,0,-28.00
2012-09-07T07:00:00,-0.32,-0.78,-0.6,0.93,0.18,0.22,-0.56,-0.51,-0.18,0,0,-24.00
2012-09-07T08:00:00,-0.31,-0.72,-0.6,0.97,-0.01,0.24,-0.52,-0.5,-0.18,0,0,-27.00
2012-09-07T09:00:00,-0.27,-0.55,-0.64,1.0,-0.34,0.33,-0.47,-0.48,-0.17,0,0,-31.00
2012-09-07T10:00:00,-0.04,-0.73,-0.59,0.96,-0.13,0.32,-0.46,-0.49,-0.18,0,0,-34.00
2012-09-07T11:00:00,-0.33,-0.46,-0.53,1.08,-0.49,0.53,-0.47,-0.47,-0.17,0,0,-33.00
2012-09-07T12:00:00,-0.53,-0.31,-0.56,1.14,-0.66,0.61,-0.37,-0.42,-0.16,0,0,-34.00
2012-09-07T13:00:00,-0.54,-0.65,-0.33,1.14,-0.06,0.06,-0.31,-0.41,-0.15,0,0,-35.00
2012-09-07T14:00:00,-0.53,-0.42,-0.53,1.12,-0.2,0.39,-0.28,-0.42,-0.16,0,0,-36.00
2012-09-07T15:00:00,-0.55,-0.63,-0.45,1.12,0.17,0.34,-0.3,-0.44,-0.16,0,0,-33.00
2012-09-07T16:00:00,-0.28,-0.46,-0.63,0.97,0.06,0.53,-0.23,-0.44,-0.16,0,0,-33.00
2012-09-07T17:00:00,-0.47,-0.52,-0.47,1.07,-0.01,0.45,-0.22,-0.38,-0.14,0,0,-33.00
2012-09-07T18:00:00,-0.66,0.11,-0.38,1.14,-0.67,0.35,-0.19,-0.38,-0.13,0,0,-35.00
2012-09-07T19:00:00,-0.26,-0.58,-0.46,0.99,0.24,0.29,-0.23,-0.39,-0.14,0,0,-37.00
2012-09-07T20:00:00,-0.01,-0.63,-0.52,0.87,0.53,0.16,-0.2,-0.41,-0.15,0,0,-35.00
2012-09-07T21:00:00,-0.02,-0.58,-0.62,0.83,0.71,0.31,-0.16,-0.38,-0.15,0,0,-35.00
2012-09-07T22:00:00,0.27,-0.83,-0.41,0.76,0.91,0.38,-0.18,-0.35,-0.14,0,0,-31.00
2012-09-07T23:00:00,-0.17,-0.57,-0.42,0.9,0.59,0.49,-0.13,-0.24,-0.08,0,0,-33.00
2012-09-08T00:00:00,-0.65,0.27,-0.33,0.98,0.02,0.36,-0.2,-0.2,-0.09,0,0,-38.00
2012-09-08T01:00:00,-0.6,0.13,-0.4,1.03,0.26,-0.09,-0.22,-0.19,-0.08,0,0,-41.00
2012-09-08T02:00:00,-0.58,0.64,0.1,0.93,-0.11,-0.3,-0.24,-0.24,-0.11,0,0,-35.00
2012-09-08T03:00:00,-0.58,0.5,-0.42,0.93,0.24,0.5,-0.26,-0.28,-0.13,0,0,-33.00
2012-09-08T04:00:00,-0.44,0.78,0.18,0.88,-0.2,-0.71,-0.31,-0.31,-0.13,0,0,-31.00
2012-09-08T05:00:00,-0.44,0.83,-0.0,0.92,-0.45,-0.28,-0.41,-0.39,-0.16,0,0,-35.00
2012-09-08T06:00:00,-0.55,0.62,-0.23,1.0,-0.37,0.05,-0.4,-0.41,-0.16,0,0,-35.00
2012-09-08T07:00:00,-0.53,0.1,-0.58,0.98,0.14,0.57,-0.36,-0.42,-0.16,0,0,-32.00
2012-09-08T08:00:00,-0.35,-0.11,-0.43,0.89,0.13,0.14,-0.31,-0.42,-0.12,0,0,-26.00
2012-09-08T09:00:00,-0.54,0.18,-0.45,0.95,-0.08,0.14,-0.23,-0.41,-0.14,0,0,-22.00
2012-09-08T10:00:00,-0.64,-0.2,-0.28,1.0,0.55,-0.15,-0.22,-0.35,-0.11,0,0,-25.00
2012-09-08T11:00:00,-0.4,-0.07,-0.48,0.93,0.46,0.27,-0.27,-0.36,-0.12,0,0,-28.00
2012-09-08T12:00:00,-0.39,0.4,-0.28,0.95,-0.04,0.16,-0.28,-0.4,-0.12,0,0,-30.00
2012-09-08T13:00:00,-0.22,0.83,0.0,0.91,-0.5,-0.32,-0.38,-0.49,-0.17,0,0,-32.00
2012-09-08T14:00:00,-0.07,0.76,0.08,0.88,-0.33,-0.27,-0.32,-0.47,-0.15,0,0,-34.00
2012-09-08T15:00:00,-0.39,0.14,-0.43,0.98,0.25,0.33,-0.26,-0.43,-0.13,0,0,-33.00
2012-09-08T16:00:00,-0.22,0.25,-0.37,0.95,0.15,0.41,-0.27,-0.4,-0.1,0,0,-28.00
2012-09-08T17:00:00,-0.38,0.43,-0.09,1.01,0.02,0.24,-0.26,-0.33,-0.06,0,0,-26.00
2012-09-08T18:00:00,-0.23,0.58,0.25,0.98,-0.15,-0.24,-0.3,-0.36,-0.1,0,0,-28.00
2012-09-08T19:00:00,-0.33,0.32,-0.03,1.03,0.11,0.16,-0.29,-0.35,-0.01,0,0,-29.00
2012-09-08T20:00:00,-0.35,-0.01,-0.24,0.98,0.56,0.33,-0.26,-0.43,-0.06,0,0,-28.00
2012-09-08T21:00:00,-0.48,-0.22,-0.21,1.03,0.79,0.33,-0.18,-0.39,-0.08,0,0,-26.00
2012-09-08T22:00:00,-0.54,-0.22,0.02,1.08,0.74,-0.02,-0.18,-0.38,-0.05,0,0,-23.00
2012-09-08T23:00:00,-0.48,-0.15,-0.19,1.09,0.72,0.29,-0.22,-0.35,-0.05,0,0,-22.00
2012-09-09T00:00:00,-0.57,0.28,0.05,1.16,0.15,-0.03,-0.19,-0.42,-0.1,0,0,-23.00
2012-09-09T01:00:00,-0.57,-0.22,-0.16,1.17,0.84,0.3,-0.23,-0.39,-0.1,0,0,-22.00
2012-09-09T02:00:00,-0.54,-0.05,0.28,1.19,0.61,-0.69,-0.24,-0.41,-0.08,0,0,-18.00
2012-09-09T03:00:00,-0.25,0.21,0.1,1.08,0.13,-0.19,-0.31,-0.44,0.05,0,0,-13.00
2012-09-09T04:00:00,-0.5,0.15,-0.2,1.19,0.21,0.44,-0.35,-0.46,-0.13,0,0,-10.00
2012-09-09T05:00:00,-0.49,0.22,-0.12,1.21,0.21,0.31,0.32,-0.44,-0.03,0,0,-10.00
2012-09-09T06:00:00,-0.24,0.61,-0.02,1.13,-0.33,0.14,-0.31,-0.47,-0.14,0,0,-12.00
2012-09-09T07:00:00,-0.06,0.67,0.06,1.08,-0.44,-0.13,-0.33,-0.5,-0.15,0,0,-15.00
2012-09-09T08:00:00,-0.15,0.57,0.06,1.11,-0.34,-0.04,-0.36,-0.5,-0.14,0,0,-15.00
2012-09-09T09:00:00,-0.1,0.32,-0.17,1.08,-0.06,0.16,-0.32,-0.47,-0.07,0,0,-16.00
2012-09-09T10:00:00,-0.15,0.51,-0.07,1.12,-0.25,0.17,-0.36,-0.48,-0.12,0,0,-14.00
2012-09-09T11:00:00,-0.42,0.35,0.06,1.24,0.01,-0.06,-0.32,-0.44,-0.1,0,0,-14.00
2012-09-09T12:00:00,-0.52,0.01,-0.22,1.3,0.37,0.42,-0.36,-0.44,-0.12,0,0,-14.00
2012-09-09T13:00:00,-0.46,0.35,-0.16,1.28,-0.23,0.41,-0.44,-0.5,-0.15,0,0,-15.00
2012-09-09T14:00:00,-0.08,0.59,-0.06,1.12,-0.44,0.16,-0.45,-0.51,-0.15,0,0,-13.00
2012-09-09T15:00:00,-0.13,0.54,-0.0,1.13,-0.29,0.09,-0.39,-0.49,-0.13,0,0,-15.00
2012-09-09T16:00:00,-0.2,0.54,0.05,1.16,-0.28,0.05,-0.35,-0.48,-0.13,0,0,-17.00
2012-09-09T17:00:00,-0.15,0.36,-0.15,1.13,0.09,0.38,-0.29,-0.48,-0.09,0,0,-19.00
2012-09-09T18:00:00,-0.32,0.21,-0.36,1.2,0.33,0.78,-0.23,-0.45,-0.11,0,0,-19.00
2012-09-09T19:00:00,-0.27,0.49,0.01,1.19,-0.24,0.04,-0.23,-0.46,-0.11,0,0,-17.00
2012-09-09T20:00:00,-0.03,0.5,0.0,1.1,-0.3,0.05,-0.3,-0.48,-0.11,0,0,-16.00
2012-09-09T21:00:00,-0.54,0.05,-0.26,1.19,0.26,0.29,-0.31,-0.44,-0.13,0,0,-17.00
2012-09-09T22:00:00,-0.71,0.1,-0.07,1.24,0.17,0.15,-0.28,-0.42,-0.13,0,0,-15.00
2012-09-09T23:00:00,-0.12,0.5,0.49,1.05,-0.25,-0.87,-0.25,-0.43,-0.13,0,0,-12.00
2012-09-10T00:00:00,-0.1,0.45,0.54,1.1,-0.34,-1.09,-0.32,-0.42,-0.13,0,0,-14.00
2012-09-10T01:00:00,-0.5,0.29,0.48,1.24,-0.29,-1.04,-0.32,-0.44,-0.14,0,0,-16.00
2012-09-10T02:00:00,-0.54,0.5,0.2,1.26,-0.51,-0.54,-0.21,-0.34,-0.11,0,0,-17.00
2012-09-10T03:00:00,-0.42,0.29,-0.02,1.11,-0.08,-0.25,0.41,-0.4,0.06,0,0,-11.00
2012-09-10T04:00:00,-0.43,0.31,-0.03,1.14,-0.12,-0.36,0.43,-0.44,0.01,0,0,-6.00
2012-09-10T05:00:00,-0.5,0.34,-0.03,1.19,-0.29,-0.39,0.26,-0.44,-0.06,0,0,-8.00
2012-09-10T06:00:00,-0.54,0.43,0.1,1.22,-0.46,-0.43,0.22,-0.55,-0.14,0,0,-6.00
2012-09-10T07:00:00,-0.68,0.47,0.05,1.32,-0.65,-0.44,0.01,-0.55,-0.16,0,0,-6.00
2012-09-10T08:00:00,-0.81,0.42,0.04,1.4,-0.67,-0.32,-0.08,-0.57,-0.18,0,0,-6.00
2012-09-10T09:00:00,-0.84,0.37,0.13,1.44,-0.67,-0.43,-0.13,-0.58,-0.18,0,0,-3.00
2012-09-10T10:00:00,-0.8,0.25,0.34,1.32,-0.89,0.01,0.98,-0.58,-0.16,0,0,-2.00
2012-09-10T11:00:00,-0.54,-0.23,0.49,1.17,-0.26,-0.53,0.31,-0.51,-0.13,0,0,-3.00
2012-09-10T12:00:00,-0.71,0.12,0.27,1.16,-0.29,-0.5,0.68,-0.44,-0.07,0,0,-2.00
2012-09-10T13:00:00,0.35,-0.52,0.24,1.21,-0.24,-0.57,0.74,-0.47,-0.04,0,0,0.00
2012-09-10T14:00:00,0.41,-0.65,0.32,1.23,-0.12,-0.55,0.13,-0.29,-0.06,0,0,-4.00
2012-09-10T15:00:00,0.46,-0.65,0.21,1.25,-0.38,-0.75,0.22,-0.43,-0.11,0,0,1.00
2012-09-10T16:00:00,0.81,-0.16,0.23,1.26,-0.39,-0.81,0.8,-0.57,-0.15,0,0,-2.00
2012-09-10T17:00:00,0.7,-0.35,0.3,1.29,-0.15,-0.85,0.62,-0.56,-0.15,0,0,-9.00
2012-09-10T18:00:00,0.76,-0.34,0.21,1.31,-0.1,-0.86,0.29,-0.55,-0.16,0,0,-12.00
2012-09-10T19:00:00,0.78,-0.3,0.23,1.33,-0.05,-0.86,0.18,-0.55,-0.16,0,0,-5.00
2012-09-10T20:00:00,0.78,-0.26,0.23,1.36,0.23,-0.8,0.08,-0.54,-0.16,0,0,-2.00
2012-09-10T21:00:00,0.79,-0.19,0.22,1.37,0.39,-0.79,0.01,-0.55,-0.16,0,0,-3.00
2012-09-10T22:00:00,0.7,-0.21,0.23,1.43,0.4,-0.77,0.09,-0.51,-0.14,0,0,-6.00
2012-09-10T23:00:00,0.56,-0.37,0.26,1.52,0.31,-0.64,0.17,-0.48,-0.11,0,0,-7.00
2012-09-11T00:00:00,0.66,-0.21,0.24,1.56,0.36,-0.72,0.06,-0.42,-0.09,0,0,-5.00
2012-09-11T01:00:00,0.68,-0.2,0.2,1.61,0.34,-0.67,-0.04,-0.45,-0.11,0,0,-3.00
2012-09-11T02:00:00,0.68,-0.18,0.19,1.6,0.19,-0.66,-0.05,-0.46,-0.12,0,0,-2.00
2012-09-11T03:00:00,0.66,-0.24,0.16,1.62,0.2,-0.71,0.01,-0.45,-0.11,0,0,1.00
2012-09-11T04:00:00,0.59,-0.17,0.08,1.58,0.14,-0.8,0.05,-0.48,-0.09,0,0,4.00
2012-09-11T05:00:00,0.63,-0.19,0.03,1.51,-0.01,-0.57,-0.08,-0.55,-0.15,0,0,5.00
2012-09-11T06:00:00,0.68,-0.15,0.06,1.5,0.0,-0.36,-0.1,-0.57,-0.16,0,0,3.00
2012-09-11T07:00:00,0.66,-0.13,0.04,1.52,-0.04,-0.19,-0.11,-0.57,-0.16,0,0,-1.00
2012-09-11T08:00:00,0.67,-0.14,0.03,1.54,0.0,-0.16,-0.16,-0.53,-0.15,0,0,-3.00
2012-09-11T09:00:00,0.67,-0.26,-0.03,1.53,-0.05,-0.17,-0.13,-0.54,-0.15,0,0,-1.00
2012-09-11T10:00:00,0.71,-0.25,0.01,1.55,-0.04,-0.07,-0.13,-0.56,-0.16,0,0,-3.00
2012-09-11T11:00:00,0.64,-0.35,0.06,1.58,-0.09,-0.02,-0.13,-0.51,-0.14,0,0,-5.00
2012-09-11T12:00:00,0.69,-0.27,-0.03,1.63,0.02,0.01,0.91,-0.5,-0.08,0,0,-4.00
2012-09-11T13:00:00,0.74,-0.3,-0.06,1.72,-0.15,-0.18,-0.35,-0.53,-0.17,0,0,-4.00
2012-09-11T14:00:00,0.65,-0.44,0.02,1.71,-0.44,0.04,-0.31,-0.54,-0.17,0,0,-5.00
2012-09-11T15:00:00,0.57,-0.5,0.13,1.7,-0.55,0.28,-0.25,-0.55,-0.16,0,0,-7.00
2012-09-11T16:00:00,0.67,-0.38,0.15,1.72,-0.39,0.31,-0.14,-0.45,-0.13,0,0,-9.00
2012-09-11T17:00:00,0.77,-0.17,0.12,1.73,-0.1,0.22,-0.14,-0.44,-0.13,0,0,-10.00
2012-09-11T18:00:00,0.8,-0.01,0.16,1.72,0.05,0.21,-0.13,-0.44,-0.13,0,0,-11.00
2012-09-11T19:00:00,0.84,0.03,0.15,1.74,-0.03,0.19,-0.16,-0.45,-0.14,0,0,-12.00
2012-09-11T20:00:00,0.9,-0.11,0.13,1.76,-0.23,0.14,-0.22,-0.49,-0.16,0,0,-11.00
2012-09-11T21:00:00,0.9,-0.08,0.2,1.75,-0.07,0.3,-0.14,-0.49,-0.16,0,0,-10.00
2012-09-11T22:00:00,0.91,-0.0,0.18,1.73,0.05,0.23,0.02,-0.48,-0.15,0,0,-10.00
2012-09-11T23:00:00,0.98,-0.02,0.12,1.81,-0.1,0.24,-0.26,-0.57,-0.18,0,0,-9.00
2012-09-12T00:00:00,0.92,0.07,0.07,1.78,0.03,0.08,0.02,-0.5,-0.15,0,0,-7.00
2012-09-12T01:00:00,0.37,0.32,-0.29,1.68,0.25,-0.26,0.41,-0.54,-0.12,0,0,-5.00
2012-09-12T02:00:00,0.04,0.5,-0.26,1.66,0.39,-0.05,0.62,-0.56,-0.12,0,0,-2.00
2012-09-12T03:00:00,0.1,0.24,-0.44,1.68,0.14,-0.27,0.64,-0.56,-0.13,0,0,-3.00
2012-09-12T04:00:00,0.11,0.35,-0.17,1.71,0.1,0.1,1.12,-0.56,-0.04,0,0,-4.00
2012-09-12T05:00:00,-0.02,0.25,-0.25,1.74,0.15,0.25,1.46,-0.56,-0.0,0,0,-4.00
2012-09-12T06:00:00,-0.15,0.29,-0.2,1.75,0.26,0.31,1.1,-0.56,-0.03,0,0,-6.00
2012-09-12T07:00:00,-0.2,0.22,-0.38,1.76,0.29,0.3,1.46,-0.55,-0.07,1,0,-6.00
2012-09-12T08:00:00,-0.36,0.57,-0.43,1.78,0.4,0.56,1.15,-0.54,-0.14,1,0,-2.00
2012-09-12T09:00:00,-0.41,0.73,-0.2,1.75,0.34,0.36,1.22,-0.55,-0.14,1,0,1.00
2012-09-12T10:00:00,-0.58,0.78,-0.27,1.73,0.3,0.4,0.79,-0.54,-0.16,1,0,0.00
2012-09-12T11:00:00,-0.42,0.73,-0.06,1.73,0.26,0.4,1.37,-0.53,-0.12,1,0,-3.00
2012-09-12T12:00:00,-0.38,0.5,0.07,1.79,0.32,0.5,1.65,-0.53,-0.04,1,0,-3.00
2012-09-12T13:00:00,-0.43,0.36,-0.01,1.84,0.19,0.55,2.42,-0.54,0.03,1,0,-5.00
2012-09-12T14:00:00,-0.53,0.33,-0.01,1.82,0.15,0.57,1.7,-0.52,-0.02,1,0,-2.00
2012-09-12T15:00:00,-0.62,0.09,-0.04,1.79,0.08,0.46,2.27,-0.51,0.03,1,0,0.00
2012-09-12T16:00:00,-0.45,0.04,-0.1,1.73,-0.43,0.31,2.7,-0.52,0.2,1,0,1.00
2012-09-12T17:00:00,0.05,-0.11,-0.14,1.73,-0.63,0.23,3.16,-0.49,1.7,1,0,1.00
2012-09-12T18:00:00,0.41,0.11,0.72,1.66,-0.49,0.28,2.42,-0.42,0.01,1,0,1.00
2012-09-12T19:00:00,0.7,-0.92,0.31,1.63,-1.01,0.5,1.89,-0.35,-0.07,1,0,4.00
2012-09-12T20:00:00,0.75,0.02,1.41,1.26,-0.78,1.2,2.66,-0.24,-0.09,1,0,8.00
2012-09-12T21:00:00,0.7,-2.08,0.25,1.07,-1.25,-0.57,1.38,-0.05,-0.13,1,0,8.00
2012-09-12T22:00:00,0.44,-2.18,-0.1,0.96,-0.65,-0.82,0.61,0.23,-0.13,1,0,11.00
2012-09-12T23:00:00,0.87,-2.22,0.08,0.86,0.1,-1.1,-0.12,0.46,-0.15,1,0,8.00
2012-09-13T00:00:00,0.93,-1.98,0.21,0.87,0.01,-1.01,-0.07,0.44,-0.15,1,0,6.00
2012-09-13T01:00:00,1.11,-1.64,0.21,0.92,-0.5,-1.18,0.09,0.33,-0.13,1,0,1.00
2012-09-13T02:00:00,1.07,-1.26,0.33,1.04,-0.7,-0.93,0.31,0.03,-0.12,1,0,-1.00
2012-09-13T03:00:00,1.11,-0.98,-0.3,1.02,-0.21,-1.7,0.56,-0.09,-0.11,0,0,1.00
2012-09-13T04:00:00,1.46,-0.58,0.25,1.19,0.1,-0.7,0.43,-0.22,-0.14,0,0,3.00
2012-09-13T05:00:00,0.92,-0.71,0.88,1.09,0.04,0.42,0.29,-0.12,-0.13,0,0,2.00
2012-09-13T06:00:00,0.58,-0.55,1.03,1.17,-0.01,0.63,0.22,-0.1,-0.12,0,0,-4.00
2012-09-13T07:00:00,0.83,-0.1,0.87,1.23,0.32,0.63,0.17,-0.18,-0.12,0,0,-10.00
2012-09-13T08:00:00,0.77,-0.33,0.82,1.26,0.12,0.66,0.06,-0.18,-0.12,0,0,-6.00
2012-09-13T09:00:00,0.41,-0.26,0.8,1.19,0.16,0.61,0.06,-0.13,-0.07,0,0,-4.00
2012-09-13T10:00:00,0.7,-0.51,0.7,1.09,0.09,0.52,0.08,-0.14,-0.1,0,0,-4.00
2012-09-13T11:00:00,0.77,-0.75,0.44,1.04,-0.0,0.4,0.06,-0.09,-0.1,0,0,-5.00
2012-09-13T12:00:00,0.75,-0.91,-0.16,1.03,-0.22,-0.01,-0.06,-0.17,-0.12,0,0,-5.00
2012-09-13T13:00:00,0.65,-0.87,-0.21,0.93,-0.08,-0.13,0.0,-0.18,-0.11,0,0,-6.00
2012-09-13T14:00:00,-0.04,-0.69,-0.57,0.68,0.25,-0.64,0.12,-0.21,-0.09,0,0,-6.00
2012-09-13T15:00:00,0.3,-0.4,0.03,0.78,0.56,0.17,0.13,-0.21,0.24,0,0,-7.00
2012-09-13T16:00:00,0.58,-0.15,0.55,0.87,0.72,0.89,0.2,-0.02,0.05,0,0,-8.00
2012-09-13T17:00:00,0.68,-0.42,0.3,0.91,0.37,0.69,0.13,-0.1,0.0,0,0,-5.00
2012-09-13T18:00:00,0.65,-0.31,0.25,0.93,0.45,0.57,0.13,-0.13,0.04,0,0,-8.00
2012-09-13T19:00:00,0.07,0.42,0.66,0.71,1.08,0.88,0.09,-0.27,-0.07,0,0,-9.00
2012-09-13T20:00:00,0.02,0.72,0.65,0.68,1.25,0.83,0.04,-0.36,-0.13,0,0,-8.00
2012-09-13T21:00:00,0.55,-0.3,0.58,0.85,0.28,0.95,-0.04,-0.31,-0.1,0,0,-7.00
2012-09-13T22:00:00,0.76,-0.67,0.64,0.63,0.33,1.02,0.18,-0.21,-0.12,0,0,-7.00
2012-09-13T23:00:00,0.76,-0.84,0.48,0.57,0.5,0.83,0.28,-0.15,-0.1,0,0,-6.00
2012-09-14T00:00:00,0.85,-1.21,0.29,0.65,0.11,0.54,0.14,-0.28,-0.15,0,0,-4.00
2012-09-14T01:00:00,0.93,0.29,-0.02,0.53,1.38,-0.19,0.34,-0.21,-0.06,0,0,-2.00
2012-09-14T02:00:00,0.66,-0.99,0.33,0.51,-0.1,0.16,0.38,-0.23,-0.11,0,0,1.00
2012-09-14T03:00:00,0.91,-0.6,0.69,0.6,0.11,0.67,0.3,-0.27,-0.13,0,0,4.00
2012-09-14T04:00:00,0.8,-0.61,0.63,0.51,-0.01,0.31,0.12,-0.26,-0.13,0,0,6.00
2012-09-14T05:00:00,1.03,-0.65,0.74,0.68,0.37,1.17,-0.23,-0.39,-0.17,0,0,4.00
2012-09-14T06:00:00,0.89,-0.57,0.8,0.57,0.39,0.98,-0.04,-0.29,-0.15,0,0,2.00
2012-09-14T07:00:00,0.83,-0.33,0.79,0.56,0.59,0.88,0.18,-0.22,-0.12,0,0,-1.00
2012-09-14T08:00:00,0.34,-0.42,0.81,0.45,0.42,0.94,0.12,-0.19,-0.09,0,0,-1.00
2012-09-14T09:00:00,0.38,0.1,0.89,0.43,0.75,0.85,0.16,-0.24,-0.1,0,0,3.00
2012-09-14T10:00:00,0.52,0.4,0.77,0.45,0.84,0.55,0.22,-0.26,-0.1,0,0,4.00
2012-09-14T11:00:00,0.13,-0.61,0.3,0.34,-0.11,-0.07,0.3,-0.14,0.12,0,0,5.00
2012-09-14T12:00:00,-0.07,-0.74,0.05,0.25,-0.3,-0.53,0.25,-0.17,0.04,0,0,7.00
2012-09-14T13:00:00,0.08,-0.45,0.39,0.29,-0.22,-0.18,0.17,-0.17,0.16,0,0,7.00
2012-09-14T14:00:00,0.18,-0.42,0.5,0.31,-0.15,0.06,0.13,-0.17,0.06,0,0,6.00
2012-09-14T15:00:00,0.1,-0.06,0.71,0.29,0.05,0.34,0.03,-0.26,-0.05,0,0,3.00
2012-09-14T16:00:00,0.07,-0.28,0.38,0.29,-0.19,0.08,0.03,-0.19,0.29,0,0,2.00
2012-09-14T17:00:00,0.32,-0.17,0.37,0.37,-0.14,0.15,-0.03,-0.18,0.2,0,0,2.00
2012-09-14T18:00:00,0.63,0.01,0.51,0.45,0.09,0.24,-0.1,-0.28,-0.09,0,0,1.00
2012-09-14T19:00:00,0.65,0.01,0.56,0.46,0.14,0.44,-0.08,-0.28,-0.1,0,0,-1.00
2012-09-14T20:00:00,0.34,-0.46,0.23,0.43,-0.27,0.23,-0.0,-0.19,0.09,0,0,-2.00
2012-09-14T21:00:00,-0.13,-0.52,-0.52,0.31,-0.17,-0.91,-0.04,-0.27,-0.09,0,0,-4.00
2012-09-14T22:00:00,-0.11,-0.48,-0.35,0.34,-0.23,-0.56,-0.06,-0.21,-0.01,0,0,-3.00
2012-09-14T23:00:00,0.05,-0.34,-0.49,0.39,-0.04,-0.72,-0.12,-0.19,-0.04,0,0,-4.00
2012-09-15T00:00:00,-0.11,-0.86,-0.01,0.35,-0.58,0.04,-0.15,-0.16,-0.07,0,0,-12.00
2012-09-15T01:00:00,-0.02,-0.78,0.12,0.4,-0.42,0.38,-0.18,-0.1,-0.03,0,0,-16.00
2012-09-15T02:00:00,0.06,-0.85,0.17,0.44,-0.57,0.48,-0.2,-0.12,-0.07,0,0,-13.00
2012-09-15T03:00:00,-0.23,-0.88,-0.14,0.35,-0.66,-0.21,-0.23,-0.2,-0.11,0,0,-7.00
2012-09-15T04:00:00,-0.02,-0.77,0.2,0.39,-0.23,0.12,-0.14,-0.21,-0.06,0,0,-2.00
2012-09-15T05:00:00,0.32,-0.64,0.26,0.51,-0.15,0.05,-0.13,-0.19,-0.03,0,0,0.00
2012-09-15T06:00:00,0.57,-0.53,0.0,0.59,-0.05,-0.4,-0.03,-0.17,-0.02,0,0,-4.00
2012-09-15T07:00:00,0.4,-0.62,0.3,0.5,-0.16,0.06,-0.07,-0.2,-0.04,0,0,-7.00
2012-09-15T08:00:00,0.3,-0.71,0.19,0.48,-0.2,-0.18,-0.03,-0.21,-0.04,0,0,-10.00
2012-09-15T09:00:00,0.22,-0.65,0.27,0.46,-0.1,-0.16,-0.02,-0.23,-0.02,0,0,-13.00
2012-09-15T10:00:00,0.38,-0.58,0.1,0.53,-0.1,-0.37,-0.05,-0.23,-0.01,0,0,-11.00
2012-09-15T11:00:00,0.32,-0.67,0.19,0.51,-0.12,-0.14,-0.11,-0.23,-0.05,0,0,-8.00
2012-09-15T12:00:00,0.07,-0.63,0.15,0.38,0.05,-0.12,-0.16,-0.16,0.02,0,0,-8.00
2012-09-15T13:00:00,0.07,-0.63,0.19,0.4,-0.02,-0.03,-0.2,-0.17,0.01,0,0,-9.00
2012-09-15T14:00:00,0.16,-0.41,0.17,0.42,0.21,-0.07,-0.23,-0.15,0.23,0,0,-7.00
2012-09-15T15:00:00,0.08,-0.71,-0.15,0.39,-0.14,-0.51,-0.29,-0.25,-0.08,0,0,-8.00
2012-09-15T16:00:00,-0.02,-0.63,-0.1,0.36,-0.06,-0.32,-0.31,-0.28,-0.07,0,0,-5.00
2012-09-15T17:00:00,0.04,-0.64,0.1,0.41,-0.12,0.09,-0.31,-0.21,-0.03,0,0,-3.00
2012-09-15T18:00:00,0.29,-0.28,0.34,0.52,0.4,0.47,-0.26,-0.18,0.11,0,0,-5.00
2012-09-15T19:00:00,0.24,-0.5,0.11,0.52,0.09,0.12,-0.34,-0.23,0.01,0,0,-7.00
2012-09-15T20:00:00,0.19,-0.63,-0.13,0.52,-0.11,-0.22,-0.32,-0.25,-0.07,0,0,-9.00
2012-09-15T21:00:00,0.31,-0.45,0.27,0.6,0.12,0.54,-0.32,-0.26,-0.03,0,0,-10.00
2012-09-15T22:00:00,0.3,-0.46,0.49,0.68,-0.18,1.2,-0.33,-0.39,-0.12,0,0,-8.00
2012-09-15T23:00:00,0.67,-0.62,0.11,0.83,-0.59,0.49,-0.37,-0.5,-0.17,0,0,-6.00
2012-09-16T00:00:00,0.58,-0.5,-0.29,0.84,-0.51,0.07,-0.3,-0.45,-0.15,0,0,-4.00
2012-09-16T01:00:00,0.6,-0.39,-0.28,0.93,-0.53,0.07,-0.26,-0.44,-0.14,0,0,-1.00
2012-09-16T02:00:00,0.63,-0.48,-0.06,0.97,-0.64,0.41,-0.13,-0.4,-0.12,0,0,1.00
2012-09-16T03:00:00,0.41,-0.66,-0.21,0.94,-0.73,0.05,-0.25,-0.48,-0.15,0,0,0.00
2012-09-16T04:00:00,0.3,-0.67,-0.25,0.93,-0.64,0.01,-0.15,-0.44,-0.14,0,0,-3.00
2012-09-16T05:00:00,0.12,-0.74,-0.16,0.87,-0.71,0.18,-0.15,-0.46,-0.14,0,0,-5.00
2012-09-16T06:00:00,0.66,0.01,0.4,1.02,0.06,1.02,0.03,-0.3,-0.06,0,0,-6.00
2012-09-16T07:00:00,0.23,-0.7,-0.06,0.86,-0.56,0.31,-0.14,-0.39,-0.11,0,0,-10.00
2012-09-16T08:00:00,0.02,-0.83,-0.06,0.67,-0.5,0.1,-0.27,-0.42,-0.14,0,0,-11.00
2012-09-16T09:00:00,0.55,-0.44,0.63,0.59,0.19,0.33,-0.44,-0.28,-0.14,0,0,-14.00
2012-09-16T10:00:00,0.43,-0.59,0.52,0.55,0.01,0.4,-0.36,-0.26,-0.13,0,0,-13.00
2012-09-16T11:00:00,0.3,-0.42,0.41,0.59,0.18,0.38,-0.38,-0.23,-0.06,0,0,-18.00
2012-09-16T12:00:00,0.32,-0.61,0.2,0.63,-0.03,0.15,-0.35,-0.25,-0.08,0,0,-15.00
2012-09-16T13:00:00,0.42,-0.42,0.62,0.68,-0.13,0.32,-0.35,-0.38,-0.14,0,0,-12.00
2012-09-16T14:00:00,0.31,-0.56,0.39,0.71,-0.21,0.15,-0.1,-0.38,-0.1,0,0,-9.00
2012-09-16T15:00:00,0.04,-0.73,0.18,0.69,-0.35,0.33,0.02,-0.42,-0.1,0,0,-10.00
2012-09-16T16:00:00,-0.16,-0.52,-0.42,0.63,-0.46,0.16,0.19,-0.41,-0.1,0,0,-5.00
2012-09-16T17:00:00,0.18,-0.69,-0.14,0.67,-0.78,0.59,0.37,-0.38,-0.05,0,0,-3.00
2012-09-16T18:00:00,0.17,0.26,0.26,0.61,-0.62,0.55,0.95,-0.46,0.29,0,0,-4.00
2012-09-16T19:00:00,-0.3,0.38,0.25,0.52,-0.6,0.09,-0.23,-0.31,-0.01,0,0,-9.00
2012-09-16T20:00:00,-0.23,0.58,0.05,0.52,-0.1,0.08,0.0,-0.36,-0.05,0,0,-4.00
2012-09-16T21:00:00,-0.35,0.25,0.02,0.45,0.0,0.41,-0.03,-0.26,0.2,0,0,-10.00
2012-09-16T22:00:00,-0.37,-0.27,-0.24,0.4,0.15,0.37,-0.03,-0.32,0.01,0,0,-4.00
2012-09-16T23:00:00,-0.52,-0.1,-0.09,0.38,0.46,0.34,0.01,-0.29,0.04,0,0,-5.00
2012-09-17T00:00:00,-0.52,-0.17,-0.05,0.35,0.45,0.41,-0.0,-0.31,0.04,0,0,-5.00
2012-09-17T01:00:00,-0.56,0.11,-0.06,0.34,0.29,0.29,0.03,-0.29,0.03,0,0,-5.00
2012-09-17T02:00:00,-0.33,0.09,0.13,0.33,0.7,0.15,-0.07,-0.37,0.24,0,0,1.00
2012-09-17T03:00:00,-0.12,-0.17,0.17,0.32,-0.04,-0.43,-0.13,-0.37,0.73,0,0,3.00
2012-09-17T04:00:00,-0.36,0.36,0.21,0.36,-0.34,-0.78,-0.1,-0.37,-0.02,0,0,6.00
2012-09-17T05:00:00,-0.12,-0.15,0.39,0.34,-0.03,-0.65,-0.09,-0.44,0.03,0,0,5.00
2012-09-17T06:00:00,-0.02,-0.45,0.31,0.39,0.22,-0.44,-0.04,-0.45,-0.05,0,0,2.00
2012-09-17T07:00:00,0.29,-0.43,0.33,0.35,0.19,-0.32,-0.09,-0.44,-0.08,0,0,-1.00
2012-09-17T08:00:00,-0.38,-0.22,0.13,0.5,0.06,0.11,0.0,-0.34,0.14,0,0,0.00
2012-09-17T09:00:00,-0.27,0.04,0.23,0.5,0.03,-0.13,-0.04,-0.33,0.36,0,0,1.00
2012-09-17T10:00:00,-0.26,0.39,0.1,0.5,-0.09,0.05,-0.14,-0.32,0.05,0,0,0.00
2012-09-17T11:00:00,-0.3,0.32,0.09,0.53,0.03,0.11,-0.16,-0.34,0.08,0,0,-4.00
2012-09-17T12:00:00,-0.21,0.39,-0.01,0.57,0.0,-0.09,-0.23,-0.38,-0.0,0,0,-3.00
2012-09-17T13:00:00,-0.17,-0.1,0.1,0.62,0.22,-0.16,-0.17,-0.35,1.07,0,0,-3.00
2012-09-17T14:00:00,-0.51,0.25,0.08,0.73,-0.19,-0.0,-0.18,-0.34,-0.03,0,0,-2.00
2012-09-17T15:00:00,-0.33,0.36,0.08,0.71,-0.27,-0.11,-0.16,-0.38,-0.0,0,0,-2.00
2012-09-17T16:00:00,-0.32,0.36,0.11,0.75,-0.21,-0.11,-0.16,-0.36,0.01,0,0,-3.00
2012-09-17T17:00:00,-0.37,0.32,0.03,0.74,-0.31,-0.14,-0.12,-0.34,0.03,0,0,-2.00
2012-09-17T18:00:00,0.0,0.19,0.31,0.69,-0.17,-0.34,-0.1,-0.37,0.22,0,0,-1.00
2012-09-17T19:00:00,-0.0,-0.15,0.13,0.62,-0.0,-0.5,-0.11,-0.36,2.01,0,0,0.00
2012-09-17T20:00:00,-0.25,0.34,0.03,0.63,-0.09,-0.44,-0.03,-0.28,0.17,0,0,-1.00
2012-09-17T21:00:00,0.24,-0.37,0.32,0.62,0.41,-0.59,0.03,-0.35,0.05,0,0,-2.00
2012-09-17T22:00:00,-0.17,-0.42,0.25,0.7,0.35,-0.63,0.06,-0.32,0.12,0,0,-2.00
2012-09-17T23:00:00,0.02,-0.62,0.35,0.68,0.39,-0.73,0.05,-0.38,-0.07,0,0,-1.00
2012-09-18T00:00:00,-0.54,0.16,-0.17,0.77,-0.2,-0.32,0.15,-0.3,0.01,0,0,0.00
2012-09-18T01:00:00,-0.67,-0.43,-0.33,0.78,0.36,-0.52,0.14,-0.33,-0.1,0,0,1.00
2012-09-18T02:00:00,-0.56,-0.5,-0.24,0.72,0.41,-0.59,0.13,-0.29,-0.07,0,0,3.00
2012-09-18T03:00:00,-0.51,0.25,-0.32,0.71,0.05,-0.46,0.17,-0.22,-0.0,0,0,-1.00
2012-09-18T04:00:00,-0.21,0.65,-0.37,0.66,-0.26,-0.51,-0.01,-0.32,-0.11,0,0,-2.00
2012-09-18T05:00:00,-0.47,0.28,-0.11,0.68,0.08,-0.97,0.19,-0.13,0.17,0,0,-3.00
2012-09-18T06:00:00,-0.59,0.1,0.07,0.76,0.38,-0.7,0.29,-0.1,0.22,0,0,-9.00
2012-09-18T07:00:00,-0.54,0.26,-0.19,0.73,0.09,-0.81,0.17,-0.23,0.03,0,0,-16.00
2012-09-18T08:00:00,-0.69,0.24,-0.49,0.8,-0.02,-0.23,-0.04,-0.4,-0.14,0,0,-19.00
2012-09-18T09:00:00,-0.66,0.11,-0.55,0.8,0.17,-0.05,0.52,-0.43,-0.12,0,0,-16.00
2012-09-18T10:00:00,-0.65,0.24,-0.29,0.79,0.09,-0.21,0.09,-0.35,-0.09,0,0,-16.00
2012-09-18T11:00:00,-0.75,0.31,-0.29,0.83,-0.17,-0.12,0.04,-0.37,-0.12,0,0,-16.00
2012-09-18T12:00:00,-0.83,0.4,-0.44,1.01,-0.37,0.44,-0.14,-0.42,-0.16,0,0,-20.00
2012-09-18T13:00:00,-0.64,0.56,-0.3,1.0,-0.44,0.49,0.19,-0.43,-0.14,0,0,-20.00
2012-09-18T14:00:00,-0.8,0.71,-0.41,1.03,-0.5,0.87,0.33,-0.45,-0.15,0,0,-17.00
2012-09-18T15:00:00,-0.48,1.05,0.22,0.99,-0.61,0.67,0.45,-0.46,-0.15,0,0,-15.00
2012-09-18T16:00:00,-0.29,1.06,0.12,0.99,-0.75,0.91,0.38,-0.47,-0.15,0,0,-10.00
2012-09-18T17:00:00,0.75,0.37,0.85,0.74,-0.02,0.32,0.4,-0.41,-0.15,0,0,-12.00
2012-09-18T18:00:00,0.85,0.6,0.34,0.72,-0.26,0.72,0.59,-0.35,-0.11,0,0,-8.00
2012-09-18T19:00:00,0.3,0.62,0.84,0.77,-0.32,0.37,0.31,-0.25,-0.11,0,0,-5.00
2012-09-18T20:00:00,0.68,0.47,0.76,0.69,-0.24,0.09,0.42,-0.27,-0.11,0,0,-3.00
2012-09-18T21:00:00,0.57,0.68,0.58,0.75,-0.3,0.13,0.47,-0.19,-0.07,0,0,-2.00
2012-09-18T22:00:00,0.42,0.54,0.13,0.82,-0.13,0.88,0.54,-0.05,0.21,0,0,-2.00
2012-09-18T23:00:00,0.06,0.39,0.63,0.91,-0.07,0.17,0.26,-0.04,0.07,0,0,1.00
2012-09-19T00:00:00,0.42,0.95,0.42,0.79,-0.56,0.18,0.15,-0.08,-0.08,0,0,0.00
2012-09-19T01:00:00,-0.45,0.63,-0.16,1.05,-0.45,0.86,0.12,-0.11,-0.01,0,0,0.00
2012-09-19T02:00:00,-0.34,0.74,-0.38,1.06,-0.31,1.09,0.14,-0.09,-0.06,0,0,1.00
2012-09-19T03:00:00,-0.63,0.59,-0.1,1.22,-0.21,0.57,-0.03,-0.13,-0.06,0,0,2.00
2012-09-19T04:00:00,-0.66,0.2,0.06,1.24,0.49,0.03,-0.05,-0.11,0.03,0,0,1.00
2012-09-19T05:00:00,-0.5,0.65,0.63,1.14,0.07,-0.78,-0.02,-0.07,-0.09,0,0,-4.00
2012-09-19T06:00:00,-0.01,1.2,-0.08,1.07,-0.1,-0.11,-0.26,-0.16,-0.14,0,0,-9.00
2012-09-19T07:00:00,-0.47,1.07,0.05,1.16,-0.27,-0.28,-0.25,-0.24,-0.15,0,0,-11.00
2012-09-19T08:00:00,-0.33,0.72,0.31,1.12,0.12,-0.42,-0.13,-0.3,-0.11,0,0,-9.00
2012-09-19T09:00:00,-0.49,0.82,0.02,1.14,-0.12,0.02,-0.04,-0.27,-0.11,0,0,-9.00
2012-09-19T10:00:00,-0.57,0.86,-0.25,1.12,-0.22,0.32,-0.09,-0.27,-0.13,0,0,-10.00
2012-09-19T11:00:00,-0.68,0.53,-0.61,1.13,-0.14,0.48,-0.17,-0.38,-0.16,0,0,-8.00
2012-09-19T12:00:00,-0.68,0.65,-0.37,1.11,-0.44,0.44,-0.0,-0.3,-0.13,0,0,-6.00
2012-09-19T13:00:00,-0.48,0.6,-0.16,0.91,-0.22,0.21,0.44,-0.32,-0.05,0,0,-9.00
2012-09-19T14:00:00,-0.53,0.25,-0.96,0.81,0.12,0.44,1.03,-0.48,-0.15,1,0,-12.00
2012-09-19T15:00:00,-0.72,0.68,-0.86,0.88,-0.11,0.4,1.04,-0.48,-0.16,1,0,-12.00
2012-09-19T16:00:00,-0.62,1.43,-0.1,0.88,-0.57,-0.0,0.93,-0.48,-0.17,1,0,-3.00
2012-09-19T17:00:00,-0.55,1.16,0.21,0.77,-0.54,-0.3,1.21,-0.4,-0.13,1,0,-7.00
2012-09-19T18:00:00,-1.12,0.65,-1.16,0.76,-0.54,0.5,0.95,-0.4,-0.16,1,0,-15.00
2012-09-19T19:00:00,-1.58,0.96,-0.53,0.85,-1.05,0.22,1.06,-0.42,-0.17,1,0,-15.00
2012-09-19T20:00:00,-0.51,0.9,-0.4,0.69,-0.83,-0.47,1.47,-0.13,-0.01,1,0,-9.00
2012-09-19T21:00:00,0.08,0.15,-0.58,0.57,-0.15,-1.27,1.47,0.22,0.53,1,0,-21.00
2012-09-19T22:00:00,-0.66,-0.38,-0.7,0.72,0.03,-0.24,1.57,-0.14,0.0,1,0,-33.00
2012-09-19T23:00:00,-1.53,0.26,-0.62,0.88,-0.72,-0.7,1.12,-0.06,-0.11,1,0,-39.00
2012-09-20T00:00:00,-0.74,0.66,-0.34,0.62,-0.96,-1.5,1.09,0.04,0.05,1,0,-28.00
2012-09-20T01:00:00,0.28,-1.26,0.53,0.43,0.34,-2.85,0.46,0.47,-0.01,1,0,-21.00
2012-09-20T02:00:00,-0.3,0.29,0.99,0.45,-0.21,-2.73,-0.15,0.94,0.02,1,0,-27.00
2012-09-20T03:00:00,0.46,-1.05,1.02,0.42,-0.03,-1.39,-0.02,0.3,-0.11,1,0,-22.00
2012-09-20T04:00:00,-0.19,-0.88,0.76,0.27,-0.62,-1.06,0.45,0.19,-0.02,1,0,-19.00
2012-09-20T05:00:00,-0.22,-0.03,0.69,0.16,0.35,-0.69,1.62,0.08,0.48,1,0,-16.00
2012-09-20T06:00:00,0.21,-0.22,1.14,0.15,0.31,-0.42,0.82,0.05,-0.03,1,0,-14.00
2012-09-20T07:00:00,0.32,-0.47,0.45,-0.06,0.51,-0.81,0.2,0.71,0.5,1,0,-9.00
2012-09-20T08:00:00,1.03,-1.2,0.12,-0.09,0.67,-1.7,-0.06,0.13,-0.13,1,0,-5.00
2012-09-20T09:00:00,1.27,-1.17,-0.14,-0.14,1.39,-2.41,0.08,-0.22,-0.16,1,0,-11.00
2012-09-20T10:00:00,1.19,-0.92,-0.02,-0.37,1.38,-0.76,-0.41,-0.19,-0.17,1,0,-18.00
2012-09-20T11:00:00,0.54,-0.54,0.43,-0.82,1.38,0.01,-0.28,0.49,0.05,1,0,-18.00
2012-09-20T12:00:00,-0.05,-0.05,0.69,-0.87,0.83,-0.09,-0.48,0.32,0.0,0,0,-23.00
2012-09-20T13:00:00,0.5,-0.36,0.17,-0.92,0.68,-0.27,-0.55,0.08,0.0,0,0,-23.00
2012-09-20T14:00:00,0.51,-0.25,0.11,-0.89,0.53,-0.27,-0.57,0.07,0.03,0,0,-23.00
