2012-11-01T00:00:00,0.87,2.35,1.06,1.1,-0.28,-0.98,1.46,-0.54,-0.19,0,1,---
2012-11-01T01:00:00,1.24,2.07,0.87,1.0,-0.72,-0.74,3.67,-0.56,-0.18,0,1,19.00
2012-11-01T02:00:00,1.24,2.24,0.18,0.98,-0.8,-0.5,3.76,-0.58,-0.18,0,1,9.00
2012-11-01T03:00:00,1.19,2.09,-0.27,0.97,-0.81,-0.58,3.4,-0.58,-0.18,0,1,20.00
2012-11-01T04:00:00,1.09,1.73,-0.78,1.02,-0.75,-0.23,2.1,-0.57,-0.18,0,1,19.00
2012-11-01T05:00:00,1.14,1.27,-1.05,1.1,-0.61,-0.04,1.4,-0.53,-0.18,0,1,14.00
2012-11-01T06:00:00,1.0,0.68,-1.32,1.14,-0.66,0.17,1.04,-0.51,-0.18,0,1,-4.00
2012-11-01T07:00:00,0.97,0.46,-1.57,1.11,-0.53,0.36,-0.05,-0.44,-0.18,0,1,-18.00
2012-11-01T08:00:00,0.95,0.27,-1.65,1.04,-0.61,0.86,-0.35,-0.4,-0.19,0,1,-30.00
2012-11-01T09:00:00,0.93,0.03,-1.71,1.11,-0.07,0.73,-0.49,-0.5,-0.19,0,1,-44.00
2012-11-01T10:00:00,0.96,-0.27,-1.7,1.19,0.22,0.26,-0.65,-0.55,-0.19,0,1,-43.00
2012-11-01T11:00:00,0.9,-0.62,-1.64,1.27,-0.05,-0.1,-0.71,-0.54,-0.19,0,1,-45.00
2012-11-01T12:00:00,0.76,-0.8,-1.49,1.22,0.31,0.06,-0.28,-0.52,-0.19,0,1,-54.00
2012-11-01T13:00:00,0.59,-1.19,-1.06,1.24,0.08,0.08,0.92,-0.58,-0.18,0,1,-60.00
2012-11-01T14:00:00,0.16,-1.54,-0.9,1.26,0.09,-0.05,2.4,-0.6,-0.18,0,1,-60.00
2012-11-01T15:00:00,0.28,-1.09,-1.14,1.3,0.21,-0.12,1.68,-0.6,-0.19,0,1,-60.00
2012-11-01T16:00:00,0.28,-1.03,-1.14,1.29,0.33,-0.17,0.56,-0.6,-0.19,0,1,-53.00
2012-11-01T17:00:00,0.11,-0.99,-1.19,1.27,0.13,0.14,0.52,-0.59,-0.19,0,1,-53.00
2012-11-01T18:00:00,0.04,-1.23,-1.02,1.33,-0.06,0.34,1.28,-0.59,-0.18,0,1,-52.00
2012-11-01T19:00:00,-0.18,-1.64,-0.57,1.38,-0.08,0.21,0.69,-0.61,-0.19,0,1,-55.00
2012-11-01T20:00:00,-0.36,-1.59,-0.47,1.41,-0.05,0.22,1.12,-0.61,-0.19,0,1,-60.00
2012-11-01T21:00:00,-0.32,-1.59,-0.3,1.45,-0.08,0.1,0.38,-0.61,-0.19,0,1,-63.00
2012-11-01T22:00:00,-0.38,-1.5,-0.34,1.43,-0.05,0.05,0.13,-0.61,-0.19,0,1,-56.00
2012-11-01T23:00:00,-0.19,-1.49,0.02,1.4,-0.14,-0.24,0.26,-0.59,-0.19,0,1,-49.00
2012-11-02T00:00:00,-0.36,-1.45,-0.07,1.47,-0.21,0.04,-0.54,-0.58,-0.19,0,1,-46.00
2012-11-02T01:00:00,-0.28,-1.39,-0.09,1.5,-0.31,-0.03,-0.54,-0.55,-0.19,0,1,-41.00
2012-11-02T02:00:00,-0.3,-1.29,0.06,1.52,0.4,0.17,-0.41,-0.48,-0.18,0,1,-41.00
2012-11-02T03:00:00,-0.3,-0.7,0.77,1.56,0.66,0.7,2.12,-0.56,-0.15,0,0,-39.00
2012-11-02T04:00:00,-0.27,-0.39,0.99,1.56,0.56,0.43,2.64,-0.59,-0.17,0,0,-36.00
2012-11-02T05:00:00,-0.19,-0.38,0.59,1.58,0.19,0.18,1.66,-0.55,-0.1,0,0,-29.00
2012-11-02T06:00:00,-0.17,-0.16,0.56,1.58,0.09,0.18,1.86,-0.53,-0.03,0,0,-23.00
2012-11-02T07:00:00,-0.15,-0.06,0.8,1.6,0.21,0.23,1.56,-0.55,-0.13,0,0,-23.00
2012-11-02T08:00:00,-0.12,0.02,0.95,1.6,0.21,0.36,0.31,-0.45,-0.14,0,0,-26.00
2012-11-02T09:00:00,-0.15,-0.73,0.93,1.58,-0.08,0.14,-0.48,-0.53,-0.18,0,0,-24.00
2012-11-02T10:00:00,-0.14,-0.74,0.95,1.58,-0.14,0.22,-0.53,-0.53,-0.19,0,0,-22.00
2012-11-02T11:00:00,-0.09,-0.62,0.96,1.6,0.06,0.09,-0.37,-0.51,-0.18,0,0,-26.00
2012-11-02T12:00:00,-0.13,-0.43,0.97,1.59,0.04,0.07,-0.08,-0.5,-0.17,0,0,-30.00
2012-11-02T13:00:00,-0.36,-0.49,0.67,1.58,-0.23,0.1,0.34,-0.5,-0.15,0,0,-32.00
2012-11-02T14:00:00,-0.45,-0.51,0.13,1.53,-0.54,0.2,1.09,-0.5,-0.05,0,0,-29.00
2012-11-02T15:00:00,-0.64,-0.62,-0.04,1.56,-0.31,0.11,0.85,-0.53,-0.14,0,0,-25.00
2012-11-02T16:00:00,-0.56,-0.38,0.27,1.58,-0.33,-0.01,1.49,-0.55,-0.09,0,0,-20.00
2012-11-02T17:00:00,-0.43,-0.43,-0.01,1.61,-0.2,-0.0,0.88,-0.55,-0.09,0,0,-17.00
2012-11-02T18:00:00,-0.44,-0.38,-0.28,1.61,-0.1,-0.05,0.18,-0.54,-0.14,0,0,-16.00
2012-11-02T19:00:00,-0.34,-0.21,-0.31,1.63,0.13,-0.27,0.43,-0.55,-0.11,0,0,-15.00
2012-11-02T20:00:00,-0.36,-0.23,-0.14,1.56,0.05,-0.2,0.58,-0.57,-0.09,0,0,-21.00
2012-11-02T21:00:00,-0.37,-0.15,-0.13,1.58,0.08,-0.11,0.52,-0.58,-0.09,0,0,-22.00
2012-11-02T22:00:00,-0.37,-0.17,-0.07,1.57,0.14,-0.1,0.6,-0.58,-0.08,0,0,-20.00
2012-11-02T23:00:00,0.1,-0.29,0.22,1.64,0.15,0.13,0.22,-0.55,0.02,0,0,-19.00
2012-11-03T00:00:00,0.3,-0.24,0.31,1.68,0.13,0.16,0.19,-0.55,-0.09,0,0,-18.00
2012-11-03T01:00:00,0.46,-0.02,0.33,1.62,0.06,0.07,0.18,-0.57,-0.13,0,0,-19.00
2012-11-03T08:00:00,0.38,-0.37,0.5,1.58,-0.27,0.52,0.25,-0.52,-0.13,0,0,-12.00
2012-11-03T09:00:00,0.34,-0.24,0.53,1.53,-0.12,0.39,0.72,-0.5,-0.08,0,0,-12.00
2012-11-03T10:00:00,0.34,-0.0,0.59,1.55,-0.41,0.05,0.73,-0.51,-0.09,0,0,-10.00
2012-11-03T11:00:00,0.14,-0.24,0.25,1.57,-0.34,0.63,1.5,-0.54,0.29,0,0,-9.00
2012-11-03T12:00:00,-0.1,0.28,0.05,1.55,-0.25,0.78,1.64,-0.56,0.25,0,0,-11.00
2012-11-03T13:00:00,-0.43,0.57,-0.2,1.55,-0.25,0.89,0.49,-0.48,-0.11,0,0,-12.00
2012-11-03T14:00:00,-0.53,0.31,-0.61,1.44,0.28,0.68,0.01,-0.38,-0.14,0,0,-7.00
2012-11-03T15:00:00,-0.3,0.8,-0.37,1.45,-0.25,0.38,0.06,-0.36,-0.13,0,0,-10.00
2012-11-03T16:00:00,-0.34,0.79,-0.34,1.47,-0.19,0.44,0.08,-0.37,-0.13,0,0,-11.00
2012-11-03T17:00:00,-0.22,0.86,-0.18,1.45,-0.16,0.46,0.11,-0.36,-0.12,0,0,-10.00
2012-11-03T18:00:00,0.03,0.85,-0.21,1.38,-0.02,0.76,0.06,-0.36,-0.12,0,0,-12.00
2012-11-03T19:00:00,-0.06,0.69,0.09,1.4,0.03,0.31,0.14,-0.34,-0.05,0,0,-13.00
2012-11-03T20:00:00,-0.44,0.62,0.31,1.55,-0.05,0.12,-0.02,-0.29,-0.09,0,0,-13.00
2012-11-03T21:00:00,-0.56,0.24,0.52,1.5,-0.19,-0.0,2.0,-0.32,0.12,0,0,-13.00
2012-11-03T22:00:00,-0.52,-0.36,0.2,1.48,0.88,0.47,0.11,-0.16,0.08,0,0,-13.00
2012-11-03T23:00:00,-0.48,-0.54,0.03,1.48,0.91,0.68,0.11,-0.22,0.0,0,0,-14.00
2012-11-04T00:00:00,-0.38,-0.83,-0.1,1.42,0.57,0.55,0.02,-0.4,-0.13,0,0,-14.00
2012-11-04T01:00:00,-0.55,-0.59,-0.3,1.46,0.52,0.6,0.05,-0.35,-0.11,0,0,-13.00
2012-11-04T02:00:00,-0.57,-0.7,-0.13,1.44,0.65,0.55,0.05,-0.35,-0.12,0,0,-10.00
2012-11-04T03:00:00,-0.51,-0.8,-0.01,1.44,0.77,0.49,0.1,-0.36,-0.12,0,0,-9.00
2012-11-04T04:00:00,-0.52,-0.74,0.01,1.44,0.65,0.41,0.11,-0.35,-0.11,0,0,-10.00
2012-11-04T05:00:00,-0.6,-0.41,-0.31,1.43,0.53,0.46,0.15,-0.28,-0.07,0,0,-9.00
2012-11-04T06:00:00,-0.54,-0.3,-0.3,1.45,0.59,0.43,0.2,-0.25,-0.02,0,0,-9.00
2012-11-04T07:00:00,-0.71,-0.54,0.11,1.5,0.67,0.05,0.09,-0.3,-0.09,0,0,-9.00
2012-11-04T08:00:00,-0.85,-0.32,0.01,1.51,0.51,0.27,0.12,-0.27,-0.08,0,0,-10.00
2012-11-04T09:00:00,-0.92,-0.21,-0.04,1.53,0.4,0.35,0.11,-0.31,-0.1,0,0,-13.00
2012-11-04T10:00:00,-0.74,0.24,-0.21,1.53,-0.04,0.67,0.14,-0.31,-0.08,0,0,-12.00
2012-11-04T11:00:00,-0.2,0.66,-0.28,1.43,-0.31,0.7,0.13,-0.37,-0.1,0,0,-11.00
2012-11-04T12:00:00,0.02,0.71,0.22,1.41,-0.4,0.14,-0.03,-0.41,-0.11,0,0,-14.00
2012-11-04T13:00:00,0.22,0.84,-0.05,1.39,-0.36,0.3,-0.11,-0.53,-0.17,0,0,-16.00
2012-11-04T14:00:00,0.19,0.87,-0.09,1.35,-0.41,0.31,-0.15,-0.53,-0.17,0,0,-15.00
2012-11-04T15:00:00,-0.21,0.8,0.06,1.4,-0.4,0.25,-0.08,-0.48,-0.15,0,0,-13.00
2012-11-04T16:00:00,-0.63,0.42,0.39,1.53,-0.3,-0.22,-0.08,-0.44,-0.14,0,0,-11.00
2012-11-04T17:00:00,-0.81,0.29,0.39,1.61,-0.19,-0.13,-0.17,-0.47,-0.16,0,0,-8.00
2012-11-04T18:00:00,-0.78,0.17,0.48,1.62,-0.1,-0.17,-0.2,-0.47,-0.16,0,0,-7.00
2012-11-04T19:00:00,-0.7,0.19,0.49,1.59,-0.29,-0.16,-0.18,-0.42,-0.14,0,0,-7.00
2012-11-04T20:00:00,-0.79,0.08,0.51,1.55,-0.31,-0.24,-0.18,-0.36,-0.14,0,0,-6.00
2012-11-04T21:00:00,-0.79,0.09,0.49,1.58,-0.31,-0.14,-0.18,-0.45,-0.15,0,0,-6.00
2012-11-05T08:00:00,-0.74,0.21,-0.21,1.8,-0.27,0.24,0.13,-0.47,-0.13,0,0,-3.00
2012-11-05T09:00:00,-0.67,0.43,-0.18,1.76,-0.47,0.28,0.06,-0.51,-0.15,0,0,-6.00
2012-11-05T10:00:00,-0.64,0.48,-0.25,1.76,-0.59,0.38,-0.0,-0.53,-0.16,0,0,-6.00
2012-11-05T11:00:00,-0.34,0.7,-0.39,1.63,-0.81,0.43,0.06,-0.55,-0.17,0,0,-4.00
2012-11-05T12:00:00,-0.18,0.69,-0.6,1.56,-0.8,0.53,0.24,-0.55,-0.17,0,0,-5.00
2012-11-05T13:00:00,-0.35,0.53,-0.67,1.62,-0.66,0.55,0.22,-0.55,-0.17,0,0,-7.00
2012-11-05T14:00:00,-0.42,0.36,-0.7,1.67,-0.56,0.57,0.19,-0.56,-0.17,0,0,-5.00
2012-11-05T15:00:00,-0.68,0.22,-0.58,1.76,-0.55,0.48,0.15,-0.55,-0.17,0,0,-8.00
2012-11-05T16:00:00,-0.65,0.57,-0.47,1.77,-0.7,0.36,0.14,-0.56,-0.17,0,0,-11.00
2012-11-05T17:00:00,-0.69,0.72,-0.43,1.8,-0.81,0.36,-0.06,-0.55,-0.18,0,0,-13.00
2012-11-05T18:00:00,-0.62,0.85,-0.49,1.83,-0.93,0.42,-0.26,-0.5,-0.18,0,0,-14.00
2012-11-05T19:00:00,-0.7,0.69,-0.47,1.85,-0.51,0.24,0.04,-0.54,-0.18,0,0,-14.00
2012-11-05T20:00:00,-0.58,1.02,-0.18,1.84,-0.76,0.03,0.08,-0.52,-0.17,0,0,-15.00
2012-11-05T21:00:00,-0.4,1.06,-0.21,1.82,-0.76,0.15,-0.06,-0.51,-0.17,0,0,-14.00
2012-11-05T22:00:00,-0.18,1.07,-0.11,1.81,-0.64,-0.09,0.21,-0.58,-0.18,0,0,-12.00
2012-11-05T23:00:00,0.03,1.1,-0.13,1.69,-0.69,-0.02,0.2,-0.57,-0.18,0,0,-12.00
2012-11-06T00:00:00,0.1,0.98,-0.04,1.65,-0.12,-0.19,0.88,-0.57,-0.17,0,0,-10.00
2012-11-06T01:00:00,0.19,0.89,0.05,1.62,-0.48,-0.25,0.63,-0.55,-0.15,0,0,-11.00
2012-11-06T02:00:00,0.07,0.89,0.03,1.71,-0.53,-0.06,0.43,-0.53,-0.15,0,0,-10.00
2012-11-06T03:00:00,-0.1,0.74,-0.05,1.7,-0.58,-0.12,0.49,-0.54,-0.14,0,0,-7.00
2012-11-06T04:00:00,-0.24,0.69,-0.18,1.67,-0.69,-0.06,0.48,-0.54,-0.14,0,0,-6.00
2012-11-06T05:00:00,-0.58,0.45,-0.34,1.77,-0.46,0.28,0.33,-0.52,-0.15,0,0,-3.00
2012-11-06T06:00:00,-0.41,0.67,-0.3,1.74,-0.59,0.27,0.27,-0.51,-0.15,0,0,-2.00
2012-11-06T07:00:00,-0.42,0.67,-0.3,1.72,-0.59,0.24,0.31,-0.5,-0.15,0,0,-3.00
2012-11-06T08:00:00,-0.36,0.64,-0.42,1.72,-0.59,0.33,0.39,-0.52,-0.15,0,0,-5.00
2012-11-06T09:00:00,0.13,0.47,-0.3,1.66,-0.49,0.16,0.45,-0.51,-0.1,0,0,-6.00
2012-11-06T10:00:00,0.05,0.44,-0.42,1.66,-0.44,0.23,0.38,-0.52,-0.13,0,0,-7.00
2012-11-06T11:00:00,-0.18,0.49,-0.45,1.67,-0.48,0.2,0.49,-0.5,-0.13,0,0,-4.00
2012-11-06T12:00:00,-0.22,0.8,-0.3,1.64,-0.55,0.14,0.63,-0.5,-0.14,0,0,-4.00
2012-11-06T13:00:00,-0.21,0.81,-0.47,1.6,-0.57,0.16,0.88,-0.55,-0.16,0,0,-6.00
2012-11-06T14:00:00,-0.26,0.77,-0.52,1.6,-0.46,0.12,0.86,-0.56,-0.16,0,0,-13.00
2012-11-06T15:00:00,-0.28,0.93,-0.45,1.6,-0.42,-0.02,0.81,-0.56,-0.17,0,0,-13.00
2012-11-06T16:00:00,0.12,0.59,-0.32,1.72,-0.62,-0.32,1.47,-0.53,-0.1,0,0,-14.00
2012-11-06T17:00:00,0.02,0.57,-0.36,1.66,-0.49,-0.31,1.77,-0.52,-0.08,0,0,-15.00
2012-11-06T18:00:00,-0.47,0.92,-0.11,1.61,-0.46,-0.34,1.49,-0.51,-0.13,0,0,-9.00
2012-11-06T19:00:00,-0.85,0.61,-0.02,1.63,-0.61,-0.35,1.63,-0.51,-0.13,0,0,-4.00
2012-11-06T20:00:00,-1.01,0.61,0.07,1.63,-0.59,-0.47,1.6,-0.49,-0.13,0,0,0.00
2012-11-06T21:00:00,0.15,0.2,-0.29,1.48,-0.54,-0.59,3.2,-0.51,0.26,0,0,2.00
2012-11-06T22:00:00,-0.27,0.5,0.05,1.45,-0.83,-0.7,4.58,-0.52,0.21,1,0,1.00
2012-11-06T23:00:00,0.29,-0.24,0.15,1.34,-1.11,0.11,4.38,-0.47,1.23,1,0,6.00
2012-11-07T00:00:00,0.96,-1.07,-1.04,1.09,-0.22,0.06,1.49,-0.21,-0.13,1,0,14.00
2012-11-07T01:00:00,0.8,-1.44,-0.48,0.93,-0.01,0.7,1.27,0.07,-0.08,1,0,13.00
2012-11-07T02:00:00,-0.59,0.38,1.58,0.89,0.23,0.73,1.06,-0.23,-0.14,1,0,8.00
2012-11-07T03:00:00,-0.5,0.69,1.33,0.99,0.13,0.67,1.16,-0.27,-0.14,1,0,-2.00
2012-11-07T04:00:00,0.36,-0.29,0.64,0.75,0.62,-0.47,0.65,-0.04,0.12,1,0,-2.00
2012-11-07T05:00:00,0.95,-1.05,0.79,0.67,0.52,-0.81,0.74,-0.05,-0.11,1,0,4.00
2012-11-07T06:00:00,0.86,-0.88,0.24,0.58,0.32,-0.27,0.89,-0.01,-0.02,1,0,5.00
2012-11-07T07:00:00,0.47,-0.53,0.03,0.39,0.25,0.08,0.41,-0.05,0.18,1,0,5.00
2012-11-07T08:00:00,0.11,-0.88,0.14,0.31,0.13,0.26,1.17,-0.25,0.04,1,0,6.00
2012-11-07T09:00:00,0.91,-0.11,0.51,0.35,0.68,0.29,0.47,-0.01,-0.01,1,0,4.00
2012-11-07T10:00:00,0.71,-0.26,0.46,0.39,0.72,-0.12,0.38,0.04,0.07,1,0,1.00
2012-11-07T11:00:00,0.88,-0.33,0.32,0.39,0.18,-0.08,0.4,0.12,0.05,1,0,1.00
2012-11-07T12:00:00,0.69,-0.27,-0.62,0.36,0.32,-0.83,0.54,0.02,-0.01,1,0,5.00
2012-11-07T13:00:00,1.22,-0.42,-0.11,0.46,0.13,-0.37,0.43,0.05,-0.06,1,0,6.00
2012-11-07T14:00:00,0.68,-0.94,0.36,0.16,0.42,-0.25,0.23,0.2,-0.04,1,0,4.00
2012-11-07T15:00:00,0.25,0.54,-0.4,-0.15,2.39,-0.78,0.57,0.46,0.34,0,0,-3.00
2012-11-07T16:00:00,0.32,0.11,-0.15,-0.15,2.09,-0.75,0.47,0.79,2.32,0,0,-6.00
2012-11-07T17:00:00,0.49,-0.5,0.03,-0.1,1.62,-0.43,0.37,0.92,0.79,0,0,-2.00
2012-11-07T18:00:00,0.68,-0.7,-0.0,1.14,0.35,0.25,0.65,2.16,0.88,0,0,-5.00
2012-11-07T19:00:00,0.31,-0.74,0.07,-0.06,1.63,-0.27,0.22,0.74,0.39,0,0,-3.00
2012-11-07T20:00:00,0.55,-0.62,0.18,-0.1,1.66,-0.13,0.01,0.55,0.19,0,0,-2.00
2012-11-07T21:00:00,0.62,-0.15,0.15,-0.18,1.72,-0.49,-0.21,0.3,0.21,0,0,-1.00
2012-11-07T22:00:00,0.6,-0.37,0.39,-0.16,1.46,-0.05,-0.31,0.13,-0.0,0,0,-1.00
2012-11-07T23:00:00,0.72,-0.4,0.2,-0.13,1.31,-0.2,-0.37,-0.03,-0.07,0,0,-6.00
2012-11-08T00:00:00,0.74,-0.4,0.23,-0.04,1.12,-0.03,-0.43,-0.09,-0.09,0,0,-6.00
2012-11-08T01:00:00,0.7,-0.39,0.34,-0.04,1.09,0.09,-0.38,0.02,-0.07,0,0,-7.00
2012-11-08T02:00:00,0.73,-0.43,0.36,0.06,0.8,-0.46,0.11,0.02,0.0,0,0,-9.00
2012-11-08T03:00:00,0.81,-0.47,0.29,-0.02,1.1,0.0,-0.42,0.0,-0.1,0,0,-9.00
2012-11-08T04:00:00,0.89,-0.22,0.33,0.02,1.48,-0.1,-0.42,0.0,-0.1,0,0,-6.00
2012-11-08T05:00:00,0.78,-0.18,0.22,0.36,1.01,0.02,-0.36,-0.13,-0.08,0,0,-5.00
2012-11-08T06:00:00,0.63,-0.25,0.34,0.44,0.66,0.2,-0.26,-0.17,-0.05,0,0,-6.00
2012-11-08T07:00:00,0.41,-0.37,0.24,0.41,0.11,0.12,-0.28,-0.21,0.01,0,0,-7.00
2012-11-08T08:00:00,-0.02,-0.59,-0.02,0.35,-0.17,-0.21,-0.31,-0.37,-0.08,0,0,-5.00
2012-11-08T09:00:00,0.6,-0.05,0.28,0.49,0.33,0.19,-0.26,-0.28,-0.05,0,0,-2.00
2012-11-08T10:00:00,0.61,-0.04,0.14,0.54,0.48,0.09,-0.25,-0.31,-0.04,0,0,-2.00
2012-11-08T11:00:00,0.48,-0.01,0.37,0.52,0.38,0.25,-0.27,-0.32,-0.04,0,0,-5.00
2012-11-08T12:00:00,0.58,-0.1,0.28,0.6,0.17,0.25,-0.26,-0.32,-0.06,0,0,-7.00
2012-11-08T13:00:00,0.56,0.01,0.32,0.62,0.22,0.21,-0.28,-0.31,-0.06,0,0,-6.00
2012-11-08T14:00:00,0.5,0.04,0.36,0.63,0.1,0.21,-0.26,-0.27,-0.02,0,0,-5.00
2012-11-08T15:00:00,0.38,0.09,0.38,0.68,0.14,0.32,-0.26,-0.35,-0.03,0,0,-1.00
2012-11-08T16:00:00,0.14,-0.05,0.53,0.65,0.01,0.54,-0.32,-0.42,-0.09,0,0,2.00
2012-11-08T17:00:00,0.38,0.07,0.41,0.72,0.03,0.44,-0.24,-0.34,-0.03,0,0,3.00
2012-11-08T18:00:00,0.32,-0.08,0.43,0.72,-0.02,0.4,-0.23,-0.39,-0.04,0,0,3.00
2012-11-08T19:00:00,0.3,-0.53,0.09,0.74,-0.26,0.07,-0.16,-0.41,-0.07,0,0,3.00
2012-11-08T20:00:00,-0.16,-0.55,-0.05,0.69,-0.25,0.01,-0.21,-0.45,-0.09,0,0,6.00
2012-11-08T21:00:00,-0.08,-0.36,0.49,0.72,-0.2,0.32,-0.25,-0.45,-0.11,0,0,10.00
2012-11-08T22:00:00,0.09,-0.22,0.6,0.78,-0.1,0.49,-0.36,-0.48,-0.14,0,0,10.00
2012-11-08T23:00:00,-0.04,-0.44,0.41,0.79,-0.33,0.38,-0.33,-0.48,-0.13,0,0,5.00
2012-11-09T00:00:00,0.11,-0.28,0.42,0.87,-0.13,0.39,-0.3,-0.46,-0.09,0,0,3.00
2012-11-09T01:00:00,0.07,-0.57,0.14,0.86,-0.33,0.09,-0.3,-0.48,-0.11,0,0,0.00
2012-11-09T02:00:00,0.12,-0.26,0.39,0.89,-0.16,0.1,-0.4,-0.5,-0.11,0,0,0.00
2012-11-09T03:00:00,0.18,-0.4,0.0,0.91,-0.2,-0.09,-0.31,-0.5,-0.07,0,0,2.00
2012-11-09T04:00:00,0.27,-0.42,-0.06,0.95,-0.04,0.12,-0.24,-0.56,-0.14,0,0,2.00
2012-11-09T05:00:00,0.25,-0.38,-0.01,0.98,-0.08,-0.04,-0.19,-0.55,-0.12,0,0,1.00
2012-11-09T06:00:00,0.19,-0.29,-0.05,0.98,-0.07,-0.19,-0.1,-0.56,-0.07,0,0,0.00
2012-11-09T07:00:00,0.18,-0.28,0.01,1.0,-0.08,-0.23,-0.07,-0.56,-0.04,0,0,-1.00
2012-11-09T08:00:00,0.15,-0.3,0.01,1.01,-0.13,-0.2,-0.08,-0.56,-0.04,0,0,2.00
2012-11-09T09:00:00,0.13,-0.31,0.08,1.05,-0.13,-0.16,-0.08,-0.56,-0.03,0,0,3.00
2012-11-09T10:00:00,0.2,-0.27,0.1,1.06,-0.12,-0.08,-0.06,-0.58,-0.06,0,0,4.00
2012-11-09T11:00:00,0.17,-0.27,0.14,1.07,-0.28,-0.01,-0.07,-0.58,-0.06,0,0,4.00
2012-11-09T12:00:00,0.09,-0.25,0.17,1.1,-0.18,0.05,-0.06,-0.58,-0.02,0,0,4.00
2012-11-09T13:00:00,-0.01,-0.19,0.07,1.13,-0.03,0.1,-0.04,-0.56,0.32,0,0,4.00
2012-11-09T14:00:00,-0.03,-0.12,-0.04,1.18,0.02,0.15,-0.06,-0.56,0.38,0,0,5.00
2012-11-09T15:00:00,0.0,-0.2,0.24,1.19,-0.04,0.53,-0.19,-0.54,0.05,0,0,8.00
2012-11-09T16:00:00,0.21,-0.14,0.16,1.22,-0.13,0.44,-0.17,-0.5,0.19,0,0,8.00
2012-11-09T17:00:00,-0.19,-0.4,0.08,1.2,-0.34,0.29,-0.21,-0.54,-0.1,0,0,5.00
2012-11-09T18:00:00,-0.06,-0.32,-0.05,1.25,-0.3,0.23,-0.19,-0.54,-0.04,0,0,3.00
2012-11-09T19:00:00,-0.04,-0.26,0.11,1.29,-0.07,0.29,-0.12,-0.55,0.07,0,0,3.00
2012-11-09T20:00:00,-0.15,-0.27,0.2,1.3,-0.06,0.32,-0.08,-0.56,-0.04,0,0,3.00
2012-11-09T21:00:00,-0.03,-0.14,0.36,1.31,-0.11,0.39,-0.13,-0.55,-0.06,0,0,3.00
2012-11-09T22:00:00,0.25,0.13,0.39,1.41,0.09,0.45,-0.17,-0.54,-0.11,0,0,4.00
2012-11-09T23:00:00,0.14,0.03,0.34,1.4,-0.17,0.49,-0.18,-0.55,-0.05,0,0,2.00
2012-11-10T00:00:00,0.07,-0.04,0.17,1.39,-0.1,0.11,-0.07,-0.58,0.58,0,0,-1.00
2012-11-10T01:00:00,-0.02,0.0,0.15,1.38,-0.04,0.16,-0.08,-0.57,1.12,0,0,-5.00
2012-11-10T02:00:00,-0.14,0.15,0.23,1.34,0.02,0.24,-0.16,-0.54,0.01,0,0,-4.00
2012-11-10T03:00:00,-0.14,0.09,0.2,1.38,-0.12,0.23,-0.12,-0.55,0.09,0,0,-3.00
2012-11-10T04:00:00,-0.06,0.07,0.21,1.43,-0.13,0.2,-0.11,-0.57,0.16,0,0,-1.00
2012-11-10T05:00:00,-0.12,0.01,0.16,1.45,-0.2,0.27,-0.07,-0.57,0.34,0,0,1.00
2012-11-10T06:00:00,-0.01,-0.0,0.14,1.5,-0.2,0.33,-0.03,-0.57,1.74,0,0,3.00
2012-11-10T07:00:00,-0.06,-0.02,0.12,1.5,-0.23,0.24,0.0,-0.58,1.57,0,0,4.00
2012-11-10T08:00:00,-0.06,0.02,0.1,1.51,0.09,0.09,1.71,-0.56,6.36,0,0,6.00
2012-11-10T09:00:00,0.01,-0.02,0.11,1.54,-0.15,0.26,-0.01,-0.55,8.91,0,0,8.00
2012-11-10T10:00:00,-0.03,-0.03,0.07,1.54,-0.09,0.29,0.01,-0.56,12.25,0,0,11.00
2012-11-10T11:00:00,0.02,-0.03,0.11,1.56,-0.14,0.21,0.02,-0.56,7.48,0,0,13.00
2012-11-10T12:00:00,-0.03,-0.06,0.13,1.62,-0.22,0.25,-0.01,-0.55,2.33,0,0,12.00
2012-11-10T13:00:00,0.4,-0.0,0.19,1.57,0.21,1.5,0.19,-0.53,-0.02,0,0,9.00
2012-11-10T14:00:00,0.0,-0.0,0.3,1.54,0.06,0.91,1.18,-0.55,0.39,0,0,7.00
2012-11-10T15:00:00,0.11,-0.22,0.22,1.63,-0.34,0.71,0.48,-0.56,0.12,0,0,8.00
2012-11-10T16:00:00,0.1,-0.25,-0.16,1.65,-0.21,0.55,0.61,-0.58,-0.03,0,0,11.00
2012-11-10T17:00:00,0.31,-0.36,0.04,1.71,-0.31,0.65,0.49,-0.53,-0.03,0,0,12.00
2012-11-10T18:00:00,0.06,-0.03,-0.2,1.64,-0.04,0.36,0.49,-0.54,0.11,0,0,12.00
2012-11-10T19:00:00,-0.07,-0.11,-0.4,1.63,-0.1,0.2,0.55,-0.54,-0.09,0,0,8.00
2012-11-10T20:00:00,-0.13,0.04,-0.24,1.63,-0.1,0.28,0.65,-0.55,0.02,0,0,8.00
2012-11-10T21:00:00,-0.14,0.14,-0.12,1.65,-0.01,0.42,0.94,-0.55,0.2,0,0,8.00
2012-11-10T22:00:00,-0.01,0.21,-0.01,1.66,-0.23,0.55,1.08,-0.58,0.27,0,0,9.00
2012-11-10T23:00:00,-0.2,-0.28,-0.29,1.65,-0.38,0.45,0.95,-0.58,-0.11,0,0,7.00
2012-11-11T00:00:00,-0.27,-0.23,-0.33,1.68,-0.36,0.39,0.98,-0.59,-0.13,0,0,7.00
2012-11-11T01:00:00,0.01,-0.05,-0.05,1.75,-0.31,0.36,1.11,-0.57,1.26,0,0,6.00
2012-11-11T02:00:00,0.19,-0.35,0.19,1.76,-0.28,0.45,1.1,-0.58,-0.03,0,0,3.00
2012-11-11T03:00:00,0.19,-0.39,0.21,1.72,-0.32,0.42,1.2,-0.58,-0.06,0,0,1.00
2012-11-11T04:00:00,0.08,-0.43,0.18,1.76,-0.31,0.49,1.35,-0.57,-0.0,0,0,1.00
2012-11-11T05:00:00,0.07,-0.18,0.24,1.75,-0.28,0.65,1.73,-0.56,0.52,0,0,5.00
2012-11-11T06:00:00,0.11,-0.49,-0.04,1.71,-0.23,0.42,1.5,-0.53,0.03,0,0,7.00
2012-11-11T07:00:00,-0.01,-0.45,-0.48,1.67,-0.22,0.3,1.36,-0.54,-0.11,0,0,9.00
2012-11-11T08:00:00,-0.07,-0.87,-0.08,1.7,-0.47,0.58,1.37,-0.56,-0.14,0,0,11.00
2012-11-11T09:00:00,0.08,-0.74,0.24,1.73,-0.43,0.78,1.48,-0.56,-0.11,0,0,11.00
2012-11-11T10:00:00,0.08,-0.46,0.29,1.73,-0.23,0.71,1.38,-0.54,-0.01,0,0,9.00
2012-11-11T11:00:00,-0.03,-0.27,-0.59,1.68,0.03,0.4,1.37,-0.54,-0.11,0,0,7.00
2012-11-11T12:00:00,0.04,-0.77,-0.28,1.68,-0.15,0.48,1.46,-0.52,-0.11,0,0,7.00
2012-11-11T13:00:00,0.51,-0.14,0.2,1.73,0.1,0.83,1.5,-0.48,0.11,0,0,7.00
2012-11-11T14:00:00,0.59,-0.53,0.17,1.75,-0.07,0.84,1.33,-0.47,-0.05,0,0,5.00
2012-11-11T15:00:00,0.66,-0.18,0.3,1.78,-0.06,0.74,1.32,-0.45,-0.01,0,0,1.00
2012-11-11T16:00:00,0.7,0.07,0.44,1.72,-0.02,0.59,0.89,-0.46,-0.08,0,0,1.00
2012-11-11T17:00:00,0.5,-0.12,0.43,1.63,0.03,0.4,0.46,-0.45,-0.05,0,0,4.00
2012-11-11T18:00:00,0.03,-0.41,0.31,1.52,0.25,0.08,0.22,-0.31,0.16,0,0,5.00
2012-11-11T19:00:00,0.65,-0.09,0.33,1.53,0.81,-0.23,0.15,-0.26,-0.0,0,0,3.00
2012-11-11T20:00:00,0.79,0.04,0.24,1.53,0.92,-0.22,0.16,-0.23,-0.03,0,0,3.00
2012-11-11T21:00:00,0.76,-0.23,0.13,1.53,0.68,-0.21,0.15,-0.25,-0.03,0,0,3.00
2012-11-11T22:00:00,0.65,-0.21,-0.2,1.56,0.66,-0.27,0.16,-0.27,-0.02,0,0,3.00
2012-11-11T23:00:00,0.53,-0.47,-0.1,1.57,0.41,-0.19,0.15,-0.24,-0.0,0,0,1.00
2012-11-12T00:00:00,0.64,-0.31,-0.08,1.69,0.42,-0.43,0.13,-0.21,0.01,0,0,1.00
2012-11-12T01:00:00,0.54,-0.52,0.2,1.72,0.34,-0.4,0.08,-0.34,-0.06,0,0,0.00
2012-11-12T02:00:00,0.52,-0.5,0.18,1.71,0.04,-0.51,0.1,-0.36,-0.06,0,0,0.00
2012-11-12T03:00:00,0.44,-0.46,0.13,1.74,0.0,-0.57,0.16,-0.43,-0.06,0,0,-1.00
2012-11-12T04:00:00,0.51,-0.37,-0.06,1.78,-0.15,-0.41,0.23,-0.41,-0.04,0,0,-2.00
2012-11-12T05:00:00,0.53,-0.29,0.32,1.79,-0.24,-0.15,0.18,-0.39,-0.04,0,0,0.00
2012-11-12T06:00:00,0.44,-0.11,0.48,1.77,-0.17,-0.1,0.08,-0.45,-0.09,0,0,1.00
2012-11-12T07:00:00,0.49,-0.2,0.36,1.78,-0.18,-0.2,0.11,-0.44,-0.07,0,0,-1.00
2012-11-12T08:00:00,0.33,-0.32,0.3,1.8,-0.27,-0.2,0.17,-0.46,-0.02,0,0,0.00
2012-11-12T09:00:00,0.23,-0.41,0.29,1.77,-0.22,-0.12,0.15,-0.48,-0.04,0,0,1.00
2012-11-12T10:00:00,0.31,-0.55,0.12,1.77,-0.31,-0.34,0.13,-0.47,-0.08,0,0,4.00
2012-11-12T11:00:00,0.25,-0.5,-0.0,1.79,-0.43,-0.46,0.21,-0.46,-0.03,0,0,5.00
2012-11-12T12:00:00,-0.04,-0.45,-0.12,1.72,-0.26,-0.88,1.25,-0.5,0.08,0,0,5.00
2012-11-12T13:00:00,0.02,-0.46,0.26,1.7,-0.45,-0.44,0.48,-0.48,0.01,0,0,4.00
2012-11-12T14:00:00,0.42,-0.63,0.5,1.59,-1.49,0.06,2.92,-0.49,-0.03,0,0,5.00
2012-11-12T15:00:00,0.4,-0.65,-0.06,1.46,-1.08,-0.4,2.58,-0.49,0.01,0,0,6.00
2012-11-12T16:00:00,0.09,-0.36,0.85,1.4,-0.86,-0.59,2.23,-0.44,-0.05,1,0,11.00
2012-11-12T17:00:00,-0.76,1.06,0.34,1.37,-0.9,-0.72,2.44,-0.43,-0.11,1,0,18.00
2012-11-12T18:00:00,-0.46,1.08,-0.4,1.39,-0.87,-0.59,2.49,-0.44,-0.11,1,0,17.00
2012-11-12T19:00:00,-0.16,0.17,-0.84,1.43,-0.79,-0.31,2.32,-0.44,-0.08,1,0,16.00
2012-11-12T20:00:00,-0.64,0.67,-0.95,1.45,-0.66,0.07,2.02,-0.47,-0.15,1,0,17.00
2012-11-12T21:00:00,-0.55,0.62,-0.92,1.52,-0.6,-0.17,1.89,-0.51,-0.15,1,0,9.00
2012-11-12T22:00:00,-0.54,0.89,-0.48,1.19,-1.33,-0.96,6.24,-0.42,0.02,1,0,-1.00
2012-11-12T23:00:00,0.84,-0.74,-0.56,0.85,-0.52,-1.33,4.91,-0.16,0.15,1,0,-9.00
2012-11-13T00:00:00,1.09,-3.04,0.1,0.54,1.26,-1.45,1.87,0.52,-0.12,1,0,-2.00
2012-11-13T01:00:00,0.98,-1.8,1.4,0.37,1.45,-0.14,1.17,1.0,-0.08,1,0,-6.00
2012-11-13T02:00:00,1.42,-2.0,1.4,0.53,0.75,0.06,2.43,0.7,-0.08,1,0,-11.00
2012-11-13T03:00:00,0.01,-0.31,0.84,0.48,0.68,1.26,4.35,0.04,0.64,1,0,-12.00
2012-11-13T04:00:00,0.28,-1.49,0.34,0.54,0.19,1.3,3.6,-0.08,0.04,1,0,-4.00
2012-11-13T05:00:00,-0.84,-0.69,0.8,0.35,0.22,2.42,2.61,-0.07,0.03,1,0,3.00
2012-11-13T06:00:00,-1.6,-0.55,0.99,0.28,0.22,2.58,2.09,-0.15,-0.11,1,0,-3.00
2012-11-13T07:00:00,-1.62,-0.05,1.53,0.26,0.97,2.05,2.05,-0.19,-0.14,1,0,-5.00
2012-11-13T08:00:00,-2.1,-0.01,2.29,0.61,1.41,0.38,0.38,-0.35,-0.18,1,1,-6.00
2012-11-13T09:00:00,-2.08,0.81,2.44,0.72,1.35,-0.15,-0.2,-0.21,-0.19,1,1,-1.00
2012-11-13T10:00:00,-1.77,2.96,1.36,0.7,0.55,-0.09,-0.31,-0.04,-0.19,1,1,-10.00
2012-11-13T11:00:00,-1.0,3.6,0.25,0.7,0.06,1.36,-0.45,-0.03,-0.19,1,1,-11.00
2012-11-13T12:00:00,-0.32,3.66,-0.38,0.85,-0.08,0.31,-0.52,-0.15,-0.19,1,1,-9.00
2012-11-13T13:00:00,0.25,3.39,-0.82,0.74,0.19,0.41,0.56,-0.42,-0.19,1,1,-7.00
2012-11-13T14:00:00,-1.59,3.33,0.44,0.93,1.23,-0.22,0.02,-0.42,-0.19,1,1,-5.00
2012-11-13T15:00:00,-1.37,3.52,0.11,1.05,1.08,-0.14,-0.19,-0.47,-0.19,1,1,1.00
2012-11-13T16:00:00,-0.74,3.64,-0.44,1.12,0.54,-0.59,-0.3,-0.43,-0.19,1,1,-2.00
2012-11-13T17:00:00,-0.43,3.48,-1.04,1.03,0.45,-0.32,-0.19,-0.43,-0.19,1,1,-4.00
2012-11-13T18:00:00,-0.38,3.43,-1.05,1.06,0.74,-0.03,0.01,-0.46,-0.19,1,1,-1.00
2012-11-13T19:00:00,-0.21,3.31,-1.32,1.11,0.67,0.19,-0.17,-0.48,-0.19,1,1,-3.00
2012-11-13T20:00:00,-0.18,3.37,-1.18,1.15,0.67,0.02,-0.2,-0.48,-0.19,1,1,-13.00
2012-11-13T21:00:00,0.13,3.55,-1.16,1.06,0.66,0.03,-0.04,-0.5,-0.19,1,1,-22.00
2012-11-13T22:00:00,0.3,3.72,-1.27,1.0,0.64,-0.1,-0.0,-0.53,-0.19,1,1,-25.00
2012-11-13T23:00:00,0.29,3.01,-2.09,0.97,0.75,0.12,0.91,-0.54,-0.19,1,1,-25.00
2012-11-14T00:00:00,0.58,2.67,-2.18,0.94,0.56,-0.13,1.19,-0.55,-0.19,1,1,-29.00
2012-11-14T01:00:00,0.76,2.16,-2.39,0.86,0.47,0.06,0.84,-0.51,-0.19,1,1,-37.00
2012-11-14T02:00:00,-0.24,0.36,-2.5,0.86,0.25,0.32,0.83,0.04,-0.16,1,1,-54.00
2012-11-14T03:00:00,-0.96,-0.71,-1.93,0.8,0.39,0.93,2.05,0.27,-0.11,1,0,-77.00
2012-11-14T04:00:00,-0.22,-0.78,-2.22,0.84,0.6,-0.11,0.96,0.08,-0.15,1,0,-92.00
2012-11-14T05:00:00,0.27,-0.62,-2.57,0.72,0.18,-0.31,0.1,-0.06,-0.18,1,0,-99.00
2012-11-14T06:00:00,0.19,-1.12,-2.23,0.75,0.53,-0.15,0.15,-0.04,-0.17,1,0,-104.00
2012-11-14T07:00:00,0.19,-1.57,-1.87,0.82,0.81,-0.65,0.14,0.14,-0.17,1,0,-104.00
2012-11-14T08:00:00,-0.24,-1.07,-0.1,0.83,1.28,-0.15,0.55,1.36,0.35,1,0,-108.00
2012-11-14T09:00:00,-0.09,-0.58,0.36,0.78,1.22,0.78,0.7,1.93,1.89,1,0,-101.00
2012-11-14T10:00:00,0.12,-1.62,-0.43,0.81,0.46,-0.19,0.41,1.29,0.0,1,0,-97.00
2012-11-14T11:00:00,-0.02,-1.12,-0.69,0.79,0.65,-0.51,0.53,1.13,0.09,1,0,-88.00
2012-11-14T12:00:00,-0.1,-1.71,-0.6,0.81,0.19,-0.68,0.51,1.07,-0.04,1,0,-73.00
2012-11-14T13:00:00,-0.13,-1.57,-0.08,0.76,-0.01,-0.14,0.26,1.04,-0.01,1,0,-73.00
2012-11-14T14:00:00,0.48,0.28,0.43,0.75,0.24,0.3,0.18,1.31,0.81,1,0,-69.00
2012-11-14T15:00:00,0.6,0.66,0.31,0.76,-0.03,-0.67,0.09,1.28,0.31,1,0,-65.00
2012-11-14T16:00:00,0.44,0.23,0.89,0.71,-0.07,-0.88,-0.06,1.13,0.11,1,0,-57.00
2012-11-14T17:00:00,0.19,0.02,1.13,0.7,0.46,-0.69,-0.16,1.19,0.01,1,0,-51.00
2012-11-14T18:00:00,0.29,-0.42,1.09,0.54,-0.18,-0.11,-0.18,1.02,-0.02,1,0,-50.00
2012-11-14T19:00:00,0.47,-0.28,1.06,0.65,-0.34,-0.31,-0.22,0.81,-0.04,1,0,-48.00
2012-11-14T20:00:00,0.71,-0.52,0.36,0.62,-0.26,-0.42,-0.16,0.47,0.04,1,0,-44.00
2012-11-14T21:00:00,0.67,0.08,0.11,0.12,-0.68,-0.07,-0.72,-0.33,-0.15,1,0,-41.00
2012-11-14T22:00:00,0.6,0.22,0.13,0.11,-0.06,-0.02,-0.76,-0.31,-0.15,0,0,-36.00
2012-11-14T23:00:00,0.59,0.2,0.22,0.15,0.34,0.3,-0.79,-0.37,-0.16,0,0,-38.00
2012-11-15T00:00:00,0.5,0.32,0.19,0.02,1.02,0.05,-0.77,-0.36,-0.15,0,0,-40.00
2012-11-15T01:00:00,0.47,0.35,0.06,-0.02,1.4,-0.32,-0.78,-0.39,-0.16,0,0,-40.00
2012-11-15T02:00:00,0.4,0.29,0.23,-0.03,1.42,0.32,-0.79,-0.42,-0.15,0,0,-40.00
2012-11-15T03:00:00,0.48,0.14,0.28,0.06,1.06,0.79,-0.8,-0.42,-0.16,0,0,-41.00
2012-11-15T04:00:00,0.54,0.11,0.17,0.15,1.01,0.47,-0.78,-0.42,-0.16,0,0,-42.00
2012-11-15T05:00:00,0.56,0.02,0.15,0.14,0.4,0.29,-0.67,-0.34,-0.12,0,0,-41.00
2012-11-15T06:00:00,0.6,-0.05,0.04,0.21,0.06,-0.03,-0.61,-0.42,-0.14,0,0,-40.00
2012-11-15T07:00:00,0.56,-0.15,0.07,0.24,-0.07,0.31,-0.62,-0.43,-0.14,0,0,-40.00
2012-11-15T08:00:00,0.56,-0.04,0.06,0.27,0.09,0.42,-0.63,-0.38,-0.12,0,0,-39.00
2012-11-15T09:00:00,0.49,0.08,0.24,0.32,0.24,0.45,-0.63,-0.3,-0.09,0,0,-37.00
2012-11-15T10:00:00,0.38,-0.44,0.08,0.36,-0.54,0.46,-0.56,-0.19,-0.05,0,0,-34.00
2012-11-15T11:00:00,0.39,-0.46,0.06,0.44,-0.46,0.52,-0.56,-0.19,-0.07,0,0,-27.00
2012-11-15T12:00:00,0.23,-0.45,0.29,0.31,-0.43,0.72,-0.6,-0.25,-0.08,0,0,-25.00
2012-11-15T13:00:00,0.45,0.25,0.24,0.41,0.8,0.82,-0.59,-0.25,-0.08,0,0,-27.00
2012-11-15T14:00:00,0.51,0.52,0.15,0.36,0.92,0.74,-0.62,-0.29,-0.14,0,0,-28.00
2012-11-15T15:00:00,0.66,0.41,-0.06,0.49,0.64,0.33,-0.64,-0.3,-0.15,0,0,-25.00
2012-11-15T16:00:00,0.67,0.34,-0.12,0.53,0.6,0.3,-0.63,-0.34,-0.15,0,0,-24.00
2012-11-15T17:00:00,0.57,0.37,-0.09,0.43,0.84,0.38,-0.6,-0.22,-0.12,0,0,-25.00
2012-11-15T18:00:00,0.39,0.61,-0.02,0.47,1.0,0.62,-0.62,-0.29,-0.14,0,0,-24.00
2012-11-15T19:00:00,0.22,0.67,-0.07,0.48,0.98,0.66,-0.59,-0.33,-0.14,0,0,-24.00
2012-11-15T20:00:00,0.58,0.3,-0.18,0.63,0.58,0.4,-0.63,-0.19,-0.12,0,0,-25.00
2012-11-15T21:00:00,0.64,0.13,-0.21,0.66,0.16,0.27,-0.67,-0.16,-0.13,0,0,-24.00
2012-11-15T22:00:00,0.6,0.2,-0.28,0.65,0.11,0.19,-0.64,-0.22,-0.13,0,0,-21.00
2012-11-15T23:00:00,0.75,0.23,-0.03,0.72,0.39,1.01,-0.6,-0.3,-0.14,0,0,-22.00
2012-11-16T00:00:00,0.56,0.46,0.0,0.66,0.95,0.97,-0.58,-0.22,-0.12,0,0,-24.00
2012-11-16T01:00:00,0.45,0.29,-0.04,0.62,1.14,0.77,-0.57,0.01,0.01,0,0,-26.00
2012-11-16T02:00:00,0.36,-0.73,-0.1,0.53,-0.24,0.89,-0.69,-0.21,-0.15,0,0,-28.00
2012-11-16T03:00:00,0.57,-0.46,0.11,0.61,-0.23,1.09,-0.54,-0.12,-0.09,0,0,-27.00
2012-11-16T04:00:00,0.5,-0.32,-0.35,0.61,-0.15,0.31,-0.6,-0.15,-0.12,0,0,-27.00
2012-11-16T05:00:00,0.47,-0.53,0.05,0.59,0.1,1.04,-0.62,-0.19,-0.11,0,0,-24.00
2012-11-16T06:00:00,0.59,-0.2,-0.11,0.69,0.38,0.45,-0.65,-0.21,-0.11,0,0,-23.00
2012-11-16T07:00:00,0.55,-0.37,0.01,0.67,0.01,0.6,-0.68,-0.26,-0.13,0,0,-24.00
2012-11-16T08:00:00,0.19,-0.47,-0.17,0.37,-0.31,-0.1,-0.74,-0.35,-0.14,0,0,-23.00
2012-11-16T09:00:00,-0.08,-0.52,-0.13,0.25,-1.0,0.11,-0.73,-0.3,-0.13,0,0,-24.00
2012-11-16T10:00:00,0.13,-0.53,-0.26,0.43,-0.23,-0.45,-0.77,-0.43,-0.17,0,0,-23.00
2012-11-16T11:00:00,0.06,-0.52,-0.04,0.49,-0.4,0.38,-0.7,-0.38,-0.13,0,0,-20.00
2012-11-16T12:00:00,0.15,-0.51,-0.17,0.53,0.16,0.27,-0.58,-0.46,-0.15,0,0,-23.00
2012-11-16T13:00:00,0.21,-0.48,-0.24,0.56,0.21,0.1,-0.61,-0.43,-0.15,0,0,-26.00
2012-11-16T14:00:00,-0.01,-0.48,-0.28,0.54,0.2,0.2,-0.57,-0.5,-0.16,0,0,-21.00
2012-11-16T15:00:00,-0.22,-0.47,-0.29,0.5,-0.14,0.1,-0.72,-0.53,-0.18,0,0,-20.00
2012-11-16T16:00:00,-0.3,-0.41,-0.31,0.49,-0.37,0.02,-0.75,-0.55,-0.18,0,0,-19.00
2012-11-16T17:00:00,-0.26,-0.3,-0.33,0.54,-0.19,0.27,-0.55,-0.53,-0.16,0,0,-18.00
2012-11-16T18:00:00,-0.0,-0.29,-0.4,0.63,-0.21,0.28,-0.49,-0.52,-0.16,0,0,-23.00
2012-11-16T19:00:00,0.15,-0.32,-0.38,0.7,-0.3,0.03,-0.64,-0.51,-0.17,0,0,-22.00
2012-11-16T20:00:00,0.25,-0.25,-0.28,0.76,-0.07,0.15,-0.52,-0.5,-0.14,0,0,-22.00
2012-11-16T21:00:00,0.4,-0.44,-0.22,0.77,-0.2,0.53,-0.46,-0.48,-0.15,0,0,-24.00
2012-11-16T22:00:00,0.58,-0.53,-0.04,0.85,-0.4,0.68,-0.51,-0.48,-0.16,0,0,-20.00
2012-11-16T23:00:00,0.46,-0.58,0.3,0.78,-0.45,0.95,-0.35,-0.45,-0.15,0,0,-18.00
2012-11-17T00:00:00,0.4,-0.39,0.46,0.74,-0.36,0.75,-0.13,-0.49,-0.14,0,0,-14.00
2012-11-17T01:00:00,0.22,-0.4,0.03,0.74,-0.57,0.38,-0.29,-0.49,-0.07,0,0,-11.00
2012-11-17T02:00:00,0.18,-0.62,-0.47,0.73,-0.78,0.09,-0.4,-0.52,-0.17,0,0,-8.00
2012-11-17T03:00:00,0.05,-0.82,-0.2,0.72,-0.96,0.53,-0.17,-0.53,-0.17,0,0,-9.00
2012-11-17T04:00:00,0.21,-0.62,0.67,0.77,-0.99,1.79,-0.4,-0.51,-0.17,0,0,-12.00
2012-11-17T05:00:00,0.12,-0.66,0.59,0.78,-0.67,1.67,-0.07,-0.5,-0.16,0,0,-14.00
2012-11-17T06:00:00,0.11,-0.57,0.73,0.79,-0.51,1.38,-0.26,-0.51,-0.17,0,0,-14.00
2012-11-17T07:00:00,-0.36,0.48,0.67,0.76,-0.09,0.59,1.3,-0.46,-0.09,0,0,-5.00
2012-11-17T08:00:00,-0.26,0.37,0.01,0.8,0.07,0.85,0.67,-0.47,0.08,0,0,-7.00
2012-11-17T09:00:00,-0.05,0.27,0.18,0.77,0.13,0.63,0.67,-0.44,0.48,0,0,-2.00
2012-11-17T10:00:00,0.15,-0.15,0.2,0.7,0.08,0.7,1.32,-0.5,0.94,0,0,1.00
2012-11-17T11:00:00,-0.18,0.1,-0.27,0.59,0.16,0.34,0.81,-0.42,0.21,0,0,-2.00
2012-11-17T12:00:00,-0.24,0.34,-0.14,0.54,0.28,0.24,0.39,-0.46,0.02,0,0,0.00
2012-11-17T13:00:00,0.04,0.07,-0.08,0.43,0.16,0.12,0.51,-0.45,1.34,0,0,-3.00
2012-11-17T14:00:00,0.28,-0.09,0.22,0.42,0.08,0.16,0.58,-0.5,0.24,0,0,-5.00
2012-11-17T15:00:00,-0.04,0.15,0.17,0.42,0.09,0.37,0.31,-0.43,1.09,0,0,-4.00
2012-11-17T16:00:00,-0.04,0.45,0.25,0.42,0.15,0.32,-0.03,-0.46,-0.05,0,0,-1.00
2012-11-17T17:00:00,-0.05,0.06,-0.35,0.46,0.07,0.3,0.13,-0.46,-0.02,0,0,-1.00
2012-11-17T18:00:00,-0.11,0.14,-0.24,0.46,0.06,0.24,0.21,-0.48,0.05,0,0,-2.00
2012-11-17T19:00:00,-0.11,0.12,-0.25,0.48,0.04,0.13,0.03,-0.46,0.03,0,0,-2.00
2012-11-17T20:00:00,-0.04,0.14,-0.28,0.46,0.06,0.25,-0.08,-0.45,0.0,0,0,-6.00
2012-11-17T21:00:00,0.04,0.16,-0.25,0.44,0.09,0.31,-0.05,-0.47,-0.0,0,0,-7.00
2012-11-17T22:00:00,0.18,0.1,-0.21,0.56,-0.01,0.32,-0.01,-0.47,0.05,0,0,-7.00
2012-11-17T23:00:00,0.3,0.15,-0.15,0.55,0.0,0.35,-0.05,-0.37,0.11,0,0,-8.00
2012-11-18T00:00:00,0.22,0.27,-0.13,0.52,-0.15,0.59,-0.22,-0.29,0.13,0,0,-9.00
2012-11-18T01:00:00,-0.17,0.3,-0.29,0.73,0.2,0.59,-0.5,-0.47,-0.13,0,0,-13.00
2012-11-18T02:00:00,-0.23,0.47,-0.18,0.75,-0.49,0.88,-0.47,-0.47,-0.14,0,0,-15.00
2012-11-18T03:00:00,-0.31,0.16,-0.32,0.66,-0.13,0.91,-0.52,-0.42,-0.13,0,0,-15.00
2012-11-18T04:00:00,-0.37,0.23,-0.31,0.6,-0.05,0.55,-0.52,-0.43,-0.14,0,0,-16.00
2012-11-18T05:00:00,-0.41,0.3,-0.05,0.6,-0.11,-0.02,-0.45,-0.38,-0.08,0,0,-18.00
2012-11-18T06:00:00,-0.38,0.39,-0.0,0.64,-0.24,-0.04,-0.53,-0.45,-0.13,0,0,-18.00
2012-11-18T07:00:00,-0.4,0.23,-0.19,0.63,-0.02,0.38,-0.48,-0.39,-0.1,0,0,-17.00
2012-11-18T08:00:00,-0.17,0.39,-0.01,0.54,-0.17,0.04,-0.5,-0.42,-0.08,0,0,-15.00
2012-11-18T09:00:00,-0.13,0.54,0.12,0.53,-0.5,-0.13,-0.56,-0.42,-0.13,0,0,-13.00
2012-11-18T10:00:00,-0.24,0.43,-0.06,0.59,-0.33,0.14,-0.55,-0.42,-0.12,0,0,-12.00
2012-11-18T11:00:00,-0.17,0.45,-0.21,0.57,-0.3,0.54,-0.51,-0.44,-0.14,0,0,-11.00
2012-11-18T12:00:00,-0.48,0.33,-0.06,0.74,-0.12,0.08,-0.48,-0.41,-0.12,0,0,-12.00
2012-11-18T13:00:00,-0.49,0.2,-0.3,0.79,0.12,0.8,-0.53,-0.44,-0.15,0,0,-11.00
2012-11-18T14:00:00,-0.38,0.47,-0.16,0.72,-0.39,0.44,-0.49,-0.41,-0.14,0,0,-12.00
2012-11-18T15:00:00,-0.5,0.35,-0.08,0.79,-0.15,0.38,-0.44,-0.41,-0.12,0,0,-14.00
2012-11-18T16:00:00,-0.65,0.09,0.18,0.84,0.27,-0.09,-0.31,-0.37,-0.1,0,0,-13.00
2012-11-18T17:00:00,-0.56,0.2,0.08,0.83,0.03,-0.02,-0.35,-0.37,-0.09,0,0,-13.00
2012-11-18T18:00:00,-0.51,-0.1,0.07,0.84,-0.06,0.16,-0.36,-0.41,-0.07,0,0,-13.00
2012-11-18T19:00:00,-0.47,0.58,-0.15,0.81,-0.63,0.34,-0.42,-0.43,-0.15,0,0,-10.00
2012-11-18T20:00:00,-0.42,0.64,-0.22,0.76,-0.82,0.37,-0.39,-0.45,-0.16,0,0,-7.00
2012-11-18T21:00:00,-0.43,0.64,-0.21,0.79,-0.88,0.42,-0.33,-0.45,-0.16,0,0,-5.00
2012-11-18T22:00:00,-0.38,0.72,-0.18,0.78,-0.91,0.27,-0.32,-0.45,-0.16,0,0,-3.00
2012-11-18T23:00:00,-0.54,0.72,-0.14,0.79,-0.9,0.07,-0.26,-0.39,-0.15,0,0,-5.00
2012-11-19T00:00:00,-0.49,0.41,-0.19,0.71,-0.88,0.82,0.87,-0.27,0.09,0,0,-6.00
2012-11-19T01:00:00,0.0,-0.03,0.61,0.63,-0.02,-1.27,0.39,-0.36,0.01,0,0,-7.00
2012-11-19T02:00:00,-0.32,0.51,0.33,0.71,-0.47,-0.14,-0.11,-0.33,-0.07,0,0,-8.00
2012-11-19T03:00:00,-0.32,0.68,0.02,0.76,-0.71,0.26,-0.17,-0.38,-0.12,0,0,-5.00
2012-11-19T04:00:00,-0.43,0.67,0.23,0.8,-0.71,-0.06,-0.18,-0.41,-0.13,0,0,-3.00
2012-11-19T05:00:00,-0.42,0.62,-0.18,0.84,-0.73,0.34,-0.23,-0.43,-0.14,0,0,-7.00
2012-11-19T06:00:00,-0.63,0.46,-0.08,0.9,-1.13,-0.35,0.46,-0.41,-0.08,0,0,-10.00
2012-11-19T07:00:00,-0.58,0.45,-0.08,0.89,-0.68,0.21,-0.25,-0.45,-0.14,0,0,-12.00
2012-11-19T08:00:00,-0.58,0.2,-0.41,0.94,-0.47,0.75,-0.3,-0.43,-0.15,0,0,-13.00
2012-11-19T09:00:00,-0.47,0.14,-0.43,0.9,-0.36,0.8,-0.28,-0.41,-0.13,0,0,-9.00
2012-11-19T10:00:00,-0.46,0.58,-0.1,0.93,-0.74,0.2,-0.38,-0.44,-0.15,0,0,-4.00
2012-11-19T11:00:00,-0.38,0.72,0.2,0.83,-0.43,-0.02,-0.36,-0.4,-0.15,0,0,-3.00
2012-11-19T12:00:00,-0.37,0.57,-0.16,0.86,-1.08,0.18,-0.23,-0.34,-0.1,0,0,-9.00
2012-11-19T13:00:00,-0.46,0.63,-0.13,0.78,-0.97,1.18,0.46,-0.35,-0.06,0,0,-11.00
2012-11-19T14:00:00,-0.51,0.61,0.01,0.91,-0.33,-1.71,0.78,-0.33,-0.01,0,0,-9.00
2012-11-19T15:00:00,-0.54,0.68,0.11,0.86,-0.12,-1.77,-0.01,-0.35,-0.11,0,0,-8.00
2012-11-19T16:00:00,-0.39,0.56,0.33,0.77,-0.6,-0.66,-0.26,-0.31,-0.1,0,0,-8.00
2012-11-19T17:00:00,-0.39,0.76,0.01,0.76,-0.95,-0.25,-0.27,-0.35,-0.13,0,0,-9.00
2012-11-19T18:00:00,-0.22,0.81,0.21,0.65,-1.03,0.05,0.31,-0.42,-0.11,0,0,-7.00
2012-11-19T19:00:00,-0.27,0.88,0.09,0.75,-0.75,-0.46,-0.31,-0.42,-0.16,0,0,-5.00
2012-11-19T20:00:00,-0.57,0.79,0.13,0.76,-1.11,-0.08,0.34,-0.44,-0.13,0,0,-4.00
2012-11-19T21:00:00,-0.62,0.83,0.39,0.81,-0.64,-1.1,-0.42,-0.5,-0.18,0,0,-2.00
2012-11-19T22:00:00,-0.64,1.02,0.36,0.74,-0.74,-0.94,-0.14,-0.47,-0.17,0,0,-1.00
2012-11-19T23:00:00,-0.75,0.97,0.21,0.82,-0.84,-0.7,-0.26,-0.46,-0.17,0,0,2.00
2012-11-20T00:00:00,-0.68,0.86,-0.39,0.86,-0.89,0.03,-0.37,-0.46,-0.18,0,0,3.00
2012-11-20T01:00:00,-0.37,0.19,-0.81,0.86,-0.48,0.44,-0.09,-0.38,-0.15,0,0,3.00
2012-11-20T02:00:00,0.01,-0.24,-0.8,0.78,-0.1,0.29,-0.11,-0.43,-0.16,0,0,1.00
2012-11-20T03:00:00,-0.04,0.49,-0.72,0.76,-0.05,0.29,0.2,-0.48,-0.16,0,0,-2.00
2012-11-20T04:00:00,-0.06,0.94,-0.32,0.73,-0.31,0.04,-0.2,-0.46,-0.16,0,0,-9.00
2012-11-20T05:00:00,-0.11,0.91,0.09,0.67,-0.15,-0.6,-0.14,-0.28,-0.12,0,0,-16.00
2012-11-20T06:00:00,-0.37,0.68,0.19,0.69,-0.21,-0.75,0.04,-0.15,-0.03,0,0,-22.00
2012-11-20T07:00:00,-0.15,0.49,-0.47,0.66,-0.28,-0.24,-0.03,-0.11,-0.04,0,0,-21.00
2012-11-20T08:00:00,-0.23,0.94,0.14,0.66,-0.61,-0.67,-0.11,-0.19,-0.11,0,0,-19.00
2012-11-20T09:00:00,-0.44,1.15,-0.08,0.7,-0.59,-0.55,-0.27,-0.33,-0.16,0,0,-15.00
2012-11-20T10:00:00,-0.42,0.71,-0.47,0.75,-0.53,0.11,-0.07,-0.22,-0.12,0,0,-17.00
2012-11-20T11:00:00,-0.39,0.69,-0.58,0.74,-0.43,0.3,-0.18,-0.2,-0.13,0,0,-14.00
2012-11-20T12:00:00,-0.12,0.49,-0.73,0.69,-0.54,0.44,-0.13,-0.21,-0.12,0,0,-11.00
2012-11-20T13:00:00,-0.51,0.51,-0.56,0.79,-0.51,0.45,-0.13,-0.21,-0.12,0,0,-17.00
2012-11-20T14:00:00,-0.24,0.16,-0.61,0.73,-0.14,0.47,-0.13,-0.19,-0.08,0,0,-21.00
2012-11-20T15:00:00,-0.43,0.21,-0.5,0.71,-0.1,0.36,-0.17,-0.17,-0.07,0,0,-25.00
2012-11-20T16:00:00,-0.51,0.29,-0.3,0.68,-0.11,0.16,-0.12,-0.01,0.03,0,0,-25.00
2012-11-20T17:00:00,-0.51,-0.31,-0.67,0.64,0.69,0.78,-0.1,-0.0,-0.08,0,0,-25.00
2012-11-20T18:00:00,-0.12,-0.23,-0.95,0.45,0.5,0.77,-0.24,-0.04,-0.13,0,0,-23.00
2012-11-20T19:00:00,0.18,-0.11,-0.87,0.27,0.95,0.2,-0.23,0.13,-0.09,0,0,-26.00
2012-11-20T20:00:00,0.21,0.63,-0.12,0.28,0.35,-0.68,-0.25,0.28,0.09,0,0,-30.00
2012-11-20T21:00:00,-0.43,0.7,-0.16,0.39,0.48,-0.95,-0.15,0.41,0.05,0,0,-30.00
2012-11-20T22:00:00,-0.5,0.02,-0.66,0.46,1.19,0.1,-0.34,0.17,-0.08,0,0,-34.00
2012-11-20T23:00:00,-0.37,0.28,-0.75,0.4,0.78,0.08,-0.47,0.02,-0.13,0,0,-32.00
2012-11-21T00:00:00,-0.13,0.17,-0.75,0.32,1.08,0.02,-0.44,0.07,-0.11,0,0,-32.00
2012-11-21T01:00:00,0.03,0.67,-0.12,0.29,0.29,-0.8,-0.37,0.11,0.0,0,0,-34.00
2012-11-21T02:00:00,-0.03,0.28,0.36,0.34,0.81,-1.05,-0.43,-0.03,0.16,0,0,-37.00
2012-11-21T03:00:00,0.03,0.33,0.09,0.31,0.64,-0.66,-0.45,-0.1,0.32,0,0,-39.00
2012-11-21T04:00:00,-0.16,0.62,0.29,0.45,0.13,-0.62,-0.42,-0.09,-0.06,0,0,-35.00
2012-11-21T05:00:00,-0.28,0.39,-0.22,0.44,0.73,0.01,0.56,-0.23,0.19,0,0,-31.00
2012-11-21T06:00:00,-0.21,-0.14,-0.47,0.46,1.14,0.56,-0.53,-0.28,-0.11,0,0,-31.00
2012-11-21T07:00:00,-0.19,-0.15,-0.29,0.49,0.9,0.29,-0.58,-0.28,-0.06,0,0,-31.00
2012-11-21T08:00:00,-0.41,-0.11,-0.31,0.6,0.83,0.29,-0.59,-0.35,-0.12,0,0,-33.00
2012-11-21T09:00:00,-0.36,-0.22,-0.34,0.57,0.79,0.27,-0.58,-0.4,-0.14,0,0,-33.00
2012-11-21T10:00:00,-0.5,-0.14,-0.26,0.59,0.94,0.82,0.04,-0.39,-0.06,0,0,-28.00
2012-11-21T11:00:00,-0.44,-0.26,-0.24,0.64,0.72,0.54,-0.57,-0.38,-0.13,0,0,-23.00
2012-11-21T12:00:00,-0.26,-0.41,-0.09,0.7,0.94,0.45,-0.48,-0.33,-0.06,0,0,-23.00
2012-11-21T13:00:00,-0.06,-0.54,0.01,0.68,1.12,0.34,-0.49,-0.37,-0.09,0,0,-25.00
2012-11-21T14:00:00,-0.05,-0.34,-0.09,0.7,0.83,0.53,-0.53,-0.36,0.01,0,0,-26.00
2012-11-21T15:00:00,0.01,0.31,-0.01,0.74,0.08,0.4,-0.56,-0.32,0.07,0,0,-24.00
2012-11-21T16:00:00,-0.14,-0.08,-0.18,0.85,0.49,0.63,-0.58,-0.34,0.06,0,0,-24.00
2012-11-21T17:00:00,0.16,0.42,-0.06,0.7,-0.35,0.19,-0.63,-0.42,-0.12,0,0,-22.00
2012-11-21T18:00:00,0.23,0.23,-0.23,0.67,-0.1,0.56,-0.61,-0.4,-0.11,0,0,-20.00
2012-11-21T19:00:00,0.02,0.2,-0.2,0.77,-0.0,0.34,-0.56,-0.35,-0.01,0,0,-21.00
2012-11-21T20:00:00,-0.1,0.44,0.06,0.88,-0.28,-0.02,-0.55,-0.35,-0.07,0,0,-20.00
2012-11-21T21:00:00,0.07,0.35,0.15,0.81,-0.2,-0.17,-0.59,-0.37,-0.03,0,0,-15.00
2012-11-21T22:00:00,0.31,0.41,0.19,0.71,-0.34,-0.27,-0.63,-0.39,-0.12,0,0,-15.00
2012-11-21T23:00:00,0.2,0.26,0.03,0.78,0.03,0.12,-0.62,-0.35,0.01,0,0,-15.00
2012-11-22T00:00:00,-0.16,0.24,-0.0,0.96,0.04,0.24,-0.6,-0.35,0.06,0,0,-14.00
2012-11-22T01:00:00,-0.35,0.15,-0.09,1.07,0.22,0.47,-0.56,-0.32,-0.03,0,0,-15.00
2012-11-22T02:00:00,-0.13,0.25,-0.12,1.03,-0.03,0.46,-0.61,-0.35,-0.02,0,0,-15.00
2012-11-22T03:00:00,-0.27,0.13,-0.13,1.06,0.19,0.5,-0.58,-0.34,-0.01,0,0,-17.00
2012-11-22T04:00:00,-0.49,-0.02,-0.09,1.12,0.31,0.34,-0.58,-0.38,-0.1,0,0,-18.00
2012-11-22T05:00:00,-0.48,-0.08,0.1,1.18,0.38,-0.07,-0.6,-0.35,-0.08,0,0,-17.00
2012-11-22T06:00:00,-0.48,-0.15,0.17,1.2,0.51,-0.26,-0.62,-0.38,-0.11,0,0,-18.00
2012-11-22T07:00:00,-0.48,-0.03,-0.03,1.23,0.44,0.22,-0.64,-0.42,-0.12,0,0,-18.00
2012-11-22T08:00:00,-0.51,-0.04,-0.02,1.27,0.45,0.17,-0.63,-0.4,-0.12,0,0,-16.00
2012-11-22T09:00:00,-0.36,0.21,-0.03,1.2,-0.16,0.09,-0.64,-0.39,-0.09,0,0,-12.00
2012-11-22T10:00:00,-0.17,0.4,0.01,1.14,-0.4,0.04,-0.64,-0.4,-0.11,0,0,-10.00
2012-11-22T11:00:00,-0.35,0.2,-0.07,1.26,-0.08,0.16,-0.57,-0.32,-0.04,0,0,-11.00
