2013-01-17T17:00:00,0.18,-1.71,-1.63,0.82,-0.32,-0.44,-0.71,-0.43,-0.19,0,1,-27.00
2013-01-17T18:00:00,0.14,-1.42,-1.75,0.87,0.49,0.1,-0.92,-0.39,-0.19,0,1,-45.00
2013-01-17T19:00:00,0.08,-1.61,-1.56,0.82,0.1,-0.65,-0.94,-0.27,-0.19,0,1,-49.00
2013-01-17T20:00:00,-0.08,-2.01,-1.02,0.92,0.0,-0.97,-0.79,-0.19,-0.19,0,1,-44.00
2013-01-17T21:00:00,0.08,-1.99,-0.95,0.91,-0.82,-1.27,-0.9,-0.11,-0.19,0,1,-48.00
2013-01-17T22:00:00,0.12,-2.03,-0.77,0.96,-1.04,-1.22,-0.94,-0.35,-0.19,0,1,-52.00
2013-01-17T23:00:00,0.16,-2.04,-0.5,1.07,-0.74,-0.43,-0.94,-0.55,-0.19,0,1,-53.00
2013-01-18T00:00:00,-0.55,-1.61,-0.79,0.99,0.04,-0.28,-0.89,-0.43,-0.19,0,1,-53.00
2013-01-18T01:00:00,-0.34,-1.55,-0.85,0.95,0.09,0.15,-0.72,-0.51,-0.19,0,1,-53.00
2013-01-18T02:00:00,-0.23,-1.61,-0.64,0.94,0.11,-0.08,-0.68,-0.6,-0.19,0,1,-49.00
2013-01-18T03:00:00,-0.06,-1.69,0.2,0.9,0.17,-0.46,-0.24,-0.61,-0.19,0,1,-45.00
2013-01-18T04:00:00,0.05,-1.29,1.08,0.87,0.17,0.15,1.42,-0.61,-0.19,0,1,-43.00
2013-01-18T05:00:00,-0.06,-1.3,1.21,0.86,0.07,0.26,-0.32,-0.6,-0.19,0,1,-36.00
2013-01-18T06:00:00,-0.15,-1.01,1.54,0.83,0.01,0.17,-0.3,-0.59,-0.19,0,1,-31.00
2013-01-18T07:00:00,-0.26,-0.81,1.74,0.79,-0.14,-0.18,0.07,-0.56,-0.19,0,1,-28.00
2013-01-18T08:00:00,-0.4,-0.59,1.69,0.74,-0.43,-0.29,0.6,-0.5,-0.18,0,1,-28.00
2013-01-18T09:00:00,-0.68,-1.01,1.72,0.71,-0.63,-0.66,0.16,-0.58,-0.19,0,1,-23.00
2013-01-18T10:00:00,-0.89,-1.32,1.77,0.66,-0.65,-1.16,0.09,-0.59,-0.19,0,1,-21.00
2013-01-18T11:00:00,-1.02,-0.21,2.11,0.54,-0.74,-0.78,0.42,-0.43,-0.18,0,1,-22.00
2013-01-18T12:00:00,-0.95,-0.26,1.04,0.2,0.12,0.88,4.37,-0.41,-0.08,0,0,-20.00
2013-01-18T13:00:00,-0.17,0.95,0.79,0.28,0.24,0.62,3.97,-0.41,-0.05,0,0,-13.00
2013-01-18T14:00:00,-0.43,0.46,0.82,0.24,0.44,0.49,1.98,-0.42,-0.08,0,0,11.00
2013-01-18T15:00:00,-0.05,0.7,0.66,0.24,0.73,0.22,2.47,-0.38,-0.01,0,0,8.00
2013-01-18T16:00:00,0.02,0.89,0.84,0.17,0.78,0.24,3.04,-0.34,-0.04,0,0,3.00
2013-01-18T17:00:00,0.36,0.35,0.87,0.24,0.64,0.37,3.79,-0.35,0.07,0,0,9.00
2013-01-18T18:00:00,-1.03,0.24,-0.02,0.19,0.61,0.09,4.68,-0.43,0.03,0,0,11.00
2013-01-18T19:00:00,0.16,-0.83,0.25,0.2,0.44,0.29,4.46,-0.42,0.15,0,0,20.00
2013-01-18T20:00:00,-0.11,-0.35,-0.21,0.29,0.36,0.48,4.53,-0.45,0.77,0,0,25.00
2013-01-18T21:00:00,-0.08,-0.84,0.23,0.31,0.53,0.23,3.59,-0.5,-0.01,0,0,22.00
2013-01-18T22:00:00,0.01,-0.08,0.18,0.34,0.64,-0.09,1.39,-0.47,4.13,0,0,18.00
2013-01-18T23:00:00,-0.05,-0.83,-0.21,0.36,0.38,0.67,0.51,-0.47,-0.12,0,0,3.00
2013-01-19T00:00:00,-0.33,-0.56,0.37,0.3,-0.27,0.69,0.23,-0.5,-0.12,0,0,-9.00
2013-01-19T01:00:00,-0.39,-0.58,0.38,0.31,-0.14,0.88,-0.0,-0.52,-0.15,0,1,-16.00
2013-01-19T02:00:00,-0.41,-0.48,0.03,0.32,-0.04,0.54,0.02,-0.47,-0.1,0,1,-17.00
2013-01-19T03:00:00,-0.66,-0.59,0.04,0.31,-0.11,0.36,-0.4,-0.51,-0.17,0,1,-15.00
2013-01-19T04:00:00,-0.78,-0.54,0.19,0.24,-0.15,0.29,-0.46,-0.57,-0.18,0,1,-15.00
2013-01-19T05:00:00,-0.85,-0.32,0.36,0.29,0.05,0.41,-0.44,-0.57,-0.18,0,1,-19.00
2013-01-19T06:00:00,-0.86,0.11,0.37,0.34,0.24,0.3,-0.3,-0.57,-0.18,0,1,-17.00
2013-01-19T07:00:00,-0.81,0.21,0.29,0.36,0.47,0.39,-0.24,-0.57,-0.18,0,1,-15.00
2013-01-19T08:00:00,-0.95,0.07,0.24,0.41,0.58,0.29,-0.67,-0.57,-0.19,0,1,-11.00
2013-01-19T09:00:00,-1.05,0.12,0.11,0.45,0.76,0.12,-0.82,-0.58,-0.19,0,1,-12.00
2013-01-19T10:00:00,-1.03,0.19,0.04,0.5,0.74,0.12,-0.84,-0.57,-0.19,0,1,-18.00
2013-01-19T11:00:00,-0.95,0.24,0.03,0.53,0.68,0.16,-0.79,-0.57,-0.19,0,1,-21.00
2013-01-19T12:00:00,-0.84,0.34,0.07,0.57,1.12,0.7,0.02,-0.57,-0.17,0,1,-25.00
2013-01-19T13:00:00,-0.62,0.37,0.13,0.67,0.71,0.22,-0.28,-0.58,-0.17,0,1,-26.00
2013-01-19T14:00:00,-0.47,0.32,0.15,0.7,0.54,0.26,0.14,-0.58,-0.15,0,1,-27.00
2013-01-19T15:00:00,-0.54,0.37,0.24,0.82,0.3,0.11,0.13,-0.57,-0.16,0,1,-20.00
2013-01-19T16:00:00,-0.49,0.32,0.47,0.83,0.27,0.11,0.56,-0.46,-0.09,0,1,-15.00
2013-01-19T17:00:00,-0.32,0.21,0.4,0.4,1.31,0.76,1.73,0.09,1.17,0,1,-12.00
2013-01-19T18:00:00,-0.14,0.44,-0.12,0.51,0.98,0.96,1.03,-0.11,0.61,0,0,-3.00
2013-01-19T19:00:00,-0.47,0.04,-0.5,0.5,0.69,1.08,0.95,-0.45,-0.07,0,0,6.00
2013-01-19T20:00:00,0.01,0.57,-0.29,0.44,0.31,1.05,0.79,-0.34,0.02,0,0,5.00
2013-01-19T21:00:00,0.31,0.68,-0.31,0.41,0.34,0.94,0.54,-0.37,-0.08,0,0,3.00
2013-01-19T22:00:00,0.54,0.61,-0.25,0.38,0.45,0.76,0.34,-0.43,-0.12,0,0,-6.00
2013-01-19T23:00:00,0.31,0.93,-0.74,0.38,0.06,0.78,-0.28,-0.46,-0.18,0,1,-13.00
2013-01-20T00:00:00,0.37,0.88,-0.67,0.45,-0.08,0.81,-0.28,-0.42,-0.17,0,1,-15.00
2013-01-20T01:00:00,0.73,0.94,-0.49,0.52,-0.11,1.06,-0.34,-0.48,-0.18,0,1,-20.00
2013-01-20T02:00:00,0.73,0.89,-0.52,0.51,-0.16,1.04,-0.36,-0.5,-0.18,0,1,-27.00
2013-01-20T03:00:00,0.59,0.61,-0.33,0.63,-0.06,0.95,0.14,-0.39,-0.13,0,1,-34.00
2013-01-20T04:00:00,0.49,0.77,-0.17,0.58,-0.11,0.49,0.32,-0.37,-0.11,0,1,-32.00
2013-01-20T05:00:00,0.61,0.5,-0.76,0.47,-0.16,1.09,-0.23,-0.36,-0.16,0,1,-29.00
2013-01-20T06:00:00,0.68,0.98,-0.69,0.35,-0.76,1.42,-0.48,-0.52,-0.19,0,1,-27.00
2013-01-20T07:00:00,0.43,0.72,-0.35,0.45,0.56,0.73,-0.09,-0.23,-0.11,0,1,-28.00
2013-01-20T08:00:00,0.64,0.49,-0.32,0.37,0.57,0.87,-0.29,-0.04,-0.09,0,0,-31.00
2013-01-20T09:00:00,0.35,-0.25,-0.45,0.4,0.73,0.89,-0.35,-0.11,-0.06,0,0,-30.00
2013-01-20T10:00:00,-0.24,-0.59,-0.09,0.43,0.46,1.18,-0.45,-0.11,-0.04,0,0,-27.00
2013-01-20T11:00:00,-0.81,-0.33,-0.09,0.2,0.78,1.69,-0.28,-0.08,-0.08,0,0,-24.00
2013-01-20T12:00:00,-0.47,-0.12,-0.38,0.52,0.54,0.81,-0.34,-0.05,-0.03,0,0,-26.00
2013-01-20T13:00:00,-0.02,-0.44,0.1,0.57,0.39,1.38,-0.4,-0.08,0.2,0,0,-22.00
2013-01-20T14:00:00,0.29,-0.53,0.06,0.64,0.35,1.19,-0.4,-0.03,0.04,0,0,-17.00
2013-01-20T15:00:00,0.17,-0.36,0.29,0.66,0.21,1.12,0.73,-0.06,0.82,0,0,-16.00
2013-01-20T16:00:00,0.17,-0.18,0.15,0.73,0.14,1.07,-0.45,0.07,1.17,0,0,-16.00
2013-01-20T17:00:00,0.28,-0.23,0.06,0.82,0.04,0.86,-0.44,0.11,0.59,0,0,-18.00
2013-01-20T18:00:00,0.23,-0.23,0.02,0.85,-0.02,0.76,-0.46,0.01,0.57,0,0,-20.00
2013-01-20T19:00:00,0.17,-0.41,0.19,0.86,-0.07,0.58,-0.46,-0.11,0.11,0,0,-15.00
2013-01-20T20:00:00,-0.1,-0.19,0.11,0.84,-0.31,0.62,-0.36,-0.22,1.19,0,0,-13.00
2013-01-20T21:00:00,-0.03,0.09,0.12,0.81,-0.23,0.51,-0.29,-0.33,2.77,0,0,-12.00
2013-01-20T22:00:00,0.08,0.18,-0.24,0.84,-0.03,0.06,-0.3,-0.38,0.02,0,0,-10.00
2013-01-20T23:00:00,-0.1,0.48,-0.06,0.84,-0.07,0.01,-0.34,-0.44,-0.09,0,0,-10.00
2013-01-21T00:00:00,-0.17,0.23,-0.29,0.81,-0.14,-0.22,-0.27,-0.46,-0.09,0,0,-10.00
2013-01-21T01:00:00,-0.21,-0.04,-0.3,0.78,-0.19,-0.33,-0.31,-0.45,-0.07,0,0,-13.00
2013-01-21T02:00:00,-0.21,-0.29,-0.37,0.83,-0.29,-0.17,-0.45,-0.49,-0.15,0,0,-12.00
2013-01-21T03:00:00,-0.07,-0.39,-0.3,0.89,-0.37,-0.07,-0.41,-0.48,-0.13,0,0,-13.00
2013-01-21T04:00:00,-0.05,-0.47,-0.24,0.92,-0.48,-0.06,-0.38,-0.48,-0.13,0,0,-15.00
2013-01-21T05:00:00,-0.01,-0.42,-0.27,0.96,-0.45,-0.09,-0.36,-0.47,-0.12,0,0,-18.00
2013-01-21T06:00:00,-0.21,-0.38,-0.31,0.94,-0.46,-0.16,-0.35,-0.5,-0.14,0,0,-18.00
2013-01-21T07:00:00,-0.14,-0.43,-0.16,0.94,-0.41,-0.14,-0.27,-0.49,-0.11,0,0,-16.00
2013-01-21T08:00:00,0.28,-0.37,0.02,1.03,-0.18,0.08,-0.29,-0.41,-0.02,0,0,-15.00
2013-01-21T09:00:00,-0.16,-0.45,-0.28,0.96,-0.09,-0.2,-0.38,-0.5,-0.15,0,0,-14.00
2013-01-21T10:00:00,-0.14,-0.52,-0.21,0.98,-0.08,-0.16,-0.36,-0.5,-0.14,0,0,-14.00
2013-01-21T11:00:00,0.12,-0.54,0.01,1.12,-0.11,0.07,-0.31,-0.49,-0.12,0,0,-14.00
2013-01-21T12:00:00,0.37,-0.36,0.17,1.13,0.06,0.01,-0.2,-0.43,-0.06,0,0,-16.00
2013-01-21T13:00:00,0.22,-0.44,0.08,1.09,-0.04,0.08,-0.19,-0.48,-0.07,0,0,-17.00
2013-01-21T14:00:00,-0.01,-0.46,-0.08,1.02,-0.25,-0.13,-0.2,-0.5,-0.09,0,0,-14.00
2013-01-21T15:00:00,-0.01,-0.41,-0.06,1.02,-0.17,-0.1,-0.15,-0.5,-0.05,0,0,-11.00
2013-01-21T16:00:00,-0.0,-0.22,-0.18,1.02,0.08,-0.33,-0.19,-0.47,0.04,0,0,-8.00
2013-01-21T17:00:00,-0.08,-0.21,-0.26,1.05,0.25,-0.11,-0.25,-0.48,-0.05,0,0,-8.00
2013-01-21T18:00:00,-0.1,0.1,-0.13,1.12,0.17,0.02,-0.17,-0.46,0.21,0,0,-8.00
2013-01-21T19:00:00,-0.41,0.12,-0.18,1.11,0.15,-0.06,-0.27,-0.45,-0.08,0,0,-8.00
2013-01-21T20:00:00,-0.37,-0.06,-0.17,1.13,0.18,-0.03,-0.24,-0.51,-0.1,0,0,-5.00
2013-01-21T21:00:00,-0.17,-0.02,0.01,1.16,0.19,0.06,-0.11,-0.47,0.71,0,0,-5.00
2013-01-21T22:00:00,0.14,-0.15,0.05,1.23,0.17,0.15,-0.07,-0.5,0.56,0,0,-7.00
2013-01-21T23:00:00,0.23,-0.26,0.0,1.24,0.2,-0.05,-0.05,-0.51,0.04,0,0,-10.00
2013-01-22T00:00:00,0.34,-0.25,-0.0,1.25,0.15,-0.01,-0.06,-0.5,-0.02,0,0,-10.00
2013-01-22T01:00:00,0.27,-0.26,-0.05,1.29,0.06,-0.08,-0.01,-0.51,-0.0,0,0,-7.00
2013-01-22T02:00:00,0.34,-0.23,-0.03,1.36,-0.03,-0.14,-0.02,-0.55,-0.07,0,0,-6.00
2013-01-22T03:00:00,0.37,-0.17,0.09,1.38,-0.02,-0.01,-0.02,-0.55,-0.07,0,0,-8.00
2013-01-22T04:00:00,0.3,-0.25,0.14,1.38,-0.07,0.1,-0.04,-0.55,-0.06,0,0,-10.00
2013-01-22T05:00:00,0.29,-0.39,0.17,1.41,-0.23,0.09,-0.16,-0.51,-0.09,0,0,-11.00
2013-01-22T06:00:00,0.02,-0.48,0.12,1.4,0.08,-0.4,0.51,-0.54,-0.04,0,0,-9.00
2013-01-22T07:00:00,-0.09,-0.48,0.09,1.38,-0.18,0.1,-0.27,-0.54,-0.12,0,0,-8.00
2013-01-22T08:00:00,0.04,-0.45,0.03,1.43,-0.18,0.04,-0.24,-0.55,-0.11,0,0,-4.00
2013-01-22T09:00:00,-0.02,-0.47,0.02,1.41,-0.2,0.03,0.1,-0.56,-0.1,0,0,-1.00
2013-01-22T10:00:00,0.17,-0.45,0.09,1.49,-0.11,0.19,-0.21,-0.56,-0.13,0,0,-3.00
2013-01-22T11:00:00,-0.08,-0.42,-0.03,1.33,-0.34,0.6,0.48,-0.57,-0.07,0,0,-3.00
2013-01-22T12:00:00,-0.07,-0.5,-0.03,1.43,-0.18,0.04,-0.23,-0.57,-0.15,0,0,-4.00
2013-01-22T13:00:00,0.04,-0.46,0.11,1.47,-0.16,0.11,-0.2,-0.57,-0.13,0,0,-4.00
2013-01-22T14:00:00,0.2,-0.29,0.1,1.46,0.03,0.07,-0.14,-0.58,-0.09,0,0,-7.00
2013-01-22T15:00:00,0.25,-0.25,0.08,1.46,0.06,0.22,-0.15,-0.59,-0.1,0,0,-9.00
2013-01-22T16:00:00,0.34,-0.17,0.06,1.45,0.04,0.22,-0.16,-0.58,-0.11,0,0,-7.00
2013-01-22T17:00:00,0.34,-0.18,0.11,1.46,0.01,0.22,-0.13,-0.58,-0.11,0,0,-4.00
2013-01-22T18:00:00,0.34,-0.23,0.08,1.5,-0.01,0.18,-0.18,-0.58,-0.12,0,0,-2.00
2013-01-22T19:00:00,0.33,-0.25,0.06,1.5,-0.08,0.16,-0.18,-0.58,-0.12,0,0,-2.00
2013-01-22T20:00:00,0.28,-0.33,0.01,1.51,-0.09,0.15,-0.17,-0.58,-0.13,0,0,-1.00
2013-01-22T21:00:00,0.12,-0.24,0.17,1.53,-0.06,0.17,0.01,-0.59,-0.04,0,0,-1.00
2013-01-22T22:00:00,0.13,-0.28,0.07,1.55,-0.11,0.15,0.09,-0.59,-0.07,0,0,-1.00
2013-01-22T23:00:00,0.02,-0.29,-0.05,1.56,-0.25,0.45,0.72,-0.6,-0.03,0,0,-1.00
2013-01-23T00:00:00,-0.18,-0.38,-0.04,1.59,-0.09,0.09,-0.14,-0.58,-0.13,0,0,1.00
2013-01-23T01:00:00,-0.32,-0.32,-0.17,1.62,-0.12,0.04,-0.12,-0.58,-0.15,0,0,2.00
2013-01-23T02:00:00,-0.29,-0.09,-0.21,1.61,-0.29,0.01,0.01,-0.57,-0.12,0,0,-1.00
2013-01-23T03:00:00,-0.23,0.11,-0.16,1.59,-0.22,-0.02,0.11,-0.58,-0.1,0,0,-3.00
2013-01-23T04:00:00,0.12,-0.18,0.01,1.53,-0.34,-0.07,1.91,-0.58,0.64,0,0,-5.00
2013-01-23T05:00:00,0.05,-0.04,0.04,1.6,-0.09,0.01,0.04,-0.58,3.55,0,0,-7.00
2013-01-23T06:00:00,0.11,0.1,-0.07,1.61,-0.05,0.07,-0.05,-0.57,0.06,0,0,-9.00
2013-01-23T07:00:00,0.25,0.29,-0.06,1.6,-0.08,0.19,-0.17,-0.57,-0.12,0,0,-6.00
2013-01-23T08:00:00,0.04,0.25,0.18,1.64,-0.03,0.06,0.05,-0.58,-0.06,0,0,-2.00
2013-01-23T09:00:00,0.12,0.14,0.15,1.68,-0.07,0.18,-0.0,-0.58,0.09,0,0,-2.00
2013-01-23T10:00:00,0.03,0.19,0.11,1.67,-0.08,0.18,0.03,-0.58,0.08,0,0,-1.00
2013-01-23T11:00:00,0.03,0.06,0.11,1.71,-0.04,0.22,0.04,-0.59,1.08,0,0,1.00
2013-01-23T12:00:00,0.1,-0.12,0.14,1.73,-0.11,0.2,-0.01,-0.59,0.23,0,0,5.00
2013-01-23T13:00:00,0.14,-0.17,0.22,1.76,-0.14,0.33,-0.0,-0.6,-0.07,0,0,9.00
2013-01-23T14:00:00,0.05,-0.28,0.1,1.72,-0.17,0.33,0.19,-0.59,-0.03,0,0,10.00
2013-01-23T15:00:00,0.11,-0.3,0.12,1.69,-0.31,0.31,0.22,-0.58,-0.03,0,0,11.00
2013-01-23T16:00:00,0.23,-0.14,0.36,1.7,-0.25,0.41,0.11,-0.57,-0.1,0,0,14.00
2013-01-23T17:00:00,0.24,-0.19,0.34,1.69,-0.25,0.43,0.2,-0.57,-0.1,0,0,13.00
2013-01-23T18:00:00,0.31,-0.44,0.17,1.7,-0.38,0.25,0.2,-0.58,-0.13,0,0,9.00
2013-01-23T19:00:00,0.31,-0.5,-0.04,1.72,-0.31,0.11,0.24,-0.57,-0.14,0,0,5.00
2013-01-23T20:00:00,0.11,-0.51,-0.31,1.72,-0.32,-0.01,0.26,-0.57,-0.15,0,0,2.00
2013-01-23T21:00:00,0.27,-0.21,-0.38,1.74,-0.28,-0.08,0.32,-0.57,-0.14,0,0,0.00
2013-01-23T22:00:00,0.31,-0.05,-0.38,1.79,-0.33,-0.35,0.2,-0.58,-0.15,0,0,0.00
2013-01-23T23:00:00,-0.01,0.05,-0.35,1.78,-0.31,0.05,0.2,-0.57,-0.11,0,0,-3.00
2013-01-24T00:00:00,-0.11,0.2,-0.38,1.81,-0.42,0.27,0.09,-0.58,-0.15,0,0,-5.00
2013-01-24T01:00:00,-0.13,0.19,-0.01,1.82,-0.47,-0.02,0.21,-0.57,0.06,0,0,-7.00
2013-01-24T02:00:00,-0.43,0.25,0.11,1.81,-0.6,0.06,0.11,-0.57,-0.13,0,0,-8.00
2013-01-24T03:00:00,-0.33,0.37,0.06,1.82,-0.63,0.2,0.22,-0.57,-0.12,0,0,-9.00
2013-01-24T04:00:00,-0.3,0.03,-0.21,1.81,-0.38,0.42,0.38,-0.57,-0.09,0,0,-8.00
2013-01-24T05:00:00,-0.08,-0.29,-0.19,1.82,-0.43,0.33,0.26,-0.58,-0.1,0,0,-4.00
2013-01-24T06:00:00,-0.02,0.22,-0.05,1.84,-0.48,0.27,0.21,-0.59,-0.02,0,0,-3.00
2013-01-24T07:00:00,-0.08,0.47,0.0,1.88,-0.51,0.22,0.17,-0.59,-0.14,0,0,-5.00
2013-01-24T08:00:00,-0.17,0.45,0.07,1.89,-0.56,0.19,0.09,-0.58,-0.14,0,0,-7.00
2013-01-24T09:00:00,-0.24,0.43,-0.01,1.93,-0.43,0.38,0.05,-0.58,-0.14,0,0,-10.00
2013-01-24T10:00:00,-0.17,0.5,0.04,1.92,-0.5,0.37,0.07,-0.59,-0.15,0,0,-9.00
2013-01-24T11:00:00,-0.13,0.49,0.05,1.91,-0.56,0.38,0.21,-0.58,-0.14,0,0,-5.00
2013-01-24T12:00:00,-0.14,0.55,0.12,1.85,-0.62,0.32,0.5,-0.58,-0.13,0,0,0.00
2013-01-24T13:00:00,-0.26,0.62,0.26,1.83,-0.59,0.27,0.5,-0.58,-0.15,0,0,2.00
2013-01-24T14:00:00,-0.19,0.62,0.31,1.85,-0.59,0.27,0.43,-0.57,-0.15,0,0,6.00
2013-01-24T15:00:00,0.02,0.55,0.16,1.82,-0.64,0.47,0.58,-0.57,-0.12,0,0,6.00
2013-01-24T16:00:00,-0.13,0.57,0.15,1.87,-0.61,0.56,0.49,-0.56,-0.12,0,0,5.00
2013-01-24T17:00:00,-0.22,0.66,0.32,1.92,-0.54,0.65,0.36,-0.56,-0.15,0,0,4.00
2013-01-24T18:00:00,-0.06,0.6,0.4,1.9,-0.54,0.48,0.37,-0.56,-0.15,0,0,3.00
2013-01-24T19:00:00,-0.04,0.66,0.58,1.88,-0.6,0.54,0.58,-0.55,-0.16,0,0,2.00
2013-01-24T21:00:00,-0.41,0.46,0.56,1.85,-0.65,0.34,1.38,-0.55,-0.13,0,0,7.00
2013-01-24T22:00:00,-0.05,0.5,0.84,1.81,-0.54,0.32,1.07,-0.53,-0.15,0,0,12.00
2013-01-24T23:00:00,-0.05,0.59,0.86,1.82,-0.58,0.33,0.91,-0.53,-0.16,0,0,15.00
2013-01-25T00:00:00,0.14,0.36,0.56,1.83,-0.49,0.6,1.59,-0.54,-0.08,0,0,16.00
2013-01-25T01:00:00,-0.1,-0.2,-0.45,1.79,-0.46,0.5,1.96,-0.55,-0.06,0,0,16.00
2013-01-25T02:00:00,-0.08,-0.45,-0.44,1.77,-0.3,0.69,1.8,-0.56,-0.11,0,0,18.00
2013-01-25T03:00:00,0.51,-0.5,0.35,1.73,-0.27,0.76,1.39,-0.56,-0.12,0,0,20.00
2013-01-25T04:00:00,0.54,-0.82,0.24,1.68,0.2,0.81,0.39,-0.49,-0.15,0,0,15.00
2013-01-25T05:00:00,0.27,-0.85,-0.12,1.56,0.8,0.7,0.41,-0.39,-0.1,1,0,9.00
2013-01-25T06:00:00,0.08,-0.69,-0.43,1.49,0.36,1.1,0.33,-0.39,-0.1,1,0,2.00
2013-01-25T07:00:00,0.35,-0.47,-0.14,1.42,0.34,0.42,0.2,-0.31,0.03,1,0,0.00
2013-01-25T08:00:00,-0.33,-0.3,-0.14,1.37,0.15,-0.22,0.45,-0.4,0.1,1,0,-2.00
2013-01-25T09:00:00,-0.73,-0.53,-0.51,1.2,0.12,-0.45,0.31,-0.5,-0.16,1,0,-3.00
2013-01-25T10:00:00,-0.07,-1.02,-0.04,1.21,-0.1,-0.3,0.34,-0.45,-0.14,1,0,3.00
2013-01-25T11:00:00,0.52,-0.87,0.45,1.3,-0.17,0.21,0.38,-0.39,-0.13,1,0,4.00
2013-01-25T12:00:00,0.52,-0.86,0.26,1.36,-0.01,0.24,0.5,-0.37,-0.11,1,0,2.00
2013-01-25T13:00:00,0.26,-1.0,0.07,1.25,-0.19,0.06,0.69,-0.42,-0.11,1,0,5.00
2013-01-25T14:00:00,0.06,-0.76,-0.16,1.19,-0.39,-0.05,1.23,-0.47,-0.07,1,0,10.00
2013-01-25T15:00:00,0.43,-0.8,0.09,1.19,-0.36,0.0,1.42,-0.5,-0.1,1,0,11.00
2013-01-25T16:00:00,0.74,-1.22,0.26,0.99,-0.52,0.22,2.76,-0.44,-0.11,1,0,13.00
2013-01-25T17:00:00,1.51,-1.5,1.32,0.85,-0.4,0.43,1.43,-0.52,-0.18,1,0,12.00
2013-01-25T18:00:00,1.26,-1.28,1.78,0.79,-0.54,0.65,1.39,-0.54,-0.19,1,0,20.00
2013-01-25T19:00:00,1.34,-1.3,1.81,0.8,-0.88,0.15,2.07,-0.5,-0.18,1,0,15.00
2013-01-25T20:00:00,1.91,-2.0,0.27,0.87,-1.35,-1.3,2.4,-0.5,-0.18,1,0,17.00
2013-01-25T21:00:00,0.78,-0.74,-0.46,0.9,-0.95,-1.17,3.15,-0.23,0.05,1,0,22.00
2013-01-25T22:00:00,-0.4,0.65,-1.56,0.77,-0.53,-1.25,2.46,-0.3,-0.13,1,0,21.00
2013-01-25T23:00:00,0.03,0.61,0.2,0.78,-0.34,-0.83,2.02,-0.3,0.31,1,0,20.00
2013-01-26T00:00:00,0.52,0.29,0.71,0.77,-0.32,-1.22,2.1,0.16,0.38,1,0,7.00
2013-01-26T01:00:00,0.86,0.36,1.04,0.72,-0.07,-1.2,1.94,0.28,0.08,1,0,-19.00
2013-01-26T02:00:00,1.22,-0.89,1.03,0.72,-0.66,-0.4,2.0,0.16,-0.04,1,0,-17.00
2013-01-26T03:00:00,0.12,-0.27,1.33,0.62,-0.93,0.02,2.01,-0.0,-0.02,1,0,-13.00
2013-01-26T04:00:00,0.57,-0.44,-0.01,0.48,-0.23,-0.43,1.05,0.29,0.64,1,0,-9.00
2013-01-26T05:00:00,0.37,0.55,0.08,0.33,0.19,-0.96,0.97,0.12,0.5,1,0,-11.00
2013-01-26T06:00:00,0.31,-0.19,0.94,0.38,0.67,0.26,1.07,-0.03,0.04,1,0,-17.00
2013-01-26T07:00:00,0.48,-0.88,-0.95,-0.1,2.14,-0.63,0.8,0.95,0.06,1,0,-24.00
2013-01-26T08:00:00,1.2,-1.42,-0.17,0.01,1.85,-0.44,0.83,1.24,0.02,1,0,-19.00
2013-01-26T09:00:00,1.0,-1.61,0.07,-0.13,1.31,-0.3,0.74,1.3,0.01,1,0,-19.00
2013-01-26T10:00:00,1.03,-1.7,0.37,-0.29,1.43,0.37,0.34,1.0,-0.07,1,0,-29.00
2013-01-26T11:00:00,1.41,-1.72,0.08,-0.06,1.69,-0.05,0.32,0.79,-0.11,1,0,-28.00
2013-01-26T12:00:00,-0.16,-0.44,-0.23,-0.27,2.84,-0.58,0.25,1.11,1.2,1,0,-28.00
2013-01-26T13:00:00,0.79,-0.5,-0.96,-0.1,2.8,-0.52,0.39,0.93,0.01,1,0,-26.00
2013-01-26T14:00:00,1.55,-1.8,-0.43,-0.05,2.51,0.22,0.12,0.79,-0.13,1,0,-21.00
2013-01-26T15:00:00,1.14,-1.91,-0.04,0.08,2.02,0.57,0.05,0.88,-0.12,1,0,-21.00
2013-01-26T16:00:00,-0.07,-1.3,-0.08,-0.01,2.01,1.08,0.34,0.82,0.05,1,0,-34.00
2013-01-26T17:00:00,0.5,-0.09,-0.39,0.03,2.18,1.86,0.54,1.18,0.92,1,0,-33.00
2013-01-26T18:00:00,0.6,-0.83,-0.56,0.14,1.98,1.03,0.55,1.55,0.27,1,0,-25.00
2013-01-26T19:00:00,-0.36,-0.52,-0.21,-0.13,2.13,1.32,0.42,1.25,0.96,1,0,-28.00
2013-01-26T20:00:00,-0.38,-0.42,-1.1,0.07,1.66,-0.29,0.26,0.62,-0.04,1,0,-28.00
2013-01-26T21:00:00,0.17,-0.47,-0.33,-0.28,0.25,0.17,-0.19,0.38,0.2,1,0,-29.00
2013-01-26T22:00:00,-0.01,-0.37,-0.32,-0.54,0.19,-0.24,0.53,0.06,0.49,0,0,-43.00
2013-01-26T23:00:00,0.11,-0.44,-0.21,-0.43,-0.02,-0.15,-0.44,0.06,0.09,0,0,-51.00
2013-01-27T00:00:00,-0.15,-0.47,-0.24,-0.46,-0.02,-0.21,-0.48,0.02,0.01,0,0,-37.00
2013-01-27T01:00:00,0.15,-0.51,-0.24,-0.32,-0.04,-0.4,-0.46,0.04,0.01,0,0,-35.00
2013-01-27T02:00:00,0.24,-0.4,-0.19,-0.24,0.0,-0.22,-0.44,0.01,0.07,0,0,-32.00
2013-01-27T03:00:00,0.18,-0.52,-0.17,-0.21,0.01,-0.1,-0.49,-0.03,-0.01,0,0,-33.00
2013-01-27T04:00:00,0.03,-0.55,-0.1,-0.27,0.12,-0.31,0.75,-0.12,0.39,0,0,-34.00
2013-01-27T05:00:00,0.27,-0.51,0.22,-0.14,0.05,0.56,-0.17,-0.19,0.04,0,0,-33.00
2013-01-27T06:00:00,0.29,-0.41,0.19,0.01,-0.08,1.26,-0.53,-0.29,-0.05,0,0,-33.00
2013-01-27T07:00:00,0.54,-0.35,-0.21,0.11,0.29,-0.6,-0.58,-0.29,-0.13,0,0,-34.00
2013-01-27T08:00:00,0.28,-0.49,-0.17,0.13,-0.15,-1.22,-0.25,-0.34,-0.06,0,0,-33.00
2013-01-27T09:00:00,0.11,-0.65,0.15,0.04,-0.41,0.11,-0.48,-0.35,-0.11,0,0,-31.00
2013-01-27T10:00:00,-0.03,-0.67,0.14,0.02,-0.41,0.12,-0.46,-0.32,-0.11,0,0,-33.00
2013-01-27T11:00:00,-0.12,-0.68,0.09,0.03,-0.43,0.06,-0.47,-0.35,-0.12,0,0,-31.00
2013-01-27T12:00:00,0.13,-0.47,0.12,0.14,-0.25,-0.05,-0.47,-0.3,-0.02,0,0,-26.00
2013-01-27T13:00:00,0.49,-0.1,-0.0,0.33,0.19,-0.14,-0.32,-0.22,0.07,0,0,-20.00
2013-01-27T14:00:00,0.46,0.01,-0.04,0.34,0.46,-0.27,-0.33,-0.19,0.11,0,0,-16.00
2013-01-27T15:00:00,0.49,0.11,-0.07,0.34,0.82,-0.36,-0.31,-0.17,0.06,0,0,-15.00
2013-01-27T16:00:00,0.65,0.17,0.1,0.42,0.72,-0.19,-0.4,-0.28,-0.09,0,0,-14.00
2013-01-27T17:00:00,0.63,0.09,0.05,0.47,0.71,-0.49,-0.4,-0.25,-0.06,0,0,-15.00
2013-01-27T18:00:00,0.61,0.14,0.04,0.48,0.73,-0.45,-0.43,-0.29,-0.08,0,0,-16.00
2013-01-27T19:00:00,0.65,0.02,0.04,0.53,0.55,-0.28,-0.45,-0.38,-0.11,0,0,-15.00
2013-01-27T20:00:00,0.6,0.07,-0.01,0.52,0.52,-0.37,-0.37,-0.33,-0.07,0,0,-16.00
2013-01-27T21:00:00,0.6,-0.0,-0.05,0.54,0.51,-0.32,-0.36,-0.34,-0.08,0,0,-16.00
2013-01-27T22:00:00,0.56,-0.16,-0.09,0.56,0.28,-0.2,-0.37,-0.33,-0.07,0,0,-19.00
2013-01-27T23:00:00,0.56,-0.12,-0.02,0.6,0.44,-0.25,-0.39,-0.33,-0.06,0,0,-19.00
2013-01-28T00:00:00,0.55,-0.12,0.03,0.64,0.25,-0.31,-0.36,-0.29,-0.03,0,0,-16.00
2013-01-28T01:00:00,0.53,-0.12,0.11,0.67,0.14,-0.33,-0.38,-0.31,-0.03,0,0,-15.00
2013-01-28T02:00:00,0.16,-0.48,0.05,0.57,-0.35,-0.44,-0.44,-0.39,-0.07,0,0,-13.00
2013-01-28T03:00:00,0.31,-0.27,-0.2,0.65,-0.07,-0.84,-0.44,-0.36,-0.06,0,0,-14.00
2013-01-28T04:00:00,0.32,-0.17,-0.19,0.68,-0.1,-0.84,-0.44,-0.37,-0.04,0,0,-13.00
2013-01-28T05:00:00,0.17,-0.41,-0.03,0.62,-0.63,-1.2,0.07,-0.37,0.12,0,0,-14.00
2013-01-28T06:00:00,0.44,-0.17,0.2,0.77,-0.13,-0.15,-0.36,-0.35,-0.01,0,0,-17.00
2013-01-28T07:00:00,0.27,-0.23,0.23,0.69,-0.17,-0.09,-0.46,-0.35,0.04,0,0,-17.00
2013-01-28T08:00:00,0.39,-0.29,0.21,0.76,-0.17,-0.15,-0.41,-0.31,-0.01,0,0,-19.00
2013-01-28T09:00:00,0.32,-0.24,0.26,0.74,-0.11,0.01,-0.38,-0.32,0.02,0,0,-16.00
2013-01-28T10:00:00,0.46,-0.09,0.11,0.8,0.2,-0.11,-0.3,-0.29,0.06,0,0,-16.00
2013-01-28T11:00:00,0.37,-0.21,0.12,0.8,-0.04,-0.18,-0.35,-0.29,0.1,0,0,-16.00
2013-01-28T12:00:00,0.05,-0.43,0.07,0.71,-0.31,-0.36,-0.36,-0.38,0.01,0,0,-17.00
2013-01-28T13:00:00,0.08,-0.54,-0.14,0.74,-0.45,-0.46,-0.37,-0.38,-0.09,0,0,-16.00
2013-01-28T14:00:00,0.11,-0.37,0.1,0.76,-0.32,-0.28,-0.42,-0.44,-0.01,0,0,-15.00
2013-01-28T15:00:00,0.13,-0.31,0.27,0.78,-0.14,0.05,-0.38,-0.42,-0.01,0,0,-14.00
2013-01-28T16:00:00,-0.31,-0.49,-0.12,0.67,-0.43,-0.41,-0.43,-0.46,-0.13,0,0,-13.00
2013-01-28T17:00:00,0.07,-0.5,-0.07,0.74,-0.37,-0.21,-0.44,-0.42,-0.09,0,0,-11.00
2013-01-28T18:00:00,0.49,0.07,0.09,0.79,0.06,-0.06,-0.4,-0.26,0.02,0,0,-10.00
2013-01-28T19:00:00,0.39,0.04,0.07,0.79,0.07,0.04,-0.4,-0.23,0.17,0,0,-11.00
2013-01-28T20:00:00,-0.03,-0.05,-0.2,0.74,-0.15,-0.1,-0.44,-0.33,0.17,0,0,-9.00
2013-01-28T21:00:00,0.11,-0.14,-0.14,0.75,-0.09,-0.16,-0.43,-0.29,0.32,0,0,-11.00
2013-01-28T22:00:00,0.04,-0.37,-0.18,0.78,-0.14,-0.22,-0.42,-0.4,-0.05,0,0,-13.00
2013-01-28T23:00:00,0.17,-0.29,-0.23,0.74,-0.19,-0.24,-0.42,-0.39,-0.06,0,0,-12.00
2013-01-29T00:00:00,0.25,-0.0,-0.19,0.8,0.05,-0.07,-0.44,-0.42,-0.02,0,0,-8.00
2013-01-29T01:00:00,0.23,-0.39,0.13,0.84,-0.21,0.07,-0.44,-0.41,-0.05,0,0,-5.00
2013-01-29T02:00:00,0.16,-0.4,0.1,0.87,-0.08,-0.06,-0.49,-0.43,-0.06,0,0,-6.00
2013-01-29T03:00:00,0.4,-0.1,-0.07,0.94,0.22,-0.32,-0.45,-0.33,0.01,0,0,-6.00
2013-01-29T04:00:00,0.36,-0.22,0.01,0.94,0.2,-0.19,-0.47,-0.38,-0.01,0,0,-8.00
2013-01-29T05:00:00,0.21,-0.3,-0.11,0.9,0.07,-0.3,-0.52,-0.46,-0.08,0,0,-12.00
2013-01-29T06:00:00,0.12,-0.36,0.03,0.88,-0.15,-0.18,-0.54,-0.5,-0.08,0,0,-15.00
2013-01-29T07:00:00,0.07,-0.28,-0.12,0.88,-0.04,-0.53,-0.55,-0.5,-0.09,0,0,-14.00
2013-01-29T08:00:00,0.22,-0.32,-0.14,0.91,-0.16,-0.58,-0.54,-0.49,-0.11,0,0,-11.00
2013-01-29T09:00:00,0.34,-0.17,0.12,0.94,0.06,-0.13,-0.46,-0.42,-0.0,0,0,-8.00
2013-01-29T10:00:00,0.39,-0.2,-0.06,0.97,0.03,-0.39,-0.44,-0.43,-0.07,0,0,-7.00
2013-01-29T11:00:00,0.53,-0.13,0.11,0.97,0.11,0.04,-0.36,-0.37,-0.06,0,0,-8.00
2013-01-29T12:00:00,0.18,-0.45,-0.03,0.93,-0.17,-0.07,-0.36,-0.49,-0.1,0,0,-9.00
2013-01-29T13:00:00,-0.32,-0.31,-0.14,0.85,-0.06,-0.22,-0.4,-0.5,-0.12,0,0,-3.00
2013-01-29T14:00:00,-0.12,-0.4,-0.09,0.94,-0.33,-0.15,-0.42,-0.5,-0.11,0,0,1.00
2013-01-29T15:00:00,0.21,-0.36,-0.02,0.99,-0.2,-0.23,-0.42,-0.5,-0.09,0,0,3.00
2013-01-29T16:00:00,0.37,-0.35,0.16,1.06,-0.1,0.05,-0.41,-0.49,-0.11,0,0,3.00
2013-01-29T17:00:00,0.3,-0.39,0.2,1.07,-0.17,0.04,-0.47,-0.52,-0.14,0,0,2.00
2013-01-29T18:00:00,0.39,-0.2,0.13,1.1,-0.04,-0.16,-0.42,-0.46,-0.07,0,0,0.00
2013-01-29T19:00:00,0.24,-0.4,0.01,1.11,-0.33,-0.29,-0.47,-0.52,-0.13,0,0,-1.00
2013-01-29T20:00:00,0.35,-0.27,0.14,1.13,-0.17,-0.23,-0.51,-0.51,-0.12,0,0,-2.00
2013-01-29T21:00:00,0.42,-0.2,0.15,1.17,-0.2,-0.21,-0.5,-0.5,-0.12,0,0,-3.00
2013-01-29T22:00:00,-0.0,-0.14,-0.0,1.2,-0.14,-0.26,-0.42,-0.5,0.57,0,0,-5.00
2013-01-29T23:00:00,-0.17,-0.24,-0.06,1.18,-0.15,-0.31,-0.39,-0.54,-0.07,0,0,-5.00
2013-01-30T00:00:00,-0.29,-0.14,-0.09,1.17,-0.13,-0.2,-0.39,-0.55,-0.1,0,0,-3.00
2013-01-30T01:00:00,-0.37,-0.22,-0.01,1.13,-0.08,-0.06,-0.32,-0.5,-0.09,0,0,0.00
2013-01-30T02:00:00,0.03,-0.47,0.15,1.18,-0.31,0.04,-0.28,-0.52,-0.11,0,0,-1.00
2013-01-30T03:00:00,0.0,-0.53,0.12,1.17,-0.37,0.02,-0.26,-0.53,-0.13,0,0,-1.00
2013-01-30T04:00:00,-0.12,-0.51,0.0,1.19,-0.3,-0.02,-0.24,-0.53,-0.12,0,0,0.00
2013-01-30T05:00:00,-0.08,-0.42,0.13,1.23,-0.3,-0.01,-0.23,-0.53,-0.09,0,0,-1.00
2013-01-30T06:00:00,-0.1,-0.29,-0.01,1.26,-0.26,-0.23,-0.27,-0.5,0.04,0,0,-2.00
2013-01-30T07:00:00,0.14,-0.26,0.02,1.25,-0.13,-0.24,-0.28,-0.48,0.12,0,0,-2.00
2013-01-30T08:00:00,0.31,-0.17,0.09,1.33,-0.03,-0.03,-0.35,-0.49,-0.01,0,0,-2.00
2013-01-30T09:00:00,0.33,-0.3,0.06,1.38,-0.11,0.09,-0.3,-0.45,-0.03,0,0,-3.00
2013-01-30T10:00:00,0.36,-0.13,0.18,1.36,-0.05,-0.02,-0.35,-0.42,0.01,0,0,-4.00
2013-01-30T11:00:00,0.37,0.03,0.11,1.33,0.02,-0.19,-0.33,-0.37,0.11,0,0,-6.00
2013-01-30T12:00:00,0.2,-0.03,0.08,1.31,-0.05,-0.29,-0.3,-0.35,1.01,0,0,-8.00
2013-01-30T13:00:00,0.19,-0.1,-0.05,1.33,-0.08,-0.22,-0.31,-0.41,0.4,0,0,-8.00
2013-01-30T14:00:00,0.35,-0.19,0.12,1.39,0.02,0.02,-0.36,-0.44,-0.01,0,0,-6.00
2013-01-30T15:00:00,0.11,-0.27,-0.04,1.35,-0.18,-0.17,-0.34,-0.5,0.03,0,0,-1.00
2013-01-30T16:00:00,0.23,-0.17,-0.02,1.39,-0.08,-0.11,-0.35,-0.44,0.16,0,0,0.00
2013-01-30T17:00:00,-0.01,-0.07,-0.14,1.37,-0.07,-0.21,-0.34,-0.51,0.11,0,0,2.00
2013-01-30T18:00:00,0.13,-0.08,-0.15,1.4,-0.07,-0.24,-0.34,-0.51,0.02,0,0,3.00
2013-01-30T19:00:00,0.24,-0.03,-0.14,1.44,0.01,-0.34,-0.33,-0.5,-0.02,0,0,1.00
2013-01-30T20:00:00,0.38,-0.07,-0.05,1.5,-0.01,-0.27,-0.36,-0.52,-0.09,0,0,-2.00
2013-01-30T21:00:00,0.4,-0.14,-0.03,1.5,-0.05,-0.2,-0.37,-0.54,-0.12,0,0,-4.00
2013-01-30T22:00:00,0.43,-0.13,-0.01,1.54,-0.11,-0.17,-0.38,-0.53,-0.12,0,0,-8.00
2013-01-30T23:00:00,0.43,-0.17,0.02,1.52,-0.29,0.18,0.8,-0.55,-0.01,0,0,-10.00
2013-01-31T00:00:00,0.38,-0.13,-0.01,1.55,-0.18,-0.08,-0.22,-0.54,-0.09,0,0,-9.00
2013-01-31T01:00:00,0.35,-0.15,-0.01,1.56,-0.24,-0.12,-0.16,-0.53,-0.06,0,0,-8.00
2013-01-31T02:00:00,0.29,-0.12,0.03,1.49,-0.57,0.54,0.2,-0.55,0.08,0,0,-7.00
2013-01-31T03:00:00,0.14,-0.08,-0.01,1.54,-0.31,-0.19,0.24,-0.55,0.61,0,0,-6.00
2013-01-31T04:00:00,-0.16,0.08,0.07,1.55,-0.38,-0.2,0.46,-0.57,0.36,0,0,-4.00
2013-01-31T05:00:00,0.07,-0.12,0.06,1.57,-0.58,-0.13,0.65,-0.57,1.5,0,0,-1.00
2013-01-31T06:00:00,-0.24,0.33,0.17,1.54,-0.59,-0.26,0.54,-0.54,-0.03,0,0,0.00
2013-01-31T07:00:00,-0.08,0.21,0.25,1.52,-0.6,-0.22,0.84,-0.56,0.1,1,0,5.00
2013-01-31T08:00:00,0.34,0.05,0.44,1.48,-0.57,-0.26,0.78,-0.57,-0.1,1,0,7.00
2013-01-31T09:00:00,0.37,0.15,0.44,1.49,-0.59,-0.24,0.91,-0.56,-0.1,1,0,8.00
2013-01-31T10:00:00,0.26,0.28,0.43,1.5,-0.68,-0.28,0.95,-0.55,-0.08,1,0,8.00
2013-01-31T11:00:00,0.07,0.52,0.37,1.52,-0.75,-0.24,0.9,-0.55,-0.11,1,0,8.00
2013-01-31T12:00:00,0.06,0.62,0.45,1.53,-0.64,-0.17,0.55,-0.57,-0.15,1,0,8.00
2013-01-31T13:00:00,0.15,0.62,0.54,1.54,-0.74,-0.18,0.58,-0.57,-0.16,1,0,9.00
2013-01-31T14:00:00,0.09,0.41,0.4,1.56,-0.64,-0.08,0.78,-0.55,-0.09,1,0,10.00
2013-01-31T15:00:00,0.08,0.04,0.39,1.57,-0.54,-0.04,0.75,-0.52,0.1,1,0,10.00
2013-01-31T16:00:00,0.02,-0.41,-0.21,1.56,-0.53,-0.14,0.89,-0.49,0.03,1,0,11.00
2013-01-31T17:00:00,-0.17,0.33,0.17,1.57,-0.44,-0.3,0.85,-0.46,0.23,1,0,12.00
2013-01-31T18:00:00,0.06,0.55,0.53,1.49,-0.17,-0.32,0.59,-0.46,-0.1,1,0,12.00
2013-01-31T19:00:00,-0.31,0.29,0.21,1.39,0.06,-0.21,0.74,-0.39,0.23,1,0,9.00
2013-01-31T20:00:00,-0.55,0.44,-0.3,1.39,0.01,-0.14,0.8,-0.41,-0.07,1,0,10.00
2013-01-31T21:00:00,-0.48,-0.15,-0.53,1.39,-0.07,-0.08,0.83,-0.42,-0.08,1,0,12.00
2013-01-31T22:00:00,-0.47,-0.02,-0.59,1.38,-0.17,-0.02,1.1,-0.47,-0.1,1,0,11.00
2013-01-31T23:00:00,-0.6,-0.83,-0.18,1.41,0.24,-0.33,0.75,-0.45,-0.13,1,0,9.00
2013-02-01T00:00:00,-0.35,-1.01,0.37,1.41,0.37,-0.39,0.5,-0.46,-0.15,1,0,---
2013-02-01T01:00:00,-0.21,-0.4,0.38,1.42,0.25,-0.38,0.79,-0.41,0.08,1,0,-10.00
2013-02-01T02:00:00,0.22,-0.21,0.58,1.38,0.39,-0.42,0.82,-0.44,-0.02,1,0,-11.00
2013-02-01T03:00:00,0.03,-0.01,0.38,1.39,0.38,-0.37,0.91,-0.37,0.61,1,0,-7.00
2013-02-01T04:00:00,0.13,-0.29,0.54,1.38,0.51,-0.6,0.79,-0.39,0.04,1,0,-2.00
2013-02-01T05:00:00,-0.51,0.63,-0.13,1.45,0.12,-0.26,0.62,-0.42,-0.09,1,0,2.00
2013-02-01T06:00:00,-0.15,0.46,0.13,1.38,0.32,-0.29,0.85,-0.46,0.08,1,0,7.00
2013-02-01T07:00:00,0.11,-0.42,0.11,1.37,0.6,-0.29,0.86,-0.45,0.24,1,0,8.00
2013-02-01T08:00:00,-0.03,-0.35,-0.1,1.34,0.24,-0.54,0.69,-0.39,0.38,1,0,7.00
2013-02-01T09:00:00,-0.01,-0.47,-0.16,1.29,0.18,-0.58,0.77,-0.34,0.2,1,0,5.00
2013-02-01T10:00:00,-0.36,0.01,-0.61,1.31,0.04,-0.54,0.88,-0.29,-0.01,1,0,4.00
2013-02-01T11:00:00,-0.35,0.44,-0.06,1.32,-0.08,-0.84,1.05,-0.21,0.32,1,0,1.00
2013-02-01T12:00:00,-0.09,0.66,-0.11,1.33,-0.24,-0.8,1.07,-0.28,0.11,1,0,-1.00
2013-02-01T13:00:00,-0.31,0.55,-0.06,1.33,-0.35,-0.7,1.09,-0.3,0.14,1,0,-6.00
2013-02-01T14:00:00,0.01,-0.08,0.47,1.32,-0.4,-0.63,1.34,-0.35,0.42,1,0,-6.00
2013-02-01T15:00:00,0.2,0.36,0.6,1.17,-0.45,-0.95,2.42,-0.32,0.2,1,0,-3.00
2013-02-01T16:00:00,-0.29,-0.17,0.8,1.19,-0.65,-1.24,2.78,-0.3,0.12,1,0,1.00
2013-02-01T17:00:00,0.2,-1.04,0.84,1.2,-0.73,-1.27,2.72,-0.34,-0.07,1,0,11.00
2013-02-01T18:00:00,-0.09,0.43,0.25,1.22,-0.64,-1.48,3.23,-0.34,0.86,1,0,15.00
2013-02-01T19:00:00,-0.44,-1.06,1.11,1.22,-0.93,-1.76,2.18,-0.44,-0.15,1,0,14.00
2013-02-01T20:00:00,-0.18,-0.92,0.75,1.23,-0.68,-1.61,3.14,-0.47,-0.09,1,0,18.00
2013-02-01T21:00:00,0.45,-1.2,-0.25,1.15,0.8,-1.66,0.63,0.13,-0.04,1,0,12.00
2013-02-01T22:00:00,0.96,-1.49,-0.58,0.93,1.13,-1.06,0.15,0.2,-0.14,1,0,15.00
2013-02-01T23:00:00,0.9,-1.54,-0.24,0.97,1.32,-1.65,0.19,0.19,-0.13,1,0,1.00
2013-02-02T00:00:00,1.27,-0.79,-0.68,0.62,0.82,-0.91,0.06,0.1,-0.13,1,0,-2.00
2013-02-02T01:00:00,0.57,-1.45,-0.12,0.27,-0.24,-0.11,0.22,0.27,-0.1,1,0,-5.00
2013-02-02T02:00:00,1.22,-1.19,-0.46,0.45,0.59,-0.3,0.15,0.19,-0.13,1,0,-9.00
2013-02-02T03:00:00,1.08,-1.02,-0.93,0.46,1.05,-0.89,0.04,0.11,-0.15,1,0,-8.00
2013-02-02T04:00:00,1.04,-0.93,-0.45,0.45,1.18,-0.57,0.32,0.32,-0.07,1,0,-7.00
2013-02-02T05:00:00,0.34,-1.03,-0.21,0.34,1.01,-0.47,0.45,0.35,0.05,1,0,-10.00
2013-02-02T06:00:00,-0.09,-0.8,0.12,0.32,0.98,-0.31,0.52,0.42,0.35,1,0,-14.00
2013-02-02T07:00:00,0.16,-1.14,-0.25,0.35,0.19,-0.49,0.32,0.27,-0.02,1,0,-6.00
2013-02-02T08:00:00,0.62,-0.52,-0.29,0.44,1.08,-0.58,0.49,0.35,0.2,1,0,-6.00
2013-02-02T09:00:00,0.54,-0.82,-0.16,0.38,0.78,-0.19,0.42,0.49,0.15,1,0,-8.00
2013-02-02T10:00:00,-0.08,-0.47,0.44,0.16,1.36,0.37,0.29,0.59,0.62,1,0,-10.00
2013-02-02T11:00:00,0.59,-0.28,-0.24,0.22,1.42,0.04,-0.08,0.59,0.26,1,0,-7.00
2013-02-02T12:00:00,0.71,-0.78,-0.26,0.05,1.04,0.29,-0.34,0.75,-0.03,1,0,-7.00
2013-02-02T13:00:00,0.86,-0.5,-0.27,0.06,1.2,0.18,-0.4,0.49,-0.06,1,0,-9.00
2013-02-02T14:00:00,0.76,-0.5,-0.16,-0.09,1.19,1.14,0.06,0.38,0.08,1,0,-15.00
2013-02-02T15:00:00,-0.18,-0.29,0.32,-0.1,0.65,1.34,-0.26,0.16,0.45,1,0,-18.00
2013-02-02T16:00:00,0.59,-0.47,-0.14,0.13,0.18,0.36,-0.28,0.19,0.02,1,0,-20.00
2013-02-02T17:00:00,0.82,-0.06,-0.44,0.01,0.82,0.31,-0.48,0.13,-0.11,1,0,-13.00
2013-02-02T18:00:00,0.9,-0.17,-0.37,0.1,0.74,0.35,-0.48,0.21,-0.1,0,0,-12.00
2013-02-02T19:00:00,0.86,-0.19,-0.14,0.15,0.53,0.54,-0.33,0.23,-0.03,0,0,-16.00
2013-02-02T20:00:00,0.79,-0.31,-0.1,0.14,0.33,0.44,-0.3,0.11,-0.03,0,0,-15.00
2013-02-02T21:00:00,0.61,-0.49,-0.07,0.05,0.32,0.79,-0.31,0.47,0.08,0,0,-15.00
2013-02-02T22:00:00,0.31,-0.59,0.06,0.11,0.17,0.82,-0.3,0.31,0.15,0,0,-11.00
2013-02-02T23:00:00,0.29,-0.63,-0.0,0.18,0.03,0.55,-0.3,0.15,0.06,0,0,-11.00
2013-02-03T00:00:00,0.54,-0.53,-0.05,0.26,-0.27,0.46,-0.3,0.06,-0.01,0,0,-9.00
2013-02-03T01:00:00,0.58,-0.56,-0.11,0.39,-0.3,0.37,-0.33,0.04,-0.04,0,0,-7.00
2013-02-03T02:00:00,0.69,-0.55,-0.01,0.49,-0.56,0.41,-0.35,0.02,-0.07,0,0,-4.00
2013-02-03T03:00:00,0.67,-0.38,-0.02,0.48,-0.7,0.32,-0.3,0.21,0.03,0,0,-5.00
2013-02-03T04:00:00,0.46,-0.4,0.03,0.48,-0.67,0.16,-0.26,0.1,0.15,0,0,-7.00
2013-02-03T05:00:00,-0.29,-0.35,0.16,0.42,-0.3,0.59,-0.25,-0.18,0.17,0,0,-5.00
2013-02-03T06:00:00,-0.18,-0.43,0.23,0.43,-0.35,0.64,-0.19,-0.24,0.09,0,0,-2.00
2013-02-03T07:00:00,-0.64,0.11,0.21,0.36,-0.28,0.67,-0.16,-0.35,-0.07,0,0,1.00
2013-02-03T08:00:00,-0.61,-0.37,0.16,0.22,-0.26,0.44,0.31,-0.23,0.03,0,0,4.00
2013-02-03T09:00:00,-0.37,-0.36,0.22,0.15,-0.47,0.8,0.67,-0.14,0.42,0,0,6.00
2013-02-03T10:00:00,-0.04,-0.57,-0.06,0.12,-1.42,-0.05,1.15,0.04,0.73,0,0,10.00
2013-02-03T11:00:00,-0.07,-0.43,0.47,0.12,-0.32,1.68,0.34,0.05,0.29,0,0,11.00
2013-02-03T12:00:00,-0.36,-0.82,0.44,0.06,-0.55,2.29,0.54,0.09,0.05,0,0,10.00
2013-02-03T13:00:00,0.52,-0.9,-0.21,0.31,-1.16,2.01,0.37,0.31,0.05,0,0,7.00
2013-02-03T14:00:00,0.05,-1.0,0.42,0.26,-0.99,2.29,0.4,0.1,-0.0,0,0,10.00
2013-02-03T15:00:00,0.07,-1.1,0.58,0.35,-0.85,1.94,0.35,-0.1,-0.09,0,0,7.00
2013-02-03T16:00:00,-0.02,-1.13,0.5,0.42,-1.01,1.88,0.28,-0.18,-0.11,0,0,3.00
2013-02-03T17:00:00,0.21,-1.06,0.3,0.45,-1.05,1.72,0.4,-0.18,-0.08,0,0,3.00
2013-02-03T18:00:00,0.29,-0.98,0.24,0.49,-0.97,1.46,0.34,-0.12,-0.05,0,0,2.00
2013-02-03T19:00:00,0.48,-0.87,0.16,0.57,-0.96,1.28,0.33,-0.12,-0.04,0,0,1.00
2013-02-03T20:00:00,0.37,-0.83,0.21,0.64,-0.79,1.23,0.32,-0.23,-0.05,0,0,0.00
2013-02-03T21:00:00,0.03,-0.86,0.15,0.6,-0.86,0.99,0.32,-0.3,-0.06,0,0,-1.00
2013-02-03T22:00:00,0.15,-0.68,0.25,0.64,-0.47,0.35,0.64,-0.38,-0.01,0,0,-2.00
2013-02-03T23:00:00,0.39,-0.55,-0.02,0.68,-0.39,0.16,0.62,-0.33,0.05,0,0,-4.00
2013-02-04T00:00:00,-0.36,-0.14,0.25,0.58,-0.23,0.36,0.74,-0.3,0.45,0,0,-2.00
2013-02-04T01:00:00,-0.31,-0.29,0.38,0.65,-0.18,0.46,0.63,-0.38,0.1,0,0,-1.00
2013-02-04T02:00:00,-0.09,-0.58,0.07,0.69,-0.41,0.23,0.6,-0.42,0.04,0,0,1.00
2013-02-04T03:00:00,0.49,-0.32,0.36,0.77,-0.19,0.46,0.57,-0.36,0.02,0,0,3.00
2013-02-04T04:00:00,0.84,-0.36,-0.12,0.82,-0.14,0.44,0.58,-0.34,-0.07,0,0,3.00
2013-02-04T05:00:00,-0.05,-0.61,-0.34,0.83,-0.43,0.32,0.32,-0.4,-0.07,0,0,3.00
2013-02-04T06:00:00,0.13,-0.68,-0.04,0.96,-0.42,0.46,0.21,-0.38,-0.05,0,0,3.00
2013-02-04T07:00:00,0.77,-0.28,0.2,1.05,0.09,0.77,0.22,-0.33,-0.07,0,0,4.00
2013-02-04T08:00:00,0.76,-0.37,0.1,1.07,-0.02,0.43,0.23,-0.37,-0.09,0,0,5.00
2013-02-04T09:00:00,0.7,-0.35,-0.02,1.13,-0.24,0.23,0.17,-0.33,-0.06,0,0,5.00
2013-02-04T10:00:00,0.46,-0.51,-0.0,1.05,-0.48,0.48,0.05,-0.36,-0.05,0,0,6.00
2013-02-04T11:00:00,0.42,-0.45,0.13,0.99,-0.37,0.7,0.07,-0.35,-0.01,0,0,5.00
2013-02-04T12:00:00,0.72,-0.22,-0.21,1.09,0.07,0.04,0.06,-0.24,-0.05,0,0,2.00
2013-02-04T13:00:00,0.68,-0.31,-0.21,1.07,0.01,0.16,0.1,-0.21,-0.03,0,0,0.00
2013-02-04T14:00:00,0.17,-0.46,0.07,0.93,-0.03,0.57,0.14,-0.32,0.15,0,0,-1.00
2013-02-04T15:00:00,0.32,-0.59,-0.16,0.99,0.0,0.37,0.24,-0.33,-0.03,0,0,-3.00
2013-02-04T16:00:00,0.67,-0.35,-0.38,1.03,0.25,0.18,0.35,-0.25,-0.05,0,0,-5.00
2013-02-04T17:00:00,0.37,-0.54,0.34,1.01,-0.03,0.68,0.52,-0.35,-0.01,0,0,-6.00
2013-02-04T18:00:00,0.36,-0.44,0.27,1.01,0.06,0.39,0.89,-0.41,0.06,0,0,-6.00
2013-02-04T19:00:00,0.25,-0.23,0.2,1.1,-0.07,0.28,1.37,-0.5,0.39,0,0,-5.00
2013-02-04T20:00:00,-0.26,-0.11,-0.07,1.19,-0.09,0.4,1.53,-0.5,0.54,0,0,2.00
2013-02-04T21:00:00,-0.1,-0.32,0.44,1.18,-0.07,0.49,1.59,-0.51,0.05,0,0,10.00
2013-02-04T22:00:00,-0.24,0.18,0.26,1.23,-0.12,0.32,1.52,-0.49,0.36,0,0,13.00
2013-02-04T23:00:00,0.1,0.2,-0.23,1.24,-0.04,0.06,1.73,-0.49,0.3,0,0,13.00
2013-02-05T00:00:00,-0.18,-0.14,-0.19,1.24,0.08,0.29,1.83,-0.49,0.41,0,0,13.00
2013-02-05T01:00:00,-0.36,-0.39,0.16,1.27,0.11,0.32,1.61,-0.52,0.05,0,0,13.00
2013-02-05T02:00:00,-0.33,-0.44,0.08,1.27,0.19,0.09,1.48,-0.53,0.02,0,0,12.00
2013-02-05T03:00:00,0.11,0.21,0.22,1.25,0.28,0.07,0.92,-0.5,0.38,0,0,9.00
2013-02-05T04:00:00,0.57,0.53,-0.37,1.2,0.31,0.47,-0.16,-0.44,-0.15,0,0,10.00
2013-02-05T05:00:00,0.48,-0.01,-0.57,1.19,0.34,0.3,-0.26,-0.41,-0.15,0,0,8.00
2013-02-05T06:00:00,0.69,0.17,-0.17,1.17,0.45,0.48,-0.21,-0.29,-0.09,0,0,3.00
2013-02-05T07:00:00,0.41,-0.2,-0.37,1.16,0.28,0.2,-0.24,-0.35,-0.09,0,0,-1.00
2013-02-05T08:00:00,0.44,0.03,-0.3,1.12,0.42,0.34,-0.15,-0.27,-0.02,0,0,-4.00
2013-02-05T09:00:00,0.27,-0.41,-0.01,1.09,0.09,0.56,-0.19,-0.31,0.05,0,0,-4.00
2013-02-05T10:00:00,0.03,-0.32,-0.01,1.06,0.09,0.47,-0.2,-0.33,0.32,0,0,-5.00
2013-02-05T11:00:00,0.38,-0.48,-0.03,1.15,-0.14,0.45,-0.3,-0.39,-0.09,0,0,-7.00
2013-02-05T12:00:00,0.54,-0.47,0.04,1.2,-0.02,0.59,-0.17,-0.4,-0.1,0,0,-7.00
2013-02-05T13:00:00,0.32,-0.82,-0.03,1.04,-0.37,0.75,0.06,-0.45,-0.14,0,0,-6.00
2013-02-05T14:00:00,0.24,-0.78,-0.03,1.07,-0.28,0.49,0.07,-0.47,-0.13,0,0,-3.00
2013-02-05T15:00:00,0.3,-0.86,-0.06,1.1,-0.4,0.45,0.14,-0.49,-0.15,0,0,-1.00
2013-02-05T16:00:00,0.14,-0.6,0.37,1.12,-0.35,0.69,0.21,-0.5,-0.12,0,0,-2.00
2013-02-05T17:00:00,0.1,0.06,0.49,1.18,-0.68,0.33,0.64,-0.55,-0.07,0,0,-4.00
2013-02-05T18:00:00,-0.22,0.27,0.57,1.22,-0.81,0.23,0.45,-0.56,-0.14,0,0,-4.00
2013-02-05T19:00:00,-0.05,0.0,0.54,1.25,-0.74,-0.01,0.63,-0.57,-0.11,0,0,-1.00
2013-02-05T20:00:00,-0.02,0.09,0.48,1.3,-0.88,-0.18,0.6,-0.58,-0.11,0,0,1.00
2013-02-05T21:00:00,-0.13,0.32,0.15,1.35,-0.93,-0.17,0.5,-0.58,-0.06,0,0,2.00
2013-02-05T22:00:00,-0.25,0.33,-0.03,1.38,-0.82,-0.19,0.31,-0.58,-0.11,0,0,2.00
2013-02-05T23:00:00,-0.38,0.24,0.51,1.35,-0.54,0.01,-0.19,-0.56,-0.16,0,0,2.00
2013-02-06T00:00:00,-0.4,0.15,0.55,1.38,-0.43,0.05,-0.19,-0.56,-0.16,0,0,3.00
2013-02-06T01:00:00,-0.2,0.26,0.49,1.33,-0.11,0.22,0.06,-0.57,-0.15,0,0,2.00
2013-02-06T02:00:00,-0.16,0.39,0.51,1.35,-0.24,0.05,-0.1,-0.57,-0.16,0,0,3.00
2013-02-06T03:00:00,-0.13,0.5,0.53,1.45,-0.5,-0.04,-0.22,-0.58,-0.17,0,0,4.00
2013-02-06T04:00:00,-0.17,0.67,0.4,1.48,-0.55,-0.02,-0.27,-0.58,-0.18,0,0,5.00
2013-02-06T05:00:00,-0.25,0.71,0.17,1.53,-0.55,-0.0,-0.25,-0.58,-0.17,0,0,3.00
2013-02-06T06:00:00,-0.24,0.66,0.15,1.52,-0.5,0.13,-0.26,-0.58,-0.17,0,0,3.00
2013-02-06T07:00:00,-0.34,0.56,0.04,1.52,-0.33,0.14,-0.16,-0.57,-0.16,0,0,3.00
2013-02-06T08:00:00,-0.21,0.3,0.37,1.49,-0.25,0.22,-0.15,-0.55,-0.13,0,0,3.00
2013-02-06T09:00:00,0.01,0.35,0.5,1.45,-0.11,0.13,-0.14,-0.56,-0.15,0,0,5.00
2013-02-06T10:00:00,-0.07,0.34,0.5,1.47,-0.11,0.17,-0.12,-0.55,-0.15,0,0,6.00
2013-02-06T11:00:00,-0.04,0.42,0.43,1.48,-0.12,0.2,-0.02,-0.54,-0.13,0,0,4.00
2013-02-06T12:00:00,-0.2,0.56,0.32,1.48,-0.19,0.16,0.02,-0.53,-0.14,0,0,3.00
2013-02-06T13:00:00,-0.26,0.69,0.24,1.5,-0.36,0.14,0.03,-0.53,-0.15,0,0,4.00
2013-02-06T14:00:00,-0.35,0.69,0.05,1.5,-0.4,0.18,0.08,-0.51,-0.15,0,0,5.00
2013-02-06T15:00:00,-0.27,0.71,-0.07,1.49,-0.47,0.24,0.14,-0.52,-0.15,0,0,6.00
2013-02-06T16:00:00,-0.19,0.68,-0.19,1.48,-0.53,0.3,0.25,-0.53,-0.15,0,0,7.00
2013-02-06T17:00:00,-0.35,0.53,-0.23,1.45,-0.54,0.45,0.35,-0.5,-0.12,0,0,7.00
2013-02-06T18:00:00,-0.12,0.79,0.4,1.33,-0.41,-0.04,0.56,-0.48,-0.13,0,0,8.00
2013-02-06T19:00:00,-0.14,0.84,-0.0,1.34,-0.58,-0.04,0.68,-0.47,-0.11,0,0,4.00
2013-02-06T20:00:00,0.3,0.83,0.17,1.32,-0.56,-0.14,0.9,-0.47,-0.11,0,0,3.00
2013-02-06T21:00:00,0.11,0.84,-0.34,1.33,-0.6,0.15,0.68,-0.49,-0.14,0,0,5.00
2013-02-06T22:00:00,-0.21,0.79,0.2,1.31,-0.47,0.07,0.82,-0.47,-0.1,0,0,6.00
2013-02-06T23:00:00,-0.18,1.0,-0.02,1.3,-0.52,0.22,0.88,-0.47,-0.13,0,0,5.00
2013-02-07T00:00:00,-0.3,0.91,0.28,1.31,-0.53,0.04,0.99,-0.46,-0.12,0,0,4.00
2013-02-07T01:00:00,-0.54,0.86,0.39,1.27,-0.57,0.1,1.21,-0.44,-0.12,0,0,7.00
2013-02-07T02:00:00,-0.76,1.01,0.01,1.3,-0.6,0.49,1.4,-0.42,-0.12,0,0,6.00
2013-02-07T03:00:00,-0.75,1.08,-0.19,1.25,-0.7,0.44,1.77,-0.41,-0.12,0,0,4.00
2013-02-07T04:00:00,-0.94,1.19,-0.31,1.23,-0.83,0.64,2.01,-0.42,-0.14,0,0,5.00
2013-02-07T05:00:00,-0.28,0.79,-1.0,1.26,-0.67,0.61,1.73,-0.44,-0.14,0,0,7.00
2013-02-07T06:00:00,0.24,-0.04,-1.1,1.27,-0.65,0.89,2.08,-0.43,-0.12,0,0,7.00
2013-02-07T07:00:00,0.34,-0.44,-0.75,1.29,-0.56,0.44,3.31,-0.45,-0.05,0,0,6.00
2013-02-07T08:00:00,-0.1,0.25,0.54,1.22,-0.24,-0.1,0.81,-0.39,0.05,0,0,0.00
2013-02-07T09:00:00,-0.73,0.94,0.61,1.25,-0.04,-0.37,0.73,-0.44,-0.15,0,0,-10.00
2013-02-07T10:00:00,-0.6,0.98,-0.48,1.17,0.15,-0.36,1.2,-0.42,-0.13,0,0,-23.00
2013-02-07T11:00:00,-0.81,1.01,-0.1,1.25,0.03,0.2,0.8,-0.36,-0.13,0,0,-21.00
2013-02-07T12:00:00,-1.02,0.77,-0.38,1.21,0.05,0.39,0.67,-0.34,-0.14,0,0,-14.00
2013-02-07T13:00:00,0.44,0.13,0.76,1.08,-0.05,-0.24,0.89,-0.42,-0.09,0,0,-16.00
