2013-09-12T10:00:00,0.3,0.4,0.68,1.22,-0.96,0.35,0.64,-0.41,-0.09,1,0,-6.00
2013-09-12T11:00:00,0.18,0.18,0.91,1.15,-1.16,0.38,0.98,-0.4,-0.1,1,0,-3.00
2013-09-12T12:00:00,0.45,0.13,0.59,1.2,-1.13,0.09,1.2,-0.32,0.06,1,0,1.00
2013-09-12T13:00:00,0.26,-0.1,0.54,1.19,-1.27,-0.1,1.17,-0.33,0.18,1,0,1.00
2013-09-12T14:00:00,0.24,-0.29,0.72,1.11,-1.17,0.07,0.83,-0.36,-0.04,1,0,5.00
2013-09-12T15:00:00,0.4,-0.59,-0.36,1.04,-1.08,-0.32,1.11,-0.3,0.01,1,0,6.00
2013-09-12T16:00:00,0.65,-0.63,0.74,1.07,-1.13,0.21,0.97,-0.3,-0.09,1,0,5.00
2013-09-12T17:00:00,0.67,-0.2,0.75,0.7,0.32,0.48,0.62,0.01,0.01,1,0,9.00
2013-09-12T18:00:00,0.26,0.25,-0.41,0.64,0.16,0.75,0.66,0.24,0.48,1,0,12.00
2013-09-12T19:00:00,0.73,0.01,0.3,0.5,-0.12,0.61,0.95,0.22,0.43,1,0,10.00
2013-09-12T20:00:00,1.14,-0.9,-0.1,0.34,-0.22,-0.36,0.48,0.19,-0.07,1,0,9.00
2013-09-12T21:00:00,1.11,-0.78,0.16,0.35,-0.32,-0.27,0.36,0.2,-0.05,1,0,1.00
2013-09-12T22:00:00,1.03,-1.02,0.06,0.34,-0.02,-0.65,0.23,0.23,-0.08,1,0,-9.00
2013-09-12T23:00:00,1.02,-0.98,-0.08,0.14,0.71,-1.11,0.14,0.26,-0.08,1,0,-10.00
2013-09-13T00:00:00,0.4,-0.45,0.54,-0.1,1.49,-0.2,0.29,0.94,0.48,1,0,-12.00
2013-09-13T01:00:00,0.41,0.03,0.75,-0.03,1.97,0.11,0.3,0.84,0.31,1,0,-9.00
2013-09-13T02:00:00,0.29,-0.6,0.42,-0.08,0.22,-0.48,2.05,0.6,1.15,1,0,-6.00
2013-09-13T03:00:00,-0.43,0.18,0.7,-0.25,1.76,0.13,0.6,0.57,0.33,1,0,-4.00
2013-09-13T04:00:00,-0.49,-0.15,0.29,-0.37,1.34,-0.55,0.11,0.36,0.55,1,0,-2.00
2013-09-13T05:00:00,0.58,-0.6,0.14,-0.01,0.8,-0.6,-0.03,0.25,0.08,1,0,-1.00
2013-09-13T06:00:00,0.52,-0.97,-0.1,-0.04,0.24,-0.89,-0.21,0.14,-0.08,1,0,-2.00
2013-09-13T07:00:00,0.73,-0.71,0.32,0.08,0.31,-0.07,-0.19,0.11,-0.07,1,0,-2.00
2013-09-13T08:00:00,0.68,0.15,0.76,0.07,1.32,0.57,-0.07,0.04,-0.07,1,0,-4.00
2013-09-13T09:00:00,0.71,-0.96,0.21,0.05,0.05,-0.38,-0.14,0.11,-0.09,1,0,-5.00
2013-09-13T10:00:00,0.68,-1.08,0.09,0.09,-0.05,-0.68,-0.25,-0.03,-0.13,1,0,-2.00
2013-09-13T11:00:00,0.99,-0.57,0.13,0.23,0.52,-0.5,-0.12,-0.11,-0.11,1,0,0.00
2013-09-13T12:00:00,0.8,-0.57,0.52,0.06,0.37,-0.07,0.1,0.06,-0.06,1,0,0.00
2013-09-13T13:00:00,0.45,0.03,0.87,-0.13,1.05,0.58,0.15,0.11,-0.02,1,0,-4.00
2013-09-13T14:00:00,0.6,-1.16,0.28,-0.11,-0.09,0.08,-0.05,0.14,-0.1,1,0,-3.00
2013-09-13T15:00:00,0.65,-1.13,-0.21,-0.1,-0.21,-0.55,-0.0,0.07,-0.11,1,0,0.00
2013-09-13T16:00:00,0.89,-0.9,0.35,-0.03,-0.28,-0.48,0.21,0.22,-0.06,1,0,2.00
2013-09-13T17:00:00,0.66,-0.81,-0.52,-0.02,-0.23,-0.93,0.1,0.2,-0.06,1,0,1.00
2013-09-13T18:00:00,0.75,-0.18,0.51,-0.02,0.55,0.27,-0.1,0.37,0.04,1,0,2.00
2013-09-13T19:00:00,0.85,-0.31,0.46,0.01,0.54,0.05,-0.14,0.36,-0.0,1,0,0.00
2013-09-13T20:00:00,0.27,-0.52,0.78,-0.3,0.35,0.38,-0.31,0.37,-0.05,1,0,-8.00
2013-09-13T21:00:00,0.25,-0.54,0.75,-0.4,0.34,0.09,-0.42,0.28,-0.08,1,0,-8.00
2013-09-13T22:00:00,0.2,-0.42,0.56,-0.63,0.68,-0.11,-0.46,0.31,0.02,1,0,-8.00
2013-09-13T23:00:00,0.21,-0.55,0.48,-0.71,0.61,0.1,-0.54,0.32,-0.02,1,0,-8.00
2013-09-14T00:00:00,-0.01,-0.3,0.41,-0.8,0.88,-0.47,-0.6,0.6,0.26,1,0,-8.00
2013-09-14T01:00:00,0.19,-0.22,0.13,-0.77,0.88,-0.67,-0.6,0.65,1.28,1,0,-7.00
2013-09-14T02:00:00,0.22,-0.28,0.15,-0.83,1.03,-1.09,-0.59,0.62,0.73,0,0,-7.00
2013-09-14T03:00:00,-0.36,0.2,0.09,-0.9,1.13,-1.15,-0.56,0.13,0.21,0,0,-6.00
2013-09-14T04:00:00,0.04,0.13,0.05,-0.72,0.92,-1.24,-0.62,0.17,2.39,0,0,-7.00
2013-09-14T05:00:00,-0.02,0.09,-0.3,-0.71,0.83,-1.56,-0.66,-0.04,0.03,0,0,-5.00
2013-09-14T06:00:00,0.22,0.21,-0.22,-0.59,0.87,-1.02,-0.66,-0.09,-0.01,0,0,-6.00
2013-09-14T07:00:00,-0.02,0.32,-0.19,-0.68,1.09,-0.87,-0.69,-0.1,-0.02,0,0,-7.00
2013-09-14T08:00:00,-0.03,0.34,-0.1,-0.68,1.22,-0.64,-0.66,-0.03,0.07,0,0,-8.00
2013-09-14T09:00:00,0.13,0.05,-0.01,-0.52,0.86,-0.41,-0.66,0.02,1.53,0,0,-8.00
2013-09-14T10:00:00,0.32,-0.19,0.16,-0.4,0.44,-0.05,-0.69,0.06,0.16,0,0,-6.00
2013-09-14T11:00:00,0.43,0.11,0.1,-0.34,1.08,-0.08,-0.67,-0.03,0.05,0,0,-6.00
2013-09-14T12:00:00,0.53,0.1,0.07,-0.28,1.05,-0.2,-0.69,-0.06,-0.05,0,0,-4.00
2013-09-14T13:00:00,0.35,-0.14,-0.12,-0.22,0.93,-0.15,-0.68,-0.08,0.03,0,0,-6.00
2013-09-14T14:00:00,0.38,-0.18,0.2,-0.17,0.75,0.11,-0.72,-0.02,0.01,0,0,-3.00
2013-09-14T15:00:00,0.44,-0.17,0.22,-0.12,0.94,0.23,-0.75,-0.03,-0.04,0,0,-3.00
2013-09-14T16:00:00,0.39,-0.24,0.24,-0.09,1.0,0.27,-0.75,-0.05,-0.06,0,0,-4.00
2013-09-14T17:00:00,0.44,-0.27,-0.02,-0.03,0.84,0.32,-0.77,0.0,-0.06,0,0,-2.00
2013-09-14T18:00:00,0.33,-0.2,0.1,0.01,0.83,0.38,-0.74,0.05,0.1,0,0,0.00
2013-09-14T19:00:00,0.33,-0.13,0.0,0.11,0.89,0.39,-0.67,-0.14,0.11,0,0,-1.00
2013-09-14T20:00:00,-0.11,-0.15,0.35,-0.05,0.73,1.0,-0.71,-0.29,-0.03,0,0,-3.00
2013-09-14T21:00:00,-0.14,-0.32,0.15,-0.01,0.46,0.53,-0.7,-0.31,-0.01,0,0,-2.00
2013-09-14T22:00:00,0.24,-0.38,0.08,0.15,0.16,0.53,-0.69,-0.27,-0.06,0,0,-3.00
2013-09-14T23:00:00,0.24,-0.31,-0.04,0.25,-0.08,0.46,-0.65,-0.29,-0.02,0,0,-4.00
2013-09-15T00:00:00,0.12,-0.43,-0.04,0.28,-0.38,0.39,-0.58,-0.36,-0.06,0,0,-7.00
2013-09-15T01:00:00,0.36,-0.13,0.34,0.41,0.0,1.07,-0.53,-0.32,-0.06,0,0,-8.00
2013-09-15T02:00:00,-0.02,0.07,0.44,0.34,0.21,1.42,-0.51,-0.42,-0.08,0,0,-7.00
2013-09-15T03:00:00,0.17,-0.47,0.26,0.45,-0.48,1.18,-0.53,-0.45,-0.12,0,0,-5.00
2013-09-15T04:00:00,0.09,-0.58,0.12,0.44,-0.67,0.69,-0.53,-0.48,-0.14,0,0,-2.00
2013-09-15T05:00:00,0.08,-0.58,0.23,0.46,-0.58,0.78,-0.52,-0.5,-0.15,0,0,-1.00
2013-09-15T06:00:00,0.17,-0.52,0.32,0.54,-0.47,0.92,-0.48,-0.48,-0.14,0,0,-1.00
2013-09-15T07:00:00,0.06,-0.46,0.39,0.54,-0.36,1.08,-0.09,-0.49,-0.1,0,0,-1.00
2013-09-15T08:00:00,0.1,-0.13,0.48,0.58,0.19,1.4,-0.42,-0.45,-0.1,0,0,-1.00
2013-09-15T09:00:00,0.29,0.18,0.37,0.66,0.35,1.25,-0.39,-0.46,-0.09,0,0,0.00
2013-09-15T10:00:00,0.28,0.17,0.43,0.69,0.33,1.31,-0.43,-0.47,-0.12,0,0,2.00
2013-09-15T11:00:00,0.22,-0.4,0.3,0.71,-0.34,1.17,-0.44,-0.49,-0.12,0,0,1.00
2013-09-15T12:00:00,0.09,0.04,0.59,0.67,0.22,1.31,-0.36,-0.5,-0.14,0,0,0.00
2013-09-15T13:00:00,0.04,-0.41,0.54,0.7,-0.3,1.34,-0.34,-0.5,-0.15,0,0,-2.00
2013-09-15T14:00:00,0.21,-0.61,0.29,0.8,-0.62,1.19,-0.4,-0.5,-0.15,0,0,0.00
2013-09-15T15:00:00,0.48,-0.67,0.1,0.91,-0.75,0.97,-0.47,-0.51,-0.17,0,0,2.00
2013-09-15T16:00:00,0.22,-0.72,0.14,0.84,-0.47,0.93,-0.46,-0.5,-0.16,0,0,1.00
2013-09-15T17:00:00,0.2,-0.73,0.23,0.86,-0.36,0.81,-0.46,-0.49,-0.16,0,0,2.00
2013-09-15T18:00:00,0.28,-0.6,0.36,0.91,-0.09,0.92,-0.51,-0.45,-0.15,0,0,3.00
2013-09-15T19:00:00,0.33,-0.67,-0.04,0.92,-0.17,0.33,-0.59,-0.38,-0.15,0,0,2.00
2013-09-15T20:00:00,0.31,-0.74,0.01,0.9,-0.25,0.38,-0.62,-0.35,-0.15,0,0,1.00
2013-09-15T21:00:00,0.28,-0.73,0.01,0.95,-0.33,0.28,-0.6,-0.48,-0.17,0,0,-1.00
2013-09-15T22:00:00,0.34,-0.65,-0.18,0.97,-0.11,-0.13,-0.58,-0.46,-0.16,0,0,-3.00
2013-09-15T23:00:00,0.29,-0.46,-0.39,0.98,-0.04,-0.72,-0.54,-0.51,-0.17,0,0,-6.00
2013-09-16T00:00:00,0.28,-0.64,-0.24,1.04,-0.3,-0.29,-0.58,-0.53,-0.17,0,0,-7.00
2013-09-16T01:00:00,0.44,-0.38,-0.16,1.08,0.05,-0.11,-0.52,-0.51,-0.16,0,0,-6.00
2013-09-16T02:00:00,0.38,-0.58,-0.1,1.06,-0.22,0.08,-0.52,-0.5,-0.16,0,0,-8.00
2013-09-16T03:00:00,0.47,-0.56,-0.1,1.13,-0.35,0.02,-0.59,-0.53,-0.17,0,0,-9.00
2013-09-16T04:00:00,0.21,-0.24,-0.4,0.96,0.37,-0.6,-0.5,-0.5,-0.15,0,0,-7.00
2013-09-16T05:00:00,0.22,-0.64,0.1,1.0,-0.34,0.38,-0.51,-0.5,-0.16,0,0,-7.00
2013-09-16T06:00:00,-0.07,-0.53,0.01,0.93,-0.49,0.11,-0.47,-0.49,-0.13,0,0,-6.00
2013-09-16T07:00:00,0.46,0.16,0.37,1.06,0.65,0.99,-0.45,-0.48,-0.14,0,0,-6.00
2013-09-16T08:00:00,0.51,-0.01,0.52,1.12,0.49,1.39,-0.4,-0.48,-0.15,0,0,-7.00
2013-09-16T09:00:00,0.49,-0.58,0.05,1.1,-0.31,0.39,-0.45,-0.46,-0.15,0,0,-5.00
2013-09-16T10:00:00,0.42,-0.33,-0.27,1.07,0.15,-0.3,-0.43,-0.48,-0.15,0,0,-3.00
2013-09-16T11:00:00,0.23,-0.39,-0.04,0.97,0.03,0.14,-0.48,-0.48,-0.11,0,0,-1.00
2013-09-16T12:00:00,0.36,-0.66,-0.03,1.03,-0.3,0.14,-0.48,-0.5,-0.16,0,0,-1.00
2013-09-16T13:00:00,0.37,-0.43,-0.26,1.09,-0.29,-0.27,-0.48,-0.49,-0.15,0,0,-3.00
2013-09-16T14:00:00,0.3,-0.57,-0.18,1.11,-0.57,-0.25,-0.47,-0.51,-0.16,0,0,-5.00
2013-09-16T15:00:00,0.26,-0.57,-0.23,1.1,-0.52,-0.18,-0.5,-0.53,-0.17,0,0,-5.00
2013-09-16T16:00:00,0.21,-0.65,-0.13,1.08,-0.38,0.13,-0.55,-0.55,-0.17,0,0,-5.00
2013-09-16T17:00:00,0.21,-0.66,-0.11,1.08,-0.45,0.21,-0.54,-0.54,-0.17,0,0,-4.00
2013-09-16T18:00:00,0.12,-0.58,-0.18,1.07,-0.51,0.04,-0.5,-0.5,-0.15,0,0,-3.00
2013-09-16T19:00:00,0.15,-0.64,-0.15,1.09,-0.57,0.16,-0.47,-0.51,-0.16,0,0,-2.00
2013-09-16T20:00:00,0.23,-0.64,-0.15,1.06,-0.46,0.18,-0.44,-0.5,-0.16,0,0,-3.00
2013-09-16T21:00:00,0.21,-0.2,0.36,0.89,-0.1,0.87,-0.32,-0.46,-0.05,0,0,-5.00
2013-09-16T22:00:00,0.66,-0.45,0.3,1.01,-0.42,1.01,-0.13,-0.38,-0.12,0,0,-6.00
2013-09-16T23:00:00,0.64,-0.78,-0.1,0.95,-0.54,0.49,-0.08,-0.4,-0.15,0,0,-6.00
2013-09-17T00:00:00,0.58,-1.06,-0.18,0.93,-0.7,0.46,-0.16,-0.5,-0.18,0,0,-4.00
2013-09-17T01:00:00,0.51,-1.01,-0.52,0.94,-0.78,0.0,-0.24,-0.51,-0.18,0,0,2.00
2013-09-17T02:00:00,0.29,-0.52,-0.84,0.93,-0.54,-0.68,-0.21,-0.49,-0.17,0,0,5.00
2013-09-17T03:00:00,0.17,-0.94,-0.69,0.88,-0.77,-0.09,-0.25,-0.49,-0.18,0,0,2.00
2013-09-17T04:00:00,0.44,-1.09,0.06,0.98,-0.95,1.12,-0.06,-0.39,-0.15,0,0,1.00
2013-09-17T05:00:00,0.44,0.34,0.06,0.95,0.42,0.62,0.23,-0.24,0.14,0,0,-5.00
2013-09-17T06:00:00,0.74,-0.2,-0.31,1.06,0.09,-0.05,0.05,-0.27,-0.08,0,0,-12.00
2013-09-17T07:00:00,0.73,-0.8,-0.13,1.06,-0.84,0.39,0.01,-0.32,-0.13,0,0,-11.00
2013-09-17T08:00:00,0.8,-0.85,0.03,1.09,-0.87,0.7,0.15,-0.28,-0.12,0,0,-14.00
2013-09-17T09:00:00,0.45,-0.87,0.24,1.08,-0.82,0.68,0.06,-0.28,-0.11,0,0,-11.00
2013-09-17T10:00:00,0.38,-1.04,-0.08,1.08,-0.94,0.33,0.0,-0.32,-0.14,0,0,-12.00
2013-09-17T11:00:00,0.51,-0.99,-0.26,1.12,-0.8,0.03,0.06,-0.37,-0.15,0,0,-11.00
2013-09-17T12:00:00,0.11,-0.05,0.02,1.02,0.09,0.15,1.77,-0.39,10.03,0,0,-9.00
2013-09-17T13:00:00,0.17,-0.13,-0.32,1.02,0.14,0.25,1.85,-0.37,0.45,0,0,-10.00
2013-09-17T14:00:00,0.36,-0.31,-0.28,1.08,-0.21,-0.07,2.68,-0.35,0.42,0,0,-6.00
2013-09-17T15:00:00,0.52,-0.49,0.45,1.06,-0.53,1.27,2.87,-0.34,0.17,0,0,0.00
2013-09-17T16:00:00,0.52,0.19,0.67,1.06,0.21,1.16,1.19,-0.28,0.01,0,0,6.00
2013-09-17T17:00:00,0.21,0.35,0.34,1.01,-0.21,0.74,2.02,-0.4,0.37,0,0,6.00
2013-09-17T18:00:00,0.07,0.51,0.07,0.98,-0.13,0.72,2.49,-0.48,0.23,0,0,4.00
2013-09-17T19:00:00,-0.14,0.75,0.09,0.92,0.04,0.54,0.81,-0.34,-0.01,0,0,8.00
2013-09-17T20:00:00,-0.64,0.89,-0.35,0.88,0.22,0.31,-0.05,-0.27,-0.14,0,0,12.00
2013-09-17T21:00:00,-0.59,0.83,-0.31,0.91,0.3,0.85,-0.15,-0.29,-0.14,0,0,7.00
2013-09-17T22:00:00,-0.6,0.88,-0.03,0.95,0.56,0.8,-0.2,-0.31,-0.14,0,0,-5.00
2013-09-17T23:00:00,-0.4,0.88,0.38,1.05,-0.03,0.82,-0.26,-0.36,-0.15,0,0,-7.00
2013-09-18T00:00:00,-0.35,0.84,0.01,1.09,-0.52,1.03,-0.14,-0.41,-0.14,0,0,-9.00
2013-09-18T01:00:00,-0.01,0.83,0.22,1.07,-0.6,0.92,-0.11,-0.46,-0.15,0,0,-10.00
2013-09-18T02:00:00,-0.32,0.44,0.45,1.09,-0.3,0.85,-0.11,-0.36,-0.09,0,0,-6.00
2013-09-18T03:00:00,-0.06,0.43,0.37,1.11,-0.18,0.65,-0.12,-0.4,-0.06,0,0,-2.00
2013-09-18T04:00:00,-0.28,0.21,0.29,1.1,-0.1,0.73,-0.07,-0.29,0.14,0,0,-2.00
2013-09-18T05:00:00,-0.32,0.23,0.25,1.05,-0.27,0.58,-0.07,-0.3,0.13,0,0,-1.00
2013-09-18T06:00:00,-0.45,0.59,0.15,0.94,-0.78,0.54,0.09,-0.32,-0.07,1,0,-1.00
2013-09-18T07:00:00,-0.03,0.5,0.03,0.95,-0.53,0.05,0.38,-0.37,0.09,1,0,0.00
2013-09-18T08:00:00,-0.48,0.51,-0.09,0.82,-0.88,0.77,0.73,-0.35,0.0,1,0,2.00
2013-09-18T09:00:00,0.22,0.57,0.32,0.75,-0.98,0.6,1.06,-0.36,0.06,1,0,2.00
2013-09-18T10:00:00,-0.25,0.23,0.07,0.71,-0.94,0.78,1.33,-0.34,0.99,1,0,3.00
2013-09-18T11:00:00,0.42,-0.13,0.19,0.67,-0.51,0.91,1.15,-0.2,0.84,1,0,3.00
2013-09-18T12:00:00,1.15,-0.16,0.86,0.56,-0.19,0.51,0.59,-0.37,-0.15,1,0,6.00
2013-09-18T13:00:00,0.19,0.8,0.31,0.32,0.13,-0.04,0.35,-0.02,0.03,1,0,7.00
2013-09-18T14:00:00,-0.49,0.94,-0.25,0.12,0.63,-0.63,0.21,0.29,-0.01,1,0,14.00
2013-09-18T15:00:00,-0.24,0.76,-0.04,0.03,0.76,-0.78,-0.03,0.46,0.13,1,0,11.00
2013-09-18T16:00:00,-0.62,0.63,-0.28,-0.27,0.73,-1.68,0.13,0.68,0.13,1,0,8.00
2013-09-18T17:00:00,-0.39,0.22,0.34,-0.45,0.99,-1.83,-0.24,0.28,0.28,1,0,3.00
2013-09-18T18:00:00,-0.35,0.6,0.08,-0.49,0.2,-1.65,-0.44,0.33,0.04,1,0,4.00
2013-09-18T19:00:00,0.16,-0.49,0.16,-0.49,-0.22,-2.55,-0.52,0.42,0.22,1,0,8.00
2013-09-18T20:00:00,-0.02,0.02,-0.04,-0.61,0.58,-2.92,-0.32,0.51,7.91,1,0,1.00
2013-09-18T21:00:00,-0.76,0.44,-0.54,-0.47,0.27,-2.14,-0.45,0.13,-0.12,1,0,-5.00
2013-09-18T22:00:00,-0.57,0.17,-0.03,-0.58,1.34,-1.62,-0.32,0.59,0.28,1,0,-7.00
2013-09-18T23:00:00,-0.52,0.36,-0.06,-0.68,0.9,-1.95,-0.36,0.43,0.14,1,0,-10.00
2013-09-19T00:00:00,-0.65,0.32,-0.21,-0.51,0.73,-1.44,-0.44,0.28,-0.02,1,0,-13.00
2013-09-19T01:00:00,-0.5,0.36,-0.39,-0.53,0.69,-1.19,-0.47,0.35,-0.03,1,0,-9.00
2013-09-19T02:00:00,-0.35,0.3,-0.29,-0.59,0.77,-0.41,-0.47,0.41,0.11,1,0,-8.00
2013-09-19T03:00:00,-0.36,0.51,-0.08,-0.52,0.41,-0.64,-0.44,0.45,0.1,1,0,-9.00
2013-09-19T04:00:00,-0.64,0.39,0.03,-0.41,0.6,-0.76,-0.45,0.42,0.03,1,0,-9.00
2013-09-19T05:00:00,-0.78,0.09,-0.32,-0.29,0.81,-0.11,-0.41,0.28,-0.05,1,0,-14.00
2013-09-19T06:00:00,-0.8,0.16,-0.48,-0.19,0.95,0.28,-0.43,0.22,-0.09,1,0,-19.00
2013-09-19T07:00:00,-0.53,-0.05,-0.08,-0.27,0.74,-0.29,-0.21,0.3,0.32,1,0,-17.00
2013-09-19T08:00:00,-0.25,0.11,-0.23,-0.4,0.58,-0.32,-0.1,0.52,0.86,1,0,-16.00
2013-09-19T09:00:00,-0.2,0.01,0.07,-0.35,0.88,-0.84,-0.21,0.35,3.77,1,0,-18.00
2013-09-19T10:00:00,-0.36,0.03,0.13,-0.49,0.41,-0.64,-0.44,0.13,0.5,1,0,-12.00
2013-09-19T11:00:00,0.05,0.16,0.31,-0.74,0.12,-0.56,-0.59,-0.01,0.3,0,0,-12.00
2013-09-19T12:00:00,0.06,0.36,0.17,-0.74,-0.18,-0.34,-0.62,-0.11,0.07,0,0,-14.00
2013-09-19T13:00:00,-0.14,0.49,-0.08,-0.61,-0.32,0.25,-0.65,-0.19,-0.08,0,0,-18.00
2013-09-19T14:00:00,-0.27,0.36,-0.15,-0.5,-0.02,0.22,-0.66,-0.22,-0.08,0,0,-13.00
2013-09-19T15:00:00,-0.2,0.19,-0.26,-0.57,0.18,0.49,-0.68,-0.25,-0.07,0,0,-11.00
2013-09-19T16:00:00,-0.3,0.29,-0.08,-0.52,0.1,0.33,-0.7,-0.23,-0.07,0,0,-10.00
2013-09-19T17:00:00,-0.31,0.26,0.04,-0.47,0.23,0.08,-0.68,-0.2,-0.02,0,0,-8.00
2013-09-19T18:00:00,-0.35,0.39,0.1,-0.48,0.03,-0.03,-0.67,-0.22,-0.09,0,0,-11.00
2013-09-19T19:00:00,-0.42,0.19,-0.1,-0.42,0.45,0.69,-0.66,-0.27,-0.09,0,0,-12.00
2013-09-19T20:00:00,-0.46,-0.02,-0.09,-0.36,0.78,0.62,-0.68,-0.31,-0.1,0,0,-14.00
2013-09-19T21:00:00,-0.37,-0.07,0.26,-0.41,0.98,-0.36,-0.66,-0.27,-0.05,0,0,-17.00
2013-09-19T22:00:00,-0.21,0.18,0.28,-0.54,0.49,-0.05,-0.27,-0.27,0.2,0,0,-19.00
2013-09-19T23:00:00,-0.31,0.18,-0.18,-0.44,0.38,0.72,-0.62,-0.19,-0.03,0,0,-19.00
2013-09-20T00:00:00,-0.38,0.23,-0.14,-0.39,0.21,0.54,-0.58,-0.22,-0.05,0,0,-16.00
2013-09-20T01:00:00,-0.13,0.35,-0.19,-0.45,-0.06,0.4,-0.66,-0.2,-0.06,0,0,-9.00
2013-09-20T02:00:00,-0.01,0.42,-0.05,-0.44,-0.21,-0.02,-0.64,-0.19,-0.03,0,0,-3.00
2013-09-20T03:00:00,-0.32,0.27,-0.13,-0.29,0.19,0.1,-0.58,-0.21,-0.03,0,0,-2.00
2013-09-20T04:00:00,-0.27,0.12,-0.16,-0.33,0.28,0.18,-0.58,-0.27,0.0,0,0,-5.00
2013-09-20T05:00:00,-0.32,0.14,-0.13,-0.28,0.24,0.24,-0.64,-0.24,-0.02,0,0,-7.00
2013-09-20T06:00:00,-0.22,0.23,0.07,-0.3,0.13,-0.27,-0.68,-0.23,0.07,0,0,-10.00
2013-09-20T07:00:00,-0.27,0.21,-0.08,-0.21,0.05,0.09,-0.66,-0.19,0.02,0,0,-12.00
2013-09-20T08:00:00,-0.31,0.21,-0.15,-0.09,0.15,0.11,-0.66,-0.25,-0.06,0,0,-16.00
2013-09-20T09:00:00,-0.16,0.22,-0.12,-0.06,0.02,-0.1,-0.7,-0.29,-0.03,0,0,-15.00
2013-09-20T10:00:00,-0.02,0.12,-0.07,0.07,-0.48,-0.38,-0.69,-0.29,0.32,0,0,-12.00
2013-09-20T11:00:00,0.02,0.19,-0.15,0.21,-0.68,-0.12,-0.62,-0.31,0.06,0,0,-14.00
2013-09-20T12:00:00,-0.1,0.33,-0.11,0.28,-0.65,-0.18,-0.56,-0.29,-0.0,0,0,-13.00
2013-09-20T13:00:00,-0.29,-0.16,0.41,0.38,-0.32,-0.73,-0.64,-0.29,-0.09,0,0,-13.00
2013-09-20T14:00:00,0.34,0.31,0.35,0.26,-0.69,-0.52,-0.54,-0.37,-0.11,0,0,-12.00
2013-09-20T15:00:00,-0.11,-0.02,0.29,0.34,-0.26,-0.32,-0.54,-0.26,0.27,0,0,-10.00
2013-09-20T16:00:00,-0.51,-0.4,0.19,0.45,-0.11,-0.24,-0.53,-0.22,-0.09,0,0,-6.00
2013-09-20T17:00:00,0.32,-0.06,0.19,0.29,-0.22,-0.61,-0.45,-0.26,0.19,0,0,-5.00
2013-09-20T18:00:00,-0.3,0.12,-0.21,0.46,-0.41,-0.08,-0.48,-0.11,0.07,0,0,-5.00
2013-09-20T19:00:00,-0.29,-0.14,-0.06,0.5,-0.12,0.16,-0.56,-0.17,0.17,0,0,-2.00
2013-09-20T20:00:00,0.14,0.15,-0.11,0.39,-0.52,0.02,-0.56,-0.27,0.2,0,0,-4.00
2013-09-20T21:00:00,0.32,0.34,-0.02,0.39,-0.52,-0.05,-0.56,-0.31,-0.06,0,0,-5.00
2013-09-20T22:00:00,-0.19,0.15,-0.25,0.53,-0.37,0.21,-0.61,-0.31,-0.06,0,0,-10.00
2013-09-20T23:00:00,-0.28,0.35,-0.22,0.56,-0.64,0.34,-0.64,-0.38,-0.13,0,0,-10.00
2013-09-21T00:00:00,-0.34,0.36,-0.11,0.64,-0.86,0.01,-0.62,-0.36,-0.12,0,0,-10.00
2013-09-21T01:00:00,-0.25,0.31,-0.28,0.62,-0.84,0.19,0.46,-0.38,0.04,0,0,-10.00
2013-09-21T02:00:00,-0.33,0.13,-0.02,0.63,-0.4,-0.23,-0.53,-0.25,0.08,0,0,-14.00
2013-09-21T03:00:00,-0.34,-0.02,0.21,0.65,-0.16,-0.67,-0.47,-0.25,0.11,0,0,-15.00
2013-09-21T04:00:00,-0.21,-0.11,0.27,0.59,0.01,-0.92,-0.45,-0.26,0.21,0,0,-11.00
2013-09-21T05:00:00,-0.31,-0.05,0.31,0.57,0.04,-1.13,-0.36,-0.28,0.09,0,0,-7.00
2013-09-21T06:00:00,0.02,0.7,-0.0,0.48,-0.6,-0.7,-0.34,-0.31,-0.11,0,0,-4.00
2013-09-21T07:00:00,0.01,0.51,-0.38,0.42,-0.58,0.16,-0.24,-0.25,-0.08,0,0,-4.00
2013-09-21T08:00:00,-0.3,0.19,-0.21,0.56,0.75,-0.06,-0.14,-0.16,0.17,0,0,-5.00
2013-09-21T09:00:00,-0.08,0.52,-0.14,0.55,-0.69,-0.56,0.57,-0.25,0.16,0,0,-7.00
2013-09-21T10:00:00,-0.3,-0.25,0.09,0.56,0.55,-0.35,-0.16,-0.22,0.33,0,0,-6.00
2013-09-21T11:00:00,-0.66,0.12,-0.18,0.59,0.19,-0.06,-0.03,-0.25,-0.04,0,0,-4.00
2013-09-21T12:00:00,-0.49,-0.29,-0.2,0.63,0.55,-0.1,-0.1,-0.22,0.0,0,0,1.00
2013-09-21T13:00:00,-0.11,-0.16,-0.42,0.52,0.25,0.31,-0.21,-0.28,-0.03,0,0,2.00
2013-09-21T14:00:00,-0.25,0.26,-0.09,0.54,-0.34,0.04,-0.18,-0.28,0.16,0,0,-2.00
2013-09-21T15:00:00,-0.29,0.28,0.45,0.57,-0.29,-0.77,-0.28,-0.3,-0.05,0,0,-2.00
2013-09-21T16:00:00,0.21,0.7,-0.12,0.42,-0.74,-0.07,-0.34,-0.41,-0.14,0,0,-3.00
2013-09-21T17:00:00,0.14,0.62,0.21,0.51,-0.38,-0.56,-0.26,-0.41,-0.11,0,0,-4.00
2013-09-21T18:00:00,-0.43,0.39,0.34,0.68,-0.1,-0.46,-0.28,-0.31,-0.08,0,0,1.00
2013-09-21T19:00:00,-0.75,-0.19,0.28,0.67,0.4,-0.11,-0.29,-0.26,-0.1,0,0,1.00
2013-09-21T20:00:00,-0.42,-0.45,-0.04,0.64,0.39,-0.02,-0.32,-0.27,-0.05,0,0,0.00
2013-09-21T21:00:00,-0.29,-0.53,-0.11,0.62,0.16,-0.0,-0.42,-0.29,-0.08,0,0,-3.00
2013-09-21T22:00:00,-0.47,-0.39,-0.0,0.61,0.22,0.03,-0.38,-0.26,-0.05,0,0,-5.00
2013-09-21T23:00:00,-0.39,0.11,-0.12,0.7,0.0,-0.01,-0.34,-0.2,0.08,0,0,-9.00
2013-09-22T00:00:00,-0.44,0.14,0.03,0.66,-0.14,-0.09,-0.32,-0.31,0.02,0,0,-8.00
2013-09-22T01:00:00,-0.55,0.05,-0.24,0.69,-0.18,-0.04,-0.27,-0.35,-0.09,0,0,-10.00
2013-09-22T02:00:00,-0.3,-0.1,-0.41,0.62,-0.0,0.28,-0.28,-0.36,-0.09,0,0,-7.00
2013-09-22T03:00:00,-0.23,0.1,-0.34,0.61,-0.15,0.13,-0.24,-0.34,-0.03,0,0,-9.00
2013-09-22T04:00:00,-0.26,-0.11,-0.34,0.65,0.01,0.18,-0.22,-0.35,-0.03,0,0,-7.00
2013-09-22T05:00:00,-0.25,-0.08,-0.32,0.69,-0.19,0.1,-0.23,-0.35,-0.02,0,0,-10.00
2013-09-22T06:00:00,-0.28,-0.25,-0.18,0.74,-0.01,-0.01,-0.32,-0.39,-0.03,0,0,-8.00
2013-09-22T07:00:00,-0.56,0.1,0.26,0.82,-0.35,-0.61,-0.26,-0.35,-0.07,0,0,-5.00
2013-09-22T08:00:00,-0.65,0.1,0.07,0.91,-0.27,-0.3,-0.24,-0.34,-0.08,0,0,-8.00
2013-09-22T09:00:00,-0.61,0.09,-0.01,0.92,-0.24,-0.09,-0.24,-0.3,-0.05,0,0,-9.00
2013-09-22T10:00:00,-0.57,-0.05,-0.04,0.92,-0.01,0.09,-0.26,-0.31,-0.04,0,0,-8.00
2013-09-22T11:00:00,-0.43,-0.19,0.19,0.87,0.11,-0.46,-0.3,-0.34,0.0,0,0,-7.00
2013-09-22T12:00:00,-0.12,-0.03,-0.06,0.74,-0.12,-0.03,-0.28,-0.28,1.22,0,0,-5.00
2013-09-22T13:00:00,0.02,0.26,-0.06,0.7,-0.45,0.21,-0.31,-0.32,0.27,0,0,-5.00
2013-09-22T14:00:00,-0.21,-0.09,-0.21,0.79,0.06,0.32,-0.34,-0.34,0.08,0,0,-6.00
2013-09-22T15:00:00,-0.36,0.01,0.01,0.84,-0.12,-0.09,-0.28,-0.28,0.2,0,0,-8.00
2013-09-22T16:00:00,-0.1,0.22,-0.2,0.76,-0.33,0.34,-0.3,-0.31,0.09,0,0,-8.00
2013-09-22T17:00:00,-0.08,0.2,-0.16,0.77,-0.33,0.23,-0.3,-0.35,0.13,0,0,-8.00
2013-09-22T18:00:00,-0.21,0.0,0.3,0.81,0.08,-0.62,-0.31,-0.33,0.2,0,0,-3.00
2013-09-22T19:00:00,-0.27,0.03,0.22,0.83,0.15,-0.39,-0.3,-0.31,0.25,0,0,2.00
2013-09-22T20:00:00,-0.49,0.02,0.32,0.92,0.32,-0.34,-0.31,-0.34,-0.05,0,0,2.00
2013-09-22T21:00:00,-0.32,0.02,0.51,0.86,0.27,-0.74,-0.34,-0.33,-0.07,0,0,0.00
2013-09-22T22:00:00,-0.34,0.34,0.13,0.88,-0.19,-0.01,-0.31,-0.34,-0.01,0,0,-3.00
2013-09-22T23:00:00,-0.29,0.29,0.12,0.88,-0.06,-0.09,-0.37,-0.33,0.04,0,0,-5.00
2013-09-23T00:00:00,-0.34,0.27,-0.01,0.91,-0.02,0.09,-0.36,-0.27,0.04,0,0,-7.00
2013-09-23T01:00:00,-0.41,0.24,-0.21,0.96,-0.08,0.41,-0.42,-0.35,-0.08,0,0,-7.00
2013-09-23T02:00:00,-0.38,0.17,-0.22,0.96,0.1,0.37,-0.43,-0.35,-0.07,0,0,-9.00
2013-09-23T03:00:00,-0.35,0.42,-0.04,0.95,-0.39,0.01,-0.4,-0.34,-0.07,0,0,-8.00
2013-09-23T04:00:00,-0.64,0.03,0.13,1.21,-0.57,-2.2,1.59,-0.4,0.13,0,0,-7.00
2013-09-23T05:00:00,-0.68,0.23,0.17,1.07,-0.08,-0.38,-0.34,-0.39,-0.12,0,0,-4.00
2013-09-23T06:00:00,-0.36,0.68,0.24,0.89,-0.68,-0.54,-0.32,-0.39,-0.14,0,0,-6.00
2013-09-23T07:00:00,-0.5,0.61,0.12,0.93,-0.62,-0.12,-0.24,-0.38,-0.13,0,0,-4.00
2013-09-23T08:00:00,-0.4,0.5,0.57,0.94,-0.55,-0.97,-0.26,-0.39,-0.14,0,0,-3.00
2013-09-23T09:00:00,-0.49,0.51,0.38,1.0,-0.67,-0.62,-0.29,-0.39,-0.13,0,0,-3.00
2013-09-23T10:00:00,-0.61,0.44,0.39,1.07,-0.63,-0.45,-0.29,-0.4,-0.14,0,0,-4.00
2013-09-23T11:00:00,-0.46,0.29,0.33,1.13,-0.71,-0.31,-0.17,-0.42,-0.1,0,0,-2.00
2013-09-23T12:00:00,-0.4,0.34,0.55,1.16,-0.79,-0.64,-0.12,-0.45,-0.13,0,0,-1.00
2013-09-23T13:00:00,-0.57,0.44,0.26,1.22,-0.89,-0.21,-0.14,-0.45,-0.13,0,0,-1.00
2013-09-23T14:00:00,-0.6,0.46,-0.11,1.24,-0.85,0.4,-0.22,-0.44,-0.14,0,0,-2.00
2013-09-23T15:00:00,-0.45,0.42,-0.28,1.23,-0.86,0.59,-0.23,-0.46,-0.14,0,0,-3.00
2013-09-23T16:00:00,-0.3,0.45,-0.38,1.21,-0.87,0.64,-0.24,-0.48,-0.15,0,0,-2.00
2013-09-23T17:00:00,-0.14,0.35,-0.47,1.17,-0.8,0.57,-0.24,-0.5,-0.15,0,0,2.00
2013-09-23T18:00:00,-0.17,0.47,-0.4,1.18,-0.91,0.6,-0.22,-0.5,-0.15,0,0,6.00
2013-09-23T19:00:00,-0.22,0.45,-0.35,1.23,-0.83,0.46,-0.19,-0.48,-0.14,0,0,6.00
2013-09-23T20:00:00,-0.08,0.45,-0.41,1.15,-0.8,0.37,-0.12,-0.48,-0.14,0,0,5.00
2013-09-23T21:00:00,-0.19,0.44,-0.42,1.2,-0.93,0.42,-0.11,-0.48,-0.14,0,0,2.00
2013-09-23T22:00:00,-0.23,0.42,-0.34,1.27,-0.82,0.37,-0.09,-0.46,-0.12,0,0,0.00
2013-09-23T23:00:00,-0.21,0.52,-0.13,1.3,-0.91,-0.08,-0.11,-0.46,-0.11,0,0,-4.00
2013-09-24T00:00:00,-0.1,0.59,-0.09,1.27,-1.03,-0.19,-0.08,-0.48,-0.12,0,0,-9.00
2013-09-24T01:00:00,-0.04,0.12,-0.06,1.25,-0.65,-0.29,0.41,-0.49,0.81,0,0,-10.00
2013-09-24T02:00:00,0.16,-0.31,0.2,1.25,-0.42,-0.13,0.8,-0.48,0.28,0,0,-11.00
2013-09-24T03:00:00,0.15,-0.26,0.31,1.25,-0.51,-0.24,0.78,-0.48,0.18,0,0,-12.00
2013-09-24T04:00:00,0.02,-0.03,0.23,1.28,-0.49,-0.03,0.74,-0.48,1.5,0,0,-7.00
2013-09-24T05:00:00,0.42,-0.26,0.51,1.23,-0.35,0.06,0.33,-0.48,-0.1,0,0,-3.00
2013-09-24T06:00:00,0.45,-0.27,0.72,1.12,-0.36,0.4,0.62,-0.43,-0.11,1,0,0.00
2013-09-24T07:00:00,0.47,-0.48,0.77,0.95,-0.51,0.1,1.26,-0.38,-0.08,1,0,0.00
2013-09-24T08:00:00,0.23,-0.8,-0.04,0.8,-0.65,-1.18,2.93,-0.38,0.13,1,0,2.00
2013-09-24T09:00:00,0.05,-0.22,-0.83,0.73,-0.45,-0.5,2.66,-0.43,-0.05,1,0,6.00
2013-09-24T10:00:00,-0.42,-1.47,-0.34,0.65,-0.81,-0.36,2.58,-0.36,-0.11,1,0,13.00
2013-09-24T11:00:00,-0.17,-0.75,0.06,0.62,-0.6,-0.29,2.66,-0.22,0.38,1,0,7.00
2013-09-24T12:00:00,0.49,-0.84,-0.72,0.65,-0.21,-0.77,1.67,0.1,0.04,1,0,-13.00
2013-09-24T13:00:00,-0.16,-1.51,0.19,0.64,0.01,-1.3,0.83,0.17,-0.06,1,0,-25.00
2013-09-24T14:00:00,-0.06,-1.32,0.01,0.62,0.59,-1.12,0.95,0.36,0.05,1,0,-13.00
2013-09-24T15:00:00,0.71,0.27,0.44,0.57,0.91,-1.06,1.45,0.29,0.45,1,0,-23.00
2013-09-24T16:00:00,0.89,0.22,0.18,0.65,0.58,-0.73,0.98,0.32,0.29,1,0,-21.00
2013-09-24T17:00:00,-0.11,-0.57,0.24,0.55,0.61,-0.39,0.46,0.17,0.51,1,0,-20.00
2013-09-24T18:00:00,0.19,-0.31,0.52,0.56,0.82,0.32,0.23,0.13,0.31,1,0,-14.00
2013-09-24T19:00:00,0.56,-0.47,0.06,0.46,0.49,-0.21,-0.06,-0.08,0.03,1,0,-11.00
2013-09-24T20:00:00,0.55,-0.35,0.33,0.46,0.5,0.47,-0.32,-0.2,-0.06,0,0,-11.00
2013-09-24T21:00:00,0.49,-0.45,0.04,0.42,0.21,0.24,-0.31,-0.14,-0.01,0,0,-16.00
2013-09-24T22:00:00,0.53,-0.27,0.34,0.46,0.39,0.98,-0.35,-0.22,-0.05,0,0,-21.00
2013-09-24T23:00:00,0.11,-0.47,0.23,0.34,0.12,0.94,-0.42,-0.29,-0.02,0,0,-24.00
2013-09-25T00:00:00,0.16,-0.52,-0.09,0.38,-0.03,0.52,-0.39,-0.29,-0.04,0,0,-24.00
2013-09-25T01:00:00,0.19,-0.49,0.07,0.39,-0.08,0.76,-0.35,-0.25,0.02,0,0,-21.00
2013-09-25T02:00:00,0.19,-0.31,0.39,0.41,0.27,1.22,-0.34,-0.21,0.04,0,0,-16.00
2013-09-25T03:00:00,0.41,-0.09,0.29,0.51,0.47,1.0,-0.36,-0.24,0.06,0,0,-14.00
2013-09-25T04:00:00,0.26,-0.47,-0.04,0.42,0.14,0.51,-0.44,-0.31,-0.06,0,0,-11.00
2013-09-25T05:00:00,0.18,-0.3,-0.31,0.39,0.53,-0.28,-0.44,-0.32,-0.07,0,0,-11.00
2013-09-25T06:00:00,-0.03,-0.48,-0.04,0.35,0.2,0.03,-0.42,-0.33,-0.03,0,0,-12.00
2013-09-25T07:00:00,0.17,-0.32,0.1,0.42,0.45,0.13,-0.44,-0.29,0.17,0,0,-11.00
2013-09-25T08:00:00,0.08,-0.42,0.17,0.47,0.29,0.08,-0.43,-0.29,0.04,0,0,-14.00
2013-09-25T09:00:00,0.0,-0.41,0.38,0.48,0.33,0.4,-0.46,-0.35,-0.08,0,0,-13.00
2013-09-25T10:00:00,-0.12,-0.25,0.55,0.48,0.63,0.83,-0.48,-0.44,-0.14,0,0,-12.00
2013-09-25T11:00:00,-0.05,-0.29,0.55,0.52,0.78,0.85,-0.48,-0.43,-0.13,0,0,-12.00
2013-09-25T12:00:00,0.27,-0.48,0.11,0.69,0.57,-0.04,-0.36,-0.35,-0.05,0,0,-10.00
2013-09-25T13:00:00,0.18,-0.34,0.09,0.66,0.61,-0.01,-0.3,-0.35,0.14,0,0,-10.00
2013-09-25T14:00:00,-0.19,-0.33,0.46,0.56,0.42,0.35,-0.4,-0.44,-0.12,0,0,-9.00
2013-09-25T15:00:00,0.03,-0.2,0.38,0.68,0.59,0.21,-0.32,-0.42,0.0,0,0,-8.00
2013-09-25T16:00:00,-0.13,-0.18,0.49,0.66,0.57,0.42,-0.29,-0.41,-0.07,0,0,-6.00
2013-09-25T17:00:00,-0.35,0.0,0.48,0.67,0.5,0.52,-0.39,-0.48,-0.13,0,0,-3.00
2013-09-25T18:00:00,-0.16,-0.11,0.35,0.74,0.46,0.46,-0.45,-0.46,-0.04,0,0,0.00
2013-09-25T19:00:00,0.06,-0.2,0.31,0.9,0.22,0.31,-0.35,-0.46,0.02,0,0,0.00
2013-09-25T20:00:00,-0.32,-0.03,0.43,0.9,0.1,0.13,-0.32,-0.52,-0.13,0,0,-3.00
2013-09-25T21:00:00,-0.45,0.1,0.38,0.82,0.07,-0.04,-0.49,-0.55,-0.16,0,0,-7.00
2013-09-25T22:00:00,-0.49,0.09,0.36,0.86,-0.02,-0.05,-0.49,-0.56,-0.17,0,0,-7.00
2013-09-25T23:00:00,-0.54,0.12,0.3,0.85,-0.02,0.03,-0.45,-0.55,-0.16,0,0,-9.00
2013-09-26T00:00:00,-0.52,0.05,0.24,0.91,-0.19,-0.15,-0.3,-0.5,-0.13,0,0,-13.00
2013-09-26T01:00:00,-0.51,-0.03,0.27,0.89,0.11,-0.29,2.03,-0.51,0.06,0,0,-14.00
2013-09-26T02:00:00,-0.53,-0.01,0.32,0.96,-0.3,-0.04,-0.32,-0.52,-0.14,0,0,-11.00
2013-09-26T03:00:00,-0.53,0.01,0.3,0.99,-0.35,0.02,-0.27,-0.51,-0.13,0,0,-7.00
2013-09-26T04:00:00,-0.53,0.02,0.32,1.03,-0.4,-0.06,-0.29,-0.51,-0.14,0,0,-6.00
2013-09-26T05:00:00,-0.51,-0.1,0.29,1.08,-0.46,-0.08,-0.31,-0.51,-0.14,0,0,-5.00
2013-09-26T06:00:00,-0.28,-0.12,0.46,1.16,-0.5,0.2,-0.3,-0.51,-0.13,0,0,-5.00
2013-09-26T07:00:00,-0.29,-0.15,0.43,1.18,-0.55,0.3,-0.24,-0.5,-0.11,0,0,-4.00
2013-09-26T08:00:00,-0.25,-0.25,0.27,1.2,-0.57,0.36,-0.17,-0.49,-0.03,0,0,-4.00
2013-09-26T09:00:00,-0.22,-0.2,0.41,1.25,-0.59,0.19,-0.3,-0.51,-0.12,0,0,-4.00
2013-09-26T10:00:00,-0.19,-0.11,0.33,1.26,-0.51,0.23,-0.25,-0.5,-0.04,0,0,-4.00
2013-09-26T11:00:00,-0.09,-0.25,0.15,1.28,-0.56,0.14,-0.21,-0.5,0.15,0,0,-4.00
2013-09-26T12:00:00,-0.19,-0.07,0.43,1.31,-0.3,0.09,-0.34,-0.53,-0.12,0,0,-2.00
2013-09-26T13:00:00,-0.25,0.04,0.44,1.34,-0.21,0.2,-0.38,-0.53,-0.14,0,0,-1.00
2013-09-26T14:00:00,-0.26,-0.17,0.38,1.36,-0.37,0.26,-0.38,-0.52,-0.12,0,0,0.00
2013-09-26T15:00:00,-0.05,-0.19,0.4,1.41,-0.33,0.29,-0.39,-0.51,-0.1,0,0,0.00
2013-09-26T16:00:00,0.13,-0.24,0.29,1.5,-0.22,-0.02,-0.37,-0.49,-0.03,0,0,-2.00
2013-09-26T17:00:00,0.31,0.02,0.18,1.54,-0.12,-0.13,-0.32,-0.46,0.05,0,0,-4.00
2013-09-26T18:00:00,0.45,-0.04,0.14,1.56,-0.32,-0.11,-0.21,-0.45,-0.02,0,0,-5.00
2013-09-26T19:00:00,0.4,-0.2,0.16,1.57,-0.44,-0.06,-0.16,-0.44,-0.01,0,0,-4.00
2013-09-26T20:00:00,0.43,-0.01,0.05,1.58,-0.09,-0.07,-0.15,-0.45,0.01,0,0,-4.00
2013-09-26T21:00:00,-0.12,-0.2,0.29,1.42,-0.33,0.25,-0.27,-0.49,0.01,0,0,-5.00
2013-09-26T22:00:00,-0.17,-0.35,0.29,1.42,-0.43,0.15,-0.25,-0.52,-0.1,0,0,-5.00
2013-09-26T23:00:00,-0.29,-0.14,0.37,1.39,-0.19,0.24,-0.19,-0.51,-0.09,0,0,-2.00
2013-09-27T00:00:00,-0.13,-0.25,0.44,1.45,-0.19,0.19,-0.2,-0.52,-0.11,0,0,1.00
2013-09-27T01:00:00,-0.01,-0.03,0.42,1.47,-0.06,0.21,-0.22,-0.52,-0.07,0,0,3.00
2013-09-27T02:00:00,-0.01,-0.13,0.49,1.42,0.22,0.45,0.73,-0.5,0.02,0,0,3.00
2013-09-27T03:00:00,0.05,-0.2,0.37,1.49,-0.12,0.15,-0.16,-0.47,0.0,0,0,3.00
2013-09-27T04:00:00,0.12,-0.01,0.17,1.52,0.01,0.05,0.49,-0.42,2.34,0,0,3.00
2013-09-27T05:00:00,0.45,0.08,0.13,1.61,0.03,-0.06,-0.05,-0.47,-0.02,0,0,4.00
2013-09-27T06:00:00,0.29,-0.13,0.35,1.6,-0.06,0.28,-0.05,-0.47,-0.02,0,0,5.00
2013-09-27T07:00:00,0.14,0.02,0.37,1.57,0.0,0.34,-0.05,-0.48,0.04,0,0,4.00
2013-09-27T08:00:00,-0.21,0.0,0.43,1.5,-0.07,0.41,-0.02,-0.5,-0.06,0,0,3.00
2013-09-27T09:00:00,-0.13,-0.03,0.45,1.54,-0.06,0.4,-0.04,-0.5,-0.06,0,0,2.00
2013-09-27T10:00:00,-0.22,0.04,0.45,1.53,-0.04,0.35,-0.04,-0.52,-0.1,0,0,1.00
2013-09-27T11:00:00,0.17,-0.05,0.24,1.63,-0.11,0.08,-0.01,-0.44,0.43,0,0,1.00
2013-09-27T12:00:00,0.11,-0.01,0.1,1.61,-0.18,-0.06,-0.0,-0.45,3.08,0,0,1.00
2013-09-27T13:00:00,0.29,0.13,-0.0,1.59,-0.18,-0.08,-0.08,-0.44,0.17,0,0,2.00
2013-09-27T14:00:00,0.38,0.14,-0.18,1.59,-0.09,-0.01,-0.15,-0.47,-0.06,0,0,0.00
2013-09-27T15:00:00,0.34,0.15,-0.18,1.62,-0.0,-0.06,-0.12,-0.47,-0.05,0,0,0.00
2013-09-27T16:00:00,0.49,0.19,-0.08,1.61,0.0,0.08,-0.17,-0.49,-0.1,0,0,0.00
2013-09-27T17:00:00,0.5,0.21,-0.04,1.62,0.03,0.18,-0.17,-0.48,-0.09,0,0,-2.00
2013-09-27T18:00:00,0.35,0.1,-0.04,1.58,0.0,0.27,-0.08,-0.43,0.09,0,0,-1.00
2013-09-27T19:00:00,0.34,-0.06,-0.16,1.61,-0.18,0.2,-0.05,-0.42,0.06,0,0,0.00
2013-09-27T20:00:00,0.32,-0.2,-0.06,1.56,0.05,0.14,1.54,-0.42,0.56,0,0,1.00
2013-09-27T21:00:00,0.18,-0.11,0.08,1.57,-0.05,0.35,-0.06,-0.43,0.87,0,0,-1.00
2013-09-27T22:00:00,-0.17,-0.2,0.09,1.53,-0.03,0.38,-0.07,-0.47,0.35,0,0,0.00
2013-09-27T23:00:00,-0.01,-0.38,-0.1,1.61,-0.23,0.09,-0.06,-0.5,-0.03,0,0,1.00
2013-09-28T00:00:00,0.02,-0.5,-0.04,1.68,-0.35,0.08,-0.12,-0.52,-0.11,0,0,2.00
2013-09-28T01:00:00,0.26,-0.43,0.17,1.74,-0.42,0.13,-0.11,-0.5,-0.08,0,0,3.00
2013-09-28T02:00:00,0.05,-0.25,0.34,1.69,-0.24,0.34,-0.12,-0.52,-0.05,0,0,4.00
2013-09-28T03:00:00,0.08,-0.24,0.35,1.7,-0.27,0.35,-0.14,-0.51,-0.04,0,0,2.00
2013-09-28T04:00:00,0.01,-0.3,0.21,1.75,-0.25,0.25,-0.12,-0.5,0.05,0,0,0.00
2013-09-28T05:00:00,0.04,-0.18,0.32,1.79,-0.21,0.23,-0.17,-0.51,0.0,0,0,0.00
2013-09-28T06:00:00,0.14,-0.23,0.31,1.8,-0.33,0.31,-0.2,-0.53,-0.06,0,0,-1.00
2013-09-28T07:00:00,0.22,-0.34,0.15,1.83,-0.4,0.21,-0.18,-0.52,-0.06,0,0,-1.00
2013-09-28T08:00:00,0.08,-0.17,0.24,1.82,-0.24,0.3,-0.08,-0.57,0.01,0,0,-1.00
2013-09-28T09:00:00,0.08,-0.11,0.29,1.85,-0.23,0.33,-0.0,-0.58,-0.03,0,0,-2.00
2013-09-28T10:00:00,0.12,-0.1,0.27,1.85,-0.21,0.35,0.03,-0.58,-0.03,0,0,-3.00
2013-09-28T11:00:00,0.15,-0.06,0.2,1.85,-0.16,0.25,0.09,-0.58,0.08,0,0,-3.00
2013-09-28T12:00:00,0.03,-0.02,0.12,1.86,-0.22,0.21,0.11,-0.59,3.62,0,0,-2.00
2013-09-28T13:00:00,-0.2,0.02,0.07,1.89,-0.24,0.25,0.05,-0.59,0.06,0,0,-2.00
2013-09-28T14:00:00,-0.22,0.07,0.01,1.91,-0.24,0.34,-0.06,-0.59,-0.05,0,0,-2.00
2013-09-28T15:00:00,-0.18,0.11,-0.04,1.91,-0.22,0.35,-0.0,-0.6,-0.06,0,0,-2.00
2013-09-28T16:00:00,-0.15,0.04,-0.09,1.91,-0.25,0.38,-0.0,-0.6,-0.04,0,0,0.00
2013-09-28T17:00:00,-0.26,0.03,-0.03,1.93,-0.29,0.4,-0.12,-0.59,-0.09,0,0,1.00
2013-09-28T18:00:00,-0.22,0.17,0.01,1.93,-0.3,0.33,-0.1,-0.6,-0.1,0,0,1.00
2013-09-28T19:00:00,-0.17,0.23,-0.08,1.93,-0.35,0.35,-0.15,-0.6,-0.13,0,0,0.00
2013-09-28T20:00:00,-0.26,0.23,0.04,1.92,-0.3,0.23,-0.16,-0.59,-0.13,0,0,-1.00
2013-09-28T21:00:00,-0.24,0.27,0.0,1.87,-0.1,0.05,-0.07,-0.59,-0.12,0,0,1.00
2013-09-28T22:00:00,-0.2,0.24,0.07,1.84,-0.02,0.07,-0.01,-0.58,-0.08,0,0,5.00
2013-09-28T23:00:00,-0.2,-0.06,0.11,1.82,0.22,0.11,0.03,-0.58,0.11,0,0,6.00
2013-09-29T00:00:00,-0.29,-0.02,0.13,1.84,0.06,0.06,0.06,-0.58,-0.03,0,0,5.00
2013-09-29T01:00:00,-0.33,0.03,0.08,1.86,0.04,0.17,0.14,-0.57,-0.03,0,0,5.00
2013-09-29T02:00:00,-0.33,0.03,0.03,1.86,0.09,0.2,0.21,-0.57,-0.02,0,0,5.00
2013-09-29T03:00:00,-0.26,0.11,0.13,1.85,0.04,0.15,0.22,-0.57,0.03,0,0,5.00
2013-09-29T04:00:00,-0.37,-0.07,0.13,1.87,0.19,0.15,0.25,-0.57,-0.05,0,0,4.00
2013-09-29T05:00:00,-0.33,-0.02,0.09,1.88,0.15,0.2,0.27,-0.57,-0.01,0,0,2.00
2013-09-29T06:00:00,-0.29,0.01,0.26,1.89,0.11,-0.01,0.24,-0.56,-0.04,0,0,2.00
2013-09-29T07:00:00,-0.27,0.23,0.1,1.88,-0.04,0.15,0.3,-0.57,-0.04,0,0,2.00
2013-09-29T08:00:00,-0.13,0.29,-0.05,1.87,-0.03,0.17,0.43,-0.58,-0.04,0,0,3.00
2013-09-29T09:00:00,-0.1,0.28,-0.14,1.87,-0.07,0.24,0.42,-0.58,-0.08,0,0,4.00
2013-09-29T10:00:00,-0.27,0.14,-0.04,1.91,-0.02,0.14,0.46,-0.57,-0.01,0,0,6.00
2013-09-29T11:00:00,-0.31,0.04,0.05,1.93,0.03,0.14,0.95,-0.58,0.04,0,0,6.00
2013-09-29T12:00:00,-0.26,-0.01,0.09,1.94,0.1,0.16,0.4,-0.59,0.03,0,0,5.00
2013-09-29T13:00:00,-0.27,-0.04,0.13,1.95,0.06,0.19,0.35,-0.59,-0.01,0,0,4.00
2013-09-29T14:00:00,-0.31,0.11,0.12,1.94,0.08,0.23,0.35,-0.58,-0.06,0,0,3.00
2013-09-29T15:00:00,-0.27,0.02,0.03,1.97,0.02,0.18,0.43,-0.59,-0.0,0,0,3.00
2013-09-29T16:00:00,-0.27,-0.01,-0.01,1.98,0.02,0.14,0.59,-0.59,0.03,0,0,5.00
2013-09-29T17:00:00,-0.33,-0.03,-0.05,1.99,0.08,0.18,0.52,-0.57,-0.02,0,0,7.00
2013-09-29T18:00:00,-0.43,-0.2,0.29,1.88,0.34,-0.19,1.68,-0.53,0.03,0,0,6.00
2013-09-29T19:00:00,-0.35,-0.07,0.27,1.77,-0.03,-0.33,2.9,-0.54,0.27,0,0,5.00
2013-09-29T20:00:00,-0.31,-0.18,0.31,1.89,-0.17,-0.28,2.22,-0.57,0.05,0,0,8.00
2013-09-29T21:00:00,-0.22,-0.19,0.34,1.92,-0.25,-0.28,2.09,-0.58,0.01,0,0,12.00
2013-09-29T22:00:00,-0.09,-0.23,0.34,1.94,-0.26,-0.24,2.17,-0.59,0.02,0,0,9.00
2013-09-29T23:00:00,-0.24,-0.05,0.09,1.97,-0.33,-0.02,1.93,-0.58,0.37,0,0,8.00
2013-09-30T00:00:00,-0.07,0.31,-0.39,1.91,-0.6,0.26,1.24,-0.55,-0.09,0,0,10.00
2013-09-30T01:00:00,0.05,-0.03,0.1,1.86,-0.54,-0.14,1.54,-0.57,9.51,0,0,8.00
2013-09-30T02:00:00,-0.5,-0.21,-0.18,1.92,-0.48,0.02,1.34,-0.55,-0.07,0,0,4.00
2013-09-30T03:00:00,-0.01,0.26,-0.3,1.89,-0.71,0.11,1.28,-0.55,-0.04,0,0,5.00
2013-09-30T04:00:00,0.18,0.1,0.18,1.88,-0.64,-0.14,1.2,-0.56,0.39,0,0,6.00
2013-09-30T05:00:00,-0.05,-0.68,0.54,1.9,-0.41,-0.22,0.78,-0.58,-0.16,0,0,7.00
2013-09-30T06:00:00,-0.11,-0.57,0.07,1.9,-0.29,-0.21,1.41,-0.55,-0.04,0,0,4.00
2013-09-30T07:00:00,-0.12,-0.63,-0.06,1.92,-0.27,-0.2,1.03,-0.54,-0.09,0,0,2.00
2013-09-30T08:00:00,-0.14,-0.66,0.41,1.95,-0.15,-0.16,0.69,-0.56,-0.14,0,0,3.00
2013-09-30T09:00:00,-0.1,-0.71,0.4,1.96,-0.14,-0.16,0.63,-0.55,-0.15,0,0,4.00
2013-09-30T10:00:00,-0.0,-0.8,0.36,1.99,-0.2,0.02,0.29,-0.54,-0.15,0,0,2.00
2013-09-30T11:00:00,0.05,-0.8,0.33,2.01,-0.22,0.04,0.16,-0.54,-0.16,0,0,0.00
2013-09-30T12:00:00,0.22,-0.75,0.39,2.04,-0.2,0.19,0.13,-0.54,-0.16,0,0,1.00
2013-09-30T13:00:00,0.17,-0.6,0.58,2.06,-0.13,0.27,0.13,-0.54,-0.16,0,0,0.00
2013-09-30T14:00:00,0.06,-0.8,0.3,2.07,-0.26,0.19,0.05,-0.54,-0.16,0,0,1.00
2013-09-30T15:00:00,0.05,-0.79,0.13,2.08,-0.31,0.12,0.06,-0.53,-0.15,0,0,-1.00
2013-09-30T16:00:00,0.24,-0.73,0.14,2.1,-0.17,0.09,0.12,-0.52,-0.14,0,0,-1.00
2013-09-30T17:00:00,0.26,-0.69,-0.11,2.04,-0.19,0.14,0.22,-0.54,-0.15,0,0,0.00
2013-09-30T18:00:00,0.38,-0.72,0.02,2.05,-0.2,0.27,0.23,-0.55,-0.15,0,0,2.00
2013-09-30T19:00:00,0.31,-0.72,0.02,2.05,-0.18,0.38,0.38,-0.56,-0.15,0,0,6.00
2013-09-30T20:00:00,0.23,-0.74,0.1,2.06,-0.22,0.27,0.48,-0.57,-0.15,0,0,6.00
2013-09-30T21:00:00,0.18,-0.74,0.18,2.03,-0.36,0.24,0.64,-0.56,-0.14,0,0,5.00
2013-09-30T22:00:00,0.12,-0.73,0.26,2.01,-0.47,0.26,0.81,-0.56,-0.14,0,0,6.00
2013-09-30T23:00:00,0.28,-0.63,0.45,2.01,-0.39,0.47,1.18,-0.56,-0.14,0,0,7.00
2013-10-01T00:00:00,0.16,-0.27,0.84,1.96,-0.31,0.47,1.45,-0.53,-0.13,0,0,---
2013-10-01T01:00:00,-0.31,0.77,0.76,1.93,-0.27,0.42,1.4,-0.52,-0.15,0,0,14.00
2013-10-01T02:00:00,-0.09,-0.08,0.89,1.88,-0.26,0.53,2.18,-0.5,-0.09,0,0,16.00
2013-10-01T03:00:00,0.26,-0.87,0.46,1.87,-0.47,0.66,1.87,-0.52,-0.12,0,0,17.00
2013-10-01T04:00:00,0.38,-1.05,0.4,1.86,-0.5,0.84,1.96,-0.53,-0.14,0,0,17.00
2013-10-01T05:00:00,0.42,-0.97,0.66,1.84,-0.54,0.8,2.1,-0.55,-0.15,0,0,20.00
2013-10-01T06:00:00,0.41,-0.79,0.76,1.75,-0.14,0.85,2.49,-0.54,-0.14,0,0,20.00
2013-10-01T07:00:00,0.53,-0.79,0.72,1.68,0.02,1.06,1.57,-0.5,-0.14,0,0,21.00
2013-10-01T08:00:00,0.53,-0.75,0.63,1.72,-0.1,1.43,1.51,-0.49,-0.12,0,0,23.00
2013-10-01T09:00:00,0.74,-1.06,0.67,1.73,-0.18,1.51,1.26,-0.5,-0.16,0,0,23.00
2013-10-01T10:00:00,0.51,-0.99,0.26,1.68,-0.4,0.91,1.48,-0.52,-0.14,0,0,22.00
2013-10-01T11:00:00,0.69,-0.95,0.27,1.54,-0.03,0.09,0.91,-0.34,-0.1,0,0,23.00
2013-10-01T12:00:00,0.19,-0.05,-0.48,1.36,0.46,-0.55,0.97,-0.21,0.2,0,0,19.00
2013-10-01T13:00:00,0.75,-1.09,0.7,1.42,0.17,0.2,0.27,-0.22,-0.14,0,0,17.00
2013-10-01T14:00:00,0.21,-0.91,1.03,1.32,0.07,0.59,0.43,-0.2,-0.13,0,0,13.00
2013-10-01T15:00:00,0.32,-0.23,0.89,1.34,0.35,0.5,0.44,-0.14,-0.05,0,0,13.00
2013-10-01T16:00:00,-0.01,0.91,0.21,1.24,0.84,-0.05,0.57,-0.1,0.01,0,0,7.00
2013-10-01T17:00:00,0.16,0.88,-0.18,1.24,1.02,0.0,0.4,-0.08,-0.01,0,0,12.00
2013-10-01T18:00:00,0.36,-0.41,0.24,1.2,0.6,0.34,0.3,-0.02,0.36,0,0,20.00
2013-10-01T19:00:00,0.45,0.41,-0.45,1.13,1.23,-0.18,0.3,-0.02,0.04,0,0,19.00
2013-10-01T20:00:00,0.39,-0.2,-0.28,1.12,0.83,-0.16,0.21,-0.01,0.28,0,0,13.00
2013-10-01T21:00:00,0.57,-0.54,-0.2,1.12,0.56,-0.22,0.18,-0.04,0.03,0,0,9.00
2013-10-01T22:00:00,0.46,-0.62,-0.09,1.01,0.44,-0.04,0.11,-0.11,0.02,0,0,2.00
2013-10-01T23:00:00,0.45,-0.52,-0.25,0.96,0.59,-0.15,0.06,-0.1,0.02,0,0,-3.00
2013-10-02T00:00:00,0.69,-0.12,-0.12,1.06,0.95,0.06,0.1,-0.0,0.1,0,0,-4.00
2013-10-02T01:00:00,0.31,-1.47,-0.56,-0.39,-0.6,-0.51,1.92,2.76,0.56,0,0,-1.00
2013-10-02T02:00:00,0.86,-1.74,0.19,-0.82,0.97,-0.04,2.54,3.77,0.69,0,0,2.00
2013-10-02T03:00:00,-0.59,-1.65,-0.91,-1.36,0.35,-0.32,3.1,2.49,0.42,0,0,30.00
2013-10-02T04:00:00,-0.86,-2.93,-1.93,-1.38,-0.16,-1.28,5.79,0.84,-0.05,0,0,-6.00
2013-10-02T05:00:00,0.07,-2.95,-0.61,-1.22,-0.76,-1.5,5.23,0.43,-0.04,0,0,-14.00
2013-10-02T06:00:00,-0.31,-3.02,-0.06,-1.22,-1.46,-0.88,2.52,0.64,-0.09,0,0,-35.00
2013-10-02T07:00:00,-0.27,-2.4,1.41,-1.21,-1.42,-0.22,2.2,0.48,-0.1,0,0,-64.00
2013-10-02T08:00:00,-0.56,-1.26,1.41,-1.32,-0.62,0.75,2.11,0.56,-0.01,0,0,-67.00
2013-10-02T09:00:00,-0.39,-0.85,1.06,-1.2,0.1,-0.88,1.44,0.73,0.13,0,0,-61.00
2013-10-02T10:00:00,-0.33,-0.01,0.77,-1.11,0.3,-1.32,1.35,0.68,0.63,0,0,-56.00
2013-10-02T11:00:00,0.38,-0.78,0.91,-0.81,0.08,-2.18,1.07,0.42,0.08,0,0,-58.00
2013-10-02T12:00:00,0.08,-0.39,0.73,-0.76,0.62,-2.21,0.42,0.58,0.3,0,0,-55.00
2013-10-02T13:00:00,0.08,0.2,0.43,-0.82,1.44,-2.05,0.05,0.64,0.99,0,0,-60.00
2013-10-02T14:00:00,-0.52,-0.55,0.21,-0.89,1.3,-3.3,-0.2,0.63,0.18,0,0,-58.00
2013-10-02T15:00:00,-0.57,-0.73,-0.14,-1.09,0.23,-3.77,-0.26,0.01,-0.07,0,0,-54.00
2013-10-02T16:00:00,-0.55,-0.62,-0.17,-1.09,0.72,-3.89,-0.2,-0.28,-0.11,0,0,-50.00
2013-10-02T17:00:00,-0.64,-0.75,-0.19,-1.0,0.83,-3.1,-0.32,-0.31,-0.15,0,0,-45.00
2013-10-02T18:00:00,-0.07,0.17,-0.35,-0.98,0.81,-2.55,-0.25,-0.3,0.0,0,0,-39.00
2013-10-02T19:00:00,-0.61,0.24,-0.75,-1.05,0.5,-2.25,-0.46,-0.36,-0.17,0,0,-38.00
2013-10-02T20:00:00,-0.58,0.13,-0.67,-0.97,0.65,-2.2,-0.42,-0.38,-0.16,0,0,-43.00
2013-10-02T21:00:00,-0.4,-0.07,-0.28,-0.89,0.82,-2.42,-0.21,-0.32,-0.03,0,0,-46.00
2013-10-02T22:00:00,-0.15,0.16,-0.33,-0.88,0.94,-2.65,-0.06,-0.2,0.12,0,0,-50.00
2013-10-02T23:00:00,-0.32,-0.01,-0.37,-0.63,1.23,-2.46,-0.53,-0.37,-0.12,0,0,-50.00
2013-10-03T00:00:00,1.16,0.58,0.25,-0.46,0.71,-1.08,-0.78,-0.41,-0.19,0,1,-43.00
2013-10-03T01:00:00,1.26,0.64,0.26,-0.42,0.02,-0.98,-0.97,-0.47,-0.19,0,1,-42.00
2013-10-03T02:00:00,1.32,0.56,0.4,-0.33,0.38,-2.25,-0.99,-0.46,-0.19,0,1,-49.00
2013-10-03T03:00:00,1.27,0.47,0.49,-0.17,0.9,-2.83,-0.84,-0.46,-0.19,0,1,-48.00
2013-10-03T04:00:00,1.31,0.42,0.49,-0.26,1.08,-1.89,-0.96,-0.49,-0.19,0,1,-46.00
2013-10-03T05:00:00,1.36,0.32,0.52,-0.27,1.27,-1.34,-0.95,-0.48,-0.19,0,1,-44.00
