2014-01-21T20:00:00,-1.58,1.41,0.4,0.42,1.56,1.17,-0.5,-0.0,-0.18,1,0,0.00
2014-01-21T21:00:00,-1.55,1.13,0.61,0.17,1.69,0.84,-0.4,0.27,-0.16,1,0,-1.00
2014-01-21T22:00:00,-1.43,1.25,0.36,0.11,1.69,0.52,-0.43,0.3,-0.16,1,0,-13.00
2014-01-21T23:00:00,-1.24,1.08,0.35,0.02,1.89,0.39,-0.41,0.48,-0.14,1,0,-11.00
2014-01-22T00:00:00,-1.13,1.18,0.26,-0.03,1.85,0.28,-0.44,0.61,-0.14,1,0,-9.00
2014-01-22T01:00:00,-1.01,1.14,0.41,0.05,1.39,0.26,-0.43,0.85,-0.12,1,0,-8.00
2014-01-22T02:00:00,-0.76,0.83,0.68,-0.09,1.58,-0.22,-0.4,1.0,-0.07,1,0,-10.00
2014-01-22T03:00:00,-0.48,0.69,0.52,-0.26,1.42,-0.67,-0.46,0.89,-0.02,1,0,-11.00
2014-01-22T04:00:00,-0.61,0.64,0.19,-0.26,1.12,-0.77,-0.48,1.25,0.06,1,0,-13.00
2014-01-22T05:00:00,-0.42,0.91,-0.07,-0.46,1.04,-0.83,-0.55,0.9,-0.05,1,0,-14.00
2014-01-22T06:00:00,-0.4,0.69,-0.1,-0.56,1.6,-0.9,-0.59,1.04,0.02,1,0,-14.00
2014-01-22T07:00:00,-0.19,0.62,0.14,-0.91,1.42,-1.33,-0.66,0.82,0.04,0,0,-15.00
2014-01-22T08:00:00,-0.1,0.74,-0.0,-0.89,1.26,-0.92,-0.63,0.66,-0.02,0,0,-17.00
2014-01-22T09:00:00,-0.51,0.64,-0.34,-0.64,1.38,-0.17,-0.63,0.53,-0.09,0,0,-20.00
2014-01-22T10:00:00,-0.03,0.9,-0.1,-0.8,1.0,-1.07,-0.6,0.78,-0.06,0,0,-16.00
2014-01-22T11:00:00,-0.02,0.98,-0.1,-0.66,0.79,-1.15,-0.57,0.68,-0.08,0,0,-11.00
2014-01-22T12:00:00,0.32,1.08,-0.08,-0.67,0.99,-1.22,-0.52,0.78,-0.08,0,0,-11.00
2014-01-22T13:00:00,0.2,0.85,0.45,-0.61,1.37,-1.44,-0.05,0.83,0.1,0,0,-14.00
2014-01-22T14:00:00,-0.54,0.59,0.32,-0.36,1.31,-2.07,-0.47,0.9,0.04,0,0,-12.00
2014-01-22T15:00:00,-0.68,0.76,0.15,-0.29,0.83,-1.71,-0.46,0.9,-0.03,0,0,-13.00
2014-01-22T16:00:00,-0.82,0.65,0.13,-0.24,0.77,-1.72,-0.43,0.86,-0.03,0,0,-12.00
2014-01-22T17:00:00,-0.79,0.6,0.16,-0.17,1.04,-2.05,-0.42,0.74,-0.02,0,0,-7.00
2014-01-22T18:00:00,0.27,0.82,0.33,-0.44,0.88,-2.11,-0.5,0.61,-0.04,0,0,-6.00
2014-01-22T19:00:00,0.05,0.75,0.32,-0.18,1.25,-1.92,-0.47,0.71,0.03,0,0,-4.00
2014-01-22T20:00:00,0.3,0.55,0.19,-0.13,1.38,-1.36,-0.39,0.66,0.2,0,0,-5.00
2014-01-22T21:00:00,0.78,0.35,0.39,-0.25,1.31,-1.81,-0.37,0.25,-0.05,0,0,-7.00
2014-01-22T22:00:00,-0.13,0.57,0.69,0.3,1.05,-2.09,-0.24,0.66,0.04,0,0,-10.00
2014-01-22T23:00:00,-0.08,0.83,0.38,0.33,0.62,-1.35,-0.24,0.64,0.05,0,0,-9.00
2014-01-23T00:00:00,0.13,0.91,0.17,0.21,0.36,-0.83,-0.21,0.63,0.04,0,0,-8.00
2014-01-23T01:00:00,-0.69,0.79,0.14,0.5,0.42,-1.13,-0.22,0.39,-0.04,0,0,-8.00
2014-01-23T02:00:00,-0.14,0.5,0.41,0.23,0.89,-1.52,-0.22,0.53,0.24,0,0,-10.00
2014-01-23T03:00:00,-0.06,0.99,-0.01,0.11,0.27,-1.0,-0.36,0.55,-0.03,0,0,-10.00
2014-01-23T04:00:00,-0.23,0.82,0.05,0.22,0.07,-0.83,-0.4,0.49,-0.0,0,0,-9.00
2014-01-23T05:00:00,-0.38,0.5,0.34,0.2,0.73,-1.49,-0.15,0.5,0.2,0,0,-14.00
2014-01-23T06:00:00,-0.67,0.18,-0.01,0.29,1.52,-0.32,-0.41,0.46,0.1,0,0,-16.00
2014-01-23T07:00:00,-0.47,0.25,-0.09,0.15,1.02,-0.09,-0.5,0.52,0.19,0,0,-11.00
2014-01-23T08:00:00,-0.58,0.27,-0.19,0.25,0.56,0.62,-0.49,0.47,0.05,0,0,-9.00
2014-01-23T09:00:00,-0.49,0.17,0.39,0.25,0.87,-1.45,-0.46,0.35,0.09,0,0,-9.00
2014-01-23T10:00:00,-0.52,-0.33,-0.06,0.26,1.78,-0.34,-0.42,0.32,0.12,0,0,-7.00
2014-01-23T11:00:00,-0.67,-0.13,-0.18,0.39,1.3,-0.19,-0.43,0.28,0.02,0,0,-6.00
2014-01-23T12:00:00,-0.28,0.31,0.08,0.27,0.47,-0.85,-0.42,0.28,0.4,0,0,-3.00
2014-01-23T13:00:00,-0.49,0.42,0.3,0.48,0.43,-1.74,-0.42,0.17,0.01,0,0,-6.00
2014-01-23T14:00:00,-0.63,0.33,0.43,0.56,0.77,-2.09,-0.47,-0.03,-0.09,0,0,-11.00
2014-01-23T15:00:00,-0.44,0.22,0.46,0.62,0.77,-1.89,-0.48,0.09,-0.02,0,0,-12.00
2014-01-23T16:00:00,-0.51,0.4,-0.03,0.64,0.53,-0.65,-0.4,0.16,0.04,0,0,-7.00
2014-01-23T17:00:00,-0.54,0.4,0.09,0.72,0.49,-0.72,-0.4,0.2,0.04,0,0,-6.00
2014-01-23T18:00:00,-0.65,0.18,-0.14,0.79,0.96,-0.1,-0.42,0.08,-0.02,0,0,-4.00
2014-01-23T19:00:00,-0.68,0.28,-0.03,0.9,0.77,-0.49,-0.46,-0.08,-0.08,0,0,-4.00
2014-01-23T20:00:00,-0.63,0.43,-0.18,0.92,0.57,-0.25,-0.53,-0.23,-0.13,0,0,-5.00
2014-01-23T21:00:00,-0.47,0.59,-0.06,0.94,0.44,-0.24,-0.6,-0.19,-0.13,0,0,-10.00
2014-01-23T22:00:00,-0.18,0.67,-0.18,1.0,0.0,-0.28,-0.61,-0.36,-0.15,0,0,-14.00
2014-01-23T23:00:00,0.23,0.38,-0.3,0.97,0.15,-0.14,-0.57,-0.44,-0.15,0,0,-16.00
2014-01-24T00:00:00,0.3,0.02,-0.21,0.99,-0.27,0.07,-0.31,-0.35,0.03,0,0,-18.00
2014-01-24T01:00:00,0.18,-0.01,-0.38,0.98,-0.68,0.44,-0.18,-0.5,-0.11,0,0,-17.00
2014-01-24T02:00:00,0.22,-0.16,-0.22,1.03,-0.9,0.15,0.37,-0.56,-0.06,0,0,-12.00
2014-01-24T03:00:00,0.38,0.0,-0.4,1.03,-0.62,0.24,0.06,-0.53,-0.14,0,0,-13.00
2014-01-24T04:00:00,0.01,0.39,0.22,1.11,-0.76,-0.21,-0.16,-0.41,0.01,0,0,-12.00
2014-01-24T05:00:00,-0.22,0.49,0.49,1.13,-0.53,0.08,-0.33,-0.34,-0.11,0,0,-12.00
2014-01-24T06:00:00,-0.4,0.67,0.23,1.09,-0.52,0.3,-0.3,-0.31,-0.12,0,0,-11.00
2014-01-24T07:00:00,-0.32,0.38,0.43,1.1,-0.61,0.34,-0.24,-0.24,-0.05,0,0,-6.00
2014-01-24T08:00:00,-0.03,0.68,0.33,1.06,-0.57,0.45,-0.3,-0.31,-0.11,0,0,-3.00
2014-01-24T09:00:00,-0.37,0.54,0.2,1.09,-0.63,0.28,-0.26,-0.23,-0.06,0,0,-4.00
2014-01-24T10:00:00,-0.11,0.59,0.39,1.01,-0.37,-0.22,-0.2,-0.32,-0.09,0,0,-6.00
2014-01-24T11:00:00,0.09,0.03,0.73,0.93,0.21,-0.31,-0.2,-0.26,-0.09,0,0,-6.00
2014-01-24T12:00:00,-0.21,0.84,0.17,0.96,-0.54,-0.03,-0.1,-0.27,-0.1,0,0,-3.00
2014-01-24T13:00:00,-0.48,0.43,0.15,1.04,-0.39,-0.27,-0.05,-0.1,0.06,0,0,-3.00
2014-01-24T14:00:00,-0.4,0.74,0.08,0.98,-0.54,-0.17,-0.09,-0.25,-0.09,0,0,0.00
2014-01-24T15:00:00,-0.47,0.23,0.75,0.96,0.13,-0.84,-0.13,-0.33,-0.13,0,0,0.00
2014-01-24T16:00:00,-0.43,0.29,0.85,0.95,0.11,-0.84,-0.19,-0.38,-0.15,0,0,0.00
2014-01-24T17:00:00,-0.49,0.07,0.82,0.99,0.44,-0.85,-0.2,-0.39,-0.15,0,0,1.00
2014-01-24T18:00:00,-0.35,-0.25,0.86,0.93,0.69,-0.8,-0.21,-0.4,-0.15,0,0,3.00
2014-01-24T19:00:00,-0.59,-0.05,0.69,1.04,0.4,-0.45,-0.13,-0.33,-0.13,0,0,2.00
2014-01-24T20:00:00,-0.74,-0.02,0.23,1.13,0.34,0.4,-0.11,-0.34,-0.09,0,0,2.00
2014-01-24T21:00:00,-0.52,-0.22,0.39,1.05,0.5,0.04,-0.19,-0.34,-0.08,0,0,2.00
2014-01-24T22:00:00,-0.58,-0.21,0.1,1.1,0.59,0.6,-0.18,-0.3,-0.03,0,0,2.00
2014-01-24T23:00:00,-0.37,-0.46,-0.23,0.99,0.76,1.23,-0.12,-0.27,-0.04,0,0,-2.00
2014-01-25T00:00:00,-0.38,0.19,-0.49,0.99,-0.09,1.54,-0.15,-0.29,-0.09,0,0,-3.00
2014-01-25T01:00:00,0.05,0.34,-0.6,0.88,-0.28,1.61,-0.21,-0.35,-0.13,0,0,-2.00
2014-01-25T02:00:00,-0.06,0.42,0.03,0.94,-0.46,0.56,-0.26,-0.36,0.03,0,0,-5.00
2014-01-25T03:00:00,0.04,0.74,-0.06,0.95,-0.78,0.64,-0.26,-0.39,-0.13,0,0,-12.00
2014-01-25T04:00:00,-0.04,0.69,-0.26,1.0,-0.65,0.9,-0.27,-0.41,-0.14,0,0,-18.00
2014-01-25T05:00:00,-0.13,0.49,0.25,1.08,-0.18,-0.11,-0.28,-0.4,-0.08,0,0,-18.00
2014-01-25T06:00:00,-0.57,0.25,0.3,1.29,0.16,-0.26,-0.3,-0.37,-0.1,0,0,-16.00
2014-01-25T07:00:00,-0.67,-0.14,0.31,1.32,0.81,-0.34,-0.27,-0.32,-0.1,0,0,-14.00
2014-01-25T08:00:00,-0.5,0.34,0.37,1.26,-0.11,-0.55,-0.36,-0.37,-0.12,0,0,-13.00
2014-01-25T09:00:00,-0.49,0.16,-0.09,1.24,0.22,0.39,-0.33,-0.36,-0.06,0,0,-8.00
2014-01-25T10:00:00,-0.38,0.29,-0.06,1.17,-0.02,0.17,-0.35,-0.41,-0.07,0,0,-5.00
2014-01-25T11:00:00,-0.44,0.3,0.07,1.2,-0.09,0.05,-0.31,-0.37,-0.06,0,0,-3.00
2014-01-25T12:00:00,-0.59,-0.01,-0.35,1.27,0.42,0.98,-0.33,-0.4,-0.14,0,0,-2.00
2014-01-25T13:00:00,-0.43,-0.06,-0.45,1.21,0.46,1.05,-0.33,-0.43,-0.14,0,0,0.00
2014-01-25T14:00:00,-0.37,0.17,-0.41,1.18,0.16,0.93,-0.33,-0.43,-0.13,0,0,-1.00
2014-01-25T15:00:00,-0.34,0.25,-0.29,1.17,-0.03,0.73,-0.31,-0.38,-0.09,0,0,-7.00
2014-01-25T16:00:00,-0.43,0.45,0.01,1.22,-0.29,0.11,-0.28,-0.37,-0.09,0,0,-11.00
2014-01-25T17:00:00,-0.58,0.47,0.11,1.28,-0.37,0.05,-0.22,-0.38,-0.12,0,0,-13.00
2014-01-25T18:00:00,-0.41,0.25,-0.44,1.19,-0.09,0.82,-0.22,-0.46,-0.14,0,0,-10.00
2014-01-25T19:00:00,-0.09,-0.28,-0.62,1.08,0.42,0.78,-0.22,-0.51,-0.16,0,0,-5.00
2014-01-25T20:00:00,0.16,0.06,-0.73,1.03,0.08,1.0,-0.2,-0.51,-0.17,0,0,-4.00
2014-01-25T21:00:00,0.04,0.35,-0.71,1.06,-0.33,0.9,-0.2,-0.49,-0.16,0,0,-6.00
2014-01-25T22:00:00,-0.04,0.82,-0.38,1.11,-0.76,0.73,-0.19,-0.49,-0.17,0,0,-15.00
2014-01-25T23:00:00,-0.38,0.75,0.07,1.21,-0.76,0.13,-0.15,-0.46,-0.15,0,0,-20.00
2014-01-26T00:00:00,-0.05,0.38,0.63,1.1,-0.44,-0.37,-0.17,-0.45,-0.14,0,0,-23.00
2014-01-26T01:00:00,0.1,0.4,-0.51,1.07,-0.31,0.98,-0.16,-0.47,-0.15,0,0,-22.00
2014-01-26T02:00:00,0.39,0.05,-0.56,1.01,-0.02,0.93,-0.19,-0.44,-0.14,0,0,-19.00
2014-01-26T03:00:00,-0.08,0.07,-0.5,1.11,0.01,0.9,-0.17,-0.44,-0.12,0,0,-20.00
2014-01-26T04:00:00,-0.36,0.04,-0.41,1.18,0.17,0.81,-0.11,-0.41,-0.1,0,0,-24.00
2014-01-26T05:00:00,-0.3,0.52,-0.54,1.19,-0.21,0.96,-0.11,-0.44,-0.15,0,0,-26.00
2014-01-26T06:00:00,-0.37,0.64,-0.09,1.23,-0.42,0.45,-0.15,-0.34,-0.1,0,0,-29.00
2014-01-26T07:00:00,-0.27,0.34,0.21,1.18,-0.28,-0.25,-0.19,-0.26,0.09,0,0,-29.00
2014-01-26T08:00:00,-0.14,0.12,0.31,1.12,-0.1,-0.34,-0.21,-0.22,0.38,0,0,-28.00
2014-01-26T09:00:00,-0.07,0.2,0.24,1.1,-0.25,-0.19,-0.26,-0.19,0.55,0,0,-27.00
2014-01-26T10:00:00,0.06,-0.16,0.45,1.06,0.19,-0.4,-0.27,-0.19,0.11,0,0,-20.00
2014-01-26T11:00:00,-0.23,-0.49,0.41,1.21,0.39,-0.19,-0.31,-0.19,-0.04,0,0,-14.00
2014-01-26T12:00:00,-0.11,-0.16,0.52,1.11,0.11,-0.16,-0.24,-0.27,-0.0,0,0,-11.00
2014-01-26T13:00:00,-0.14,0.54,0.39,1.15,-0.34,-0.3,-0.28,-0.28,-0.08,0,0,-11.00
2014-01-26T14:00:00,-0.2,0.42,0.17,1.1,-0.02,-0.01,-0.0,-0.23,0.15,0,0,-11.00
2014-01-26T15:00:00,-0.39,0.19,-0.19,1.17,0.34,0.55,-0.27,-0.2,0.04,0,0,-10.00
2014-01-26T16:00:00,-0.43,0.25,-0.18,1.2,0.03,0.48,-0.3,-0.25,-0.02,0,0,-11.00
2014-01-26T17:00:00,0.28,0.35,-0.41,1.0,0.01,0.71,-0.33,-0.3,-0.1,0,0,-10.00
2014-01-26T18:00:00,-0.15,0.35,0.43,1.14,0.17,-0.37,-0.34,-0.33,-0.06,0,0,-10.00
2014-01-26T19:00:00,-0.01,0.49,0.42,1.08,0.09,-0.23,-0.32,-0.3,-0.08,0,0,-9.00
2014-01-26T20:00:00,-0.04,0.26,-0.23,1.07,0.38,0.89,-0.35,-0.25,0.08,0,0,-11.00
2014-01-26T21:00:00,0.03,0.38,0.03,1.03,0.21,0.42,-0.36,-0.23,0.15,0,0,-11.00
2014-01-26T22:00:00,-0.24,0.49,0.18,1.19,-0.01,0.05,-0.37,-0.26,-0.04,0,0,-9.00
2014-01-26T23:00:00,-0.19,0.38,0.55,1.16,0.04,-0.6,-0.41,-0.32,-0.11,0,0,-5.00
2014-01-27T00:00:00,-0.28,0.29,0.43,1.25,0.19,-0.37,-0.38,-0.25,-0.05,0,0,-3.00
2014-01-27T01:00:00,-0.25,0.4,-0.08,1.25,0.05,0.57,-0.43,-0.31,-0.04,0,0,-1.00
2014-01-27T02:00:00,-0.21,0.3,-0.28,1.25,0.2,0.73,-0.36,-0.28,-0.04,0,0,0.00
2014-01-27T03:00:00,-0.34,0.45,0.45,1.3,-0.12,-0.57,-0.4,-0.27,-0.1,0,0,-4.00
2014-01-27T04:00:00,-0.12,0.61,0.29,1.24,-0.3,-0.3,-0.4,-0.31,-0.1,0,0,-11.00
2014-01-27T05:00:00,0.14,0.65,0.25,1.15,-0.39,-0.25,-0.43,-0.35,-0.12,0,0,-16.00
2014-01-27T06:00:00,-0.06,0.65,0.12,1.24,-0.37,0.09,-0.4,-0.35,-0.11,0,0,-15.00
2014-01-27T07:00:00,-0.4,0.48,0.15,1.39,-0.23,-0.06,-0.39,-0.34,-0.1,0,0,-12.00
2014-01-27T08:00:00,-0.41,0.39,0.21,1.4,0.02,-0.23,-0.36,-0.29,-0.06,0,0,-9.00
2014-01-27T09:00:00,-0.62,0.01,0.04,1.45,0.44,0.0,-0.34,-0.27,-0.06,0,0,-9.00
2014-01-27T10:00:00,-0.48,-0.15,-0.33,1.42,0.48,0.61,-0.34,-0.29,-0.09,0,0,-6.00
2014-01-27T11:00:00,-0.18,0.37,0.19,1.31,-0.13,-0.05,-0.27,-0.39,-0.0,0,0,-1.00
2014-01-27T12:00:00,-0.29,0.6,-0.06,1.33,-0.31,0.31,-0.17,-0.41,-0.11,0,0,-2.00
2014-01-27T13:00:00,-0.42,0.54,-0.29,1.37,-0.46,0.67,-0.18,-0.41,-0.13,0,0,-5.00
2014-01-27T14:00:00,-0.31,0.75,-0.06,1.37,-0.88,0.25,-0.12,-0.49,-0.15,0,0,-6.00
2014-01-27T15:00:00,-0.28,0.67,0.37,1.37,-1.0,-0.07,-0.02,-0.53,-0.16,0,0,-5.00
2014-01-27T16:00:00,-0.23,0.41,0.57,1.35,-0.9,-0.36,0.09,-0.55,-0.15,0,0,-4.00
2014-01-27T17:00:00,-0.35,0.71,-0.19,1.4,-1.27,0.51,0.13,-0.52,-0.15,0,0,-2.00
2014-01-27T18:00:00,-0.4,0.74,0.21,1.42,-1.28,-0.07,0.27,-0.53,-0.15,0,0,-1.00
2014-01-27T19:00:00,-0.36,0.72,-0.23,1.45,-1.19,0.37,0.29,-0.52,-0.15,0,0,-1.00
2014-01-27T20:00:00,-0.35,0.28,0.1,1.45,-0.89,0.03,0.36,-0.53,-0.04,0,0,-2.00
2014-01-27T21:00:00,-0.33,0.08,0.65,1.42,-0.45,-0.49,0.22,-0.52,-0.14,0,0,-5.00
2014-01-27T22:00:00,-0.49,0.63,0.61,1.45,-0.15,-0.4,-0.1,-0.54,-0.17,0,0,-6.00
2014-01-27T23:00:00,-0.7,0.52,0.55,1.49,-0.39,-0.39,-0.21,-0.54,-0.18,0,0,-6.00
2014-01-28T00:00:00,-0.82,0.58,0.41,1.53,-0.48,-0.25,-0.3,-0.53,-0.18,0,0,-6.00
2014-01-28T01:00:00,-0.73,0.68,0.32,1.54,-0.5,-0.12,-0.25,-0.5,-0.17,0,0,-3.00
2014-01-28T02:00:00,-0.62,0.63,0.12,1.57,-0.73,-0.14,-0.21,-0.5,-0.16,0,0,-1.00
2014-01-28T03:00:00,-0.34,0.98,-0.03,1.49,-0.8,-0.06,-0.24,-0.54,-0.18,0,0,-3.00
2014-01-28T04:00:00,-0.43,0.93,0.19,1.51,-0.86,-0.09,-0.18,-0.53,-0.17,0,0,-10.00
2014-01-28T05:00:00,-0.51,0.89,-0.04,1.5,-0.81,-0.02,-0.22,-0.54,-0.18,0,0,-13.00
2014-01-28T06:00:00,-0.44,0.98,-0.12,1.47,-0.63,-0.23,-0.25,-0.56,-0.18,0,0,-13.00
2014-01-28T07:00:00,-0.43,0.86,-0.36,1.51,-0.59,0.19,-0.24,-0.55,-0.18,0,0,-8.00
2014-01-28T08:00:00,-0.29,0.98,-0.18,1.48,-0.45,-0.15,-0.28,-0.56,-0.18,0,0,-3.00
2014-01-28T09:00:00,-0.21,1.07,-0.11,1.46,-0.34,-0.14,-0.36,-0.57,-0.18,0,0,-2.00
2014-01-28T10:00:00,0.06,1.12,-0.14,1.44,-0.44,-0.15,-0.32,-0.58,-0.19,0,0,-4.00
2014-01-28T11:00:00,0.04,1.14,0.07,1.44,-0.44,-0.25,-0.24,-0.57,-0.18,0,0,-7.00
2014-01-28T12:00:00,-0.11,1.15,0.15,1.39,-0.13,-0.26,-0.21,-0.55,-0.18,0,0,-7.00
2014-01-28T13:00:00,-0.19,1.55,0.23,1.19,-0.19,-0.3,0.08,-0.5,-0.18,0,0,-8.00
2014-01-28T14:00:00,-0.48,1.79,0.28,1.11,-0.24,-0.74,0.3,-0.48,-0.18,1,0,-7.00
2014-01-28T15:00:00,-0.14,2.02,-0.18,1.14,-0.45,-0.93,0.21,-0.53,-0.19,1,0,-4.00
2014-01-28T16:00:00,0.16,1.92,-0.59,1.14,-0.59,-0.98,0.25,-0.55,-0.19,1,0,-3.00
2014-01-28T17:00:00,-0.11,1.96,-0.43,1.18,-0.72,-1.03,0.27,-0.54,-0.19,1,0,0.00
2014-01-28T18:00:00,-0.59,1.9,0.08,1.2,-0.73,-0.97,0.34,-0.55,-0.19,1,0,1.00
2014-01-28T19:00:00,-0.38,1.8,-0.2,1.23,-0.69,-1.09,0.33,-0.55,-0.19,1,0,-3.00
2014-01-28T20:00:00,-0.47,1.56,-0.11,1.01,-0.59,-0.27,-0.21,-0.42,-0.18,1,0,-6.00
2014-01-28T21:00:00,-0.7,1.61,-0.07,0.55,0.13,0.63,-0.49,-0.12,-0.17,1,0,-11.00
2014-01-28T22:00:00,-1.14,1.12,0.42,0.48,1.44,1.19,-0.45,-0.09,-0.17,1,0,-14.00
2014-01-28T23:00:00,-1.25,0.3,0.85,0.31,1.34,1.6,-0.48,0.2,-0.15,1,0,-14.00
2014-01-29T00:00:00,-1.04,0.56,0.44,0.23,0.5,3.15,-0.33,1.0,-0.04,1,0,-14.00
2014-01-29T01:00:00,-0.94,0.65,0.49,0.32,1.03,1.9,-0.32,1.6,0.02,1,0,-11.00
2014-01-29T02:00:00,-0.47,1.12,0.13,0.11,1.54,2.22,-0.32,1.65,0.03,1,0,-2.00
2014-01-29T03:00:00,-0.32,1.34,0.37,-0.01,1.36,1.5,-0.43,1.95,-0.04,1,0,-4.00
2014-01-29T04:00:00,-0.23,1.61,0.11,0.03,1.33,1.22,-0.5,1.99,-0.09,1,0,-9.00
2014-01-29T05:00:00,-0.34,1.51,0.08,0.11,1.94,0.74,-0.45,2.17,-0.06,1,0,-15.00
2014-01-29T06:00:00,-0.57,1.18,0.36,0.15,2.28,0.27,-0.41,1.86,-0.03,1,0,-17.00
2014-01-29T07:00:00,-0.77,1.12,0.24,0.17,2.62,0.11,-0.38,1.08,-0.07,1,0,-17.00
2014-01-29T08:00:00,-0.96,1.21,0.02,0.2,2.67,0.17,-0.44,0.53,-0.13,1,0,-17.00
2014-01-29T09:00:00,-0.9,1.11,0.15,0.03,2.18,-0.03,-0.44,0.72,-0.11,1,0,-15.00
2014-01-29T10:00:00,-1.29,0.5,0.2,-0.02,2.29,-0.08,-0.38,0.38,-0.12,1,0,-9.00
2014-01-29T11:00:00,-0.97,0.5,-0.04,0.13,1.74,-0.79,-0.54,0.56,-0.09,1,0,-4.00
2014-01-29T12:00:00,-0.68,0.61,-0.19,-0.14,1.41,-1.13,-0.67,0.23,-0.13,0,0,-2.00
2014-01-29T13:00:00,-0.83,0.43,-0.2,-0.01,2.02,-1.65,-0.7,-0.01,-0.15,0,0,0.00
2014-01-29T14:00:00,-0.75,0.34,0.03,0.25,1.51,-1.85,-0.69,0.38,-0.09,0,0,-3.00
2014-01-29T15:00:00,-0.43,0.67,0.28,0.21,0.45,-2.11,-0.65,0.35,-0.09,0,0,-7.00
2014-01-29T16:00:00,-0.64,0.72,-0.1,0.26,1.1,-1.47,-0.66,0.16,-0.13,0,0,-11.00
2014-01-29T17:00:00,-0.79,0.68,-0.06,0.22,1.55,-0.95,-0.77,-0.13,-0.17,0,0,-11.00
2014-01-29T18:00:00,-0.6,0.65,0.19,0.47,0.6,-0.91,-0.68,0.06,-0.13,0,0,-9.00
2014-01-29T19:00:00,-0.49,0.72,0.13,0.55,0.39,-0.65,-0.69,-0.0,-0.14,0,0,-9.00
2014-01-29T20:00:00,-0.37,0.33,-0.46,0.68,0.52,0.55,-0.53,-0.06,-0.1,0,0,-9.00
2014-01-29T21:00:00,-0.58,0.17,-0.2,0.89,0.68,0.57,-0.47,-0.13,-0.07,0,0,-8.00
2014-01-29T22:00:00,-0.13,0.64,-0.03,0.72,-0.04,0.15,-0.5,-0.31,-0.12,0,0,-9.00
2014-01-29T23:00:00,-0.37,0.52,0.28,0.8,0.06,-0.4,-0.46,-0.23,-0.1,0,0,-6.00
2014-01-30T00:00:00,-0.36,-0.01,-0.35,0.79,0.63,0.8,-0.35,-0.35,-0.09,0,0,-7.00
2014-01-30T01:00:00,-0.31,-0.16,-0.53,0.81,0.47,0.82,-0.3,-0.52,-0.16,0,0,-6.00
2014-01-30T02:00:00,-0.64,0.5,-0.2,0.94,-0.2,0.44,-0.45,-0.45,-0.16,0,0,-4.00
2014-01-30T03:00:00,-0.48,0.58,0.4,0.87,0.01,-0.49,-0.43,-0.42,-0.15,0,0,-6.00
2014-01-30T04:00:00,-0.75,-0.09,0.35,1.08,0.69,-0.82,-0.53,-0.5,-0.17,0,0,-14.00
2014-01-30T05:00:00,-0.63,-0.31,0.2,1.05,0.6,-0.46,-0.56,-0.44,-0.15,0,0,-18.00
2014-01-30T06:00:00,-0.73,-0.06,0.32,1.05,0.28,-0.4,-0.6,-0.46,-0.17,0,0,-14.00
2014-01-30T07:00:00,-0.78,0.06,0.25,1.01,-0.02,-0.15,-0.52,-0.44,-0.16,0,0,-13.00
2014-01-30T08:00:00,-0.77,0.18,0.14,1.05,-0.23,0.18,-0.54,-0.42,-0.16,0,0,-15.00
2014-01-30T09:00:00,-0.69,0.21,0.16,1.04,-0.43,0.13,-0.53,-0.38,-0.14,0,0,-17.00
2014-01-30T10:00:00,-0.28,0.57,0.25,0.96,-0.56,0.08,-0.52,-0.44,-0.15,0,0,-14.00
2014-01-30T11:00:00,-0.29,0.41,0.28,0.9,-0.18,0.05,-0.42,-0.45,-0.12,0,0,-9.00
2014-01-30T12:00:00,-0.42,0.41,0.35,1.02,-0.41,-0.19,-0.5,-0.42,-0.14,0,0,-6.00
2014-01-30T13:00:00,-0.44,0.46,0.33,1.01,-0.39,-0.13,-0.49,-0.38,-0.14,0,0,-6.00
2014-01-30T14:00:00,-0.45,0.34,0.55,0.97,-0.11,-0.37,-0.63,-0.38,-0.16,0,0,-6.00
2014-01-30T15:00:00,-0.28,0.59,0.08,0.93,-1.35,0.55,0.02,-0.46,-0.11,0,0,-8.00
2014-01-30T16:00:00,-0.27,0.74,0.01,1.0,-1.15,0.85,-0.7,-0.49,-0.18,0,1,-10.00
2014-01-30T17:00:00,-0.35,0.73,0.05,1.02,-1.22,0.75,-0.68,-0.49,-0.18,0,1,-8.00
2014-01-30T18:00:00,-0.5,0.65,0.2,1.12,-1.24,0.56,-0.79,-0.45,-0.18,0,1,-6.00
2014-01-30T19:00:00,-0.53,0.6,0.48,1.1,-0.95,-0.73,-0.85,-0.38,-0.18,0,1,-6.00
2014-01-30T20:00:00,-0.6,0.58,0.48,1.07,-0.6,-0.44,-0.84,-0.27,-0.18,0,1,-7.00
2014-01-30T21:00:00,-0.58,0.68,0.46,1.19,-0.9,-0.72,-0.83,-0.44,-0.18,0,1,-11.00
2014-01-30T22:00:00,-0.56,0.77,0.4,1.21,-1.14,-0.5,-0.83,-0.46,-0.19,0,1,-8.00
2014-01-30T23:00:00,-0.52,0.72,0.48,1.19,-0.97,-0.81,-0.82,-0.46,-0.19,0,1,-9.00
2014-01-31T00:00:00,-0.68,0.71,0.27,1.37,-1.06,-0.05,-0.7,-0.57,-0.19,0,1,-10.00
2014-01-31T01:00:00,-0.73,0.51,0.43,1.35,-0.72,-0.57,-0.77,-0.42,-0.18,0,1,-8.00
2014-01-31T02:00:00,-0.46,0.72,0.46,1.19,-1.17,-0.51,-0.81,-0.3,-0.18,0,1,-7.00
2014-01-31T03:00:00,-0.29,0.82,0.5,1.1,-1.23,-0.56,-0.74,-0.43,-0.18,0,1,-9.00
2014-01-31T04:00:00,-0.3,0.92,0.44,1.17,-1.32,-0.48,-0.65,-0.56,-0.19,0,1,-11.00
2014-01-31T05:00:00,-0.14,1.04,0.14,1.14,-1.39,0.15,-0.62,-0.57,-0.19,0,1,-11.00
2014-01-31T06:00:00,0.06,0.99,0.13,1.1,-1.23,0.25,-0.58,-0.58,-0.19,0,1,-10.00
2014-01-31T07:00:00,-0.24,0.93,0.07,1.26,-1.3,0.36,-0.66,-0.56,-0.19,0,1,-8.00
2014-01-31T08:00:00,-0.21,0.9,0.17,1.25,-0.97,-0.01,-0.59,-0.54,-0.18,0,1,-6.00
2014-01-31T09:00:00,-0.0,0.86,-0.02,1.2,-0.71,0.22,-0.37,-0.54,-0.17,0,1,-5.00
2014-01-31T10:00:00,-0.21,0.85,0.03,1.18,-0.8,0.42,-0.44,-0.53,-0.18,0,1,-1.00
2014-01-31T11:00:00,-0.29,0.83,0.0,1.18,-0.73,0.57,-0.43,-0.51,-0.17,0,1,4.00
2014-01-31T12:00:00,-0.42,0.79,0.07,1.16,-0.86,0.69,-0.44,-0.5,-0.17,0,1,3.00
2014-01-31T13:00:00,-0.49,0.75,0.07,1.23,-0.69,0.57,-0.41,-0.53,-0.17,0,1,1.00
2014-01-31T14:00:00,-0.54,0.68,0.08,1.25,-0.6,0.51,-0.35,-0.53,-0.17,0,1,0.00
2014-01-31T15:00:00,-0.57,0.6,0.08,1.27,-0.43,0.46,-0.25,-0.52,-0.16,0,1,-2.00
2014-01-31T16:00:00,-0.63,0.59,0.08,1.32,-0.46,0.48,-0.3,-0.53,-0.17,0,1,-2.00
2014-01-31T17:00:00,-0.61,0.59,0.07,1.31,-0.45,0.46,-0.22,-0.54,-0.17,0,1,-1.00
2014-01-31T18:00:00,-0.57,0.6,0.11,1.33,-0.3,0.41,-0.16,-0.56,-0.17,0,1,2.00
2014-01-31T19:00:00,-0.56,0.62,0.13,1.37,-0.36,0.38,-0.2,-0.56,-0.17,0,1,3.00
2014-01-31T20:00:00,-0.52,0.67,0.17,1.39,-0.5,0.4,-0.22,-0.56,-0.17,0,1,4.00
2014-01-31T21:00:00,-0.54,0.67,0.22,1.41,-0.54,0.3,-0.2,-0.57,-0.18,0,1,0.00
2014-01-31T22:00:00,-0.5,0.64,0.23,1.44,-0.45,0.32,-0.05,-0.58,-0.18,0,1,-2.00
2014-01-31T23:00:00,-0.58,0.57,0.24,1.47,-0.34,0.24,-0.03,-0.59,-0.18,0,1,-3.00
2014-02-01T00:00:00,-0.5,0.67,0.18,1.45,-0.43,0.28,0.02,-0.59,-0.18,0,1,---
2014-02-01T01:00:00,-0.36,0.72,0.1,1.44,-0.57,0.17,0.13,-0.58,-0.17,0,1,1.00
2014-02-01T02:00:00,-0.43,0.53,0.1,1.44,-0.56,0.12,0.48,-0.58,-0.15,0,1,3.00
2014-02-01T03:00:00,-0.37,0.54,0.06,1.46,-0.6,0.13,0.56,-0.58,-0.15,0,1,5.00
2014-02-01T04:00:00,-0.25,0.46,0.02,1.44,-0.67,0.16,0.73,-0.58,-0.12,0,1,6.00
2014-02-01T05:00:00,-0.38,0.38,0.16,1.48,-0.77,0.02,0.63,-0.57,-0.12,0,1,8.00
2014-02-01T06:00:00,-0.39,0.35,0.15,1.5,-0.77,-0.05,0.76,-0.56,-0.1,0,1,9.00
2014-02-01T07:00:00,-0.12,0.31,-0.06,1.56,-0.82,-0.13,0.74,-0.57,-0.0,0,1,9.00
2014-02-01T08:00:00,-0.12,0.2,-0.02,1.47,-0.78,0.04,0.68,-0.54,0.29,0,0,8.00
2014-02-01T09:00:00,0.28,-0.04,-0.06,1.35,-0.49,0.03,0.29,-0.47,0.28,0,0,9.00
2014-02-01T10:00:00,0.6,-0.18,-0.04,1.37,-0.42,-0.04,0.23,-0.47,-0.08,0,0,6.00
2014-02-01T11:00:00,0.54,-0.11,-0.06,1.32,-0.34,0.12,0.42,-0.43,0.02,0,0,3.00
2014-02-01T12:00:00,0.46,-0.23,0.08,1.29,-0.53,0.15,0.58,-0.43,0.09,0,0,7.00
2014-02-01T13:00:00,0.31,-0.19,-0.21,1.25,-0.42,0.0,0.48,-0.47,0.05,0,0,11.00
2014-02-01T14:00:00,0.41,-0.52,-0.06,1.24,-0.58,0.32,1.92,-0.48,0.04,0,0,10.00
2014-02-01T15:00:00,0.45,-0.23,-0.12,1.29,-0.61,0.09,0.45,-0.46,0.0,0,0,13.00
2014-02-01T16:00:00,0.61,0.18,-0.33,1.28,-0.28,-0.07,0.42,-0.45,-0.1,0,0,14.00
2014-02-01T17:00:00,0.75,0.09,-0.41,1.24,-0.12,0.05,0.42,-0.42,-0.11,0,0,11.00
2014-02-01T18:00:00,0.32,0.24,-0.21,1.11,-0.25,0.04,0.38,-0.44,0.03,0,0,10.00
2014-02-01T19:00:00,0.57,0.45,-0.47,1.11,-0.11,-0.25,0.46,-0.38,-0.11,0,0,9.00
2014-02-01T20:00:00,0.49,-0.63,-0.31,1.14,-0.56,-0.23,0.53,-0.38,-0.09,0,0,5.00
2014-02-01T21:00:00,0.57,-0.53,-0.12,1.13,-0.41,-0.2,0.43,-0.32,-0.04,0,0,4.00
2014-02-01T22:00:00,0.35,-0.69,0.01,0.99,-0.47,0.29,0.33,-0.37,-0.06,0,0,-1.00
2014-02-01T23:00:00,0.72,-0.44,-0.18,1.11,-0.25,-0.05,0.32,-0.35,-0.08,0,0,-4.00
2014-02-02T00:00:00,0.83,-0.54,-0.16,1.11,-0.37,0.02,0.35,-0.32,-0.1,0,0,-1.00
2014-02-02T01:00:00,0.66,0.06,-0.3,1.04,0.24,-0.23,0.26,-0.26,-0.03,0,0,-2.00
2014-02-02T02:00:00,0.46,0.08,-0.47,0.98,0.3,-0.51,0.32,-0.27,-0.03,0,0,-2.00
2014-02-02T03:00:00,0.76,-0.39,0.06,1.1,0.03,0.06,0.46,-0.24,-0.01,0,0,0.00
2014-02-02T04:00:00,0.69,-0.16,-0.04,1.09,0.13,-0.16,0.34,-0.1,0.13,0,0,2.00
2014-02-02T05:00:00,0.68,-0.36,0.09,1.06,-0.13,0.43,0.34,-0.15,0.06,0,0,0.00
2014-02-02T06:00:00,0.45,-0.61,0.14,1.0,-0.31,0.09,0.34,-0.09,0.09,0,0,1.00
2014-02-02T07:00:00,0.24,-0.61,0.53,0.99,-0.24,0.19,0.21,-0.14,-0.01,0,0,0.00
2014-02-02T08:00:00,-0.16,-0.59,0.75,0.87,-0.03,0.51,0.15,-0.21,-0.09,0,0,-1.00
2014-02-02T09:00:00,0.42,-0.85,0.56,0.9,0.11,1.1,0.6,-0.25,-0.08,0,0,0.00
2014-02-02T10:00:00,0.13,-0.86,0.74,0.92,0.64,0.34,0.1,-0.27,-0.13,0,0,-1.00
2014-02-02T11:00:00,0.42,-0.76,0.31,0.85,-0.04,0.17,0.26,-0.11,-0.02,0,0,0.00
2014-02-02T12:00:00,0.55,-0.32,-0.55,0.87,0.31,-0.56,0.14,-0.08,-0.04,0,0,4.00
2014-02-02T13:00:00,0.58,-0.41,-0.28,0.89,0.26,-0.57,0.11,0.01,0.05,0,0,7.00
2014-02-02T14:00:00,0.19,-0.55,0.01,0.76,0.3,-0.17,0.08,-0.02,0.26,0,0,7.00
2014-02-02T15:00:00,0.39,-0.75,0.53,0.8,0.14,0.36,0.07,-0.08,-0.06,0,0,4.00
2014-02-02T16:00:00,0.57,-0.71,0.14,0.86,-0.02,0.04,-0.04,-0.08,-0.05,0,0,2.00
2014-02-02T17:00:00,0.74,-0.52,-0.09,0.93,0.21,-0.05,-0.06,-0.05,-0.04,0,0,4.00
2014-02-02T18:00:00,0.25,-0.59,0.27,0.76,0.35,0.27,-0.06,-0.18,0.01,0,0,7.00
2014-02-02T19:00:00,0.52,-0.61,0.1,0.82,-0.06,0.05,-0.04,-0.18,-0.04,0,0,9.00
2014-02-02T20:00:00,0.86,-0.17,-0.01,0.89,0.44,0.06,-0.01,-0.2,-0.07,0,0,7.00
2014-02-02T21:00:00,0.32,-0.57,0.25,0.68,-0.01,0.43,-0.01,-0.2,0.01,0,0,4.00
2014-02-02T22:00:00,0.78,-0.23,0.11,0.85,0.51,0.19,-0.01,-0.19,-0.04,0,0,0.00
2014-02-02T23:00:00,0.35,-0.6,0.15,0.46,-0.2,0.18,0.32,0.1,0.25,0,0,-2.00
2014-02-03T00:00:00,0.7,-0.96,0.23,0.45,-0.44,0.69,0.43,0.14,-0.02,0,0,-3.00
2014-02-03T01:00:00,0.69,-0.31,-0.3,0.55,0.28,0.18,0.54,0.21,0.19,0,0,5.00
2014-02-03T02:00:00,0.93,0.19,-0.15,0.7,0.96,0.53,0.43,0.04,0.03,0,0,9.00
2014-02-03T03:00:00,0.77,-0.6,-0.63,0.7,0.0,-0.05,0.44,0.01,-0.07,0,0,11.00
2014-02-03T04:00:00,0.78,-1.04,0.1,0.74,-0.35,1.11,0.37,0.02,-0.08,0,0,12.00
2014-02-03T05:00:00,0.6,-1.0,0.57,0.7,-0.13,1.6,0.3,-0.16,-0.11,0,0,9.00
2014-02-03T06:00:00,1.07,-0.72,-0.18,0.92,-0.29,1.11,0.19,-0.1,-0.11,0,0,5.00
2014-02-03T07:00:00,0.59,-0.97,0.65,0.77,-0.18,1.87,0.29,-0.16,-0.11,0,0,6.00
2014-02-03T08:00:00,0.83,-0.78,0.39,0.89,-0.01,1.53,0.43,-0.19,-0.09,0,0,10.00
2014-02-03T09:00:00,0.7,-0.9,0.13,0.94,-0.16,1.16,0.49,-0.19,-0.08,0,0,9.00
2014-02-03T10:00:00,0.93,-0.37,0.65,0.96,0.23,1.4,0.46,-0.29,-0.11,0,0,9.00
2014-02-03T11:00:00,1.02,-0.48,0.5,1.05,0.13,1.53,0.36,-0.29,-0.12,0,0,5.00
2014-02-03T12:00:00,0.83,-0.81,-0.33,1.1,-0.33,0.21,0.18,-0.36,-0.15,0,0,7.00
2014-02-03T13:00:00,0.4,-0.74,-0.56,1.05,-0.37,-0.11,0.26,-0.42,-0.14,0,0,9.00
2014-02-03T14:00:00,0.47,-0.88,-0.3,1.06,-0.37,0.07,0.21,-0.35,-0.13,0,0,7.00
2014-02-03T15:00:00,0.75,-0.69,0.16,1.15,-0.27,0.63,0.19,-0.35,-0.12,0,0,3.00
2014-02-03T16:00:00,0.64,-0.52,0.39,1.17,-0.19,0.77,0.23,-0.36,-0.1,0,0,1.00
2014-02-03T17:00:00,0.57,-0.43,0.55,1.18,-0.19,0.81,0.34,-0.36,-0.09,0,0,-4.00
2014-02-03T18:00:00,0.79,-0.38,0.14,1.25,-0.21,0.47,0.39,-0.33,-0.06,0,0,-1.00
2014-02-03T19:00:00,0.75,-0.47,-0.02,1.28,-0.29,0.34,0.41,-0.34,-0.07,0,0,4.00
2014-02-03T20:00:00,0.62,-0.64,-0.06,1.29,-0.4,0.33,0.35,-0.34,-0.08,0,0,5.00
2014-02-03T21:00:00,0.36,-0.36,-0.53,1.24,-0.25,-0.18,0.3,-0.37,-0.09,0,0,5.00
2014-02-03T22:00:00,0.06,-0.49,-0.55,1.18,-0.4,-0.15,0.21,-0.42,-0.12,0,0,2.00
2014-02-03T23:00:00,0.64,-0.31,-0.3,1.35,-0.2,0.07,0.22,-0.32,-0.07,0,0,-7.00
2014-02-04T00:00:00,0.6,-0.31,-0.42,1.33,-0.2,-0.04,0.28,-0.36,-0.09,0,0,-10.00
2014-02-04T01:00:00,0.43,-0.58,-0.29,1.25,-0.39,-0.14,0.62,-0.44,-0.09,0,0,-8.00
2014-02-04T02:00:00,0.47,-0.95,-0.23,1.14,-0.65,-0.25,0.91,-0.42,-0.11,0,0,-9.00
2014-02-04T03:00:00,-0.31,0.14,0.4,1.14,-0.65,-0.29,0.91,-0.39,0.17,0,0,-3.00
2014-02-04T04:00:00,-0.62,1.17,0.24,1.19,-1.01,-0.33,0.73,-0.41,-0.15,0,0,2.00
2014-02-04T05:00:00,-0.62,1.01,0.57,1.22,-1.02,-0.13,0.91,-0.4,-0.14,0,0,6.00
2014-02-04T06:00:00,-0.55,1.06,0.62,1.23,-1.0,-0.21,1.12,-0.44,-0.15,0,0,8.00
2014-02-04T07:00:00,-0.42,0.49,1.12,1.27,-0.71,-0.46,1.01,-0.48,-0.16,0,0,7.00
2014-02-04T08:00:00,-0.22,-0.07,1.15,1.24,-0.53,-0.42,0.95,-0.49,-0.15,0,0,8.00
2014-02-04T09:00:00,-0.7,0.19,0.73,1.33,-0.56,-0.13,1.09,-0.4,-0.1,0,0,8.00
2014-02-04T10:00:00,-0.77,0.54,0.44,1.37,-0.46,0.16,2.73,-0.35,0.02,0,0,7.00
2014-02-04T11:00:00,-0.73,0.64,0.05,1.33,-0.68,0.19,0.62,-0.21,-0.04,0,0,4.00
2014-02-04T12:00:00,-0.67,0.49,-0.55,1.33,-0.38,0.54,0.69,-0.27,-0.08,0,0,2.00
2014-02-04T13:00:00,-0.51,0.35,-0.71,1.29,-0.23,0.37,0.46,-0.34,-0.12,0,0,2.00
2014-02-04T14:00:00,-0.31,0.28,0.22,1.29,-0.33,-0.44,0.29,-0.26,0.28,0,0,1.00
2014-02-04T15:00:00,-0.64,0.63,-0.3,1.42,-0.47,-0.2,0.01,-0.16,-0.09,0,0,1.00
2014-02-04T16:00:00,-0.46,-0.08,0.64,1.37,0.16,-1.07,-0.03,-0.4,-0.12,0,0,2.00
2014-02-04T17:00:00,-0.08,-0.26,1.11,1.24,0.24,-1.31,0.01,-0.45,-0.17,0,0,-1.00
2014-02-04T18:00:00,-0.4,-0.52,1.05,1.27,0.47,-1.22,0.06,-0.42,-0.16,0,0,1.00
2014-02-04T19:00:00,-0.63,0.01,0.98,1.32,0.31,-1.17,-0.05,-0.27,-0.14,0,0,5.00
2014-02-04T20:00:00,-0.54,-0.04,0.98,1.22,0.59,-1.08,0.08,-0.07,-0.1,0,0,10.00
2014-02-04T21:00:00,-0.4,-0.22,1.05,1.23,0.44,-1.23,0.1,-0.13,-0.12,0,0,12.00
2014-02-04T22:00:00,0.04,-0.72,0.96,1.18,0.63,-1.3,0.12,-0.18,-0.12,0,0,12.00
2014-02-04T23:00:00,-0.62,0.59,0.84,1.07,0.61,-0.72,-0.1,0.12,-0.1,0,0,10.00
2014-02-05T00:00:00,-0.99,0.69,0.97,1.1,0.07,-0.44,0.14,-0.06,-0.14,0,0,8.00
2014-02-05T01:00:00,-0.62,1.23,0.84,1.03,-0.59,-0.24,-0.4,-0.16,-0.17,0,0,8.00
2014-02-05T02:00:00,-1.11,0.56,1.09,1.18,-0.11,-1.01,-0.52,-0.34,-0.18,0,0,5.00
2014-02-05T03:00:00,-1.14,-0.55,0.98,1.26,0.54,-1.04,-0.23,-0.32,-0.17,0,0,7.00
2014-02-05T04:00:00,-0.74,-0.88,1.26,1.21,0.41,-1.7,-0.17,-0.35,-0.18,0,0,6.00
2014-02-05T05:00:00,-0.85,-1.11,0.89,1.3,0.49,-1.32,-0.26,-0.33,-0.17,0,0,12.00
2014-02-05T06:00:00,-0.93,0.54,1.43,1.2,0.81,-0.87,-0.55,-0.5,-0.19,0,0,15.00
2014-02-05T07:00:00,-1.07,0.17,1.27,1.19,0.53,-0.87,-0.55,-0.44,-0.19,0,0,13.00
2014-02-05T08:00:00,-1.5,0.06,0.57,1.11,0.18,-1.07,-0.47,-0.36,-0.18,0,0,11.00
2014-02-05T09:00:00,-1.44,0.43,0.74,1.12,0.08,-1.46,-0.43,-0.43,-0.18,0,0,12.00
2014-02-05T10:00:00,-1.64,0.51,0.37,1.23,0.44,-1.04,-0.44,-0.41,-0.18,0,0,12.00
2014-02-05T11:00:00,-1.37,1.09,0.08,1.19,0.16,-0.84,-0.47,-0.46,-0.19,0,0,6.00
2014-02-05T12:00:00,-1.07,1.24,-0.2,1.2,-0.2,-0.08,-0.49,-0.35,-0.18,0,0,6.00
2014-02-05T13:00:00,-0.3,-0.84,1.28,0.69,1.8,-0.11,-0.25,-0.32,-0.17,0,0,8.00
2014-02-05T14:00:00,-0.16,-0.18,1.66,0.74,1.48,-0.53,-0.29,-0.32,-0.18,0,0,5.00
2014-02-05T15:00:00,-0.3,0.44,1.46,0.75,1.46,-0.77,-0.25,-0.21,-0.17,0,0,4.00
2014-02-05T16:00:00,-0.65,1.46,0.26,0.89,0.35,0.47,-0.39,-0.24,-0.17,0,0,5.00
2014-02-05T17:00:00,-0.79,0.85,0.76,0.95,0.5,-0.09,-0.36,-0.27,-0.17,0,0,7.00
2014-02-05T18:00:00,-0.43,0.3,1.0,0.87,0.94,-0.03,-0.35,-0.3,-0.16,0,0,10.00
2014-02-05T19:00:00,-0.51,0.75,0.65,0.88,0.28,0.15,-0.27,-0.18,-0.14,0,0,13.00
2014-02-05T20:00:00,-0.39,1.27,0.1,0.87,-0.56,1.51,-0.28,-0.26,-0.16,0,0,14.00
2014-02-05T21:00:00,-0.4,1.22,0.08,0.87,-0.77,1.65,-0.38,-0.29,-0.16,0,0,16.00
2014-02-05T22:00:00,-0.35,1.09,0.3,0.86,-1.03,0.98,-0.36,-0.26,-0.15,0,0,15.00
2014-02-05T23:00:00,-0.4,1.21,-0.14,0.9,-0.98,1.95,-0.37,-0.34,-0.17,0,0,9.00
2014-02-06T00:00:00,-0.33,1.27,0.21,0.83,-1.13,1.15,-0.39,-0.35,-0.17,0,0,1.00
2014-02-06T01:00:00,-0.55,0.82,0.71,0.96,-0.61,0.07,-0.39,-0.26,-0.16,0,0,0.00
2014-02-06T02:00:00,-0.73,1.0,-0.31,0.84,-0.03,1.48,-0.43,-0.43,-0.18,0,0,-1.00
2014-02-06T03:00:00,-0.75,1.03,-0.57,0.76,0.17,1.25,-0.57,-0.48,-0.19,0,1,-1.00
2014-02-06T04:00:00,-0.8,1.03,-0.43,0.7,0.43,1.16,-0.47,-0.52,-0.19,0,1,2.00
2014-02-06T05:00:00,-0.85,0.96,-0.35,0.72,0.71,0.83,-0.41,-0.55,-0.19,0,1,0.00
2014-02-06T06:00:00,-0.76,0.89,-0.51,0.78,0.23,1.2,-0.62,-0.48,-0.18,0,1,-6.00
2014-02-06T07:00:00,-0.78,0.88,-0.47,0.72,0.24,1.02,-0.64,-0.49,-0.19,0,1,-11.00
2014-02-06T08:00:00,-0.87,0.7,-0.43,0.77,0.22,1.06,-0.62,-0.47,-0.18,0,1,-11.00
2014-02-06T09:00:00,-0.95,0.7,-0.24,0.74,0.38,0.24,-0.58,-0.56,-0.19,0,1,-12.00
2014-02-06T10:00:00,-0.91,0.64,-0.34,0.71,0.46,0.35,-0.56,-0.56,-0.19,0,1,-17.00
2014-02-06T11:00:00,-1.09,0.29,-0.29,0.82,0.54,0.77,-0.59,-0.47,-0.18,0,1,-26.00
2014-02-06T12:00:00,-1.11,0.22,0.03,0.86,0.53,0.05,-0.5,-0.51,-0.18,0,1,-27.00
2014-02-06T13:00:00,-0.8,0.55,-0.23,0.81,0.27,0.44,-0.55,-0.52,-0.18,0,1,-25.00
2014-02-06T14:00:00,-0.63,0.65,-0.41,0.75,0.14,0.62,-0.48,-0.53,-0.18,0,1,-28.00
2014-02-06T15:00:00,-0.66,0.82,-0.16,0.78,-0.24,0.35,-0.63,-0.51,-0.18,0,1,-29.00
2014-02-06T16:00:00,-0.82,0.69,0.2,0.89,-0.06,-0.03,-0.57,-0.54,-0.18,0,1,-22.00
2014-02-06T17:00:00,-0.84,0.59,0.19,0.96,-0.07,0.42,-0.44,-0.58,-0.18,0,1,-25.00
2014-02-06T18:00:00,-0.99,0.33,0.1,0.94,-0.0,0.33,-0.32,-0.59,-0.19,0,1,-19.00
2014-02-06T19:00:00,-0.93,0.48,-0.04,0.98,0.03,0.51,-0.4,-0.58,-0.19,0,1,-15.00
2014-02-06T20:00:00,-0.67,0.86,0.02,0.93,-0.1,0.51,-0.67,-0.56,-0.19,0,1,-10.00
2014-02-06T21:00:00,-0.81,0.79,0.06,1.02,0.05,0.35,-0.71,-0.57,-0.19,0,1,-9.00
2014-02-06T22:00:00,-0.73,0.79,0.11,1.07,-0.1,0.25,-0.58,-0.58,-0.19,0,1,-13.00
2014-02-06T23:00:00,-0.93,0.55,0.16,1.13,0.13,0.19,-0.52,-0.58,-0.19,0,1,-16.00
2014-02-07T00:00:00,-0.97,0.45,0.11,1.18,0.13,0.29,-0.55,-0.58,-0.19,0,1,-16.00
2014-02-07T01:00:00,-0.95,0.41,0.1,1.18,0.04,0.14,-0.49,-0.59,-0.19,0,1,-18.00
2014-02-07T02:00:00,-0.94,0.39,0.04,1.19,-0.05,0.12,-0.41,-0.6,-0.19,0,1,-19.00
2014-02-07T03:00:00,-0.89,0.47,-0.02,1.21,-0.04,0.01,-0.42,-0.6,-0.19,0,1,-18.00
2014-02-07T04:00:00,-0.85,0.53,-0.13,1.19,-0.13,-0.06,-0.51,-0.59,-0.19,0,1,-16.00
2014-02-07T05:00:00,-0.88,0.54,-0.16,1.13,-0.15,-0.12,-0.68,-0.58,-0.19,0,1,-12.00
2014-02-07T06:00:00,-0.6,0.83,-0.14,0.97,-0.74,0.03,0.16,-0.58,-0.18,0,1,-10.00
2014-02-07T07:00:00,-0.61,0.79,-0.14,1.11,-0.34,-0.17,-0.73,-0.57,-0.19,0,1,-12.00
2014-02-07T08:00:00,-0.6,0.72,-0.1,1.19,-0.22,-0.36,1.59,-0.59,-0.16,0,1,-14.00
2014-02-07T09:00:00,-0.71,0.61,-0.17,1.24,-0.15,-0.26,-0.59,-0.59,-0.19,0,1,-15.00
2014-02-07T10:00:00,-0.63,0.59,-0.11,1.26,-0.12,-0.32,-0.58,-0.58,-0.18,0,1,-16.00
2014-02-07T11:00:00,-0.46,0.75,-0.05,1.21,-0.12,-0.15,-0.6,-0.57,-0.18,0,1,-17.00
2014-02-07T12:00:00,-0.62,0.6,-0.16,1.31,-0.02,-0.07,-0.56,-0.57,-0.18,0,1,-17.00
2014-02-07T13:00:00,-0.42,0.61,-0.28,1.29,-0.07,0.19,-0.46,-0.58,-0.18,0,1,-14.00
2014-02-07T14:00:00,-0.5,0.59,-0.18,1.41,-0.25,0.06,-0.48,-0.58,-0.18,0,1,-14.00
2014-02-07T15:00:00,-0.48,0.6,0.16,1.44,-0.31,-0.75,-0.45,-0.58,-0.18,0,1,-12.00
2014-02-07T16:00:00,-0.55,1.51,0.22,0.84,-0.81,-1.76,0.47,-0.49,-0.17,0,1,-8.00
2014-02-07T17:00:00,-0.68,1.68,1.04,0.51,-0.73,-2.11,0.31,-0.33,-0.17,0,1,-10.00
2014-02-07T18:00:00,-1.03,1.37,1.21,0.56,-1.07,-2.42,0.36,-0.18,-0.16,0,1,10.00
2014-02-07T19:00:00,-0.97,1.99,0.48,0.5,-1.2,-1.59,0.38,-0.11,-0.16,0,1,8.00
2014-02-07T20:00:00,-0.41,0.73,0.49,0.48,-0.85,-1.98,1.44,-0.27,0.0,0,1,10.00
2014-02-07T21:00:00,1.04,-0.55,-0.76,0.35,-0.79,-1.42,1.97,-0.3,-0.1,0,0,9.00
2014-02-07T22:00:00,0.66,-0.96,0.09,0.35,-1.24,-0.86,0.66,-0.25,-0.09,0,0,14.00
2014-02-07T23:00:00,-0.84,-0.63,1.47,0.26,-0.32,-0.3,0.14,-0.17,-0.16,0,0,7.00
2014-02-08T00:00:00,-0.5,0.91,0.83,0.12,0.72,-0.12,4.86,-0.45,-0.07,0,0,-19.00
2014-02-08T01:00:00,0.25,1.23,1.13,0.24,0.72,-0.1,5.94,-0.48,-0.12,0,0,-24.00
2014-02-08T02:00:00,-0.44,1.75,0.44,0.23,0.79,-0.22,7.2,-0.49,-0.12,0,0,8.00
2014-02-08T03:00:00,-0.54,1.75,-0.47,0.25,0.45,-0.04,6.22,-0.52,-0.15,0,0,18.00
2014-02-08T04:00:00,-0.33,1.46,-0.51,0.24,0.43,-0.2,5.81,-0.51,-0.12,0,0,19.00
2014-02-08T05:00:00,-0.05,1.05,-0.23,0.33,0.66,-0.2,4.72,-0.44,-0.01,0,0,11.00
2014-02-08T06:00:00,0.22,0.9,-0.38,0.28,0.32,0.05,2.99,-0.51,-0.1,0,0,-2.00
2014-02-08T07:00:00,-1.28,-0.2,1.0,0.39,0.41,-0.14,1.32,-0.44,-0.16,0,1,-6.00
2014-02-08T08:00:00,-1.42,-0.58,0.89,0.43,-0.1,0.0,0.26,-0.38,-0.17,0,1,-16.00
2014-02-08T09:00:00,-1.48,-1.0,0.59,0.29,-0.05,0.08,0.07,-0.54,-0.19,0,1,-25.00
2014-02-08T10:00:00,-1.52,-0.92,0.51,0.32,0.11,0.01,-0.02,-0.54,-0.19,0,1,-19.00
2014-02-08T11:00:00,-1.25,-0.78,0.54,0.24,0.37,0.18,0.74,-0.53,-0.17,0,1,-18.00
2014-02-08T12:00:00,0.63,-1.62,-0.26,0.44,0.67,-0.23,0.05,-0.51,-0.18,0,1,-17.00
2014-02-08T13:00:00,0.19,-1.62,-0.22,0.45,0.14,-0.18,0.04,-0.42,-0.17,0,1,-14.00
2014-02-08T14:00:00,0.72,-1.49,-0.57,0.43,0.53,0.04,-0.27,-0.47,-0.18,0,1,-25.00
2014-02-08T15:00:00,1.09,-0.77,-0.72,0.37,0.62,-0.11,-0.1,-0.46,-0.18,0,1,-26.00
2014-02-08T16:00:00,0.82,-0.51,-0.61,0.35,0.91,-0.55,0.07,-0.33,-0.15,0,1,-25.00
2014-02-08T17:00:00,0.87,-0.66,-0.59,0.43,0.75,-0.39,-0.12,-0.41,-0.17,0,1,-25.00
2014-02-08T18:00:00,0.87,-0.56,-0.65,0.54,0.84,-0.01,-0.02,-0.44,-0.17,0,1,-31.00
2014-02-08T19:00:00,0.65,-0.28,-0.79,0.63,0.62,-0.14,-0.05,-0.44,-0.16,0,1,-30.00
2014-02-08T20:00:00,0.2,0.01,-0.69,0.77,0.64,-1.22,1.46,-0.46,-0.08,0,1,-23.00
2014-02-08T21:00:00,0.46,-0.42,-0.66,0.65,0.19,-0.02,0.83,-0.56,-0.16,0,1,-19.00
2014-02-08T22:00:00,0.38,-0.42,-0.63,0.66,0.48,-0.25,1.98,-0.58,-0.15,0,1,-26.00
2014-02-08T23:00:00,0.22,-0.56,-0.76,0.69,0.23,-0.26,0.55,-0.56,-0.17,0,1,-29.00
2014-02-09T00:00:00,0.48,-0.15,-0.69,0.58,0.2,0.3,-0.13,-0.42,-0.15,0,1,-25.00
2014-02-09T01:00:00,0.28,-0.11,-0.65,0.65,0.29,0.39,-0.13,-0.39,-0.13,0,1,-29.00
2014-02-09T02:00:00,-0.53,-0.13,-0.47,0.86,-0.01,-0.24,-0.03,-0.35,-0.11,0,1,-36.00
2014-02-09T03:00:00,0.64,-0.62,-0.62,0.41,0.01,-0.16,-0.26,-0.48,-0.17,0,1,-32.00
2014-02-09T04:00:00,-0.34,-0.45,-0.44,0.73,-0.08,0.1,-0.21,-0.53,-0.16,0,1,-28.00
2014-02-09T05:00:00,-1.01,-0.17,-0.29,0.89,0.18,0.77,-0.04,-0.55,-0.18,0,1,-23.00
2014-02-09T06:00:00,-1.24,-0.04,-0.24,0.88,0.14,0.7,-0.28,-0.5,-0.18,0,1,-28.00
2014-02-09T07:00:00,-1.54,0.56,0.23,0.84,-0.1,0.46,-0.42,-0.5,-0.19,0,1,-34.00
2014-02-09T08:00:00,-1.53,0.14,0.43,0.98,-0.2,-0.04,-0.07,-0.51,-0.18,0,1,-32.00
2014-02-09T09:00:00,-1.38,0.05,0.62,0.92,-0.31,0.29,0.52,-0.48,-0.17,0,1,-30.00
2014-02-09T10:00:00,-0.77,0.24,0.69,0.73,-0.66,0.3,0.36,-0.4,-0.13,0,1,-24.00
2014-02-09T11:00:00,1.24,-0.41,-0.83,0.55,-0.21,0.27,-0.01,-0.4,-0.17,0,0,-21.00
2014-02-09T12:00:00,1.34,-0.54,-0.66,0.54,-0.06,0.04,-0.07,-0.39,-0.17,0,0,-21.00
2014-02-09T13:00:00,1.33,-0.53,-0.5,0.52,0.33,0.22,0.11,-0.37,-0.16,0,0,-18.00
2014-02-09T14:00:00,1.17,-0.32,-0.7,0.5,0.34,-0.34,0.04,-0.35,-0.16,0,0,-25.00
2014-02-09T15:00:00,1.03,-0.65,-0.35,0.5,-0.27,0.09,0.13,-0.18,-0.12,0,0,-25.00
2014-02-09T16:00:00,0.83,0.14,-0.46,0.36,1.03,-0.0,0.23,-0.11,-0.07,0,0,-22.00
2014-02-09T17:00:00,0.63,-0.2,-0.58,0.22,1.35,-0.17,0.35,0.1,0.02,0,0,-25.00
2014-02-09T18:00:00,0.81,-0.5,-0.47,0.29,1.07,-0.08,0.24,0.11,-0.03,0,0,-25.00
2014-02-09T19:00:00,0.3,-0.89,-0.13,0.08,0.78,0.67,0.17,0.1,0.01,0,0,-27.00
2014-02-09T20:00:00,0.77,-0.92,-0.18,0.16,0.52,0.82,0.1,-0.04,-0.1,0,0,-19.00
2014-02-09T21:00:00,0.68,-1.16,-0.28,0.13,0.23,0.77,-0.04,-0.02,-0.13,0,0,-24.00
2014-02-09T22:00:00,0.65,-1.19,-0.34,0.16,0.07,0.74,-0.16,0.05,-0.13,0,0,-27.00
2014-02-09T23:00:00,0.46,-0.99,-0.32,0.09,0.56,0.45,-0.06,0.18,-0.07,0,0,-28.00
2014-02-10T00:00:00,0.76,-0.81,-0.12,0.26,0.59,1.01,-0.01,0.19,-0.05,0,0,-25.00
2014-02-10T01:00:00,0.05,-0.96,0.23,0.0,0.73,1.48,-0.03,0.32,0.02,0,0,-22.00
2014-02-10T02:00:00,0.67,-0.73,-0.43,0.19,0.7,0.45,-0.1,0.3,-0.05,0,0,-22.00
2014-02-10T03:00:00,0.62,-0.8,-0.12,0.11,0.68,0.48,-0.12,0.04,-0.07,0,0,-17.00
2014-02-10T04:00:00,0.69,-0.83,-0.31,0.25,0.07,-1.37,0.57,-0.13,-0.06,0,0,-17.00
2014-02-10T05:00:00,0.37,-1.07,0.02,0.11,-0.18,0.33,-0.32,-0.14,-0.13,0,0,-19.00
2014-02-10T06:00:00,0.63,-0.9,-0.19,0.24,-0.16,-0.46,-0.38,-0.23,-0.15,0,0,-22.00
2014-02-10T07:00:00,0.29,-0.92,0.06,0.09,-0.05,-0.32,-0.5,-0.21,-0.14,0,0,-24.00
2014-02-10T08:00:00,0.37,-0.77,0.2,0.23,0.13,0.4,-0.55,-0.25,-0.14,0,0,-24.00
2014-02-10T09:00:00,0.12,-0.85,-0.03,0.14,-0.15,-0.16,-0.58,-0.27,-0.15,0,0,-25.00
2014-02-10T10:00:00,-0.33,-0.87,0.19,0.07,-0.45,0.15,-0.58,-0.37,-0.16,0,0,-26.00
2014-02-10T11:00:00,-0.26,-0.73,0.25,0.14,-0.04,0.51,-0.59,-0.33,-0.15,0,0,-26.00
2014-02-10T12:00:00,-0.14,-0.82,0.21,0.04,-0.22,0.61,-0.52,-0.33,-0.15,0,0,-24.00
2014-02-10T13:00:00,0.03,-0.83,-0.01,0.15,-0.31,0.37,-0.5,-0.35,-0.15,0,0,-22.00
2014-02-10T14:00:00,0.14,-0.71,-0.03,0.22,-0.24,0.29,-0.44,-0.36,-0.13,0,0,-21.00
2014-02-10T15:00:00,-0.13,-0.86,0.03,0.06,-0.51,0.23,-0.46,-0.38,-0.15,0,0,-21.00
2014-02-10T16:00:00,-0.15,-0.81,0.2,0.08,-0.28,0.35,-0.43,-0.38,-0.15,0,0,-20.00
2014-02-10T17:00:00,-0.27,-0.89,0.16,-0.09,-0.18,0.07,-0.34,-0.33,-0.14,0,0,-19.00
2014-02-10T18:00:00,0.56,0.17,-0.51,-0.38,0.81,0.44,-0.1,0.23,0.02,0,0,-17.00
2014-02-10T19:00:00,0.47,0.19,0.17,-0.42,1.04,0.79,-0.12,0.28,0.45,0,0,-10.00
2014-02-10T20:00:00,-0.11,-0.56,0.23,-0.48,0.19,-0.04,-0.24,0.1,0.16,0,0,-11.00
2014-02-10T21:00:00,-0.2,-0.71,-0.01,-0.52,-0.36,-0.73,-0.32,-0.08,-0.04,0,0,-19.00
2014-02-10T22:00:00,-0.19,-0.66,-0.16,-0.7,-0.35,-0.98,-0.43,-0.27,-0.11,0,0,-18.00
2014-02-10T23:00:00,-0.25,-0.63,-0.12,-0.81,-0.21,-0.5,-0.51,-0.34,-0.13,0,0,-18.00
2014-02-11T00:00:00,0.18,-0.7,-0.15,-0.57,-0.41,-0.18,-0.48,-0.3,-0.12,0,0,-20.00
2014-02-11T01:00:00,-0.11,-0.59,-0.02,-0.27,-0.28,0.63,-0.47,-0.25,-0.06,0,0,-18.00
2014-02-11T02:00:00,-0.49,-0.53,-0.07,-0.14,-0.32,1.02,-0.41,-0.25,-0.1,0,0,-17.00
2014-02-11T03:00:00,-0.03,-0.77,0.1,0.02,-0.52,1.77,-0.39,-0.29,-0.11,0,0,-15.00
2014-02-11T04:00:00,0.07,-0.53,-0.01,0.03,0.02,1.51,-0.26,-0.19,0.07,0,0,-14.00
2014-02-11T05:00:00,-0.05,0.02,0.04,0.04,0.91,2.36,0.62,-0.13,30.44,0,0,-12.00
2014-02-11T06:00:00,-0.02,-0.57,0.41,0.08,0.08,1.6,-0.13,-0.2,-0.02,0,0,-11.00
2014-02-11T07:00:00,-0.08,-0.49,0.48,0.11,0.12,1.8,-0.11,-0.18,-0.0,0,0,-14.00
2014-02-11T08:00:00,0.03,-0.72,0.46,0.16,0.14,1.82,-0.2,-0.29,-0.11,0,0,-13.00
2014-02-11T09:00:00,0.09,-0.71,0.71,0.16,-0.03,1.96,-0.42,-0.4,-0.16,0,0,-10.00
2014-02-11T10:00:00,0.41,-0.15,0.81,0.23,-0.03,2.23,-0.28,-0.35,-0.15,0,0,-11.00
2014-02-11T11:00:00,0.41,-0.14,0.75,0.29,-0.27,2.45,-0.35,-0.36,-0.15,0,0,-14.00
2014-02-11T12:00:00,0.12,-0.78,0.55,0.34,-0.18,2.08,-0.44,-0.38,-0.16,0,0,-14.00
2014-02-11T13:00:00,0.02,-0.87,0.49,0.43,-0.44,1.47,-0.45,-0.43,-0.17,0,0,-11.00
2014-02-11T14:00:00,0.02,-0.85,0.45,0.49,-0.6,1.24,-0.45,-0.44,-0.17,0,0,-10.00
2014-02-11T15:00:00,0.15,-0.8,0.32,0.56,-0.76,1.09,-0.24,-0.5,-0.16,0,0,-10.00
