2014-04-05T23:00:00,2.16,1.88,0.91,0.38,0.95,-1.46,0.58,-0.5,-0.19,0,1,13.00
2014-04-06T00:00:00,2.54,1.34,1.1,0.5,0.66,-1.25,0.44,-0.51,-0.19,0,1,1.00
2014-04-06T01:00:00,2.67,1.09,1.22,0.63,0.59,-1.3,0.31,-0.5,-0.19,0,1,-1.00
2014-04-06T02:00:00,2.71,0.9,1.15,0.67,0.26,-1.23,0.41,-0.5,-0.19,0,1,0.00
2014-04-06T03:00:00,2.8,0.65,1.08,0.69,-0.34,-1.3,0.41,-0.51,-0.19,0,1,2.00
2014-04-06T04:00:00,2.93,0.4,0.88,0.7,-0.43,-0.61,0.47,-0.49,-0.19,0,1,5.00
2014-04-06T05:00:00,2.82,0.76,0.7,0.75,-0.56,-0.39,0.65,-0.46,-0.19,0,1,3.00
2014-04-06T06:00:00,2.96,0.29,0.58,0.77,-0.5,-0.13,0.58,-0.5,-0.19,0,1,3.00
2014-04-06T07:00:00,2.92,0.39,0.47,0.81,-0.18,-0.05,0.6,-0.5,-0.19,0,1,6.00
2014-04-06T08:00:00,2.83,0.09,0.7,0.88,-0.11,-0.13,0.51,-0.52,-0.19,0,1,6.00
2014-04-06T09:00:00,2.86,-0.11,-0.16,0.89,-0.06,0.16,0.24,-0.46,-0.19,0,1,5.00
2014-04-06T10:00:00,2.75,-0.38,-0.01,0.92,0.14,-0.19,0.03,-0.47,-0.19,0,1,3.00
2014-04-06T11:00:00,2.58,-0.44,-0.02,0.98,0.02,-0.26,0.03,-0.48,-0.19,0,1,1.00
2014-04-06T12:00:00,2.41,-0.56,0.01,1.03,-0.02,-0.38,-0.01,-0.46,-0.19,0,1,4.00
2014-04-06T13:00:00,2.22,-0.63,0.09,1.14,-0.35,-0.79,0.11,-0.49,-0.19,0,1,3.00
2014-04-06T14:00:00,2.09,-0.5,0.23,1.14,-0.53,-0.73,0.15,-0.44,-0.18,0,1,1.00
2014-04-06T15:00:00,1.96,-0.54,0.27,1.18,-0.52,-0.63,0.1,-0.47,-0.18,0,1,-1.00
2014-04-06T16:00:00,1.83,-0.51,0.22,1.19,-0.42,-0.64,0.08,-0.48,-0.18,0,1,-1.00
2014-04-06T17:00:00,1.75,-0.4,0.02,1.22,-0.43,-0.43,0.04,-0.47,-0.18,0,1,-2.00
2014-04-06T18:00:00,1.7,-0.22,0.29,1.2,-0.21,-0.13,0.03,-0.48,-0.18,0,1,-1.00
2014-04-06T19:00:00,1.64,-0.14,0.21,1.23,-0.16,-0.44,-0.1,-0.47,-0.18,0,1,0.00
2014-04-06T20:00:00,1.59,0.15,0.03,1.24,0.12,-0.68,-0.04,-0.45,-0.18,0,1,3.00
2014-04-06T21:00:00,1.43,0.74,-0.07,1.12,0.59,-0.65,0.26,-0.39,-0.17,0,1,3.00
2014-04-06T22:00:00,1.18,0.91,-0.41,1.07,0.59,-1.27,0.71,-0.39,-0.15,0,1,5.00
2014-04-06T23:00:00,1.27,0.93,-0.12,1.17,0.41,-0.58,0.52,-0.41,-0.16,0,1,6.00
2014-04-07T00:00:00,1.17,1.05,-0.26,1.17,0.15,-0.31,0.09,-0.47,-0.18,0,1,4.00
2014-04-07T01:00:00,1.13,1.1,-0.06,1.2,0.15,-0.1,-0.02,-0.47,-0.18,0,1,-2.00
2014-04-07T02:00:00,1.04,1.15,-0.0,1.24,-0.08,0.08,-0.04,-0.39,-0.17,0,1,-5.00
2014-04-07T03:00:00,1.04,1.11,-0.03,1.32,-0.05,0.03,-0.12,-0.34,-0.17,0,1,-6.00
2014-04-07T04:00:00,0.89,1.12,-0.38,1.29,-0.18,0.0,-0.08,-0.31,-0.16,0,1,-6.00
2014-04-07T05:00:00,1.08,1.13,0.16,1.28,-0.41,0.65,0.26,-0.39,-0.16,0,1,-9.00
2014-04-07T06:00:00,1.05,1.17,0.16,1.29,-0.5,0.15,0.34,-0.42,-0.17,0,1,-9.00
2014-04-07T07:00:00,1.14,1.15,0.06,1.21,-0.76,0.9,0.39,-0.41,-0.17,0,1,-9.00
2014-04-07T08:00:00,1.22,1.25,0.13,1.09,-0.93,1.06,0.17,-0.42,-0.17,0,1,-6.00
2014-04-07T09:00:00,1.24,0.94,-0.11,1.15,-0.52,0.49,0.45,-0.36,-0.16,0,1,-2.00
2014-04-07T10:00:00,1.05,0.99,0.65,0.97,-0.77,0.39,0.47,-0.39,-0.16,0,1,0.00
2014-04-07T11:00:00,0.23,-0.14,1.28,0.92,-0.48,-0.5,1.01,-0.41,-0.15,0,1,3.00
2014-04-07T12:00:00,-0.34,0.36,0.64,0.99,-0.31,0.07,1.57,-0.39,0.0,0,1,5.00
2014-04-07T13:00:00,-0.3,0.62,-1.02,0.96,-0.44,1.18,0.96,-0.44,-0.15,0,1,9.00
2014-04-07T14:00:00,-0.14,0.5,-0.68,0.89,-1.01,0.07,2.28,-0.4,-0.04,0,1,14.00
2014-04-07T15:00:00,-0.11,0.37,0.2,0.88,-1.03,-0.33,2.5,-0.42,0.65,0,0,9.00
2014-04-07T16:00:00,-0.17,0.91,0.69,0.89,-1.24,-0.63,0.74,-0.41,-0.13,0,0,-5.00
2014-04-07T17:00:00,-0.49,1.29,0.14,0.81,-0.8,0.16,-0.1,-0.34,-0.16,0,0,-2.00
2014-04-07T18:00:00,-0.66,0.83,-0.04,0.7,-0.36,-0.06,-0.12,0.1,-0.07,0,0,-4.00
2014-04-07T19:00:00,-0.51,0.29,-0.3,0.72,-0.15,-0.43,-0.04,0.4,0.2,0,0,-3.00
2014-04-07T20:00:00,-0.55,-0.15,0.12,0.64,-0.22,-0.39,-0.18,0.27,0.31,0,0,-7.00
2014-04-07T21:00:00,-0.46,0.57,0.13,0.32,-0.19,0.29,-0.41,0.24,0.0,0,0,-13.00
2014-04-07T22:00:00,-0.79,0.09,0.23,0.18,0.26,0.4,-0.54,0.29,-0.05,0,0,-14.00
2014-04-07T23:00:00,-0.78,-0.2,0.14,0.28,0.55,0.36,-0.5,0.23,-0.05,0,0,-15.00
2014-04-08T00:00:00,-0.65,-0.45,0.09,0.33,0.49,0.08,-0.45,0.14,-0.04,0,0,-16.00
2014-04-08T01:00:00,-0.77,-0.5,0.18,0.37,0.49,-0.0,-0.5,0.11,-0.09,0,0,-12.00
2014-04-08T02:00:00,-0.77,-0.32,0.16,0.54,0.59,-0.25,-0.37,-0.02,-0.07,0,0,-9.00
2014-04-08T03:00:00,-0.87,-0.16,0.14,0.55,0.49,-0.38,-0.26,0.02,-0.06,0,0,-9.00
2014-04-08T04:00:00,-0.97,-0.06,0.32,0.62,0.12,-0.71,-0.25,-0.03,-0.1,0,0,-6.00
2014-04-08T05:00:00,-1.12,-0.17,0.29,0.72,0.21,-0.94,-0.2,-0.12,-0.12,0,0,-9.00
2014-04-08T06:00:00,-1.28,-0.15,0.12,0.78,0.15,-0.69,-0.16,-0.13,-0.14,0,0,-8.00
2014-04-08T07:00:00,-1.38,-0.26,0.0,0.66,-0.23,0.15,0.82,-0.13,-0.09,0,0,-4.00
2014-04-08T08:00:00,-1.39,-0.31,-0.02,0.71,0.59,-0.21,0.04,0.01,-0.12,0,0,-3.00
2014-04-08T09:00:00,-1.34,-0.36,-0.01,0.74,0.45,-0.38,0.04,-0.13,-0.13,0,0,-2.00
2014-04-08T10:00:00,-1.04,-0.65,-0.29,0.79,0.84,-0.19,0.04,-0.26,-0.14,0,0,0.00
2014-04-08T11:00:00,-0.94,0.09,-0.58,0.63,0.49,-0.14,-0.01,0.06,-0.09,0,0,-2.00
2014-04-08T12:00:00,-0.26,0.17,0.14,0.5,1.1,-0.77,-0.33,-0.04,0.56,0,0,0.00
2014-04-08T13:00:00,0.12,-0.19,0.73,0.46,1.25,-1.19,-0.35,0.2,-0.01,0,0,-4.00
2014-04-08T14:00:00,0.17,-0.29,0.62,0.42,1.24,-1.23,-0.43,0.42,0.06,0,0,-11.00
2014-04-08T15:00:00,0.56,-0.54,0.26,0.35,1.18,-0.42,-0.61,0.62,-0.02,0,0,-10.00
2014-04-08T16:00:00,0.77,-0.55,0.29,0.47,0.94,-0.52,-0.69,0.61,-0.1,0,0,-6.00
2014-04-08T17:00:00,0.45,-0.66,0.35,0.59,1.44,-0.43,-0.62,0.41,-0.07,0,0,-7.00
2014-04-08T18:00:00,0.22,-0.46,0.42,0.63,0.84,-0.22,-0.51,0.23,0.03,0,0,-10.00
2014-04-08T19:00:00,0.32,-0.68,0.4,0.45,0.66,0.78,-0.66,0.33,-0.09,0,0,-9.00
2014-04-08T20:00:00,-0.14,-0.44,0.73,0.4,0.61,0.72,-0.64,0.38,-0.09,0,0,-10.00
2014-04-08T21:00:00,-0.39,-0.34,0.64,0.29,0.9,1.11,-0.66,0.58,-0.07,0,0,-12.00
2014-04-08T22:00:00,-0.58,-0.2,0.66,0.35,0.76,0.89,-0.64,0.43,-0.1,0,0,-9.00
2014-04-08T23:00:00,-0.79,0.22,0.52,0.4,0.45,1.07,-0.53,0.12,-0.11,0,0,-6.00
2014-04-09T00:00:00,-0.83,0.18,0.28,0.41,0.49,1.93,-0.65,0.19,-0.11,0,0,-4.00
2014-04-09T01:00:00,-0.8,0.07,0.39,0.43,1.11,1.7,-0.65,0.19,-0.11,0,0,-1.00
2014-04-09T02:00:00,-0.81,0.25,0.39,0.19,1.37,1.19,-0.71,-0.02,-0.15,0,0,-1.00
2014-04-09T03:00:00,-0.85,0.41,0.27,0.16,1.19,0.99,-0.74,-0.25,-0.17,0,0,0.00
2014-04-09T04:00:00,-0.74,0.56,0.09,-0.02,0.5,0.54,-0.77,0.0,-0.15,0,0,0.00
2014-04-09T05:00:00,-0.78,0.41,-0.02,0.08,0.4,0.44,-0.76,-0.27,-0.17,0,0,-1.00
2014-04-09T06:00:00,-0.8,0.43,0.08,0.09,0.29,0.1,-0.75,-0.23,-0.16,0,0,-1.00
2014-04-09T07:00:00,-0.81,0.39,-0.04,0.13,0.47,0.55,-0.71,-0.2,-0.16,0,0,-1.00
2014-04-09T08:00:00,-0.66,0.54,-0.14,0.05,0.41,0.87,-0.7,-0.14,-0.15,0,0,-5.00
2014-04-09T09:00:00,-0.96,0.1,-0.04,0.28,1.56,0.51,-0.68,-0.25,-0.16,0,0,-6.00
2014-04-09T10:00:00,-0.88,0.48,-0.02,0.29,0.84,0.31,-0.72,-0.19,-0.16,0,0,-7.00
2014-04-09T11:00:00,-0.94,0.29,-0.14,0.35,1.44,0.86,-0.72,-0.27,-0.17,0,0,-7.00
2014-04-09T12:00:00,-0.84,0.54,0.02,0.31,0.65,0.1,-0.67,-0.22,-0.16,0,0,-5.00
2014-04-09T13:00:00,-0.89,0.33,-0.27,0.35,1.25,1.07,-0.68,-0.27,-0.17,0,0,-5.00
2014-04-09T14:00:00,-0.84,0.48,-0.23,0.39,0.89,0.99,-0.7,-0.26,-0.17,0,0,-5.00
2014-04-09T15:00:00,-0.87,0.42,-0.25,0.47,1.11,1.01,-0.67,-0.21,-0.16,0,0,-5.00
2014-04-09T16:00:00,-0.75,0.55,-0.15,0.43,0.9,0.73,-0.66,-0.11,-0.15,0,0,-5.00
2014-04-09T17:00:00,-0.44,0.34,-0.38,0.14,0.43,1.73,-0.74,-0.2,-0.15,0,0,-6.00
2014-04-09T18:00:00,-0.7,0.34,-0.02,0.38,0.24,0.99,-0.76,-0.32,-0.16,0,0,-7.00
2014-04-09T19:00:00,-0.68,0.37,0.17,0.39,0.0,0.13,-0.75,-0.26,-0.16,0,0,-7.00
2014-04-09T20:00:00,-0.74,0.2,0.19,0.55,0.49,-0.06,-0.76,-0.27,-0.16,0,0,-11.00
2014-04-09T21:00:00,-0.7,0.13,0.3,0.54,0.72,-0.47,-0.59,-0.28,-0.14,0,0,-13.00
2014-04-09T22:00:00,-0.48,0.18,0.38,0.37,0.51,-0.7,-0.76,-0.15,-0.13,0,0,-9.00
2014-04-09T23:00:00,-0.4,0.43,0.39,0.33,0.05,-0.72,-0.76,-0.11,-0.14,0,0,-9.00
2014-04-10T00:00:00,-0.65,0.32,0.2,0.61,-0.59,-0.25,-0.77,-0.3,-0.16,0,0,-7.00
2014-04-10T01:00:00,-0.68,0.27,0.12,0.63,-0.21,0.09,-0.77,-0.32,-0.16,0,0,-4.00
2014-04-10T02:00:00,-0.68,0.28,0.17,0.66,-0.02,-0.17,-0.77,-0.36,-0.17,0,0,-3.00
2014-04-10T03:00:00,-0.67,0.3,0.07,0.7,-0.0,0.25,-0.78,-0.38,-0.17,0,0,-3.00
2014-04-10T04:00:00,-0.58,0.4,-0.06,0.64,-0.03,0.29,-0.78,-0.36,-0.17,0,0,-1.00
2014-04-10T05:00:00,-0.64,0.28,-0.0,0.71,0.11,0.05,-0.78,-0.29,-0.16,0,0,-2.00
2014-04-10T06:00:00,-0.66,0.25,0.01,0.74,0.14,0.16,-0.78,-0.28,-0.16,0,0,-2.00
2014-04-10T07:00:00,-0.62,0.32,0.0,0.72,0.15,-0.13,-0.77,-0.26,-0.15,0,0,-3.00
2014-04-10T08:00:00,-0.6,0.35,-0.03,0.75,0.16,0.06,-0.76,-0.17,-0.14,0,0,-7.00
2014-04-10T09:00:00,-0.61,0.3,-0.03,0.79,0.28,0.05,-0.76,-0.29,-0.15,0,0,-8.00
2014-04-10T10:00:00,-0.6,0.37,0.02,0.82,0.2,0.06,-0.77,-0.27,-0.15,0,0,-5.00
2014-04-10T11:00:00,-0.53,0.38,0.08,0.72,-0.06,-0.36,-0.73,-0.02,-0.11,0,0,-3.00
2014-04-10T12:00:00,-0.41,0.31,0.04,0.62,0.44,-0.16,-0.61,-0.36,-0.11,0,0,-4.00
2014-04-10T13:00:00,-0.46,0.39,0.05,0.73,0.17,-0.11,-0.71,-0.43,-0.16,0,0,-4.00
2014-04-10T14:00:00,-0.4,0.48,0.11,0.87,-0.39,-0.19,-0.78,-0.52,-0.18,0,0,-1.00
2014-04-10T15:00:00,-0.3,0.6,0.21,0.88,-0.87,-0.28,-0.76,-0.56,-0.18,0,0,1.00
2014-04-10T16:00:00,-0.37,0.58,0.16,0.97,-0.89,-0.1,-0.74,-0.55,-0.18,0,0,0.00
2014-04-10T17:00:00,-0.43,0.33,0.31,1.0,-0.16,-0.45,-0.74,-0.55,-0.18,0,0,0.00
2014-04-10T18:00:00,-0.42,0.22,0.49,1.0,0.11,-0.95,-0.76,-0.55,-0.18,0,0,0.00
2014-04-10T19:00:00,-0.29,-0.18,0.44,0.83,0.45,-0.15,-0.52,-0.52,-0.15,0,0,0.00
2014-04-10T20:00:00,-0.32,-0.3,0.6,0.79,0.54,-0.31,-0.44,-0.58,-0.18,0,0,-2.00
2014-04-10T21:00:00,-0.29,-0.2,0.76,0.77,0.51,-0.42,-0.39,-0.57,-0.18,0,0,1.00
2014-04-10T22:00:00,-0.09,-0.05,0.83,0.72,0.29,-0.46,-0.38,-0.58,-0.18,0,0,5.00
2014-04-10T23:00:00,0.08,0.15,0.81,0.67,-0.08,-0.4,-0.33,-0.58,-0.18,0,0,5.00
2014-04-11T00:00:00,0.18,0.45,0.63,0.62,-0.56,0.16,-0.13,-0.55,-0.17,0,0,5.00
2014-04-11T01:00:00,-0.03,0.49,0.58,0.7,-0.68,0.16,-0.09,-0.57,-0.17,0,0,6.00
2014-04-11T02:00:00,-0.4,0.16,0.65,0.83,-0.5,-0.07,-0.13,-0.56,-0.17,0,0,8.00
2014-04-11T03:00:00,-0.09,-0.09,0.24,0.92,0.19,0.26,0.57,-0.52,0.53,0,0,10.00
2014-04-11T04:00:00,0.4,0.1,-0.28,0.98,0.41,0.2,1.6,-0.57,-0.07,0,0,11.00
2014-04-11T05:00:00,-0.19,-0.83,0.09,0.97,0.18,-0.04,1.66,-0.59,-0.15,0,0,14.00
2014-04-11T06:00:00,-0.34,0.17,0.48,0.97,-0.19,0.0,0.93,-0.55,-0.1,0,0,20.00
2014-04-11T07:00:00,-0.01,1.07,0.51,0.86,-0.53,0.71,-0.2,-0.57,-0.18,0,1,21.00
2014-04-11T08:00:00,0.1,1.2,0.27,0.85,-0.38,0.84,1.4,-0.58,-0.17,0,1,15.00
2014-04-11T09:00:00,0.14,1.2,-0.19,0.9,-0.4,0.41,-0.18,-0.57,-0.18,0,1,8.00
2014-04-11T10:00:00,-0.01,1.26,-0.37,0.89,-0.52,0.11,-0.32,-0.56,-0.19,0,1,10.00
2014-04-11T11:00:00,-0.09,1.32,-0.38,0.9,-0.56,0.11,-0.35,-0.58,-0.19,0,1,12.00
2014-04-11T12:00:00,-0.02,1.21,-0.54,0.99,-0.47,-0.03,-0.3,-0.55,-0.19,0,1,12.00
2014-04-11T13:00:00,0.09,1.13,-0.65,1.1,-0.41,-0.01,-0.32,-0.51,-0.18,0,1,8.00
2014-04-11T14:00:00,-0.09,1.03,-0.75,1.1,-0.35,0.01,-0.33,-0.5,-0.18,0,1,6.00
2014-04-11T15:00:00,-0.32,0.79,-0.93,1.1,-0.21,0.08,-0.36,-0.52,-0.18,0,1,3.00
2014-04-11T16:00:00,-0.06,0.77,-0.85,1.1,-0.31,0.08,-0.2,-0.45,-0.17,0,1,2.00
2014-04-11T17:00:00,-0.14,0.69,-0.92,1.15,-0.56,-0.01,-0.11,-0.42,-0.17,0,1,-1.00
2014-04-11T18:00:00,-0.17,0.89,-0.82,1.17,-0.32,0.38,0.01,-0.44,-0.17,0,1,-5.00
2014-04-11T19:00:00,-0.37,0.81,-0.93,1.11,-0.46,0.09,0.01,-0.48,-0.18,0,1,-11.00
2014-04-11T20:00:00,-0.41,0.91,-0.94,1.1,-0.32,0.05,0.05,-0.51,-0.18,0,1,-18.00
2014-04-11T21:00:00,-0.48,0.4,-1.17,1.13,-0.7,-0.2,0.06,-0.51,-0.18,0,1,-25.00
2014-04-11T22:00:00,-0.57,0.66,-0.97,1.13,-0.4,0.29,0.33,-0.49,-0.17,0,1,-28.00
2014-04-11T23:00:00,-0.32,0.81,-1.08,1.18,-0.28,0.02,0.2,-0.52,-0.18,0,1,-34.00
2014-04-12T00:00:00,-0.36,0.51,-1.17,1.19,-0.32,0.06,0.3,-0.51,-0.18,0,1,-46.00
2014-04-12T01:00:00,-0.51,0.05,-1.22,1.13,-0.13,0.3,2.14,-0.5,-0.16,0,1,-55.00
2014-04-12T02:00:00,-0.37,0.08,-1.25,1.21,-0.55,0.12,0.35,-0.5,-0.18,0,1,-47.00
2014-04-12T03:00:00,-0.42,-0.17,-1.26,1.21,-0.53,0.14,0.36,-0.49,-0.18,0,1,-50.00
2014-04-12T04:00:00,-0.4,-0.34,-1.26,1.23,-0.49,0.16,0.33,-0.5,-0.18,0,1,-52.00
2014-04-12T05:00:00,-0.43,-0.46,-1.28,1.24,-0.44,0.13,0.32,-0.52,-0.18,0,1,-62.00
2014-04-12T06:00:00,-0.45,-0.75,-1.14,1.26,-0.36,0.06,0.6,-0.55,-0.18,0,1,-72.00
2014-04-12T07:00:00,-0.54,-0.78,-1.01,1.27,-0.35,0.02,1.11,-0.53,-0.17,0,1,-78.00
2014-04-12T08:00:00,-0.27,-0.9,-1.03,1.27,-0.22,-0.06,1.35,-0.52,-0.17,0,1,-76.00
2014-04-12T09:00:00,-0.4,-0.89,-0.93,1.27,-0.18,-0.09,2.01,-0.53,-0.16,0,1,-80.00
2014-04-12T10:00:00,-0.21,-1.66,-0.54,1.26,-0.19,-0.03,1.9,-0.57,-0.18,0,1,-81.00
2014-04-12T11:00:00,-0.13,-1.86,-0.48,1.3,-0.18,0.16,1.12,-0.58,-0.18,0,1,-79.00
2014-04-12T12:00:00,-0.18,-1.93,-0.37,1.32,-0.17,0.17,0.83,-0.58,-0.19,0,1,-75.00
2014-04-12T13:00:00,-0.12,-2.03,-0.22,1.34,-0.18,-0.0,0.4,-0.54,-0.19,0,1,-71.00
2014-04-12T14:00:00,0.04,-2.03,-0.1,1.28,-0.21,-0.35,0.53,-0.51,-0.18,0,1,-57.00
2014-04-12T15:00:00,0.11,-1.96,-0.03,1.28,-0.17,-0.41,0.78,-0.5,-0.18,0,1,-55.00
2014-04-12T16:00:00,0.08,-1.91,0.01,1.33,-0.33,-0.62,0.55,-0.48,-0.18,0,1,-53.00
2014-04-12T17:00:00,0.1,-1.75,-0.23,1.36,-0.07,-0.87,1.23,-0.48,-0.17,0,1,-52.00
2014-04-12T18:00:00,-0.01,-1.83,0.27,1.35,-0.41,-0.63,1.22,-0.52,-0.18,0,1,-52.00
2014-04-12T19:00:00,-0.01,-1.87,0.44,1.32,-0.43,-0.16,0.22,-0.48,-0.18,0,1,-47.00
2014-04-12T20:00:00,0.18,-1.6,0.58,1.31,-0.22,0.2,-0.03,-0.42,-0.18,0,1,-44.00
2014-04-12T21:00:00,0.08,-1.42,-0.52,1.34,-0.19,0.42,-0.12,-0.22,-0.16,0,1,-51.00
2014-04-12T22:00:00,0.19,-1.2,-0.38,1.3,-0.29,0.08,0.04,-0.17,-0.13,0,0,-49.00
2014-04-12T23:00:00,0.39,-0.51,-1.05,1.28,-0.24,0.21,0.08,-0.19,-0.14,0,0,-45.00
2014-04-13T00:00:00,0.11,-0.42,-1.13,1.28,-0.37,0.38,0.11,-0.19,-0.14,0,0,-43.00
2014-04-13T01:00:00,0.11,-0.51,-1.06,1.26,-0.51,0.62,0.28,-0.23,-0.14,0,0,-38.00
2014-04-13T02:00:00,-0.21,-0.59,-0.9,1.21,-0.56,0.94,0.4,-0.15,-0.11,0,0,-40.00
2014-04-13T03:00:00,-0.01,-0.36,-1.07,1.3,-0.36,0.55,0.34,-0.13,-0.12,0,0,-44.00
2014-04-13T04:00:00,0.55,-1.02,0.09,1.31,-0.07,1.12,0.5,-0.09,-0.06,0,0,-49.00
2014-04-13T05:00:00,0.31,-1.1,-0.19,1.27,-0.06,0.84,0.48,-0.16,-0.08,0,0,-53.00
2014-04-13T06:00:00,0.06,-1.0,-0.63,1.26,-0.07,-0.07,0.24,-0.22,-0.12,0,0,-58.00
2014-04-13T07:00:00,0.12,-0.89,-0.7,1.28,0.08,-0.38,0.24,-0.24,-0.13,0,0,-54.00
2014-04-13T08:00:00,0.36,-0.88,-0.36,1.34,0.13,0.06,0.44,-0.16,-0.06,0,0,-47.00
2014-04-13T09:00:00,0.39,-0.82,-0.39,1.34,0.26,-0.15,0.49,-0.17,-0.06,0,0,-46.00
2014-04-13T10:00:00,-0.13,-0.98,-0.34,1.2,0.15,-0.2,0.39,-0.27,-0.1,0,0,-44.00
2014-04-13T11:00:00,0.18,-0.88,-0.43,1.28,0.05,-0.47,0.19,-0.31,-0.12,0,0,-35.00
2014-04-13T12:00:00,-0.49,-0.84,-0.4,1.03,-0.25,-0.62,0.12,-0.4,-0.14,0,0,-25.00
2014-04-13T13:00:00,0.35,-0.6,-0.37,1.2,0.04,-0.49,0.18,-0.35,-0.09,0,0,-27.00
2014-04-13T14:00:00,0.6,-0.71,0.06,1.23,-0.2,0.24,0.2,-0.33,-0.1,0,0,-27.00
2014-04-13T15:00:00,0.8,-0.45,-0.05,1.21,-0.1,0.02,0.04,-0.35,-0.11,0,0,-29.00
2014-04-13T16:00:00,0.31,-0.68,-0.29,1.04,-0.39,-0.32,-0.07,-0.37,-0.11,0,0,-28.00
2014-04-13T17:00:00,0.0,-0.67,-0.23,0.91,-0.26,-0.2,-0.09,-0.4,-0.11,0,0,-25.00
2014-04-13T18:00:00,0.31,-0.7,-0.32,0.98,-0.18,-0.21,-0.03,-0.35,-0.11,0,0,-24.00
2014-04-13T19:00:00,-0.09,-0.6,-0.55,0.85,-0.16,-0.57,-0.02,-0.38,-0.13,0,0,-28.00
2014-04-13T20:00:00,-0.03,-0.52,-0.54,0.83,-0.06,-0.62,0.0,-0.36,-0.12,0,0,-29.00
2014-04-13T21:00:00,0.86,-0.56,0.41,1.07,-0.25,0.56,0.01,-0.4,-0.15,0,0,-30.00
2014-04-13T22:00:00,0.92,-0.65,0.24,1.07,-0.29,0.37,0.05,-0.38,-0.15,0,0,-35.00
2014-04-13T23:00:00,1.02,-0.5,0.09,1.13,-0.37,0.21,0.0,-0.38,-0.15,0,0,-39.00
2014-04-14T00:00:00,0.59,-0.34,0.2,1.07,-0.19,0.58,0.06,-0.28,-0.01,0,0,-34.00
2014-04-14T01:00:00,0.81,-0.47,0.22,1.23,-0.04,0.85,0.03,-0.34,-0.11,0,0,-28.00
2014-04-14T02:00:00,0.95,-0.18,0.15,1.24,0.02,0.46,-0.07,-0.37,-0.13,0,0,-25.00
2014-04-14T03:00:00,0.97,-0.37,-0.02,1.27,-0.11,0.14,-0.1,-0.4,-0.15,0,0,-24.00
2014-04-14T04:00:00,0.15,-0.69,-0.43,0.97,-0.47,-0.49,-0.1,-0.43,-0.14,0,0,-22.00
2014-04-14T05:00:00,-0.32,-0.53,-0.49,0.81,-0.18,-0.8,-0.17,-0.45,-0.15,0,0,-21.00
2014-04-14T06:00:00,0.11,-0.73,-0.36,1.0,-0.46,-0.48,-0.12,-0.47,-0.15,0,0,-19.00
2014-04-14T07:00:00,0.49,-0.73,-0.18,1.02,-0.52,-0.25,-0.1,-0.4,-0.14,0,0,-19.00
2014-04-14T08:00:00,0.57,-0.68,-0.21,0.95,-0.41,-0.45,-0.18,-0.3,-0.12,0,0,-19.00
2014-04-14T09:00:00,0.94,-0.33,0.17,0.82,0.26,-0.16,-0.3,-0.28,-0.14,0,0,-19.00
2014-04-14T10:00:00,1.01,-0.07,0.33,0.9,0.67,-0.04,-0.3,-0.39,-0.16,0,0,-16.00
2014-04-14T11:00:00,1.0,-0.19,0.29,0.94,0.41,-0.29,-0.26,-0.33,-0.15,0,0,-17.00
2014-04-14T12:00:00,1.0,-0.23,0.24,0.94,0.99,-0.75,0.76,-0.38,-0.1,0,0,-15.00
2014-04-14T13:00:00,0.96,-0.22,0.33,0.95,0.36,-0.14,-0.28,-0.33,-0.15,0,0,-15.00
2014-04-14T14:00:00,0.76,-0.47,0.44,0.99,0.28,-0.11,-0.33,-0.35,-0.15,0,0,-14.00
2014-04-14T15:00:00,0.61,-0.71,-0.05,1.02,-0.09,-0.36,-0.28,-0.31,-0.13,0,0,-13.00
2014-04-14T16:00:00,0.8,-0.33,0.42,1.08,0.39,0.27,-0.24,-0.32,-0.13,0,0,-13.00
2014-04-14T17:00:00,-0.21,-0.36,-0.39,0.92,0.29,-0.48,-0.34,-0.42,-0.12,0,0,-12.00
2014-04-14T18:00:00,0.1,-0.55,-0.23,1.05,0.21,-0.3,-0.32,-0.4,-0.11,0,0,-13.00
2014-04-14T19:00:00,0.09,-0.55,-0.28,1.01,0.01,-0.6,-0.29,-0.42,-0.12,0,0,-14.00
2014-04-14T20:00:00,0.23,-0.66,-0.18,1.1,0.01,-0.36,-0.24,-0.41,-0.13,0,0,-19.00
2014-04-14T21:00:00,0.22,-0.28,-0.46,1.07,0.38,-0.66,-0.29,-0.41,-0.12,0,0,-23.00
2014-04-14T22:00:00,0.67,-0.26,0.07,1.26,0.11,-0.01,-0.23,-0.37,-0.1,0,0,-23.00
2014-04-14T23:00:00,0.48,-0.37,0.22,1.22,0.08,0.3,-0.11,-0.37,-0.05,0,0,-22.00
2014-04-15T00:00:00,0.48,-0.23,-0.3,1.19,0.32,-0.23,-0.02,-0.35,-0.06,0,0,-23.00
2014-04-15T01:00:00,0.49,-0.27,0.04,1.21,0.14,0.24,-0.02,-0.3,0.06,0,0,-18.00
2014-04-15T02:00:00,0.29,0.05,-0.18,1.12,0.58,-0.22,-0.09,-0.34,0.16,0,0,-13.00
2014-04-15T03:00:00,0.59,-0.27,0.07,1.12,0.21,0.22,-0.17,-0.37,-0.07,0,0,-12.00
2014-04-15T04:00:00,-0.1,-0.15,-0.33,1.09,0.15,-0.2,-0.12,-0.42,-0.03,0,0,-12.00
2014-04-15T05:00:00,-0.32,-0.25,-0.03,1.06,0.14,0.08,-0.19,-0.42,0.03,0,0,-14.00
2014-04-15T06:00:00,-0.38,-0.19,-0.19,1.03,0.11,-0.32,-0.29,-0.43,-0.07,0,0,-11.00
2014-04-15T07:00:00,-0.21,0.05,-0.21,1.09,-0.45,0.03,0.49,-0.43,0.23,0,0,-13.00
2014-04-15T08:00:00,-0.36,-0.17,-0.25,1.1,0.17,-0.45,-0.36,-0.45,-0.1,0,0,-11.00
2014-04-15T09:00:00,-0.35,-0.35,-0.03,1.09,0.09,-0.19,-0.39,-0.44,-0.09,0,0,-10.00
2014-04-15T10:00:00,-0.07,-0.32,0.07,1.18,0.2,-0.02,-0.38,-0.41,0.12,0,0,-10.00
2014-04-15T11:00:00,-0.19,0.05,-0.15,1.15,0.48,-0.24,-0.34,-0.41,0.11,0,0,-9.00
2014-04-15T12:00:00,-0.1,-0.15,-0.06,1.2,0.42,-0.14,-0.36,-0.39,0.52,0,0,-8.00
2014-04-15T13:00:00,-0.04,-0.4,-0.06,1.26,0.14,-0.02,-0.38,-0.43,-0.03,0,0,-8.00
2014-04-15T14:00:00,-0.35,-0.15,-0.17,1.18,0.25,-0.27,-0.41,-0.45,-0.09,0,0,-9.00
2014-04-15T15:00:00,-0.3,-0.06,-0.24,1.16,0.34,-0.39,-0.4,-0.46,-0.09,0,0,-7.00
2014-04-15T16:00:00,-0.26,0.17,-0.3,1.2,0.56,-0.61,-0.42,-0.47,-0.12,0,0,-7.00
2014-04-15T17:00:00,0.02,-0.19,-0.15,1.22,-0.3,-0.33,-0.21,-0.51,0.03,0,0,-7.00
2014-04-15T18:00:00,0.19,-0.22,-0.16,1.33,0.04,-0.58,-0.32,-0.5,-0.05,0,0,-7.00
2014-04-15T19:00:00,0.3,-0.29,-0.2,1.36,-0.09,-0.61,-0.34,-0.49,-0.11,0,0,-9.00
2014-04-15T20:00:00,0.28,-0.46,0.13,1.39,0.02,-0.89,0.13,-0.49,-0.06,0,0,-13.00
2014-04-15T21:00:00,0.31,-0.45,0.31,1.39,-0.24,-0.23,-0.3,-0.5,-0.13,0,0,-16.00
2014-04-15T22:00:00,0.23,-0.46,0.43,1.37,-0.2,-0.14,-0.31,-0.5,-0.14,0,0,-15.00
2014-04-15T23:00:00,0.21,-0.57,0.32,1.4,-0.26,-0.14,-0.23,-0.5,-0.14,0,0,-14.00
2014-04-16T00:00:00,0.31,-0.64,0.22,1.45,-0.39,-0.24,-0.19,-0.51,-0.15,0,0,-11.00
2014-04-16T01:00:00,0.51,-0.57,0.05,1.5,-0.31,-0.42,-0.2,-0.51,-0.15,0,0,-5.00
2014-04-16T02:00:00,0.56,-0.59,0.01,1.51,-0.47,-0.57,1.04,-0.51,-0.1,0,0,-2.00
2014-04-16T03:00:00,0.59,-0.54,-0.17,1.54,-0.6,-0.55,-0.1,-0.5,-0.15,0,0,-1.00
2014-04-16T04:00:00,0.4,-0.47,-0.31,1.51,-0.57,-0.51,-0.1,-0.5,-0.14,0,0,1.00
2014-04-16T05:00:00,0.14,-0.51,-0.02,1.48,-0.69,-0.19,0.66,-0.5,-0.0,0,0,1.00
2014-04-16T06:00:00,0.12,-0.6,0.15,1.5,-0.78,0.01,0.11,-0.47,-0.08,0,0,0.00
2014-04-16T07:00:00,0.22,-0.49,-0.24,1.51,-0.78,-0.34,0.16,-0.45,-0.07,0,0,-1.00
2014-04-16T08:00:00,0.02,-0.23,-0.52,1.49,-0.55,-0.51,0.12,-0.52,-0.14,0,0,-1.00
2014-04-16T09:00:00,-0.04,0.04,-0.52,1.5,-0.35,-0.6,0.11,-0.53,-0.14,0,0,1.00
2014-04-16T10:00:00,-0.17,0.21,-0.2,1.51,-0.3,-0.14,0.34,-0.54,-0.03,0,0,1.00
2014-04-16T11:00:00,-0.09,-0.01,-0.18,1.55,-0.38,-0.15,0.42,-0.54,0.13,0,0,-2.00
2014-04-16T12:00:00,0.32,-0.3,-0.08,1.63,-0.47,-0.09,0.65,-0.53,0.01,0,0,-3.00
2014-04-16T13:00:00,0.45,-0.17,-0.03,1.67,-0.3,-0.07,0.58,-0.5,0.01,0,0,0.00
2014-04-16T14:00:00,0.38,-0.17,-0.19,1.67,-0.39,-0.21,0.67,-0.53,-0.04,0,0,6.00
2014-04-16T15:00:00,0.39,-0.2,-0.19,1.68,-0.44,-0.33,0.83,-0.56,-0.07,0,0,9.00
2014-04-16T16:00:00,0.41,0.11,-0.19,1.66,-0.4,-0.2,1.17,-0.55,-0.04,0,0,10.00
2014-04-16T17:00:00,0.01,0.45,-0.18,1.59,-0.31,-0.2,1.55,-0.56,-0.05,0,0,8.00
2014-04-16T18:00:00,0.22,0.22,-0.06,1.61,-0.4,-0.05,1.83,-0.54,0.26,0,0,9.00
2014-04-16T19:00:00,0.61,-0.02,0.46,1.59,-0.47,0.09,1.75,-0.53,-0.08,1,0,10.00
2014-04-16T20:00:00,-0.34,0.59,-0.24,1.52,0.01,-0.4,1.51,-0.52,-0.09,1,0,9.00
2014-04-16T21:00:00,-0.28,0.69,-0.33,1.5,-0.54,-0.64,1.47,-0.52,-0.11,1,0,5.00
2014-04-16T22:00:00,-0.09,0.49,-0.08,1.47,-0.66,-0.57,1.83,-0.48,0.13,1,0,5.00
2014-04-16T23:00:00,-0.15,0.43,-0.22,1.32,-0.44,-0.25,1.87,-0.46,0.13,1,0,4.00
2014-04-17T00:00:00,-0.42,0.45,-0.72,1.24,-0.24,-0.2,1.67,-0.46,-0.11,1,0,1.00
2014-04-17T01:00:00,-1.07,0.85,-0.19,1.2,-0.19,-0.14,1.81,-0.49,-0.15,1,0,2.00
2014-04-17T02:00:00,-0.77,0.95,0.16,1.2,-0.11,-0.2,2.32,-0.5,-0.13,1,0,3.00
2014-04-17T03:00:00,-0.67,0.94,0.35,1.21,-0.29,-0.24,2.38,-0.52,-0.13,1,0,-5.00
2014-04-17T04:00:00,-0.86,0.69,0.87,1.26,-0.62,-0.58,2.32,-0.48,-0.14,1,0,-7.00
2014-04-17T05:00:00,0.15,-0.21,0.53,1.08,-0.28,-0.24,1.15,-0.35,0.17,1,0,-4.00
2014-04-17T06:00:00,-0.89,1.22,0.14,0.97,-0.04,-0.57,0.45,-0.03,-0.11,1,0,1.00
2014-04-17T07:00:00,-0.44,1.34,0.31,1.02,-0.24,-0.64,0.52,-0.09,-0.11,1,0,2.00
2014-04-17T08:00:00,-1.18,0.71,-0.07,1.01,-0.76,-1.47,1.56,-0.04,-0.02,1,0,0.00
2014-04-17T09:00:00,-1.06,0.67,0.11,1.0,-0.25,-0.95,0.56,0.06,-0.04,1,0,-1.00
2014-04-17T10:00:00,-0.7,0.99,0.01,0.97,-0.2,-1.12,0.79,0.15,0.01,1,0,0.00
2014-04-17T11:00:00,-0.68,1.03,-0.3,0.95,-0.17,-0.84,0.79,0.21,-0.01,1,0,1.00
2014-04-17T12:00:00,-0.42,-0.18,-0.67,0.85,1.04,-0.31,0.9,0.32,0.21,1,0,8.00
2014-04-17T13:00:00,-0.83,0.56,-0.92,0.88,0.49,-0.05,0.58,0.25,-0.07,1,0,9.00
2014-04-17T14:00:00,-0.6,1.16,0.18,0.81,0.16,-1.11,0.82,0.29,0.01,1,0,9.00
2014-04-17T15:00:00,-0.66,0.82,0.11,0.86,0.34,-0.71,0.78,0.39,0.14,1,0,-1.00
2014-04-17T16:00:00,-0.43,1.29,-0.17,0.83,-0.15,0.03,0.51,0.29,-0.04,1,0,-10.00
2014-04-17T17:00:00,-0.78,0.74,0.06,0.92,0.12,-0.15,0.57,0.35,0.09,1,0,-12.00
2014-04-17T18:00:00,-0.39,0.84,0.14,0.79,0.03,-0.47,0.53,0.4,0.18,1,0,-10.00
2014-04-17T19:00:00,0.41,-0.33,1.1,0.59,1.06,-1.24,0.66,0.27,-0.01,1,0,-9.00
2014-04-17T20:00:00,-0.61,0.19,0.9,0.91,1.24,-0.88,0.72,0.24,0.04,1,0,-7.00
2014-04-17T21:00:00,-0.39,0.67,0.45,0.88,0.53,-0.39,0.71,0.33,0.23,1,0,-9.00
2014-04-17T22:00:00,-0.27,1.0,0.1,0.88,0.23,-0.06,0.62,0.22,0.07,1,0,-6.00
2014-04-17T23:00:00,-0.07,0.22,0.96,0.85,0.87,-1.33,0.59,0.15,0.03,1,0,-5.00
2014-04-18T00:00:00,-0.23,-0.45,1.1,0.85,1.19,-0.6,0.37,0.04,-0.08,1,0,-7.00
2014-04-18T01:00:00,-0.11,-0.41,1.05,0.83,1.0,-0.33,0.32,0.12,-0.05,1,0,-6.00
2014-04-18T02:00:00,-0.64,-0.32,-0.01,0.76,0.48,0.34,0.14,0.12,0.17,1,0,-5.00
2014-04-18T03:00:00,-0.34,0.02,1.1,0.64,0.22,-0.47,-0.12,0.1,-0.11,1,0,-2.00
2014-04-18T04:00:00,-0.73,-0.33,0.48,0.59,0.76,-0.1,-0.31,-0.08,-0.1,1,0,-1.00
2014-04-18T05:00:00,-0.63,0.03,0.57,0.53,0.18,-0.57,-0.31,-0.13,-0.09,1,0,-7.00
2014-04-18T06:00:00,-0.54,0.07,0.68,0.57,0.59,-1.39,-0.07,-0.1,-0.06,1,0,-7.00
2014-04-18T07:00:00,-0.68,0.26,0.59,0.58,0.14,-0.63,-0.43,-0.15,-0.13,1,0,-4.00
2014-04-18T08:00:00,-0.62,0.56,-0.11,0.59,-0.3,0.85,-0.45,-0.03,-0.1,1,0,-5.00
2014-04-18T09:00:00,-0.78,0.43,0.38,0.63,0.01,-0.3,-0.49,-0.11,-0.13,1,0,-7.00
2014-04-18T10:00:00,-0.69,0.14,0.67,0.52,0.59,-0.94,-0.48,-0.09,-0.13,1,0,-7.00
2014-04-18T11:00:00,-0.71,0.47,0.59,0.42,0.04,-0.69,-0.44,0.01,-0.12,1,0,-8.00
2014-04-18T12:00:00,-0.45,0.91,0.23,0.19,-0.49,0.2,-0.37,0.13,-0.1,1,0,-1.00
2014-04-18T13:00:00,-0.6,0.97,0.23,0.28,-0.67,0.36,-0.4,0.08,-0.12,1,0,3.00
2014-04-18T14:00:00,0.01,1.12,0.4,-0.1,-0.87,-0.23,-0.27,0.1,-0.11,1,0,7.00
2014-04-18T15:00:00,0.01,0.91,0.63,-0.18,-0.8,-0.56,-0.15,0.06,-0.09,1,0,5.00
2014-04-18T16:00:00,-0.53,0.53,0.63,0.02,-0.54,-0.81,-0.16,-0.03,-0.09,1,0,9.00
2014-04-18T17:00:00,-0.4,1.28,0.35,-0.05,-1.28,-0.64,-0.17,-0.1,-0.14,1,0,13.00
2014-04-18T18:00:00,-0.38,0.91,0.89,-0.15,-0.07,-1.19,-0.18,-0.07,-0.14,1,0,17.00
2014-04-18T19:00:00,-0.43,1.16,0.46,-0.12,-0.42,-0.41,-0.35,-0.27,-0.16,1,0,17.00
2014-04-18T20:00:00,-0.51,1.22,0.84,-0.17,-0.16,-0.12,-0.31,-0.43,-0.18,0,0,14.00
2014-04-18T21:00:00,-0.48,1.57,0.46,-0.26,-0.19,-0.47,-0.14,-0.38,-0.18,0,0,10.00
2014-04-18T22:00:00,-0.35,1.54,0.45,-0.23,-0.31,-0.51,-0.2,-0.3,-0.17,0,0,9.00
2014-04-18T23:00:00,-0.41,1.27,-0.27,-0.12,-0.55,-0.38,0.01,-0.16,-0.14,0,0,9.00
2014-04-19T00:00:00,-0.36,1.22,-0.12,-0.12,-0.37,-0.85,0.54,-0.36,-0.14,0,0,3.00
2014-04-19T01:00:00,-0.72,1.3,0.67,-0.18,-0.28,-0.12,-0.41,-0.36,-0.18,0,0,4.00
2014-04-19T02:00:00,-0.54,1.4,0.28,-0.15,0.06,0.21,0.1,-0.47,-0.18,0,0,2.00
2014-04-19T03:00:00,-0.09,1.19,-0.12,-0.14,0.18,-0.15,1.38,-0.5,-0.15,0,0,-2.00
2014-04-19T04:00:00,-0.55,1.1,0.07,-0.19,0.0,0.1,0.5,-0.46,-0.15,0,0,7.00
2014-04-19T05:00:00,-0.66,1.08,0.74,-0.13,0.82,0.34,0.16,-0.42,-0.17,0,0,12.00
2014-04-19T06:00:00,-0.78,0.79,0.82,-0.09,0.52,-0.23,-0.19,-0.42,-0.17,0,0,-7.00
2014-04-19T07:00:00,-0.61,1.01,-0.02,-0.18,0.68,0.3,0.24,-0.48,-0.16,0,0,-14.00
2014-04-19T08:00:00,-0.47,0.97,-0.33,-0.19,0.71,0.51,0.13,-0.53,-0.17,0,0,-9.00
2014-04-19T09:00:00,-0.9,0.75,0.3,-0.17,0.56,0.48,-0.22,-0.51,-0.18,0,0,0.00
2014-04-19T10:00:00,-0.94,0.27,0.72,-0.17,0.15,0.71,-0.42,-0.47,-0.18,0,0,-7.00
2014-04-19T11:00:00,-0.96,0.18,0.86,-0.19,-0.17,0.37,-0.28,-0.51,-0.18,0,0,-13.00
2014-04-19T12:00:00,-0.67,0.15,0.63,-0.13,-0.3,0.25,0.26,-0.53,-0.16,0,0,-6.00
2014-04-19T13:00:00,0.13,1.0,-0.52,-0.2,0.1,0.17,0.32,-0.56,-0.18,0,0,-3.00
2014-04-19T14:00:00,-0.65,0.96,0.05,-0.18,0.23,0.24,0.66,-0.58,-0.17,0,0,4.00
2014-04-19T15:00:00,-0.75,0.85,0.28,-0.15,0.03,0.52,0.46,-0.55,-0.17,0,0,6.00
2014-04-19T16:00:00,-0.8,0.65,0.41,-0.09,-0.23,0.48,0.12,-0.53,-0.17,0,0,5.00
2014-04-19T17:00:00,-0.71,0.14,0.74,-0.09,-0.39,0.3,0.43,-0.53,-0.16,0,0,5.00
2014-04-19T18:00:00,-0.84,0.39,0.88,-0.32,-0.46,-0.09,0.34,-0.35,-0.15,0,0,6.00
2014-04-19T19:00:00,-0.92,0.96,0.1,-0.51,-0.32,1.24,0.4,-0.37,-0.15,0,0,9.00
2014-04-19T20:00:00,-0.85,0.56,0.69,-0.43,-0.26,0.88,0.6,-0.43,-0.15,0,0,8.00
2014-04-19T21:00:00,-0.86,0.09,0.95,-0.29,-0.1,0.71,0.12,-0.41,-0.16,0,0,4.00
2014-04-19T22:00:00,-1.03,0.48,0.74,-0.19,-0.07,0.87,-0.2,-0.29,-0.16,0,0,2.00
2014-04-19T23:00:00,-1.08,0.71,0.33,-0.14,0.09,1.19,-0.31,-0.31,-0.16,0,0,-5.00
2014-04-20T00:00:00,-0.15,0.28,0.02,-0.41,0.67,1.05,0.63,-0.23,1.03,0,0,-10.00
2014-04-20T01:00:00,-0.33,0.12,0.41,-0.44,0.74,0.94,1.29,-0.46,0.12,0,0,-6.00
2014-04-20T02:00:00,-0.55,-0.16,0.8,-0.4,0.6,1.0,0.6,-0.52,-0.15,0,0,4.00
2014-04-20T03:00:00,-0.49,-0.2,0.68,-0.42,0.58,0.72,0.3,-0.52,-0.15,0,0,10.00
2014-04-20T04:00:00,-0.64,-0.23,0.59,-0.39,0.41,0.8,-0.3,-0.51,-0.17,0,0,8.00
2014-04-20T05:00:00,-0.86,0.05,0.4,-0.38,0.54,0.34,-0.34,-0.49,-0.17,0,0,8.00
2014-04-20T06:00:00,-0.59,0.01,0.5,-0.34,0.63,0.22,-0.1,-0.53,-0.16,0,0,-1.00
2014-04-20T07:00:00,-0.31,-0.13,0.73,-0.21,0.62,0.18,-0.13,-0.53,-0.16,0,0,-2.00
2014-04-20T08:00:00,-0.12,-0.15,0.83,-0.18,0.51,0.28,-0.12,-0.54,-0.17,0,0,0.00
2014-04-20T09:00:00,0.17,-0.26,0.87,-0.24,0.44,0.18,-0.29,-0.51,-0.17,0,0,0.00
2014-04-20T10:00:00,0.37,-0.57,1.92,-1.0,0.54,0.89,0.57,-0.06,-0.15,0,0,1.00
2014-04-20T11:00:00,0.36,-1.53,0.87,-1.82,4.06,1.58,0.25,0.91,-0.07,0,0,2.00
2014-04-20T12:00:00,-0.66,0.89,1.54,-1.79,2.54,0.6,0.19,1.82,-0.05,0,0,28.00
2014-04-20T13:00:00,-0.35,1.62,-0.38,-1.57,2.58,1.71,0.52,3.82,0.27,0,0,24.00
2014-04-20T14:00:00,0.48,0.86,-0.21,-1.56,3.2,1.02,0.68,2.73,0.9,0,0,15.00
2014-04-20T15:00:00,-0.14,0.67,0.24,-1.45,2.52,-0.25,0.39,2.13,1.32,0,0,20.00
2014-04-20T16:00:00,0.53,1.25,-0.13,-1.78,1.32,-0.01,0.1,1.29,0.04,0,0,6.00
2014-04-20T17:00:00,0.33,0.96,0.04,-1.67,0.99,0.1,0.14,1.58,0.31,0,0,4.00
2014-04-20T18:00:00,0.9,0.76,1.14,-1.8,-0.14,-0.52,0.08,1.19,-0.05,0,0,4.00
2014-04-20T19:00:00,0.91,0.84,0.86,-1.82,-0.04,-0.3,0.68,0.93,0.04,0,0,-1.00
2014-04-20T20:00:00,-0.87,-0.82,0.44,-1.53,0.75,0.26,0.74,0.73,0.13,0,0,3.00
2014-04-20T21:00:00,0.34,-0.68,-0.18,-1.65,1.02,0.62,0.6,0.61,0.46,0,0,11.00
2014-04-20T22:00:00,0.67,-0.87,-0.34,-1.6,1.08,0.44,0.38,0.48,0.05,0,0,5.00
2014-04-20T23:00:00,0.76,-0.18,0.36,-1.48,0.86,-0.12,0.19,0.29,0.15,0,0,-4.00
2014-04-21T00:00:00,-0.28,0.49,0.23,-1.29,0.28,-0.07,0.13,0.54,0.56,0,0,-10.00
2014-04-21T01:00:00,-0.99,0.44,-0.45,-1.12,0.33,0.44,0.16,0.26,-0.05,0,0,-10.00
2014-04-21T02:00:00,0.09,1.13,0.06,-1.25,-0.1,-0.14,-0.02,0.25,-0.05,0,0,-9.00
2014-04-21T03:00:00,0.4,0.87,0.32,-1.14,-0.42,-0.09,-0.2,0.23,-0.05,0,0,-16.00
2014-04-21T04:00:00,0.82,0.69,0.43,-1.3,-0.55,-0.29,-0.18,-0.09,-0.12,0,0,-18.00
2014-04-21T05:00:00,0.93,0.52,0.54,-1.21,-0.47,-0.28,-0.37,-0.17,-0.15,0,0,-18.00
2014-04-21T06:00:00,0.91,0.46,0.42,-1.22,-0.56,0.27,-0.23,-0.21,-0.13,0,0,-14.00
2014-04-21T07:00:00,0.89,0.69,0.01,-1.29,-0.47,-0.7,0.9,-0.5,-0.15,0,0,-14.00
2014-04-21T08:00:00,0.97,0.8,-0.41,-1.28,-0.42,-0.19,0.93,-0.58,-0.18,0,1,-11.00
2014-04-21T09:00:00,1.11,0.69,-0.17,-1.16,-0.32,-0.17,0.49,-0.58,-0.18,0,1,2.00
2014-04-21T10:00:00,1.06,0.64,-0.1,-1.03,-0.4,0.1,0.08,-0.58,-0.18,0,1,-9.00
2014-04-21T11:00:00,0.86,0.67,-0.31,-0.97,-0.5,-0.06,-0.4,-0.57,-0.19,0,1,-16.00
2014-04-21T12:00:00,0.8,0.72,-0.28,-0.86,-0.64,0.04,-0.55,-0.57,-0.19,0,1,-10.00
2014-04-21T13:00:00,0.97,0.54,-0.17,-0.85,-0.93,0.13,-0.67,-0.57,-0.19,0,1,-12.00
2014-04-21T14:00:00,0.87,0.51,-0.22,-0.85,-0.64,-0.24,-0.6,-0.57,-0.19,0,1,-20.00
2014-04-21T15:00:00,0.94,-0.01,0.28,-0.69,-0.79,-0.28,-0.11,-0.58,-0.18,0,1,-25.00
2014-04-21T16:00:00,0.85,-0.08,0.5,-0.67,-0.87,-0.21,-0.49,-0.57,-0.18,0,1,-23.00
2014-04-21T17:00:00,0.69,-0.16,0.62,-0.67,-0.8,-0.39,-0.6,-0.57,-0.19,0,1,-11.00
2014-04-21T18:00:00,0.26,-0.38,0.68,-0.48,-0.71,-0.37,-0.24,-0.57,-0.18,0,1,-11.00
2014-04-21T19:00:00,-0.04,-0.38,0.66,-0.49,-0.6,-0.65,-0.01,-0.58,-0.17,0,1,-13.00
2014-04-21T20:00:00,-0.3,-0.42,0.6,-0.55,-0.69,-1.13,-0.12,-0.55,-0.16,0,1,-6.00
2014-04-21T21:00:00,-0.52,-0.46,0.44,-0.53,-0.65,-1.26,-0.05,-0.54,-0.16,0,1,-3.00
2014-04-21T22:00:00,-0.62,-0.43,0.49,-0.52,-0.71,-1.39,-0.13,-0.56,-0.17,0,1,-8.00
2014-04-21T23:00:00,-0.64,-0.33,0.58,-0.52,-0.81,-1.42,-0.06,-0.56,-0.17,0,1,-8.00
2014-04-22T00:00:00,-0.64,-0.24,0.64,-0.49,-0.82,-1.5,-0.51,-0.55,-0.18,0,1,-10.00
2014-04-22T01:00:00,-0.8,-0.3,0.52,-0.47,-0.77,-1.46,-0.54,-0.54,-0.18,0,1,-12.00
2014-04-22T02:00:00,-0.69,-0.31,0.68,-0.54,-1.08,-1.4,-0.7,-0.54,-0.19,0,1,-15.00
2014-04-22T03:00:00,-0.85,-0.37,0.37,-0.31,-0.98,-3.56,0.65,-0.56,-0.16,0,1,-15.00
2014-04-22T04:00:00,-0.85,-0.34,0.18,-0.33,-1.21,-0.71,-0.34,-0.53,-0.17,0,1,-16.00
2014-04-22T05:00:00,-0.74,-0.45,0.34,-0.31,-1.18,-0.68,0.41,-0.55,-0.16,0,1,-10.00
2014-04-22T06:00:00,-0.7,-0.46,0.32,-0.23,-1.32,-0.53,-0.25,-0.54,-0.17,0,1,-8.00
2014-04-22T07:00:00,-0.47,-0.33,0.34,-0.17,-1.26,-0.17,-0.0,-0.46,-0.1,0,1,-5.00
2014-04-22T08:00:00,-0.35,-0.3,0.27,-0.16,-1.28,-0.24,-0.02,-0.42,-0.02,0,0,0.00
2014-04-22T09:00:00,-0.52,-0.31,0.27,-0.06,-1.03,-0.38,-0.4,-0.35,-0.1,0,0,4.00
2014-04-22T10:00:00,-0.56,-0.33,0.39,0.1,-0.78,-0.3,-0.59,-0.36,-0.15,0,0,4.00
2014-04-22T11:00:00,-0.53,-0.22,0.22,0.08,-1.04,-0.19,-0.59,-0.37,-0.12,0,0,0.00
2014-04-22T12:00:00,-0.51,-0.08,0.1,0.11,-1.0,-0.18,-0.66,-0.45,-0.14,0,0,-5.00
2014-04-22T13:00:00,-0.43,-0.37,0.01,0.12,-0.57,-0.27,-0.68,-0.45,-0.15,0,0,-7.00
2014-04-22T14:00:00,-0.51,-0.23,0.06,0.16,-0.63,-0.17,-0.64,-0.45,-0.14,0,0,-6.00
2014-04-22T15:00:00,-0.36,-0.03,0.36,0.19,-0.4,-0.5,-0.67,-0.49,-0.15,0,0,-6.00
2014-04-22T16:00:00,-0.29,0.11,0.23,0.08,-0.27,-0.19,-0.73,-0.51,-0.14,0,0,-7.00
2014-04-22T17:00:00,-0.38,0.05,0.07,0.14,-0.09,0.07,-0.71,-0.52,-0.14,0,0,-9.00
2014-04-22T18:00:00,-0.34,0.11,-0.05,0.14,0.13,0.36,-0.58,-0.5,-0.11,0,0,-8.00
2014-04-22T19:00:00,-0.3,0.21,0.11,0.14,-0.14,-0.07,-0.74,-0.55,-0.15,0,0,-9.00
2014-04-22T20:00:00,-0.33,0.2,0.16,0.15,-0.23,-0.13,-0.75,-0.54,-0.16,0,0,-10.00
2014-04-22T21:00:00,-0.29,0.22,0.21,0.13,-0.17,-0.15,-0.69,-0.54,-0.15,0,0,-9.00
2014-04-22T22:00:00,-0.04,0.01,0.06,0.17,-0.16,-0.27,-0.59,-0.5,3.5,0,0,-7.00
2014-04-22T23:00:00,0.37,-0.33,0.1,0.33,-0.45,-0.4,-0.58,-0.52,-0.14,0,0,-7.00
2014-04-23T00:00:00,0.26,-0.26,0.25,0.28,-0.39,-0.34,-0.38,-0.5,-0.08,0,0,-6.00
2014-04-23T01:00:00,0.01,-0.15,0.41,0.18,-0.16,-0.25,-0.4,-0.48,-0.07,0,0,-8.00
2014-04-23T02:00:00,0.41,-0.36,0.15,0.47,-0.79,-0.94,-0.58,-0.52,-0.15,0,0,-6.00
2014-04-23T03:00:00,0.37,-0.35,0.44,0.5,-0.89,0.03,-0.68,-0.52,-0.17,0,0,-1.00
2014-04-23T04:00:00,0.48,-0.33,0.19,0.57,-0.91,-0.43,-0.64,-0.5,-0.16,0,0,-1.00
2014-04-23T05:00:00,0.43,-0.27,-0.08,0.5,-0.59,-0.86,-0.56,-0.48,-0.14,0,0,0.00
2014-04-23T06:00:00,0.36,-0.15,0.52,0.47,-0.4,0.76,-0.59,-0.46,-0.15,0,0,0.00
2014-04-23T07:00:00,0.6,-0.04,0.25,0.59,-0.3,-0.13,-0.55,-0.48,-0.15,0,0,3.00
2014-04-23T08:00:00,0.46,0.31,-0.14,0.5,0.33,-0.86,-0.52,-0.42,-0.13,0,0,2.00
2014-04-23T09:00:00,0.29,-0.13,-0.25,0.43,-0.47,-1.09,-0.53,-0.46,-0.11,0,0,2.00
2014-04-23T10:00:00,0.33,-0.39,-0.15,0.47,-1.0,-0.83,-0.53,-0.45,-0.13,0,0,2.00
2014-04-23T11:00:00,0.2,-0.64,0.15,0.44,-1.31,-0.26,-0.53,-0.46,-0.15,0,0,0.00
2014-04-23T12:00:00,0.46,-0.65,0.05,0.53,-1.62,-0.38,-0.5,-0.43,-0.15,0,0,-3.00
2014-04-23T13:00:00,0.56,-0.64,-0.01,0.55,-1.47,-0.65,-0.46,-0.42,-0.15,0,0,-4.00
2014-04-23T14:00:00,0.85,-0.3,0.15,0.73,-0.86,0.08,-0.38,-0.45,-0.16,0,0,-4.00
2014-04-23T15:00:00,0.73,-0.45,-0.31,0.67,-1.29,-1.06,-0.35,-0.41,-0.16,0,0,-3.00
2014-04-23T16:00:00,0.56,-0.7,0.28,0.55,-1.37,-0.4,-0.55,-0.48,-0.17,0,0,-1.00
2014-04-23T17:00:00,0.76,-0.63,-0.21,0.65,-1.23,-1.5,-0.56,-0.5,-0.18,0,0,0.00
2014-04-23T18:00:00,0.67,-0.95,0.09,0.68,-1.54,-0.7,-0.6,-0.52,-0.18,0,0,-3.00
2014-04-23T19:00:00,0.49,-0.82,0.38,0.66,-1.25,-0.55,-0.51,-0.47,-0.17,0,0,-6.00
2014-04-23T20:00:00,0.24,-0.57,0.76,0.57,-0.58,-0.03,-0.39,-0.53,-0.18,0,0,-12.00
2014-04-23T21:00:00,0.24,-0.26,0.43,0.58,-0.21,-0.36,-0.4,-0.42,-0.09,0,0,-11.00
2014-04-23T22:00:00,0.45,-0.24,-0.62,0.59,-0.2,-1.9,-0.31,-0.34,-0.14,0,0,-5.00
2014-04-23T23:00:00,0.64,-0.79,0.02,0.69,-0.88,-1.18,-0.24,-0.38,-0.15,0,0,-3.00
2014-04-24T00:00:00,-0.04,-0.88,0.15,0.53,-0.95,-0.84,-0.32,-0.42,-0.15,0,0,-4.00
2014-04-24T01:00:00,0.24,-0.75,0.59,0.66,-0.69,-0.06,-0.32,-0.4,-0.15,0,0,-6.00
2014-04-24T02:00:00,-0.34,-0.89,0.1,0.5,-0.96,-0.66,-0.26,-0.4,-0.15,0,0,-3.00
2014-04-24T03:00:00,0.57,-0.28,0.06,0.73,-0.3,-0.8,-0.28,-0.21,-0.02,0,0,3.00
2014-04-24T04:00:00,0.65,0.22,0.01,0.67,-0.01,-0.41,0.98,-0.27,0.15,0,0,9.00
2014-04-24T05:00:00,0.21,0.45,-0.21,0.57,0.45,-1.08,-0.26,-0.21,-0.01,0,0,4.00
2014-04-24T06:00:00,0.2,0.16,-0.52,0.58,0.21,-1.14,-0.24,-0.27,-0.08,0,0,1.00
2014-04-24T07:00:00,0.36,0.74,0.18,0.59,0.58,-0.22,-0.27,-0.25,-0.11,0,0,1.00
2014-04-24T08:00:00,0.25,0.32,-0.31,0.52,0.32,-0.55,-0.41,-0.21,-0.04,0,0,-2.00
2014-04-24T09:00:00,0.15,0.25,-0.24,0.38,0.08,-0.15,-0.44,-0.03,0.13,0,0,-12.00
2014-04-24T10:00:00,-0.37,-0.04,0.38,0.28,-0.13,0.56,-0.41,-0.11,0.05,0,0,-15.00
2014-04-24T11:00:00,-0.15,-0.04,0.06,0.35,0.09,0.19,-0.43,-0.1,2.63,0,0,-11.00
2014-04-24T12:00:00,0.32,-0.01,-0.47,0.41,0.27,0.0,-0.46,-0.08,-0.06,0,0,-13.00
2014-04-24T13:00:00,0.16,0.28,0.03,0.4,0.62,0.15,-0.45,-0.08,0.39,0,0,-12.00
2014-04-24T14:00:00,0.07,0.18,-0.37,0.4,0.88,0.21,-0.43,-0.13,0.0,0,0,-11.00
2014-04-24T15:00:00,0.11,0.43,-0.11,0.38,0.89,0.24,-0.39,-0.04,0.11,0,0,-14.00
2014-04-24T16:00:00,0.23,0.34,-0.18,0.33,0.99,0.51,-0.42,-0.01,0.1,0,0,-13.00
2014-04-24T17:00:00,-0.07,0.64,-0.1,0.27,1.02,0.82,-0.36,-0.07,-0.03,0,0,-14.00
2014-04-24T18:00:00,0.26,0.41,-0.06,0.35,0.98,0.91,-0.39,-0.03,0.1,0,0,-13.00
2014-04-24T19:00:00,0.04,-0.32,0.32,0.19,0.08,1.61,-0.4,0.1,0.34,0,0,-12.00
2014-04-24T20:00:00,0.4,-0.48,-0.1,0.26,0.15,1.36,-0.45,0.02,0.0,0,0,-12.00
2014-04-24T21:00:00,0.54,-0.27,-0.52,0.2,0.84,0.57,-0.55,-0.01,-0.12,0,0,-11.00
2014-04-24T22:00:00,0.48,-0.32,-0.49,0.15,0.41,-0.2,-0.56,0.01,-0.11,0,0,-8.00
2014-04-24T23:00:00,0.31,-0.23,-0.28,0.08,1.15,0.76,-0.51,0.13,0.08,0,0,-12.00
2014-04-25T00:00:00,0.52,-0.03,-0.28,0.19,1.42,0.66,-0.47,0.2,0.03,0,0,-19.00
2014-04-25T01:00:00,0.63,0.49,-0.07,0.22,1.77,0.99,-0.46,-0.07,-0.09,0,0,-17.00
2014-04-25T02:00:00,0.72,-0.35,-0.12,0.38,0.74,0.8,-0.5,-0.18,-0.11,0,0,-12.00
2014-04-25T03:00:00,0.51,-0.6,0.16,0.31,0.34,1.37,-0.53,-0.17,-0.11,0,0,-9.00
2014-04-25T04:00:00,0.36,-0.57,0.26,0.3,0.2,1.52,-0.59,-0.2,-0.11,0,0,-7.00
2014-04-25T05:00:00,0.07,-0.67,0.31,0.19,-0.13,1.62,-0.62,-0.16,-0.11,0,0,-9.00
2014-04-25T06:00:00,0.23,-0.63,-0.03,0.28,-0.01,0.76,-0.6,-0.21,-0.11,0,0,-7.00
2014-04-25T07:00:00,-0.43,-0.34,0.16,0.02,0.14,0.9,-0.62,-0.25,-0.08,0,0,-5.00
2014-04-25T08:00:00,-0.33,-0.47,0.0,0.12,0.04,0.46,-0.66,-0.35,-0.12,0,0,-5.00
2014-04-25T09:00:00,-0.28,-0.37,-0.28,0.18,0.19,-0.24,-0.7,-0.35,-0.14,0,0,-6.00
2014-04-25T10:00:00,0.14,-0.2,-0.2,0.52,0.01,-0.24,-0.56,-0.35,-0.01,0,0,-7.00
2014-04-25T11:00:00,0.47,-0.31,0.01,0.74,-0.32,0.13,-0.45,-0.35,-0.08,0,0,-5.00
2014-04-25T12:00:00,0.52,-0.14,-0.14,0.86,-0.2,-0.17,0.95,-0.44,0.06,0,0,-6.00
2014-04-25T13:00:00,0.22,-0.06,-0.29,0.7,-0.2,-0.23,-0.14,-0.43,-0.02,0,0,-11.00
2014-04-25T14:00:00,0.1,-0.19,-0.26,0.65,-0.48,-0.23,0.1,-0.41,0.09,0,0,-10.00
2014-04-25T15:00:00,-0.03,-0.37,-0.37,0.61,-0.66,-0.36,-0.56,-0.5,-0.16,0,0,-8.00
2014-04-25T16:00:00,-0.02,-0.18,-0.38,0.65,-0.41,-0.44,-0.54,-0.48,-0.14,0,0,-8.00
2014-04-25T17:00:00,-0.02,-0.06,-0.42,0.66,-0.12,-0.52,-0.51,-0.47,-0.14,0,0,-9.00
2014-04-25T18:00:00,-0.01,-0.0,-0.44,0.7,-0.06,-0.46,-0.52,-0.48,-0.15,0,0,-10.00
2014-04-25T19:00:00,0.07,0.13,-0.36,0.74,0.11,-0.41,-0.52,-0.44,-0.12,0,0,-10.00
2014-04-25T20:00:00,0.09,-0.33,-0.23,0.74,-0.59,-0.16,-0.52,-0.46,-0.11,0,0,-13.00
2014-04-25T21:00:00,0.26,-0.26,-0.3,0.86,-0.34,-0.23,-0.49,-0.44,-0.12,0,0,-17.00
2014-04-25T22:00:00,0.15,-0.01,-0.38,0.81,-0.07,-0.52,-0.5,-0.44,-0.12,0,0,-17.00
2014-04-25T23:00:00,-0.08,-0.11,-0.41,0.72,-0.2,-0.62,-0.52,-0.45,-0.14,0,0,-18.00
2014-04-26T00:00:00,0.12,-0.17,-0.34,0.86,-0.35,-0.41,-0.48,-0.42,-0.1,0,0,-20.00
2014-04-26T01:00:00,-0.21,-0.21,-0.36,0.75,-0.36,-0.51,-0.54,-0.46,-0.14,0,0,-17.00
2014-04-26T02:00:00,0.05,-0.45,-0.24,0.85,-0.56,-0.27,-0.5,-0.46,-0.13,0,0,-14.00
2014-04-26T03:00:00,0.04,-0.28,-0.38,0.85,-0.52,-0.55,-0.49,-0.47,-0.14,0,0,-12.00
2014-04-26T04:00:00,0.21,-0.25,-0.29,0.92,-0.39,-0.43,-0.49,-0.47,-0.12,0,0,-12.00
2014-04-26T05:00:00,0.28,-0.41,-0.13,0.94,-0.56,-0.13,-0.45,-0.45,-0.11,0,0,-14.00
2014-04-26T06:00:00,0.18,-0.42,-0.14,0.89,-0.42,-0.1,-0.45,-0.48,-0.12,0,0,-14.00
2014-04-26T07:00:00,0.22,-0.58,0.02,0.93,-0.56,0.15,-0.41,-0.5,-0.14,0,0,-10.00
2014-04-26T08:00:00,0.18,-0.22,-0.35,0.94,-0.18,-0.41,-0.39,-0.5,-0.13,0,0,-9.00
2014-04-26T09:00:00,0.03,-0.1,-0.4,0.87,0.26,0.06,0.06,-0.51,-0.1,0,0,-7.00
2014-04-26T10:00:00,0.19,-0.24,-0.17,1.0,-0.27,-0.07,-0.39,-0.51,-0.08,0,0,-6.00
2014-04-26T11:00:00,0.43,-0.11,-0.18,1.12,-0.07,-0.03,-0.33,-0.5,-0.11,0,0,-10.00
2014-04-26T12:00:00,0.25,-0.27,-0.21,1.05,-0.3,-0.08,-0.37,-0.52,-0.12,0,0,-13.00
2014-04-26T13:00:00,0.32,0.19,-0.14,1.06,0.43,0.08,-0.34,-0.52,-0.11,0,0,-15.00
2014-04-26T14:00:00,0.3,-0.22,-0.3,1.08,-0.24,-0.28,-0.34,-0.53,-0.14,0,0,-14.00
2014-04-26T15:00:00,0.19,-0.36,-0.32,0.98,-0.23,0.42,0.3,-0.55,-0.12,0,0,-14.00
2014-04-26T16:00:00,0.09,-0.4,-0.28,1.04,-0.31,-0.24,-0.36,-0.55,-0.15,0,0,-13.00
2014-04-26T17:00:00,0.07,-0.44,-0.25,1.05,-0.43,-0.19,-0.36,-0.54,-0.15,0,0,-13.00
2014-04-26T18:00:00,0.08,-0.27,-0.26,1.05,-0.23,-0.18,-0.32,-0.54,-0.12,0,0,-15.00
