2015-03-17T14:00:00,-2.36,1.35,-2.65,-1.06,1.25,-1.76,4.0,-0.08,-0.16,0,1,-62.00
2015-03-17T15:00:00,-3.34,0.75,-2.28,-1.21,0.97,-1.73,2.96,-0.32,-0.18,0,1,-82.00
2015-03-17T16:00:00,-1.81,1.01,-2.7,-0.96,1.54,-0.63,3.73,-0.21,-0.16,0,1,-106.00
2015-03-17T17:00:00,-1.18,2.97,-2.01,-0.89,2.52,-1.17,2.11,-0.35,-0.18,0,1,-131.00
2015-03-17T18:00:00,-1.21,1.11,-1.89,-0.93,1.33,-1.5,1.92,-0.27,-0.16,0,1,-150.00
2015-03-17T19:00:00,-1.21,0.37,-2.22,-0.78,0.56,-1.73,0.63,-0.22,-0.18,0,1,-143.00
2015-03-17T20:00:00,-1.25,0.18,-2.54,-0.73,0.78,-1.17,0.55,-0.35,-0.18,0,1,-165.00
2015-03-17T21:00:00,-1.63,-0.18,-2.46,-0.74,0.72,-0.67,0.57,-0.41,-0.19,0,1,-171.00
2015-03-17T22:00:00,-1.23,-1.75,-2.42,-0.62,-0.01,-0.84,0.31,-0.38,-0.19,0,1,-187.00
2015-03-17T23:00:00,0.85,-2.5,-0.88,-1.0,0.89,-0.87,0.37,-0.07,-0.17,0,1,-223.00
2015-03-18T00:00:00,1.48,-2.4,-0.73,-0.83,0.01,-0.53,-0.46,-0.42,-0.19,0,1,-214.00
2015-03-18T01:00:00,1.59,-2.29,-0.32,-0.7,-0.07,-0.14,-0.31,-0.43,-0.19,0,1,-189.00
2015-03-18T02:00:00,1.3,-2.25,-0.42,-0.74,-0.41,-0.81,-0.22,-0.4,-0.19,0,1,-178.00
2015-03-18T03:00:00,1.5,-1.92,-0.32,-0.65,-0.47,-1.08,-0.28,-0.23,-0.18,0,1,-162.00
2015-03-18T04:00:00,1.22,-1.65,-0.0,-0.73,-0.37,-0.84,-0.27,0.05,-0.17,0,1,-144.00
2015-03-18T05:00:00,1.43,-1.46,0.61,-0.62,-0.17,0.26,-0.37,0.12,-0.17,0,0,-136.00
2015-03-18T06:00:00,0.85,-1.78,0.13,-0.88,-0.8,-0.88,-0.28,0.26,-0.15,0,0,-125.00
2015-03-18T07:00:00,1.26,-1.59,-0.08,-0.67,-0.6,-1.54,-0.19,0.26,-0.15,0,0,-121.00
2015-03-18T08:00:00,1.13,-1.86,-0.03,-0.74,-1.07,-1.25,-0.12,0.26,-0.16,0,0,-112.00
2015-03-18T09:00:00,1.14,-1.92,0.14,-0.8,-0.57,-0.53,-0.04,0.29,-0.15,0,0,-112.00
2015-03-18T10:00:00,0.69,-1.74,-0.14,-1.02,0.2,-0.59,0.22,0.49,-0.11,0,0,-106.00
2015-03-18T11:00:00,1.33,-1.26,0.52,-0.82,0.3,0.66,0.21,0.53,-0.11,0,0,-99.00
2015-03-18T12:00:00,0.93,-1.5,0.21,-1.01,-0.07,-0.51,0.27,0.79,-0.07,0,0,-89.00
2015-03-18T13:00:00,0.55,-1.13,-0.73,-1.13,0.12,-1.6,0.33,0.95,-0.01,0,0,-86.00
2015-03-18T14:00:00,0.85,-0.98,-0.3,-1.06,0.21,-0.97,0.3,0.78,0.03,0,0,-78.00
2015-03-18T15:00:00,0.94,-0.65,0.52,-1.07,0.67,0.08,0.17,0.75,0.03,0,0,-76.00
2015-03-18T16:00:00,0.92,-1.17,0.32,-1.2,0.12,0.18,0.03,0.55,-0.08,0,0,-79.00
2015-03-18T17:00:00,0.72,-0.42,-0.34,-1.55,0.3,-0.35,-0.31,0.2,-0.05,0,0,-74.00
2015-03-18T18:00:00,0.72,-0.22,-0.13,-1.64,0.58,0.57,-0.37,0.24,0.01,0,0,-70.00
2015-03-18T19:00:00,0.73,-0.47,0.11,-1.6,0.05,0.98,-0.37,0.22,-0.03,0,0,-77.00
2015-03-18T20:00:00,0.23,-0.68,0.12,-1.89,-0.59,1.24,-0.4,0.33,0.05,0,0,-83.00
2015-03-18T21:00:00,0.5,-0.24,-0.26,-1.7,0.06,0.24,-0.21,0.3,0.17,0,0,-83.00
2015-03-18T22:00:00,0.35,0.12,-0.46,-1.69,0.71,-0.06,-0.42,0.42,0.06,0,0,-83.00
2015-03-18T23:00:00,0.32,-0.34,-0.15,-1.74,0.06,0.18,-0.4,0.41,0.31,0,0,-83.00
2015-03-19T00:00:00,0.23,-0.16,-0.02,-1.71,0.31,0.53,-0.34,0.47,1.77,0,0,-81.00
2015-03-19T01:00:00,-0.33,-0.24,-0.05,-1.72,0.07,0.26,-0.36,0.31,0.53,0,0,-88.00
2015-03-19T02:00:00,0.24,-0.45,-0.07,-1.38,-0.27,-0.01,-0.33,0.26,0.28,0,0,-83.00
2015-03-19T03:00:00,0.41,-0.33,-0.17,-1.21,-0.12,-0.22,-0.34,0.14,0.14,0,0,-75.00
2015-03-19T04:00:00,0.73,0.02,0.4,-1.09,0.36,0.75,-0.31,0.09,-0.03,0,0,-69.00
2015-03-19T05:00:00,0.64,-0.34,-0.02,-1.1,-0.3,-0.18,-0.3,0.11,0.03,0,0,-73.00
2015-03-19T06:00:00,0.23,-0.67,-0.17,-1.25,-0.71,-0.49,-0.22,0.11,0.04,0,0,-73.00
2015-03-19T07:00:00,0.12,-0.4,-0.59,-1.24,-0.36,-1.08,-0.23,0.04,-0.04,0,0,-70.00
2015-03-19T08:00:00,0.27,-0.14,-0.6,-1.13,-0.05,-1.22,-0.23,0.09,-0.02,0,0,-61.00
2015-03-19T09:00:00,0.47,-0.3,-0.25,-1.04,-0.5,-0.68,-0.26,0.08,0.07,0,0,-60.00
2015-03-19T10:00:00,0.53,-0.13,-0.69,-1.07,0.05,-1.6,-0.45,0.11,-0.11,0,0,-65.00
2015-03-19T11:00:00,0.52,-1.09,-0.56,-1.05,-1.38,-1.23,-0.5,0.02,-0.15,0,0,-63.00
2015-03-19T12:00:00,0.65,-0.87,-0.33,-0.9,-1.16,-0.87,-0.44,0.2,-0.12,0,0,-66.00
2015-03-19T13:00:00,0.91,-0.69,-0.06,-0.86,-1.1,-0.3,-0.38,0.56,-0.07,0,0,-67.00
2015-03-19T14:00:00,0.77,0.18,0.75,-0.93,0.53,1.62,-0.38,0.3,-0.09,0,0,-71.00
2015-03-19T15:00:00,0.45,0.4,0.85,-1.12,0.88,1.65,-0.36,0.42,-0.07,0,0,-72.00
2015-03-19T16:00:00,0.67,-0.39,0.36,-0.97,-0.42,0.59,-0.28,0.18,-0.0,0,0,-68.00
2015-03-19T17:00:00,0.8,-0.5,0.13,-0.95,-0.56,0.09,-0.17,0.35,0.02,0,0,-61.00
2015-03-19T18:00:00,0.7,0.39,0.18,-1.02,0.94,0.58,-0.12,0.47,0.13,0,0,-60.00
2015-03-19T19:00:00,0.92,-0.19,-0.38,-0.92,0.14,-0.45,-0.16,0.22,-0.05,0,0,-60.00
2015-03-19T20:00:00,0.9,0.26,-0.2,-0.88,0.64,-0.28,-0.27,0.21,-0.05,0,0,-58.00
2015-03-19T21:00:00,0.92,0.01,0.05,-0.83,1.26,0.57,-0.24,0.3,-0.0,0,0,-59.00
2015-03-19T22:00:00,0.6,-0.68,0.04,-1.02,-0.62,0.38,-0.27,0.24,-0.02,0,0,-58.00
2015-03-19T23:00:00,0.51,-0.57,-0.41,-1.12,-0.29,-0.26,-0.38,0.2,-0.06,0,0,-54.00
2015-03-20T00:00:00,0.93,-0.52,0.17,-0.92,-0.27,0.83,-0.34,0.19,-0.08,0,0,-58.00
2015-03-20T01:00:00,1.0,-0.15,-0.1,-0.74,0.32,0.13,-0.47,0.04,-0.11,0,0,-64.00
2015-03-20T02:00:00,0.99,-0.11,-0.33,-0.67,0.22,-0.57,-0.52,0.14,-0.12,0,0,-69.00
2015-03-20T03:00:00,0.8,-0.61,-0.18,-0.76,-0.63,-0.08,-0.5,0.31,-0.09,0,0,-63.00
2015-03-20T04:00:00,0.6,-0.32,-0.62,-0.92,-0.08,-1.43,-0.47,0.31,-0.09,0,0,-56.00
2015-03-20T05:00:00,0.77,-0.03,0.57,-0.82,0.55,1.98,-0.46,0.33,-0.07,0,0,-53.00
2015-03-20T06:00:00,1.02,-0.39,-0.01,-0.6,-0.24,0.37,-0.52,-0.06,-0.14,0,0,-53.00
2015-03-20T07:00:00,0.73,-0.68,-0.14,-0.84,-0.56,-0.15,-0.52,0.28,-0.1,0,0,-58.00
2015-03-20T08:00:00,0.47,-0.85,-0.38,-0.99,-0.8,-0.88,-0.52,0.38,-0.1,0,0,-56.00
2015-03-20T09:00:00,0.73,-0.36,-0.24,-0.84,0.2,-0.73,-0.53,0.22,-0.07,0,0,-52.00
2015-03-20T10:00:00,0.89,0.24,0.43,-0.74,1.45,1.32,-0.5,0.16,-0.11,0,0,-50.00
2015-03-20T11:00:00,0.95,0.3,0.28,-0.7,1.76,0.86,-0.48,0.1,-0.11,0,0,-50.00
2015-03-20T12:00:00,0.78,0.55,0.43,-0.88,2.07,1.15,-0.48,0.19,-0.11,0,0,-55.00
2015-03-20T13:00:00,0.58,0.88,0.26,-0.98,2.3,0.93,-0.48,0.24,-0.11,0,0,-48.00
2015-03-20T14:00:00,0.63,0.73,0.15,-0.97,1.84,0.11,-0.48,0.09,-0.11,0,0,-44.00
2015-03-20T15:00:00,1.0,-0.18,-0.28,-0.5,0.71,-1.42,-0.55,-0.11,-0.15,0,0,-44.00
2015-03-20T16:00:00,1.06,-0.54,0.05,-0.62,-0.33,0.01,-0.53,-0.09,-0.15,0,0,-44.00
2015-03-20T17:00:00,1.18,-0.13,0.42,-0.58,0.52,0.99,-0.51,-0.14,-0.16,0,0,-50.00
2015-03-20T18:00:00,0.84,-0.73,-0.23,-0.81,-0.9,-0.87,-0.52,0.1,-0.13,0,0,-54.00
2015-03-20T19:00:00,1.14,-0.02,0.44,-0.83,0.66,0.72,-0.37,-0.02,-0.13,0,0,-53.00
2015-03-20T20:00:00,0.96,-0.74,0.04,-0.9,-0.49,0.14,-0.37,0.1,-0.12,0,0,-48.00
2015-03-20T21:00:00,0.57,-0.49,-0.49,-1.14,0.04,-0.6,-0.25,0.23,-0.05,0,0,-47.00
2015-03-20T22:00:00,0.62,0.12,-0.31,-1.11,0.74,-0.22,-0.24,0.05,0.0,0,0,-45.00
2015-03-20T23:00:00,0.44,1.06,-0.4,-1.13,1.57,-0.56,-0.26,0.17,-0.11,0,0,-46.00
2015-03-21T00:00:00,0.71,0.96,0.22,-0.97,1.48,0.68,-0.25,0.18,-0.1,0,0,-54.00
2015-03-21T01:00:00,1.07,0.48,0.18,-0.76,1.05,0.47,-0.26,0.31,-0.08,0,0,-58.00
2015-03-21T02:00:00,1.19,-0.13,0.5,-0.94,0.17,0.82,-0.26,-0.06,-0.14,0,0,-53.00
2015-03-21T03:00:00,1.19,-0.51,0.29,-1.17,0.11,0.03,-0.17,0.0,-0.12,0,0,-53.00
2015-03-21T04:00:00,0.88,-0.39,0.26,-1.43,0.51,-0.2,-0.07,0.27,0.0,0,0,-45.00
2015-03-21T05:00:00,0.86,-0.74,0.11,-1.44,0.49,-0.19,-0.16,0.2,-0.07,0,0,-35.00
2015-03-21T06:00:00,0.69,-0.7,-0.01,-1.54,0.63,-0.67,-0.22,0.36,-0.01,0,0,-34.00
2015-03-21T07:00:00,0.61,-0.67,-0.12,-1.67,1.06,-0.95,-0.24,0.52,0.04,0,0,-37.00
2015-03-21T08:00:00,0.78,-0.7,0.08,-1.52,0.97,-0.7,-0.3,0.54,-0.02,0,0,-32.00
2015-03-21T09:00:00,0.28,-1.14,0.09,-1.82,1.18,-0.88,0.74,0.29,0.06,0,0,-34.00
2015-03-21T10:00:00,0.34,-0.94,0.44,-1.68,1.65,0.47,-0.23,0.26,-0.07,0,0,-33.00
2015-03-21T11:00:00,0.72,-0.79,0.11,-1.44,0.95,-0.85,-0.46,0.1,-0.11,0,0,-38.00
2015-03-21T12:00:00,0.88,-0.75,0.15,-1.45,0.98,-0.59,-0.46,0.05,-0.13,0,0,-38.00
2015-03-21T13:00:00,0.89,-0.57,0.3,-1.4,1.04,-0.38,-0.48,0.08,-0.12,0,0,-35.00
2015-03-21T14:00:00,0.8,-0.78,0.27,-1.37,0.69,-0.17,-0.6,0.0,-0.15,0,0,-31.00
2015-03-21T15:00:00,0.94,-0.77,0.2,-1.23,0.52,-0.41,-0.67,-0.16,-0.17,0,0,-33.00
2015-03-21T16:00:00,0.95,-0.5,0.41,-1.3,0.52,-0.19,-0.57,-0.08,-0.15,0,0,-34.00
2015-03-21T17:00:00,0.93,-0.5,0.39,-1.32,0.16,-0.56,-0.6,-0.11,-0.15,0,0,-33.00
2015-03-21T18:00:00,0.98,-0.48,0.22,-1.18,-0.01,-0.69,-0.46,-0.18,-0.15,0,0,-31.00
2015-03-21T19:00:00,1.01,-0.45,0.31,-1.1,-0.2,-0.11,-0.48,-0.23,-0.15,0,0,-33.00
2015-03-21T20:00:00,1.29,-0.87,0.58,-1.36,-1.73,-0.3,0.62,-0.1,-0.12,0,0,-32.00
2015-03-21T21:00:00,1.37,-1.02,0.87,-1.68,-1.11,0.46,-0.45,0.07,-0.17,0,1,-35.00
2015-03-21T22:00:00,1.23,-0.47,1.37,-1.61,-0.94,1.25,-0.52,-0.25,-0.18,0,1,-28.00
2015-03-21T23:00:00,0.97,-0.26,1.47,-1.68,-1.12,1.11,-0.42,-0.23,-0.18,0,1,-32.00
2015-03-22T00:00:00,1.0,0.11,1.41,-1.49,-1.32,0.61,-0.58,-0.11,-0.18,0,1,-29.00
2015-03-22T01:00:00,0.59,0.64,1.15,-1.35,-0.56,0.58,-0.39,0.36,-0.14,0,1,-27.00
2015-03-22T02:00:00,-0.73,0.81,0.16,-1.58,-1.03,-0.68,-0.06,0.31,-0.04,0,1,-30.00
2015-03-22T03:00:00,-0.64,0.42,-0.02,-1.33,-0.48,0.18,0.23,-0.29,-0.04,0,0,-25.00
2015-03-22T04:00:00,-0.74,0.02,0.4,-1.38,-0.42,0.02,-0.23,-0.28,-0.11,0,0,-21.00
2015-03-22T05:00:00,-0.61,-0.08,-0.55,-1.28,-0.25,0.07,-0.47,-0.41,-0.16,0,0,-27.00
2015-03-22T06:00:00,-1.03,0.38,-0.63,-1.59,-0.56,1.01,0.37,-0.42,-0.16,0,0,-31.00
2015-03-22T07:00:00,0.06,0.55,1.08,-1.79,-0.25,0.82,1.42,-0.26,-0.08,0,0,-32.00
2015-03-22T08:00:00,0.34,0.23,0.31,-2.12,0.65,0.11,0.87,-0.07,0.7,0,0,-43.00
2015-03-22T09:00:00,0.65,0.35,0.44,-1.95,1.64,0.43,-0.22,-0.34,-0.12,0,0,-38.00
2015-03-22T10:00:00,0.8,0.2,0.44,-1.74,2.28,0.69,0.25,-0.19,-0.05,0,0,-38.00
2015-03-22T11:00:00,-0.37,1.09,-0.19,-1.81,1.58,-0.6,0.17,-0.0,-0.08,0,0,-33.00
2015-03-22T12:00:00,0.45,1.39,0.07,-1.75,0.22,-1.24,-0.1,0.1,-0.13,0,1,-23.00
2015-03-22T13:00:00,1.3,0.9,-0.08,-1.65,0.7,-0.1,-0.4,-0.1,-0.16,0,1,-31.00
2015-03-22T14:00:00,1.77,0.17,0.14,-1.69,-0.04,0.32,-0.17,-0.39,-0.18,0,1,-36.00
2015-03-22T15:00:00,1.73,-0.29,0.05,-1.49,-0.04,-0.12,-0.69,-0.43,-0.19,0,1,-43.00
2015-03-22T16:00:00,1.63,-0.41,-0.06,-1.24,0.46,-0.25,-0.8,-0.45,-0.19,0,1,-39.00
2015-03-22T17:00:00,1.57,-0.07,0.11,-1.11,0.64,-0.87,-0.77,-0.4,-0.19,0,1,-37.00
2015-03-22T18:00:00,1.57,0.11,0.19,-1.06,0.35,-1.15,-0.61,-0.33,-0.18,0,1,-39.00
2015-03-22T19:00:00,1.54,-0.05,0.25,-1.1,0.23,-1.19,-0.41,-0.26,-0.17,0,1,-42.00
2015-03-22T20:00:00,1.41,-0.23,0.56,-0.97,0.45,-1.21,-0.53,0.14,-0.16,0,1,-39.00
2015-03-22T21:00:00,1.15,-0.51,0.87,-0.85,-0.01,-0.71,-0.58,0.4,-0.15,0,1,-35.00
2015-03-22T22:00:00,0.83,-0.35,1.03,-0.96,-0.34,-0.67,-0.58,0.41,-0.15,0,1,-35.00
2015-03-22T23:00:00,0.39,0.31,0.76,-0.88,-1.01,-1.21,-0.55,0.51,-0.07,0,1,-33.00
2015-03-23T00:00:00,-0.19,0.58,-0.4,-0.94,-0.21,-1.47,-0.28,0.57,0.07,0,0,-32.00
2015-03-23T01:00:00,-0.66,0.77,-0.18,-0.79,-0.38,-1.31,-0.21,0.58,-0.01,0,0,-28.00
2015-03-23T02:00:00,-0.55,1.03,-0.03,-0.86,-0.58,-1.43,-0.21,0.3,-0.08,0,0,-32.00
2015-03-23T03:00:00,-1.01,0.64,-0.38,-0.77,-0.33,-1.1,-0.28,0.2,-0.12,0,0,-35.00
2015-03-23T04:00:00,-1.45,0.3,0.33,-0.8,-0.33,-0.82,-0.34,-0.11,-0.16,0,0,-34.00
2015-03-23T05:00:00,-1.15,-0.32,0.39,-0.82,0.23,-0.92,0.31,-0.12,-0.1,0,0,-37.00
2015-03-23T06:00:00,-0.79,-0.37,0.22,-1.04,0.52,-0.29,-0.44,0.19,-0.06,0,0,-34.00
2015-03-23T07:00:00,-0.89,-0.01,0.08,-1.02,-0.11,-0.02,-0.45,0.07,-0.08,0,0,-31.00
2015-03-23T08:00:00,-0.36,-0.23,-0.15,-1.33,0.62,0.62,-0.37,0.22,0.28,0,0,-32.00
2015-03-23T09:00:00,0.17,0.78,0.08,-1.6,-0.95,-0.05,-0.38,0.3,-0.01,0,0,-35.00
2015-03-23T10:00:00,-0.66,0.43,0.07,-1.08,-0.34,0.1,-0.37,0.07,-0.04,0,0,-33.00
2015-03-23T11:00:00,-0.55,0.7,-0.14,-1.13,-0.69,0.64,-0.41,0.22,-0.07,0,0,-34.00
2015-03-23T12:00:00,-0.07,0.4,-0.23,-1.3,0.01,0.86,-0.39,0.2,0.16,0,0,-32.00
2015-03-23T13:00:00,0.34,0.4,-0.26,-1.5,0.05,0.64,-0.36,0.2,0.07,0,0,-24.00
2015-03-23T14:00:00,-0.39,0.58,0.26,-1.16,-0.08,-0.64,-0.26,0.27,0.06,0,0,-22.00
2015-03-23T15:00:00,-0.79,0.16,0.68,-0.99,0.61,-1.17,-0.38,-0.01,-0.12,0,0,-20.00
2015-03-23T16:00:00,-0.63,0.11,0.63,-0.96,0.74,-1.14,-0.42,0.02,-0.09,0,0,-25.00
2015-03-23T17:00:00,-0.6,0.4,0.58,-0.92,0.21,-1.0,-0.47,-0.14,-0.13,0,0,-26.00
2015-03-23T18:00:00,-0.48,0.44,0.36,-0.95,0.29,-0.62,-0.45,-0.06,-0.07,0,0,-23.00
2015-03-23T19:00:00,-0.11,0.65,-0.25,-1.04,-0.15,0.45,-0.48,-0.07,-0.09,0,0,-24.00
2015-03-23T20:00:00,-0.23,0.54,0.48,-0.89,0.04,-1.32,-0.46,-0.02,-0.07,0,0,-25.00
2015-03-23T21:00:00,-0.45,0.62,0.17,-0.73,-0.44,-0.38,-0.49,-0.11,-0.1,0,0,-29.00
2015-03-23T22:00:00,-0.49,0.62,0.36,-0.66,-0.53,-0.79,-0.46,-0.23,-0.13,0,0,-38.00
2015-03-23T23:00:00,-0.62,0.51,0.41,-0.58,-0.46,-0.79,-0.48,-0.27,-0.14,0,0,-36.00
2015-03-24T00:00:00,-0.67,0.45,0.41,-0.53,-0.47,-0.82,-0.54,-0.33,-0.15,0,0,-35.00
2015-03-24T01:00:00,-0.83,0.38,0.37,-0.34,-0.27,-0.51,-0.56,-0.4,-0.17,0,0,-36.00
2015-03-24T02:00:00,-0.91,0.34,0.42,-0.3,-0.25,-0.72,-0.54,-0.42,-0.17,0,0,-36.00
2015-03-24T03:00:00,-0.85,0.43,0.11,-0.35,-0.48,0.05,-0.29,-0.31,-0.14,0,0,-33.00
2015-03-24T04:00:00,-0.79,0.32,0.22,-0.36,-0.22,-0.39,-0.31,-0.28,-0.12,0,0,-28.00
2015-03-24T05:00:00,-0.58,0.4,0.51,-0.53,-0.41,-0.84,-0.32,-0.15,-0.1,0,0,-21.00
2015-03-24T06:00:00,-0.23,0.4,0.53,-0.69,-0.34,-0.96,-0.33,-0.01,-0.02,0,0,-21.00
2015-03-24T07:00:00,-0.48,0.28,0.4,-0.57,-0.25,-0.66,-0.36,-0.03,-0.01,0,0,-19.00
2015-03-24T08:00:00,-0.74,0.26,0.25,-0.42,-0.22,-0.2,-0.32,-0.06,-0.07,0,0,-15.00
2015-03-24T09:00:00,-0.59,0.32,-0.05,-0.45,-0.4,0.17,-0.35,-0.08,-0.03,0,0,-17.00
2015-03-24T10:00:00,-0.27,0.11,-0.22,-0.59,0.01,0.31,-0.31,-0.05,0.23,0,0,-17.00
2015-03-24T11:00:00,-0.54,0.17,-0.04,-0.5,-0.02,0.05,-0.25,-0.02,0.1,0,0,-13.00
2015-03-24T12:00:00,-0.53,-0.43,-0.15,-0.51,0.59,0.24,-0.25,-0.06,-0.01,0,0,-20.00
2015-03-24T13:00:00,-0.57,-0.1,-0.2,-0.48,0.2,0.28,-0.08,-0.08,0.06,0,0,-21.00
2015-03-24T14:00:00,-0.08,-0.43,-0.38,-0.57,0.54,0.67,-0.07,-0.13,0.03,0,0,-16.00
2015-03-24T15:00:00,-0.27,-0.53,-0.24,-0.54,0.53,0.6,-0.11,-0.08,0.03,0,0,-16.00
2015-03-24T16:00:00,-0.81,0.29,0.07,-0.33,-0.44,0.01,0.05,-0.14,-0.04,0,0,-14.00
2015-03-24T17:00:00,-0.61,0.55,0.13,-0.42,-0.66,-0.04,-0.2,-0.11,-0.06,0,0,-20.00
2015-03-24T18:00:00,-0.93,0.26,0.66,-0.31,-0.43,-0.7,-0.39,-0.28,-0.16,0,0,-21.00
2015-03-24T19:00:00,-0.75,0.1,0.56,-0.5,0.11,-0.31,-0.36,-0.16,-0.12,0,0,-20.00
2015-03-24T20:00:00,-0.61,0.49,0.38,-0.61,-0.21,0.06,-0.28,0.1,-0.04,0,0,-20.00
2015-03-24T21:00:00,-0.61,-0.44,0.41,-0.62,1.27,-0.05,-0.26,0.15,-0.02,0,0,-16.00
2015-03-24T22:00:00,-0.47,0.36,0.53,-0.69,-0.12,-0.24,-0.25,0.06,-0.02,0,0,-18.00
2015-03-24T23:00:00,-0.38,0.39,0.56,-0.73,-0.12,-0.57,-0.24,0.01,-0.03,0,0,-23.00
2015-03-25T00:00:00,-0.11,0.66,0.04,-0.81,-0.44,0.37,-0.23,-0.06,0.01,0,0,-23.00
2015-03-25T01:00:00,-0.57,0.22,0.43,-0.64,0.18,-0.27,-0.2,-0.05,-0.02,0,0,-18.00
2015-03-25T02:00:00,-0.84,-0.14,0.42,-0.49,0.69,-0.39,-0.29,-0.25,-0.13,0,0,-18.00
2015-03-25T03:00:00,-0.67,0.45,-0.01,-0.55,-0.12,0.48,-0.23,-0.18,-0.08,0,0,-24.00
2015-03-25T04:00:00,-0.3,0.71,0.17,-0.68,-0.75,0.04,-0.34,-0.2,-0.1,0,0,-20.00
2015-03-25T05:00:00,-0.76,0.42,0.14,-0.37,-0.45,0.1,-0.4,-0.36,-0.15,0,0,-19.00
2015-03-25T06:00:00,-0.84,0.11,0.38,-0.3,0.02,-0.24,-0.35,-0.35,-0.15,0,0,-21.00
2015-03-25T07:00:00,-0.95,-0.17,0.19,-0.14,0.47,0.15,-0.44,-0.42,-0.16,0,0,-19.00
2015-03-25T08:00:00,-0.82,0.61,0.06,-0.27,-0.89,0.65,-0.42,-0.36,-0.16,0,0,-18.00
2015-03-25T09:00:00,-0.69,0.56,-0.01,-0.6,-0.39,0.55,0.4,-0.4,-0.11,0,0,-19.00
2015-03-25T10:00:00,-0.34,0.45,0.52,-0.67,0.11,0.36,0.67,-0.28,0.01,0,0,-17.00
2015-03-25T11:00:00,-0.22,0.15,0.43,-0.74,0.4,0.06,0.83,-0.26,0.38,0,0,-4.00
2015-03-25T12:00:00,-0.08,0.22,0.58,-0.85,0.27,-0.21,0.54,-0.22,0.13,0,0,-3.00
2015-03-25T13:00:00,0.18,-0.03,-0.01,-0.93,0.44,0.2,1.35,-0.34,3.76,0,0,7.00
2015-03-25T14:00:00,0.47,0.26,0.02,-0.92,0.35,0.16,0.75,-0.32,0.23,0,0,8.00
2015-03-25T15:00:00,0.14,-0.01,0.33,-0.92,0.39,-0.11,0.12,-0.11,0.96,0,0,9.00
2015-03-25T16:00:00,0.32,-0.02,0.35,-0.91,0.41,-0.15,0.37,-0.24,0.39,0,0,1.00
2015-03-25T17:00:00,0.14,-0.01,0.11,-0.84,0.52,0.03,0.73,-0.38,4.39,0,0,-9.00
2015-03-25T18:00:00,0.39,0.04,0.06,-0.81,0.48,0.1,0.52,-0.4,0.32,0,0,-4.00
2015-03-25T19:00:00,0.06,0.2,0.19,-0.69,0.34,0.02,0.18,-0.18,1.47,0,0,-6.00
2015-03-25T20:00:00,-0.8,0.2,0.44,-0.41,0.28,-0.44,-0.19,-0.11,-0.09,0,0,-9.00
2015-03-25T21:00:00,-0.95,-0.18,0.4,-0.28,0.79,-0.63,-0.3,-0.29,-0.14,0,0,-16.00
2015-03-25T22:00:00,-0.81,-0.41,0.2,-0.31,0.98,-0.44,-0.34,-0.29,-0.13,0,0,-21.00
2015-03-25T23:00:00,-0.06,0.67,0.18,-0.36,0.16,-0.29,-0.32,-0.05,-0.02,0,0,-22.00
2015-03-26T00:00:00,-0.2,0.55,0.34,-0.32,0.19,-0.59,-0.31,-0.04,-0.01,0,0,-20.00
2015-03-26T01:00:00,-0.26,0.49,0.47,-0.27,0.3,-0.77,-0.28,-0.07,-0.03,0,0,-17.00
2015-03-26T02:00:00,-0.51,0.52,0.55,-0.17,0.26,-0.68,-0.28,-0.12,-0.1,0,0,-13.00
2015-03-26T03:00:00,-0.51,0.62,0.15,-0.15,0.1,-0.36,-0.22,-0.05,-0.05,0,0,-13.00
2015-03-26T04:00:00,-0.74,0.43,0.08,0.02,0.34,-0.32,-0.22,-0.09,-0.07,0,0,-10.00
2015-03-26T05:00:00,-1.0,0.35,0.06,0.18,0.44,-0.32,-0.12,-0.24,-0.12,0,0,-9.00
2015-03-26T06:00:00,-0.66,0.57,0.39,0.15,0.0,-0.61,-0.09,-0.15,-0.09,0,0,-12.00
2015-03-26T07:00:00,-0.74,0.67,0.29,0.25,-0.28,-0.45,-0.06,-0.27,-0.12,0,0,-13.00
2015-03-26T08:00:00,-0.9,0.52,0.19,0.31,-0.12,-0.15,0.07,-0.26,-0.11,0,0,-7.00
2015-03-26T09:00:00,-0.77,0.62,0.25,0.33,-0.02,-0.22,0.06,-0.28,-0.11,0,0,-5.00
2015-03-26T10:00:00,-0.67,0.71,0.24,0.35,-0.19,-0.46,0.07,-0.3,-0.11,0,0,-3.00
2015-03-26T11:00:00,-0.49,0.68,0.35,0.41,-0.1,-0.35,0.18,-0.33,-0.1,0,0,-2.00
2015-03-26T12:00:00,-0.77,0.54,0.03,0.47,-0.23,-0.41,0.24,-0.29,-0.09,0,0,1.00
2015-03-26T13:00:00,-0.04,0.06,0.26,0.31,0.11,-0.29,1.41,-0.45,1.53,0,0,2.00
2015-03-26T14:00:00,0.24,-0.33,0.14,0.42,-0.15,-0.16,0.92,-0.48,0.23,0,0,0.00
2015-03-26T15:00:00,0.69,-0.41,0.12,0.59,-0.47,-0.0,0.38,-0.5,-0.12,0,0,1.00
2015-03-26T16:00:00,0.74,-0.47,0.06,0.65,-0.66,-0.13,0.22,-0.51,-0.15,0,0,-4.00
2015-03-26T17:00:00,0.77,-0.36,0.03,0.69,-0.51,-0.01,0.35,-0.47,-0.12,0,0,-7.00
2015-03-26T18:00:00,0.06,-0.57,-0.31,0.53,-0.56,-0.2,0.15,-0.5,-0.12,0,0,-7.00
2015-03-26T19:00:00,0.34,-0.57,-0.26,0.53,-0.48,-0.25,0.07,-0.43,-0.11,0,0,-10.00
2015-03-26T20:00:00,0.4,-0.29,0.13,0.46,-0.13,0.21,0.09,-0.38,0.07,0,0,-8.00
2015-03-26T21:00:00,0.28,-0.19,-0.25,0.39,-0.13,0.03,0.08,-0.36,0.08,0,0,-15.00
2015-03-26T22:00:00,0.3,-0.31,-0.23,0.4,-0.21,-0.23,0.14,-0.27,0.11,0,0,-19.00
2015-03-26T23:00:00,0.43,-0.47,-0.23,0.42,-0.34,-0.14,0.13,-0.36,-0.06,0,0,-20.00
2015-03-27T00:00:00,0.6,-0.4,-0.21,0.47,-0.36,-0.1,0.15,-0.39,-0.09,0,0,-17.00
2015-03-27T01:00:00,0.59,-0.5,-0.28,0.46,-0.39,-0.28,0.12,-0.4,-0.11,0,0,-17.00
2015-03-27T02:00:00,0.69,-0.58,-0.1,0.46,-0.47,0.08,0.21,-0.4,-0.12,0,0,-16.00
2015-03-27T03:00:00,0.32,-0.65,-0.46,0.36,-0.54,-0.3,0.17,-0.44,-0.14,0,0,-14.00
2015-03-27T04:00:00,0.55,-0.77,-0.22,0.41,-0.53,-0.3,0.14,-0.42,-0.14,0,0,-14.00
2015-03-27T05:00:00,1.03,-0.6,0.23,0.47,-0.38,0.22,0.08,-0.41,-0.15,0,0,-11.00
2015-03-27T06:00:00,1.05,-0.55,0.05,0.48,-0.21,0.22,0.21,-0.38,-0.14,0,0,-16.00
2015-03-27T07:00:00,0.84,-0.61,-0.26,0.53,-0.32,-0.16,0.2,-0.43,-0.15,0,0,-20.00
2015-03-27T08:00:00,0.96,-0.64,-0.04,0.52,-0.37,0.31,1.01,-0.49,-0.14,0,0,-15.00
2015-03-27T09:00:00,0.99,-0.44,-0.27,0.64,-0.51,-0.54,0.02,-0.5,-0.17,0,0,-10.00
2015-03-27T10:00:00,0.98,-0.62,-0.06,0.66,-0.78,-0.19,0.05,-0.52,-0.17,0,0,-15.00
2015-03-27T11:00:00,0.84,-0.54,-0.44,0.66,-0.65,-0.56,0.12,-0.53,-0.17,0,0,-10.00
2015-03-27T12:00:00,0.87,-0.33,-0.6,0.72,-0.58,-0.7,0.24,-0.53,-0.17,0,0,-11.00
2015-03-27T13:00:00,1.16,-0.59,-0.07,0.82,-0.86,-0.16,0.18,-0.53,-0.17,0,0,-11.00
2015-03-27T14:00:00,1.13,-0.67,0.12,0.83,-0.94,0.01,0.17,-0.52,-0.17,0,0,-10.00
2015-03-27T15:00:00,1.16,-0.56,0.23,0.86,-0.86,0.21,0.26,-0.51,-0.17,0,0,-17.00
2015-03-27T16:00:00,1.16,-0.4,0.27,0.87,-0.73,0.17,0.57,-0.46,-0.15,0,0,-18.00
2015-03-27T17:00:00,1.15,-0.56,0.25,0.88,-0.9,0.15,0.48,-0.46,-0.16,0,0,-13.00
2015-03-27T18:00:00,1.05,-0.71,0.43,0.86,-1.02,0.14,0.58,-0.49,-0.16,0,0,-10.00
2015-03-27T19:00:00,1.17,-0.59,-0.1,0.93,-0.8,-0.5,0.56,-0.48,-0.16,0,0,-11.00
2015-03-27T20:00:00,0.97,-0.5,0.39,0.96,-0.65,-0.57,1.29,-0.47,-0.13,0,0,-11.00
2015-03-27T21:00:00,1.12,-0.49,0.47,0.97,-0.75,-0.11,0.95,-0.49,-0.15,0,0,-9.00
2015-03-27T22:00:00,1.14,-0.17,0.72,1.03,-0.58,0.11,1.0,-0.46,-0.15,0,0,-10.00
2015-03-27T23:00:00,0.94,0.04,0.77,1.08,-0.45,0.07,1.03,-0.45,-0.14,0,0,-10.00
2015-03-28T00:00:00,0.81,0.24,0.78,1.11,-0.27,0.08,0.84,-0.44,-0.14,0,0,-9.00
2015-03-28T01:00:00,0.79,0.35,0.65,1.05,-0.09,0.24,1.11,-0.44,-0.12,0,0,-8.00
2015-03-28T02:00:00,0.33,0.82,0.8,0.95,0.09,0.26,0.8,-0.5,-0.16,0,0,-4.00
2015-03-28T03:00:00,0.38,0.27,0.49,0.91,-0.38,-0.17,1.19,-0.39,0.06,0,0,1.00
2015-03-28T04:00:00,0.09,-0.2,-0.86,0.76,-0.44,-1.01,0.94,-0.4,-0.11,0,0,7.00
2015-03-28T05:00:00,0.71,-0.41,-1.06,0.7,-0.33,-0.28,0.44,-0.49,-0.17,0,0,12.00
2015-03-28T06:00:00,0.93,-1.18,-0.15,0.64,-0.02,-0.93,0.43,-0.48,-0.17,0,0,9.00
2015-03-28T07:00:00,0.6,-1.43,0.57,0.69,-0.06,-0.6,0.72,-0.44,-0.16,0,0,-8.00
2015-03-28T08:00:00,0.05,-1.03,1.12,0.71,-0.23,-0.36,0.76,-0.44,-0.16,0,0,-24.00
2015-03-28T09:00:00,0.4,-0.85,1.06,0.55,0.54,-0.07,0.84,-0.43,-0.15,0,0,-29.00
2015-03-28T10:00:00,0.43,-0.88,0.89,0.58,0.42,0.03,0.92,-0.43,-0.15,0,0,-21.00
2015-03-28T11:00:00,0.34,-1.21,1.05,0.59,0.77,-0.2,0.5,-0.53,-0.18,0,0,-15.00
2015-03-28T12:00:00,0.71,-1.0,1.06,0.62,0.42,-0.81,1.17,-0.52,-0.17,0,0,-14.00
2015-03-28T13:00:00,0.58,-1.12,1.17,0.56,0.32,0.04,0.69,-0.57,-0.18,0,0,-16.00
2015-03-28T14:00:00,0.35,-1.47,1.01,0.56,0.23,0.19,0.73,-0.56,-0.18,0,0,-14.00
2015-03-28T15:00:00,0.24,-1.59,0.92,0.51,0.04,0.12,0.97,-0.57,-0.18,0,0,-14.00
2015-03-28T16:00:00,-0.38,-1.44,1.18,0.54,0.08,-0.25,1.24,-0.56,-0.18,0,0,-7.00
2015-03-28T17:00:00,-0.37,-2.0,1.04,0.49,0.17,-0.2,0.96,-0.55,-0.19,0,0,-3.00
2015-03-28T18:00:00,-0.45,-2.34,0.64,0.51,0.26,-0.06,1.17,-0.55,-0.19,0,0,2.00
2015-03-28T19:00:00,-0.48,-2.51,0.28,0.52,0.04,0.2,1.06,-0.54,-0.19,0,0,-1.00
2015-03-28T20:00:00,-0.57,-2.46,0.16,0.57,-0.12,0.55,2.26,-0.55,-0.18,0,0,-3.00
2015-03-28T21:00:00,-0.83,-2.25,0.2,0.6,-0.41,0.68,2.88,-0.53,-0.18,0,0,-7.00
2015-03-28T22:00:00,-1.17,-2.26,-0.0,0.63,-0.39,0.71,2.87,-0.51,-0.18,0,0,-9.00
2015-03-28T23:00:00,-1.15,-2.3,-0.21,0.69,-0.5,0.82,3.18,-0.54,-0.18,0,0,-8.00
2015-03-29T00:00:00,-1.51,-2.2,-0.44,0.78,-0.36,0.96,2.02,-0.55,-0.18,0,0,-5.00
2015-03-29T01:00:00,-1.46,-1.84,-0.57,0.71,-0.5,0.58,2.87,-0.55,-0.18,0,0,-7.00
2015-03-29T02:00:00,-1.0,-2.19,-0.14,0.8,-0.6,0.64,2.79,-0.54,-0.18,0,0,-9.00
2015-03-29T03:00:00,-0.59,-2.23,-0.3,0.81,-0.36,0.59,2.68,-0.55,-0.18,0,0,-8.00
2015-03-29T04:00:00,-0.59,-2.41,-0.55,0.89,-0.37,0.51,0.91,-0.54,-0.19,0,0,-10.00
2015-03-29T05:00:00,-1.0,-1.88,-0.68,0.97,-0.4,0.57,0.8,-0.56,-0.19,0,0,-16.00
2015-03-29T06:00:00,-1.91,-1.17,-0.55,1.04,-0.53,0.55,0.98,-0.58,-0.19,0,0,-20.00
2015-03-29T07:00:00,-1.51,-1.42,-0.59,1.08,-0.55,0.55,0.99,-0.58,-0.19,0,0,-19.00
2015-03-29T08:00:00,-1.15,-1.46,-0.62,1.1,-0.62,0.49,1.12,-0.57,-0.18,0,0,-16.00
2015-03-29T09:00:00,-0.78,-1.42,-0.48,1.13,-0.52,0.59,0.5,-0.55,-0.18,0,0,-13.00
2015-03-29T10:00:00,0.38,-1.61,0.13,1.13,-0.01,0.55,1.05,-0.54,-0.18,0,0,-20.00
2015-03-29T11:00:00,0.22,-1.49,0.01,1.13,0.13,0.48,0.5,-0.5,-0.17,0,0,-30.00
2015-03-29T12:00:00,-0.13,-1.48,-0.16,1.16,0.23,0.37,0.48,-0.46,-0.17,0,0,-35.00
2015-03-29T13:00:00,0.35,-1.32,0.13,1.15,0.28,0.35,0.54,-0.42,-0.15,0,0,-24.00
2015-03-29T14:00:00,-0.33,-1.2,0.16,0.87,-0.3,1.11,0.54,-0.32,-0.12,0,0,-17.00
2015-03-29T15:00:00,-0.05,-1.38,0.12,0.89,0.18,0.31,0.43,-0.14,-0.11,0,0,-22.00
2015-03-29T16:00:00,-0.16,-1.45,-0.05,0.88,0.11,0.4,0.42,-0.05,-0.11,0,0,-21.00
2015-03-29T17:00:00,-0.04,-1.46,-0.2,0.9,0.22,0.34,0.36,-0.12,-0.12,0,0,-21.00
2015-03-29T18:00:00,0.36,-1.55,0.07,0.94,0.17,0.29,0.29,-0.15,-0.14,0,0,-23.00
2015-03-29T19:00:00,0.53,-1.39,0.07,1.06,0.22,0.5,0.79,-0.45,-0.16,0,0,-28.00
2015-03-29T20:00:00,0.38,-1.3,-0.18,1.0,0.24,0.33,1.4,-0.53,-0.16,0,0,-28.00
2015-03-29T21:00:00,0.29,-1.28,-0.24,1.0,0.15,0.2,1.08,-0.54,-0.17,0,0,-26.00
2015-03-29T22:00:00,0.52,-1.09,-0.16,1.08,0.24,0.14,1.17,-0.54,-0.16,0,0,-21.00
2015-03-29T23:00:00,0.65,-0.99,-0.11,1.13,0.34,0.08,0.99,-0.53,-0.16,0,0,-21.00
2015-03-30T00:00:00,0.56,-0.98,-0.05,1.12,0.2,-0.12,1.13,-0.54,-0.16,0,0,-20.00
2015-03-30T01:00:00,0.01,-0.99,-0.3,1.17,0.16,0.0,0.88,-0.52,-0.15,0,0,-18.00
2015-03-30T02:00:00,0.71,-0.81,0.15,1.12,0.32,-0.2,0.69,-0.45,-0.13,0,0,-15.00
2015-03-30T03:00:00,0.49,-1.01,-0.01,1.07,0.31,-0.28,0.51,-0.41,-0.13,0,0,-13.00
2015-03-30T04:00:00,0.42,-0.92,-0.12,1.07,0.11,-0.46,0.6,-0.5,-0.15,0,0,-13.00
2015-03-30T05:00:00,0.55,-0.81,-0.01,1.14,0.19,-0.3,0.55,-0.5,-0.14,0,0,-11.00
2015-03-30T06:00:00,0.66,-0.78,0.13,1.19,0.04,-0.42,0.29,-0.49,-0.15,0,0,-8.00
2015-03-30T07:00:00,0.26,-0.98,0.04,1.15,-0.39,-0.67,0.08,-0.51,-0.16,0,0,-8.00
2015-03-30T08:00:00,0.1,-0.92,-0.19,1.2,0.25,-0.21,0.05,-0.52,-0.16,0,0,-7.00
2015-03-30T09:00:00,0.85,-0.51,0.28,1.31,0.32,-0.13,0.02,-0.52,-0.17,0,0,-6.00
2015-03-30T10:00:00,1.04,-0.05,0.33,1.39,0.14,-0.63,-0.09,-0.57,-0.18,0,0,-8.00
2015-03-30T11:00:00,0.98,-0.22,0.35,1.4,0.07,-0.7,-0.1,-0.57,-0.18,0,0,-13.00
2015-03-30T12:00:00,0.67,-0.73,0.09,1.46,-0.19,-0.72,-0.06,-0.58,-0.18,0,0,-15.00
2015-03-30T13:00:00,0.74,-0.65,0.2,1.5,-0.19,-0.78,-0.08,-0.57,-0.18,0,0,-11.00
2015-03-30T14:00:00,0.76,-0.61,0.23,1.49,-0.1,-0.6,-0.06,-0.57,-0.18,0,0,-8.00
2015-03-30T15:00:00,0.85,-0.55,0.1,1.55,0.1,-0.71,-0.08,-0.58,-0.18,0,0,-11.00
2015-03-30T16:00:00,0.57,-0.78,-0.06,1.53,0.02,-1.33,0.18,-0.58,-0.17,0,0,-12.00
2015-03-30T17:00:00,0.64,-0.74,0.0,1.52,0.01,-0.85,-0.03,-0.58,-0.18,0,0,-13.00
2015-03-30T18:00:00,0.49,-0.72,-0.26,1.54,0.05,-1.08,-0.07,-0.58,-0.18,0,0,-13.00
2015-03-30T19:00:00,0.46,-0.67,-0.31,1.51,0.16,-1.02,-0.16,-0.58,-0.18,0,0,-15.00
2015-03-30T20:00:00,0.6,-0.59,-0.04,1.57,0.11,-0.85,-0.21,-0.57,-0.17,0,0,-15.00
2015-03-30T21:00:00,0.84,-0.36,0.08,1.63,0.27,-0.73,-0.29,-0.55,-0.18,0,0,-15.00
2015-03-30T22:00:00,0.7,-0.68,0.22,1.58,-0.18,-0.48,-0.33,-0.58,-0.18,0,0,-17.00
2015-03-30T23:00:00,0.67,-0.9,0.15,1.48,-0.39,-0.72,-0.22,-0.57,-0.18,0,0,-19.00
2015-03-31T00:00:00,0.57,-1.04,0.03,1.43,-0.57,-1.17,-0.18,-0.57,-0.18,0,0,-17.00
2015-03-31T01:00:00,0.64,-0.97,0.05,1.47,-0.67,-1.22,-0.16,-0.57,-0.18,0,0,-12.00
2015-03-31T02:00:00,0.69,-0.95,0.0,1.46,-0.71,-1.2,-0.15,-0.57,-0.18,0,0,-7.00
2015-03-31T03:00:00,0.75,-0.86,-0.06,1.48,-0.9,-1.37,-0.08,-0.56,-0.18,0,0,-2.00
2015-03-31T04:00:00,0.71,-0.88,-0.24,1.42,-0.99,-1.61,-0.07,-0.56,-0.18,0,0,2.00
2015-03-31T05:00:00,0.65,-1.01,-0.05,1.36,-1.03,-1.48,0.16,-0.54,-0.17,0,0,2.00
2015-03-31T06:00:00,0.58,-1.12,0.03,1.34,-1.09,-1.25,0.29,-0.53,-0.17,0,0,1.00
2015-03-31T07:00:00,0.85,-1.56,0.25,1.17,-1.32,-0.92,1.02,-0.48,-0.17,0,0,-2.00
2015-03-31T08:00:00,1.04,-2.13,0.85,0.93,-1.6,-0.51,1.99,-0.42,-0.17,0,0,-4.00
2015-03-31T09:00:00,1.25,-2.3,0.65,0.95,-1.6,-0.48,2.23,-0.42,-0.17,0,0,-1.00
2015-03-31T10:00:00,1.38,-2.09,-0.02,0.97,-1.62,-0.9,2.43,-0.33,-0.15,0,0,4.00
2015-03-31T11:00:00,0.98,-1.51,1.08,0.86,-1.4,-0.67,1.45,0.05,-0.11,0,0,5.00
2015-03-31T12:00:00,0.96,-1.35,1.33,0.77,-1.18,-1.57,2.0,-0.04,-0.11,0,0,6.00
2015-03-31T13:00:00,-0.11,0.96,2.06,0.61,0.33,-0.23,2.61,-0.35,-0.16,0,0,-2.00
2015-03-31T14:00:00,-0.96,1.52,1.65,0.61,0.69,0.45,1.91,-0.29,-0.16,0,0,2.00
2015-03-31T15:00:00,-0.73,1.66,1.51,0.72,0.65,0.18,1.91,-0.33,-0.16,0,0,6.00
2015-03-31T16:00:00,0.24,-0.67,-0.27,0.86,-0.21,-0.68,3.33,-0.15,0.49,0,0,7.00
2015-03-31T17:00:00,0.1,0.52,1.09,0.86,0.47,-0.02,3.1,-0.16,0.05,0,0,9.00
2015-03-31T18:00:00,-0.09,1.52,1.31,0.71,1.28,-0.25,1.35,-0.36,-0.16,0,0,15.00
2015-03-31T19:00:00,0.38,0.93,2.16,0.48,1.04,-0.04,0.56,-0.46,-0.18,0,1,4.00
2015-03-31T20:00:00,0.51,0.46,2.12,0.69,0.79,-0.1,0.48,-0.49,-0.18,0,1,2.00
2015-03-31T21:00:00,0.59,0.31,2.11,0.73,0.64,0.08,0.42,-0.5,-0.19,0,1,1.00
2015-03-31T22:00:00,0.33,0.69,2.02,0.73,0.95,0.03,0.62,-0.52,-0.19,0,1,-1.00
2015-03-31T23:00:00,0.12,0.92,1.92,0.71,1.15,0.08,0.36,-0.5,-0.19,0,1,-2.00
2015-04-01T00:00:00,0.13,1.05,1.79,0.75,1.15,0.1,0.51,-0.48,-0.18,0,1,---
2015-04-01T01:00:00,0.2,1.22,1.62,0.77,1.05,0.18,0.66,-0.48,-0.18,0,1,-1.00
2015-04-01T02:00:00,0.43,1.1,1.46,0.83,0.81,-0.15,0.87,-0.48,-0.18,0,1,3.00
2015-04-01T03:00:00,0.63,1.09,1.37,0.72,0.36,-0.22,0.75,-0.49,-0.18,0,1,9.00
2015-04-01T04:00:00,0.49,1.13,1.33,0.7,0.1,0.32,0.58,-0.47,-0.18,0,1,11.00
2015-04-01T05:00:00,0.51,1.39,0.74,0.72,0.32,-0.98,0.97,-0.43,-0.16,0,1,10.00
2015-04-01T06:00:00,0.71,1.64,0.46,0.82,0.37,-1.41,0.67,-0.5,-0.18,0,1,9.00
2015-04-01T07:00:00,0.66,1.48,0.93,0.8,0.16,-0.34,0.59,-0.53,-0.18,0,1,8.00
2015-04-01T08:00:00,0.47,1.62,0.83,0.65,-0.43,0.87,1.18,-0.54,-0.18,0,1,6.00
2015-04-01T09:00:00,0.31,1.41,0.7,0.61,0.18,0.58,1.54,-0.47,-0.16,0,1,6.00
2015-04-01T10:00:00,0.68,0.97,0.15,0.75,-0.41,-0.17,1.24,-0.26,-0.07,0,0,6.00
2015-04-01T11:00:00,0.51,1.06,0.6,0.73,-0.25,0.22,1.02,-0.33,-0.12,0,0,10.00
2015-04-01T12:00:00,0.09,1.08,0.88,0.63,-0.11,0.42,0.7,-0.42,-0.15,0,0,13.00
2015-04-01T13:00:00,-0.17,0.95,1.18,0.6,0.01,0.92,0.57,-0.44,-0.17,0,0,8.00
2015-04-01T14:00:00,0.93,0.98,-0.16,0.63,-0.39,0.14,1.37,-0.36,-0.12,0,0,9.00
2015-04-01T15:00:00,0.3,1.36,0.08,0.54,-0.26,-0.14,1.81,-0.3,-0.09,0,0,7.00
2015-04-01T16:00:00,-0.4,1.53,1.11,0.39,-0.07,-0.25,1.41,-0.37,-0.16,0,0,9.00
2015-04-01T17:00:00,-0.81,1.22,1.27,0.45,-0.24,-0.63,1.37,-0.33,-0.15,0,0,8.00
2015-04-01T18:00:00,-1.02,1.06,1.22,0.51,-0.28,-0.63,1.57,-0.25,-0.14,0,0,4.00
2015-04-01T19:00:00,-1.03,1.8,1.0,0.48,-0.42,-0.42,1.1,-0.37,-0.17,0,0,4.00
2015-04-01T20:00:00,-0.55,1.99,0.77,0.4,-0.36,-0.28,1.37,-0.37,-0.16,0,0,8.00
2015-04-01T21:00:00,-0.84,1.78,1.04,0.54,-0.37,-0.76,1.08,-0.36,-0.17,0,0,8.00
2015-04-01T22:00:00,-0.86,1.85,1.2,0.59,-0.55,-0.97,1.45,-0.42,-0.17,0,0,8.00
2015-04-01T23:00:00,-0.95,1.2,1.62,0.64,-0.2,-1.45,1.46,-0.41,-0.17,0,0,4.00
2015-04-02T00:00:00,-1.14,1.01,1.56,0.73,-0.28,-1.18,1.37,-0.42,-0.17,0,0,4.00
2015-04-02T01:00:00,-0.75,1.02,1.31,0.73,-0.27,-1.08,1.64,-0.33,-0.15,0,0,5.00
2015-04-02T02:00:00,0.21,1.28,0.51,0.63,-0.44,-0.5,1.93,-0.24,-0.07,0,0,8.00
2015-04-02T03:00:00,-1.0,0.67,0.54,0.8,-0.37,-0.92,1.68,-0.1,-0.02,0,0,13.00
2015-04-02T04:00:00,-1.5,-0.07,0.66,0.96,0.46,-1.29,1.77,-0.14,-0.08,0,0,18.00
2015-04-02T05:00:00,-1.13,-0.03,0.67,0.83,0.1,-1.25,1.83,-0.03,0.01,0,0,10.00
2015-04-02T06:00:00,0.0,-0.74,-0.21,0.6,1.12,-0.06,1.5,-0.02,0.32,0,0,10.00
2015-04-02T07:00:00,0.71,0.94,-0.44,0.48,1.49,0.07,0.41,0.28,-0.04,0,0,7.00
2015-04-02T08:00:00,-0.39,1.24,0.07,0.46,1.76,0.11,0.4,0.07,-0.07,0,0,6.00
2015-04-02T09:00:00,-1.09,0.9,0.05,0.32,1.26,0.47,0.57,0.03,-0.08,0,0,-7.00
2015-04-02T10:00:00,-0.91,1.01,0.03,0.35,1.34,0.32,0.58,-0.04,-0.09,0,0,-15.00
2015-04-02T11:00:00,-0.6,1.09,-0.25,0.37,1.11,0.37,0.31,-0.22,-0.12,0,0,-12.00
2015-04-02T12:00:00,-0.45,0.94,-0.28,0.4,0.78,0.32,0.21,-0.27,-0.12,0,0,-10.00
2015-04-02T13:00:00,-0.41,0.8,-0.09,0.38,0.53,0.18,0.25,-0.26,-0.08,0,0,-8.00
2015-04-02T14:00:00,-0.39,0.62,0.07,0.35,0.51,0.16,0.34,-0.27,-0.01,0,0,-7.00
2015-04-02T15:00:00,-0.62,0.69,-0.36,0.43,0.08,0.79,0.48,-0.35,-0.11,0,0,-8.00
2015-04-02T16:00:00,-0.66,1.26,0.18,0.46,-1.04,-0.09,0.4,-0.47,-0.17,0,0,-5.00
2015-04-02T17:00:00,-0.81,1.6,0.31,0.35,-1.39,-0.27,0.64,-0.47,-0.17,1,0,-6.00
2015-04-02T18:00:00,-1.26,0.28,-0.19,0.41,-0.39,-0.0,1.59,-0.29,-0.08,1,0,-9.00
2015-04-02T19:00:00,-0.82,-0.49,-0.61,0.27,0.1,0.43,1.88,-0.19,-0.01,1,0,-6.00
2015-04-02T20:00:00,-0.68,-0.1,0.58,0.19,-0.38,-0.74,1.71,-0.24,0.08,1,0,-2.00
2015-04-02T21:00:00,-0.73,-0.25,1.24,0.14,-0.71,-1.05,1.47,-0.19,-0.1,1,0,-2.00
2015-04-02T22:00:00,-0.85,-0.12,0.97,0.14,-0.79,-0.2,1.86,0.08,0.04,1,0,-20.00
2015-04-02T23:00:00,-0.38,-0.36,0.78,0.12,-0.53,-0.17,2.16,0.13,0.34,1,0,-20.00
2015-04-03T00:00:00,-0.41,-0.27,0.46,0.17,-0.42,0.31,2.28,0.27,1.18,1,0,-13.00
2015-04-03T01:00:00,0.22,-1.02,0.09,-0.11,-0.03,1.36,1.32,0.44,0.31,1,0,-10.00
2015-04-03T02:00:00,-0.85,0.45,1.27,-0.32,0.05,2.76,0.38,1.12,-0.02,1,0,-9.00
2015-04-03T03:00:00,-0.78,0.93,1.32,-0.19,0.55,1.16,0.56,0.86,-0.06,1,0,-11.00
2015-04-03T04:00:00,-0.6,0.96,1.59,-0.18,0.44,-0.12,0.45,0.52,-0.11,1,0,-14.00
2015-04-03T05:00:00,-0.8,0.97,1.32,0.0,1.15,-0.41,0.45,0.41,-0.11,1,0,-11.00
2015-04-03T06:00:00,-0.38,1.57,0.61,-0.19,0.37,0.5,0.45,0.29,-0.1,1,0,-9.00
2015-04-03T07:00:00,-0.88,1.43,0.55,-0.18,0.43,-0.58,0.69,0.17,-0.1,1,0,-8.00
2015-04-03T08:00:00,-0.91,1.02,0.4,-0.36,0.47,-0.07,0.24,0.1,-0.1,1,0,-5.00
2015-04-03T09:00:00,-0.75,0.67,0.15,-0.66,0.21,-0.18,-0.12,-0.02,-0.08,0,0,-5.00
2015-04-03T10:00:00,-0.38,1.0,0.13,-0.8,-0.27,0.14,-0.18,-0.03,-0.1,0,0,-5.00
2015-04-03T11:00:00,-0.71,0.62,0.37,-0.63,0.3,-0.44,-0.08,-0.07,-0.08,0,0,-7.00
2015-04-03T12:00:00,-0.54,0.6,0.31,-0.65,0.2,-0.39,-0.21,-0.04,-0.06,0,0,-6.00
2015-04-03T13:00:00,-0.91,0.38,0.32,-0.48,0.48,-0.38,-0.17,-0.14,-0.11,0,0,-3.00
2015-04-03T14:00:00,-0.83,0.57,0.37,-0.48,0.03,-0.41,-0.22,-0.11,-0.11,0,0,-2.00
2015-04-03T15:00:00,-0.63,0.74,0.47,-0.6,-0.1,-0.66,-0.34,-0.16,-0.14,0,0,-7.00
2015-04-03T16:00:00,-0.68,0.56,0.53,-0.63,0.17,-0.65,-0.34,-0.15,-0.13,0,0,-7.00
2015-04-03T17:00:00,-0.91,0.37,0.49,-0.61,0.51,-0.62,-0.18,-0.1,-0.11,0,0,-5.00
2015-04-03T18:00:00,-0.81,-0.15,0.67,-0.65,1.22,-0.94,-0.21,-0.11,-0.12,0,0,-5.00
2015-04-03T19:00:00,-1.05,0.43,0.31,-0.51,0.29,-0.2,-0.2,-0.2,-0.14,0,0,-7.00
2015-04-03T20:00:00,-0.78,0.33,-0.01,-0.62,0.49,0.4,-0.24,-0.13,-0.08,0,0,-7.00
2015-04-03T21:00:00,-0.6,0.62,0.0,-0.71,-0.38,1.05,0.25,-0.01,0.02,0,0,-7.00
2015-04-03T22:00:00,-0.66,0.33,-0.03,-0.66,0.28,0.73,-0.18,-0.03,-0.0,0,0,-10.00
2015-04-03T23:00:00,-0.69,0.44,0.33,-0.67,0.27,0.11,-0.2,-0.13,-0.08,0,0,-12.00
2015-04-04T00:00:00,-0.56,0.2,0.63,-0.69,0.57,-0.6,-0.29,-0.12,-0.09,0,0,-19.00
2015-04-04T01:00:00,-0.76,-0.19,0.33,-0.64,1.68,0.54,1.22,-0.16,0.13,0,0,-21.00
2015-04-04T02:00:00,-0.5,0.43,0.52,-0.69,-0.12,-0.57,-0.31,-0.24,-0.11,0,0,-19.00
2015-04-04T03:00:00,-0.77,0.24,0.36,-0.46,0.32,-0.37,-0.33,-0.18,-0.11,0,0,-17.00
2015-04-04T04:00:00,-0.58,0.63,0.18,-0.55,-0.48,0.01,-0.36,-0.31,-0.13,0,0,-16.00
2015-04-04T05:00:00,-0.77,0.47,0.12,-0.44,-0.36,0.13,-0.33,-0.34,-0.14,0,0,-15.00
2015-04-04T06:00:00,-0.79,0.01,0.33,-0.45,0.45,-0.34,-0.19,-0.29,-0.11,0,0,-11.00
2015-04-04T07:00:00,-0.52,0.57,0.41,-0.54,-0.4,-0.67,-0.25,-0.25,-0.11,0,0,-13.00
2015-04-04T08:00:00,-0.68,0.18,0.27,-0.44,0.1,-0.24,-0.14,-0.22,-0.05,0,0,-11.00
2015-04-04T09:00:00,-0.59,0.37,0.28,-0.43,-0.3,-0.53,-0.23,-0.27,-0.08,0,0,-8.00
2015-04-04T10:00:00,-0.45,0.73,-0.06,-0.43,-0.82,0.27,-0.37,-0.29,-0.13,0,0,-6.00
2015-04-04T11:00:00,-0.67,0.41,0.15,-0.3,-0.29,-0.15,-0.21,-0.27,-0.09,0,0,-7.00
2015-04-04T12:00:00,-0.4,0.53,0.4,-0.35,-0.49,-0.64,-0.28,-0.18,-0.08,0,0,-7.00
2015-04-04T13:00:00,-0.56,0.43,-0.12,-0.29,-0.46,0.49,-0.23,-0.21,-0.07,0,0,-7.00
2015-04-04T14:00:00,-0.65,0.31,-0.01,-0.25,-0.37,0.33,-0.08,-0.21,-0.03,0,0,-6.00
2015-04-04T15:00:00,-0.69,0.29,0.15,-0.22,-0.4,-0.01,-0.09,-0.19,-0.04,0,0,-5.00
2015-04-04T16:00:00,-0.73,-0.01,0.26,-0.2,-0.05,-0.12,-0.17,-0.22,-0.06,0,0,-9.00
2015-04-04T17:00:00,-0.63,0.53,0.3,-0.18,-0.67,-0.18,-0.19,-0.23,-0.1,0,0,-10.00
2015-04-04T18:00:00,-0.22,0.88,0.16,-0.38,-1.0,-0.04,-0.25,-0.2,-0.11,0,0,-12.00
2015-04-04T19:00:00,-0.34,0.52,0.37,-0.36,-0.41,-0.33,-0.16,-0.1,-0.01,0,0,-11.00
2015-04-04T20:00:00,-0.56,-0.38,0.48,-0.34,0.56,-0.32,-0.06,0.08,0.02,0,0,-3.00
2015-04-04T21:00:00,-0.36,-0.76,0.29,-0.5,0.94,0.05,-0.21,-0.02,-0.05,0,0,-1.00
2015-04-04T22:00:00,-0.64,-0.59,0.32,-0.68,0.8,0.75,-0.32,-0.01,-0.08,0,0,2.00
2015-04-04T23:00:00,-0.97,-0.18,0.26,-0.61,0.7,0.81,-0.2,-0.03,-0.09,0,0,3.00
2015-04-05T00:00:00,-0.87,-0.15,0.26,-0.56,0.62,0.8,-0.27,-0.07,-0.08,0,0,0.00
2015-04-05T01:00:00,-0.83,-0.11,0.3,-0.53,0.56,0.29,-0.34,-0.18,-0.1,0,0,-3.00
2015-04-05T02:00:00,-0.76,-0.29,0.4,-0.62,0.97,-0.07,-0.33,-0.18,-0.11,0,0,-6.00
2015-04-05T03:00:00,-0.81,0.25,0.22,-0.61,0.16,0.16,-0.28,-0.18,-0.1,0,0,-5.00
2015-04-05T04:00:00,-0.54,0.47,0.03,-0.66,-0.02,0.57,-0.41,-0.23,-0.09,0,0,-4.00
2015-04-05T05:00:00,-0.36,0.76,0.28,-0.7,-0.34,-0.17,-0.44,-0.24,-0.13,0,0,-6.00
2015-04-05T06:00:00,-0.41,0.66,0.27,-0.66,-0.27,-0.25,-0.4,-0.2,-0.11,0,0,-7.00
2015-04-05T07:00:00,-0.07,0.47,0.62,-0.67,-0.13,-0.88,-0.42,-0.28,-0.13,0,0,-8.00
2015-04-05T08:00:00,-0.16,0.62,0.37,-0.54,-0.44,-0.54,-0.4,-0.26,-0.1,0,0,-8.00
2015-04-05T09:00:00,-0.05,0.18,0.59,-0.54,0.05,-1.01,-0.41,-0.27,-0.08,0,0,-4.00
2015-04-05T10:00:00,0.31,0.36,0.73,-0.62,-0.26,-1.44,-0.39,-0.27,-0.13,0,0,-1.00
2015-04-05T11:00:00,-0.15,0.62,0.46,-0.42,-0.61,-0.89,-0.35,-0.24,-0.11,0,0,0.00
2015-04-05T12:00:00,-0.29,0.72,0.29,-0.41,-0.65,-0.72,-0.35,-0.25,-0.11,0,0,1.00
2015-04-05T13:00:00,-0.18,0.76,0.15,-0.47,-0.78,-0.28,-0.3,-0.25,-0.1,0,0,1.00
2015-04-05T14:00:00,-0.2,0.72,0.31,-0.49,-0.61,-0.79,-0.28,-0.22,-0.1,0,0,0.00
2015-04-05T15:00:00,-0.3,0.49,0.28,-0.43,0.89,-1.08,0.83,-0.06,0.35,0,0,-1.00
2015-04-05T16:00:00,-0.29,0.63,0.2,-0.57,-0.15,-0.57,-0.16,0.03,0.03,0,0,-2.00
2015-04-05T17:00:00,-0.29,0.43,0.42,-0.65,0.32,-0.43,-0.15,0.05,0.07,0,0,0.00
2015-04-05T18:00:00,-0.42,-0.1,0.51,-0.76,1.23,-0.39,-0.12,0.21,0.16,0,0,2.00
2015-04-05T19:00:00,-0.34,0.37,0.62,-0.73,0.63,-0.5,-0.22,0.11,-0.02,0,0,4.00
2015-04-05T20:00:00,-0.11,0.46,-0.09,-0.77,0.42,0.08,-0.26,-0.01,0.16,0,0,8.00
2015-04-05T21:00:00,0.24,0.35,0.04,-0.92,0.49,-0.04,-0.34,0.04,0.3,0,0,9.00
2015-04-05T22:00:00,0.1,0.23,0.03,-0.87,0.78,-0.09,-0.43,-0.01,0.85,0,0,6.00
2015-04-05T23:00:00,-0.2,0.07,0.11,-0.67,0.7,-0.06,-0.46,0.04,1.33,0,0,-2.00
2015-04-06T00:00:00,-0.29,0.36,0.1,-0.32,-0.27,0.23,-0.52,-0.09,0.05,0,0,-2.00
2015-04-06T01:00:00,-0.52,0.28,0.03,-0.1,-0.15,0.41,-0.44,-0.19,-0.04,0,0,-5.00
2015-04-06T02:00:00,-0.43,0.36,-0.06,-0.09,-0.22,0.78,-0.45,-0.29,-0.07,0,0,-7.00
2015-04-06T03:00:00,-0.13,0.42,0.19,-0.25,-0.13,0.29,-0.4,-0.25,0.03,0,0,-8.00
2015-04-06T04:00:00,0.33,0.52,0.1,-0.48,-0.27,0.23,-0.39,-0.27,-0.07,0,0,-4.00
2015-04-06T05:00:00,-0.27,0.1,0.05,-0.23,0.18,0.41,-0.27,-0.13,0.69,0,0,-2.00
2015-04-06T06:00:00,-0.44,-0.06,0.3,-0.16,0.36,0.22,-0.26,-0.13,0.11,0,0,1.00
2015-04-06T07:00:00,-0.44,-0.05,0.28,-0.11,0.23,0.06,-0.35,-0.2,0.04,0,0,-2.00
2015-04-06T08:00:00,-0.25,0.14,0.31,-0.1,0.06,-0.16,-0.37,-0.2,0.17,0,0,-5.00
2015-04-06T09:00:00,0.0,0.33,0.24,-0.14,-0.12,-0.08,-0.37,-0.23,0.14,0,0,-5.00
2015-04-06T10:00:00,-0.0,0.27,0.11,-0.09,-0.06,0.2,-0.39,-0.28,0.34,0,0,-2.00
2015-04-06T11:00:00,-0.33,0.32,-0.02,0.05,-0.13,0.31,-0.33,-0.31,0.01,0,0,-2.00
2015-04-06T12:00:00,-0.49,0.07,0.03,0.13,0.16,0.08,-0.25,-0.29,0.04,0,0,-2.00
2015-04-06T13:00:00,-0.45,0.03,0.15,0.18,0.15,-0.17,-0.27,-0.31,0.05,0,0,-3.00
2015-04-06T14:00:00,0.2,0.4,0.33,-0.01,-0.1,-0.52,-0.47,-0.38,-0.09,0,0,-7.00
2015-04-06T15:00:00,0.33,0.49,0.19,-0.03,-0.35,-0.24,-0.47,-0.37,-0.11,0,0,-8.00
2015-04-06T16:00:00,0.07,0.45,0.29,0.11,-0.2,-0.56,-0.45,-0.35,-0.08,0,0,-5.00
2015-04-06T17:00:00,-0.09,0.24,0.29,0.21,0.04,-0.29,-0.4,-0.34,0.08,0,0,-2.00
2015-04-06T18:00:00,0.23,0.26,0.01,0.11,-0.02,0.09,-0.4,-0.3,0.14,0,0,0.00
2015-04-06T19:00:00,0.23,0.22,-0.04,0.08,0.08,-0.05,-0.48,-0.32,0.11,0,0,1.00
2015-04-06T20:00:00,-0.32,-0.12,0.33,0.24,0.45,-0.57,-0.42,-0.31,0.0,0,0,4.00
2015-04-06T21:00:00,-0.35,-0.15,0.27,0.19,0.06,0.21,0.03,-0.32,0.16,0,0,3.00
2015-04-06T22:00:00,-0.38,0.24,0.14,0.31,-0.21,-0.18,-0.4,-0.35,-0.03,0,0,0.00
2015-04-06T23:00:00,-0.38,0.26,0.06,0.28,-0.29,-0.13,-0.38,-0.36,-0.03,0,0,-1.00
2015-04-07T00:00:00,-0.43,0.12,-0.06,0.32,0.02,0.19,-0.4,-0.35,-0.03,0,0,-6.00
2015-04-07T01:00:00,-0.46,0.01,-0.1,0.37,0.12,0.26,-0.41,-0.33,-0.04,0,0,-8.00
2015-04-07T02:00:00,-0.47,-0.03,-0.19,0.34,-0.18,0.02,-0.39,-0.35,-0.07,0,0,-8.00
2015-04-07T03:00:00,-0.46,-0.0,-0.06,0.47,-0.24,-0.14,-0.36,-0.35,-0.02,0,0,-6.00
2015-04-07T04:00:00,-0.1,0.22,0.27,0.57,-0.24,-0.1,-0.42,-0.4,0.05,0,0,-3.00
2015-04-07T05:00:00,0.29,0.29,0.29,0.52,-0.33,-0.15,-0.44,-0.47,-0.11,0,0,-4.00
2015-04-07T06:00:00,-0.01,0.47,0.32,0.7,-0.53,-0.15,-0.4,-0.5,-0.13,0,0,-3.00
2015-04-07T07:00:00,-0.08,0.37,0.44,0.74,-0.47,-0.13,-0.38,-0.5,-0.14,0,0,-1.00
2015-04-07T08:00:00,0.27,0.5,0.35,0.62,-0.66,-0.16,-0.34,-0.5,-0.15,0,0,3.00
2015-04-07T09:00:00,0.1,0.57,0.36,0.67,-0.74,-0.24,-0.3,-0.49,-0.14,0,0,4.00
