2015-06-07T10:00:00,0.76,-0.31,1.25,1.44,-1.39,-0.16,3.43,-0.35,-0.09,1,0,12.00
2015-06-07T11:00:00,-0.12,0.88,1.42,1.35,-0.76,0.38,3.44,-0.35,-0.11,1,0,21.00
2015-06-07T12:00:00,0.01,-1.09,1.03,1.3,-1.18,-0.22,4.2,-0.4,-0.08,1,0,21.00
2015-06-07T13:00:00,0.3,-1.01,1.75,1.32,-1.37,-0.14,4.61,-0.44,-0.15,1,0,26.00
2015-06-07T14:00:00,0.19,0.2,1.96,1.35,-1.17,0.36,4.12,-0.43,-0.15,1,0,30.00
2015-06-07T15:00:00,-0.33,0.21,1.82,1.33,-1.54,-0.03,4.5,-0.42,-0.13,1,0,30.00
2015-06-07T16:00:00,-0.55,0.74,1.64,1.29,-1.48,-0.18,3.98,-0.35,-0.12,1,0,29.00
2015-06-07T17:00:00,-0.84,1.31,1.17,1.14,-0.52,-0.38,3.76,-0.23,-0.09,1,0,27.00
2015-06-07T18:00:00,0.08,-0.25,0.22,1.13,-0.72,-0.48,3.87,-0.06,6.4,1,0,29.00
2015-06-07T19:00:00,1.27,-1.59,-0.56,1.11,-1.05,-0.52,3.36,0.1,-0.04,1,0,32.00
2015-06-07T20:00:00,1.33,-1.28,-0.55,1.12,-0.98,-0.74,3.61,0.23,0.03,1,0,33.00
2015-06-07T21:00:00,1.12,-1.76,0.41,1.05,-0.88,-0.16,3.56,0.28,0.01,1,0,26.00
2015-06-07T22:00:00,1.38,-1.6,0.56,1.07,-0.84,0.34,3.18,0.1,-0.05,1,0,21.00
2015-06-07T23:00:00,1.02,-2.19,0.04,0.86,-0.39,-0.18,2.56,0.2,-0.08,1,0,23.00
2015-06-08T00:00:00,1.78,-1.78,-0.77,0.92,-0.43,-0.65,2.63,0.39,-0.08,1,0,25.00
2015-06-08T01:00:00,2.13,-1.42,-0.76,0.44,0.06,2.32,0.84,0.71,-0.12,1,0,25.00
2015-06-08T02:00:00,1.74,-2.32,0.54,0.12,0.84,2.5,0.6,0.98,-0.13,1,0,19.00
2015-06-08T03:00:00,1.62,-2.26,0.09,0.14,0.99,2.04,1.58,1.46,-0.04,1,0,16.00
2015-06-08T04:00:00,1.52,-2.39,-0.59,0.19,0.81,1.11,1.77,1.48,-0.05,1,0,17.00
2015-06-08T05:00:00,1.68,-1.26,-1.92,0.15,1.68,-0.05,1.99,1.04,-0.08,1,0,19.00
2015-06-08T06:00:00,1.4,-1.33,-1.37,0.1,1.71,-0.29,1.68,1.29,-0.02,1,0,12.00
2015-06-08T07:00:00,1.53,-1.97,0.16,0.18,0.98,1.28,1.49,1.66,0.01,1,0,-11.00
2015-06-08T08:00:00,1.68,-1.85,-0.29,-0.3,1.79,0.99,0.93,2.8,0.03,1,0,-56.00
2015-06-08T09:00:00,1.13,-1.67,1.14,-0.44,3.64,1.64,0.89,2.63,0.04,1,0,-63.00
2015-06-08T10:00:00,1.35,-2.3,0.38,-0.53,2.47,1.08,0.77,1.99,-0.05,1,0,-49.00
2015-06-08T11:00:00,0.4,-0.33,-0.49,-1.41,2.59,-1.06,-0.14,0.72,0.17,1,0,-40.00
2015-06-08T12:00:00,0.37,-0.48,0.03,-1.57,0.57,0.27,-0.34,0.47,0.27,0,0,-32.00
2015-06-08T13:00:00,0.31,-0.44,-0.18,-1.52,0.21,0.19,-0.36,0.42,0.21,0,0,-55.00
2015-06-08T14:00:00,0.21,-0.21,-0.33,-1.57,0.34,0.01,-0.37,0.41,0.27,0,0,-61.00
2015-06-08T15:00:00,-0.32,0.41,-0.52,-1.69,0.57,-0.3,-0.48,0.13,-0.08,0,0,-56.00
2015-06-08T16:00:00,0.24,0.46,-0.7,-1.6,0.6,-0.72,-0.41,0.3,-0.09,0,0,-54.00
2015-06-08T17:00:00,0.08,-0.8,-0.39,-1.6,-0.46,-0.37,-0.42,0.25,-0.07,0,0,-56.00
2015-06-08T18:00:00,0.64,-0.72,0.43,-1.29,-0.43,0.73,-0.42,0.24,-0.09,0,0,-54.00
2015-06-08T19:00:00,0.52,-0.68,-0.06,-1.36,-0.76,-0.18,-0.4,0.22,-0.04,0,0,-58.00
2015-06-08T20:00:00,0.62,-0.79,0.07,-1.28,-0.62,0.32,-0.45,0.12,-0.1,0,0,-49.00
2015-06-08T21:00:00,0.5,-0.74,0.08,-1.37,-0.87,0.26,0.33,0.21,0.13,0,0,-45.00
2015-06-08T22:00:00,0.51,-0.12,0.19,-1.44,0.19,0.63,-0.4,0.22,0.21,0,0,-41.00
2015-06-08T23:00:00,0.89,0.32,0.45,-1.4,0.81,1.28,-0.35,0.03,-0.11,0,0,-34.00
2015-06-09T00:00:00,0.96,-0.29,0.18,-1.34,-0.07,0.59,-0.34,-0.03,-0.1,0,0,-34.00
2015-06-09T01:00:00,0.82,0.13,-0.19,-1.33,0.61,0.03,-0.34,0.01,-0.07,0,0,-29.00
2015-06-09T02:00:00,-0.01,0.29,-0.17,-1.49,0.5,-0.35,-0.31,0.32,0.6,0,0,-24.00
2015-06-09T03:00:00,0.67,0.31,0.02,-1.13,0.39,-0.16,-0.29,0.25,0.05,0,0,-24.00
2015-06-09T04:00:00,0.69,0.07,0.25,-1.09,0.17,0.04,-0.27,0.12,0.04,0,0,-23.00
2015-06-09T05:00:00,0.02,0.55,-0.01,-1.42,0.75,-0.38,-0.29,0.25,0.21,0,0,-25.00
2015-06-09T06:00:00,0.43,-0.24,-0.23,-1.17,-0.36,-0.87,-0.26,0.23,0.2,0,0,-25.00
2015-06-09T07:00:00,0.5,0.29,0.31,-1.22,0.52,0.15,-0.23,0.23,0.15,0,0,-23.00
2015-06-09T08:00:00,0.74,-0.64,0.54,-1.31,-0.45,0.49,-0.33,-0.05,-0.12,0,0,-24.00
2015-06-09T09:00:00,0.87,-0.54,0.45,-1.21,-0.35,0.28,-0.37,-0.1,-0.13,0,0,-17.00
2015-06-09T10:00:00,0.56,-0.29,0.22,-1.39,0.08,-0.2,-0.33,0.08,0.07,0,0,-13.00
2015-06-09T11:00:00,0.64,-0.75,0.38,-1.29,-0.47,0.31,-0.38,0.15,-0.09,0,0,-12.00
2015-06-09T12:00:00,0.46,-0.27,0.46,-1.52,0.57,0.28,-0.29,0.46,0.16,0,0,-12.00
2015-06-09T13:00:00,0.35,-0.33,0.01,-1.56,0.43,-0.13,-0.29,0.42,0.54,0,0,-15.00
2015-06-09T14:00:00,-0.01,-0.72,0.26,-1.69,-0.25,0.44,-0.39,0.33,0.04,0,0,-17.00
2015-06-09T15:00:00,0.54,-0.13,-0.17,-1.44,1.5,-0.23,0.64,0.25,0.68,0,0,-25.00
2015-06-09T16:00:00,0.01,-0.29,-0.19,-1.67,0.47,-0.41,-0.44,0.28,0.45,0,0,-28.00
2015-06-09T17:00:00,0.13,0.24,-0.15,-1.62,0.91,-0.27,-0.43,0.3,0.56,0,0,-28.00
2015-06-09T18:00:00,0.34,-0.35,-0.1,-1.42,0.07,-0.28,-0.44,0.13,0.16,0,0,-31.00
2015-06-09T19:00:00,0.26,-0.54,-0.13,-1.43,-0.17,-0.25,-0.46,0.21,0.06,0,0,-34.00
2015-06-09T20:00:00,0.25,-0.59,-0.16,-1.41,-0.45,-0.4,-0.51,0.07,-0.03,0,0,-31.00
2015-06-09T21:00:00,0.49,-0.58,-0.13,-1.21,-0.58,-0.34,-0.49,0.07,-0.06,0,0,-30.00
2015-06-09T22:00:00,0.62,0.0,0.28,-1.17,0.22,0.45,-0.38,0.11,0.04,0,0,-25.00
2015-06-09T23:00:00,0.45,-0.52,-0.08,-1.24,-0.68,-0.25,-0.4,0.1,0.01,0,0,-23.00
2015-06-10T00:00:00,0.32,-0.61,-0.09,-1.34,-0.67,-0.22,-0.46,0.09,-0.02,0,0,-19.00
2015-06-10T01:00:00,0.57,-0.11,0.29,-1.33,0.17,0.56,-0.47,0.19,0.06,0,0,-19.00
2015-06-10T02:00:00,0.58,0.33,0.31,-1.38,0.81,0.46,-0.44,0.12,-0.01,0,0,-14.00
2015-06-10T03:00:00,0.41,0.27,0.47,-1.47,0.68,0.98,-0.44,0.29,0.05,0,0,-14.00
2015-06-10T04:00:00,0.02,0.64,0.08,-1.62,1.17,0.42,-0.47,0.16,0.02,0,0,-15.00
2015-06-10T05:00:00,0.4,-0.08,0.05,-1.52,0.22,0.03,-0.42,0.2,0.49,0,0,-13.00
2015-06-10T06:00:00,0.5,-0.02,0.14,-1.49,0.45,0.27,-0.38,0.27,0.31,0,0,-12.00
2015-06-10T07:00:00,0.6,0.31,-0.01,-1.54,0.81,0.05,-0.44,0.04,-0.01,0,0,-15.00
2015-06-10T08:00:00,0.72,0.27,0.11,-1.47,0.54,0.24,-0.43,-0.03,-0.06,0,0,-14.00
2015-06-10T09:00:00,0.64,0.14,0.18,-1.5,0.45,0.17,-0.43,-0.0,-0.01,0,0,-16.00
2015-06-10T10:00:00,0.71,-0.03,0.13,-1.39,0.27,0.26,-0.44,-0.05,-0.05,0,0,-15.00
2015-06-10T11:00:00,0.47,-0.55,0.09,-1.41,-0.25,0.34,-0.44,-0.06,-0.05,0,0,-13.00
2015-06-10T12:00:00,0.67,-0.12,-0.02,-1.31,0.54,0.03,-0.42,-0.02,-0.01,0,0,-12.00
2015-06-10T13:00:00,0.41,-0.12,-0.19,-1.42,0.69,-0.34,-0.42,0.07,0.14,0,0,-13.00
2015-06-10T14:00:00,0.33,-0.44,0.01,-1.46,0.19,0.06,-0.41,0.11,0.14,0,0,-17.00
2015-06-10T15:00:00,0.3,-0.66,-0.04,-1.46,-0.24,-0.09,-0.44,0.06,-0.03,0,0,-20.00
2015-06-10T16:00:00,0.16,-0.58,-0.1,-1.53,-0.26,-0.18,-0.47,-0.01,-0.0,0,0,-21.00
2015-06-10T17:00:00,0.11,-0.7,-0.12,-1.55,-0.66,-0.25,-0.49,-0.09,-0.08,0,0,-21.00
2015-06-10T18:00:00,0.06,-0.69,-0.11,-1.53,-0.59,-0.37,-0.48,-0.08,-0.07,0,0,-18.00
2015-06-10T19:00:00,0.01,-0.58,-0.04,-1.52,-0.21,-0.25,-0.44,0.03,0.05,0,0,-19.00
2015-06-10T20:00:00,0.29,-0.44,0.08,-1.37,-0.03,-0.05,-0.46,0.07,0.13,0,0,-18.00
2015-06-10T21:00:00,0.52,-0.05,0.25,-1.26,0.73,0.34,-0.41,0.04,0.1,0,0,-20.00
2015-06-10T22:00:00,0.21,-0.55,0.16,-1.39,-0.73,-0.94,0.12,-0.0,0.26,0,0,-17.00
2015-06-10T23:00:00,0.39,-0.12,-0.0,-1.29,0.53,-0.39,-0.48,0.12,0.33,0,0,-12.00
2015-06-11T00:00:00,0.48,-0.47,0.09,-1.2,-0.14,-0.03,-0.5,-0.03,-0.04,0,0,-12.00
2015-06-11T01:00:00,0.54,-0.44,0.19,-1.12,-0.02,0.16,-0.51,-0.15,-0.08,0,0,-12.00
2015-06-11T02:00:00,-0.38,-0.1,-0.44,-1.29,0.26,-0.61,-0.56,-0.28,-0.13,0,0,-14.00
2015-06-11T03:00:00,-0.08,-0.56,-0.14,-1.21,-0.31,-0.62,-0.48,-0.07,-0.02,0,0,-15.00
2015-06-11T04:00:00,0.04,-0.57,0.27,-0.87,-0.6,-0.04,0.0,-0.02,0.18,0,0,-23.00
2015-06-11T05:00:00,0.17,-0.5,0.25,-1.18,-0.08,-0.22,-0.5,0.09,0.07,0,0,-22.00
2015-06-11T06:00:00,0.38,-0.13,-0.14,-1.15,0.32,-0.76,-0.44,0.1,0.24,0,0,-18.00
2015-06-11T07:00:00,0.34,-0.29,0.38,-1.11,-0.1,-0.18,-0.48,0.04,0.05,0,0,-13.00
2015-06-11T08:00:00,0.57,-0.18,0.22,-1.06,-0.02,-0.42,-0.41,0.02,0.04,0,0,-15.00
2015-06-11T09:00:00,0.43,-0.18,0.41,-0.93,-0.17,-0.4,-0.47,-0.16,-0.04,0,0,-16.00
2015-06-11T10:00:00,0.3,-0.25,-0.18,-0.81,-0.07,-0.54,-0.54,-0.17,0.02,0,0,-13.00
2015-06-11T11:00:00,0.47,-0.34,-0.08,-0.84,-0.16,-0.32,-0.52,-0.11,-0.03,0,0,-9.00
2015-06-11T12:00:00,0.58,0.22,-0.12,-0.85,0.08,-0.13,-0.53,-0.18,-0.08,0,0,-10.00
2015-06-11T13:00:00,0.31,-0.35,-0.17,-0.88,-0.48,-0.13,-0.51,-0.06,0.03,0,0,-12.00
2015-06-11T14:00:00,0.3,-0.18,-0.26,-0.85,-0.24,-0.14,-0.58,-0.16,-0.03,0,0,-15.00
2015-06-11T15:00:00,0.15,-0.33,-0.24,-0.92,-0.28,-0.13,-0.59,-0.16,-0.02,0,0,-17.00
2015-06-11T16:00:00,0.33,-0.27,-0.15,-0.84,0.01,-0.22,-0.57,-0.14,0.01,0,0,-22.00
2015-06-11T17:00:00,0.38,-0.37,0.15,-0.73,0.27,-0.2,-0.57,-0.17,-0.03,0,0,-21.00
2015-06-11T18:00:00,0.41,-0.31,0.2,-0.62,0.26,-0.12,-0.54,-0.18,-0.02,0,0,-18.00
2015-06-11T19:00:00,0.21,-0.43,0.17,-0.53,-0.07,-0.12,-0.56,-0.17,0.01,0,0,-16.00
2015-06-11T20:00:00,0.28,-0.39,0.05,-0.45,-0.04,-0.38,-0.5,-0.19,0.03,0,0,-15.00
2015-06-11T21:00:00,0.41,-0.35,0.02,-0.33,0.01,-0.31,-0.43,-0.2,0.0,0,0,-14.00
2015-06-11T22:00:00,0.29,-0.41,0.04,-0.26,-0.02,-0.27,-0.45,-0.23,0.02,0,0,-13.00
2015-06-11T23:00:00,0.21,-0.46,0.01,-0.23,-0.11,-0.27,-0.43,-0.26,-0.0,0,0,-13.00
2015-06-12T00:00:00,-0.24,-0.42,-0.12,-0.24,-0.24,-0.49,-0.44,-0.36,-0.07,0,0,-10.00
2015-06-12T01:00:00,-0.44,-0.14,-0.19,-0.22,-0.14,-0.54,-0.4,-0.42,-0.1,0,0,-6.00
2015-06-12T02:00:00,-0.55,-0.2,-0.06,-0.18,-0.16,-0.37,-0.44,-0.48,-0.14,0,0,-6.00
2015-06-12T03:00:00,-0.55,-0.12,-0.12,-0.15,-0.28,-0.48,-0.41,-0.47,-0.13,0,0,-9.00
2015-06-12T04:00:00,-0.5,-0.13,0.15,-0.08,-0.31,-0.18,-0.08,-0.46,-0.06,0,0,-14.00
2015-06-12T05:00:00,-0.59,-0.14,0.04,-0.06,-0.4,-0.19,-0.4,-0.48,-0.14,0,0,-14.00
2015-06-12T06:00:00,-0.64,-0.17,0.08,-0.04,-0.49,-0.17,-0.4,-0.5,-0.15,0,0,-13.00
2015-06-12T07:00:00,-0.61,-0.09,-0.1,0.04,-0.5,-0.23,-0.36,-0.5,-0.14,0,0,-12.00
2015-06-12T08:00:00,-0.61,-0.11,-0.11,0.05,-0.59,-0.29,-0.31,-0.49,-0.14,0,0,-9.00
2015-06-12T09:00:00,-0.6,-0.01,-0.06,0.07,-0.64,-0.24,-0.26,-0.49,-0.13,0,0,-4.00
2015-06-12T10:00:00,-0.58,-0.06,-0.13,0.15,-0.7,-0.37,-0.21,-0.47,-0.12,0,0,-3.00
2015-06-12T11:00:00,-0.56,-0.11,-0.14,0.19,-0.82,-0.42,-0.14,-0.44,-0.09,0,0,-1.00
2015-06-12T12:00:00,-0.3,-0.27,-0.14,0.16,-1.06,-0.53,0.44,-0.29,0.3,0,0,-4.00
2015-06-12T13:00:00,0.44,-0.77,-0.09,0.11,-1.28,-1.16,1.13,-0.28,0.02,1,0,-6.00
2015-06-12T14:00:00,0.4,-0.8,0.39,0.23,-1.54,-1.23,1.3,-0.39,-0.06,1,0,8.00
2015-06-12T15:00:00,0.41,-0.22,-0.11,0.2,-1.13,-1.27,2.15,-0.39,0.49,1,0,12.00
2015-06-12T16:00:00,-0.19,0.18,0.25,0.15,-1.0,-1.37,2.96,-0.35,1.78,1,0,12.00
2015-06-12T17:00:00,0.1,0.34,0.03,0.18,-0.79,-1.37,2.84,-0.29,1.81,1,0,19.00
2015-06-12T18:00:00,-0.01,0.64,0.32,0.17,-0.62,-1.36,2.53,-0.24,0.39,1,0,25.00
2015-06-12T19:00:00,-0.78,0.38,0.59,0.21,-1.01,-1.73,1.53,-0.15,0.04,1,0,23.00
2015-06-12T20:00:00,-1.1,0.22,0.54,0.08,-0.54,-1.67,0.58,0.35,0.02,1,0,21.00
2015-06-12T21:00:00,-1.23,0.5,0.67,-0.17,0.55,-0.78,0.17,0.23,-0.1,1,0,16.00
2015-06-12T22:00:00,-0.35,0.68,0.36,-0.44,1.11,-0.3,-0.03,0.33,0.08,1,0,12.00
2015-06-12T23:00:00,-0.48,0.56,0.09,-0.4,1.29,-0.04,-0.08,0.22,0.1,1,0,11.00
2015-06-13T00:00:00,-0.6,0.68,0.04,-0.29,0.91,-0.11,-0.1,0.13,-0.02,0,0,10.00
2015-06-13T01:00:00,-0.63,0.49,0.36,-0.2,0.91,-0.73,-0.19,0.08,-0.03,0,0,9.00
2015-06-13T02:00:00,-0.29,0.69,0.23,-0.23,0.73,-0.75,-0.25,-0.09,-0.05,0,0,2.00
2015-06-13T03:00:00,-0.19,0.76,0.21,-0.16,0.1,-0.85,-0.29,-0.26,-0.11,0,0,3.00
2015-06-13T04:00:00,-0.38,0.47,-0.14,-0.01,-0.33,-0.39,-0.1,-0.27,-0.04,0,0,1.00
2015-06-13T05:00:00,-0.09,0.63,-0.25,-0.14,-0.44,-0.29,-0.01,-0.38,-0.1,0,0,0.00
2015-06-13T06:00:00,-0.46,0.77,0.08,0.01,-0.67,-0.65,0.12,-0.33,-0.1,0,0,-2.00
2015-06-13T07:00:00,-0.52,0.54,0.15,-0.02,-0.2,-0.61,0.01,-0.24,-0.05,0,0,-1.00
2015-06-13T08:00:00,0.35,0.42,-0.53,-0.31,0.36,-0.12,-0.17,-0.18,-0.09,0,0,-4.00
2015-06-13T09:00:00,-0.04,0.73,-0.09,-0.15,-0.11,-0.5,-0.11,-0.21,-0.06,0,0,0.00
2015-06-13T10:00:00,-0.38,0.75,0.06,-0.06,-0.39,-0.62,-0.15,-0.23,-0.09,0,0,-2.00
2015-06-13T11:00:00,-0.26,0.81,-0.07,-0.06,-0.38,-0.4,-0.19,-0.34,-0.13,0,0,-5.00
2015-06-13T12:00:00,-0.53,0.72,-0.05,0.05,-0.31,-0.46,-0.2,-0.36,-0.14,0,0,-5.00
2015-06-13T13:00:00,-0.53,0.5,-0.13,0.04,-0.13,-0.14,-0.11,-0.32,-0.09,0,0,-6.00
2015-06-13T14:00:00,-0.71,0.34,0.07,0.09,-0.03,-0.28,0.03,-0.29,-0.07,0,0,-7.00
2015-06-13T15:00:00,-0.16,0.63,-0.16,-0.02,-0.36,-0.11,-0.22,-0.42,-0.12,0,0,-9.00
2015-06-13T16:00:00,-0.64,0.15,-0.31,0.13,-0.05,0.25,-0.02,-0.28,-0.07,0,0,-9.00
2015-06-13T17:00:00,-0.36,0.17,-0.47,0.07,-0.05,0.58,-0.22,-0.42,-0.13,0,0,-10.00
2015-06-13T18:00:00,-0.68,0.03,-0.16,0.14,-0.06,0.17,0.0,-0.33,-0.07,0,0,-11.00
2015-06-13T19:00:00,-0.8,0.39,0.08,0.11,-0.3,-0.28,0.26,-0.33,-0.09,0,0,-13.00
2015-06-13T20:00:00,-0.92,0.15,0.05,0.1,-0.25,-0.35,0.52,-0.27,-0.05,0,0,-12.00
2015-06-13T21:00:00,-0.79,0.51,0.74,-0.06,-0.78,-1.29,0.45,-0.39,-0.14,0,0,-11.00
2015-06-13T22:00:00,0.84,0.03,-0.4,-0.18,-0.51,-0.89,0.69,-0.42,-0.11,0,0,-3.00
2015-06-13T23:00:00,0.82,-0.06,-0.58,-0.12,-0.66,-0.59,1.41,-0.27,-0.04,0,0,4.00
2015-06-14T00:00:00,1.07,0.2,0.23,-0.08,-0.74,-0.74,1.51,-0.18,0.02,0,0,5.00
2015-06-14T01:00:00,0.89,0.59,-0.24,0.01,-0.96,0.2,1.46,-0.27,-0.04,0,0,-2.00
2015-06-14T02:00:00,0.84,0.89,-0.28,0.13,-1.05,0.21,1.14,-0.33,-0.11,0,0,-4.00
2015-06-14T03:00:00,0.28,0.97,-0.05,0.28,-0.79,-0.06,0.65,-0.27,-0.07,0,0,-4.00
2015-06-14T04:00:00,-0.54,0.63,0.24,0.24,-0.52,-0.16,0.58,-0.16,0.02,0,0,-5.00
2015-06-14T05:00:00,0.08,0.53,-0.45,0.11,-0.08,-0.18,0.46,0.06,0.12,0,0,-7.00
2015-06-14T06:00:00,0.28,0.42,-0.69,-0.08,-0.28,-0.02,0.69,0.12,0.06,0,0,-8.00
2015-06-14T07:00:00,0.26,0.98,-0.54,-0.23,-0.04,0.32,1.19,-0.01,-0.01,0,0,-8.00
2015-06-14T08:00:00,0.32,0.73,-0.64,-0.33,-0.56,0.39,1.16,-0.1,-0.01,0,0,-12.00
2015-06-14T09:00:00,-0.5,0.76,0.17,-0.49,-0.06,0.99,0.71,0.62,0.33,0,0,-12.00
2015-06-14T10:00:00,-0.44,-0.55,1.16,-0.64,1.0,1.05,0.11,0.51,-0.07,0,0,-15.00
2015-06-14T11:00:00,-0.75,-0.09,1.16,-0.64,0.96,1.43,0.11,0.85,-0.03,0,0,-12.00
2015-06-14T12:00:00,-1.25,0.3,0.69,-0.67,0.79,0.73,0.3,0.62,-0.03,0,0,-10.00
2015-06-14T13:00:00,-1.33,1.07,0.48,-0.81,1.56,0.35,0.02,0.62,-0.11,0,0,-9.00
2015-06-14T14:00:00,-1.13,0.98,0.78,-0.93,1.44,1.03,0.26,0.69,-0.07,0,0,-9.00
2015-06-14T15:00:00,-0.84,0.73,0.34,-1.0,1.66,1.98,0.44,0.96,0.17,0,0,-7.00
2015-06-14T16:00:00,-1.24,0.86,0.34,-0.82,0.92,1.5,0.14,0.42,-0.08,0,0,-4.00
2015-06-14T17:00:00,-1.03,0.74,0.78,-0.77,0.75,0.94,0.04,0.36,-0.1,0,0,-5.00
2015-06-14T18:00:00,-0.61,0.68,0.81,-0.82,0.87,0.74,0.16,0.57,-0.01,0,0,-9.00
2015-06-14T19:00:00,-0.78,1.03,0.44,-0.66,0.41,1.13,0.24,0.5,-0.03,0,0,-6.00
2015-06-14T20:00:00,-0.75,1.13,0.47,-0.64,-0.07,1.42,0.27,0.41,-0.06,0,0,-7.00
2015-06-14T21:00:00,-0.8,0.34,0.49,-0.74,0.4,0.91,0.06,0.16,-0.01,0,0,-6.00
2015-06-14T22:00:00,-0.85,-0.55,0.21,-0.81,1.21,0.98,-0.0,-0.02,-0.06,0,0,-8.00
2015-06-14T23:00:00,-0.4,0.41,0.7,-0.94,-0.17,-0.17,-0.29,-0.08,-0.1,0,0,-6.00
2015-06-15T00:00:00,-0.53,0.09,0.58,-1.03,0.12,-0.25,-0.33,0.06,-0.04,0,0,-6.00
2015-06-15T01:00:00,-0.52,0.12,0.2,-1.07,0.35,0.07,-0.34,0.01,0.11,0,0,-6.00
2015-06-15T02:00:00,-0.37,-0.1,0.27,-1.08,0.51,-0.18,-0.43,0.11,0.27,0,0,-5.00
2015-06-15T03:00:00,-0.61,-0.08,0.27,-1.01,0.29,-0.34,-0.47,-0.05,-0.03,0,0,-7.00
2015-06-15T04:00:00,-0.78,-0.19,0.07,-1.04,0.52,-0.05,-0.48,-0.02,-0.08,0,0,-12.00
2015-06-15T05:00:00,-0.69,-0.45,0.04,-1.06,0.81,-0.0,-0.54,-0.16,-0.12,0,0,-14.00
2015-06-15T06:00:00,-0.73,-0.17,-0.2,-1.03,0.54,0.29,-0.47,-0.11,-0.1,0,0,-11.00
2015-06-15T07:00:00,-0.68,-0.01,-0.15,-0.87,0.47,0.43,-0.46,-0.22,-0.1,0,0,-11.00
2015-06-15T08:00:00,-0.33,-0.15,-0.43,-0.91,0.57,0.54,-0.4,-0.17,-0.07,0,0,-9.00
2015-06-15T09:00:00,-0.55,0.03,-0.36,-0.75,0.18,0.53,-0.49,-0.22,-0.11,0,0,-7.00
2015-06-15T10:00:00,-0.22,0.11,-0.53,-0.84,0.15,0.62,-0.45,-0.17,-0.09,0,0,-9.00
2015-06-15T11:00:00,-0.08,0.1,-0.58,-0.9,0.22,0.48,-0.42,-0.16,-0.09,0,0,-9.00
2015-06-15T12:00:00,0.17,0.3,-0.54,-1.08,-0.14,0.63,-0.44,-0.19,-0.11,0,0,-15.00
2015-06-15T13:00:00,-0.17,0.01,-0.5,-0.87,0.3,0.66,-0.48,-0.27,-0.11,0,0,-18.00
2015-06-15T14:00:00,-0.16,-0.13,-0.57,-0.79,0.55,0.58,-0.48,-0.23,-0.12,0,0,-17.00
2015-06-15T15:00:00,0.35,-0.17,-0.31,-1.0,0.71,0.18,-0.44,-0.19,-0.03,0,0,-17.00
2015-06-15T16:00:00,-0.45,0.41,-0.13,-0.6,-0.29,-0.07,-0.36,-0.2,-0.06,0,0,-23.00
2015-06-15T17:00:00,-0.86,0.19,-0.04,-0.34,-0.18,-0.26,-0.28,-0.34,-0.13,0,0,-27.00
2015-06-15T18:00:00,-0.82,0.4,-0.08,-0.32,-0.21,-0.2,-0.13,-0.27,-0.11,0,0,-21.00
2015-06-15T19:00:00,-0.4,0.62,0.32,-0.45,-0.31,-0.86,-0.3,-0.35,-0.13,0,0,-16.00
2015-06-15T20:00:00,-0.67,0.46,0.17,-0.32,-0.04,-0.39,-0.32,-0.43,-0.15,0,0,-21.00
2015-06-15T21:00:00,-0.8,0.65,0.18,-0.28,-0.34,-0.37,-0.26,-0.38,-0.15,0,0,-18.00
2015-06-15T22:00:00,-0.41,1.17,0.07,-0.47,-0.77,0.11,-0.12,-0.4,-0.16,0,0,-15.00
2015-06-15T23:00:00,-0.62,0.96,-0.3,-0.33,-0.63,1.03,-0.32,-0.31,-0.16,0,0,-10.00
2015-06-16T00:00:00,-0.23,1.07,0.22,-0.48,-0.53,-0.06,-0.2,-0.0,-0.11,0,0,-10.00
2015-06-16T01:00:00,-0.18,0.82,0.03,-0.45,-0.26,0.31,-0.18,0.02,-0.04,0,0,-15.00
2015-06-16T02:00:00,0.19,1.13,0.23,-0.55,-0.55,-0.0,-0.36,-0.09,-0.14,0,0,-13.00
2015-06-16T03:00:00,-0.07,0.98,0.05,-0.38,-0.41,0.34,-0.31,0.04,-0.09,0,0,-10.00
2015-06-16T04:00:00,-0.16,1.08,-0.11,-0.27,-0.62,0.71,-0.38,0.03,-0.12,0,0,-11.00
2015-06-16T05:00:00,-0.28,1.02,-0.18,-0.26,-0.67,0.61,-0.35,-0.09,-0.13,0,0,-9.00
2015-06-16T06:00:00,-0.3,0.74,-0.48,-0.28,-0.37,0.87,-0.2,-0.18,-0.12,0,0,-12.00
2015-06-16T07:00:00,-0.14,0.84,-0.4,-0.33,-0.83,0.63,-0.22,-0.22,-0.13,0,0,-12.00
2015-06-16T08:00:00,-0.43,0.89,-0.22,-0.16,-0.79,0.38,-0.23,-0.2,-0.13,0,0,-14.00
2015-06-16T09:00:00,-0.36,0.99,-0.02,-0.09,-0.94,-0.09,-0.29,-0.18,-0.13,0,0,-18.00
2015-06-16T10:00:00,-0.41,0.77,-0.02,-0.16,-0.45,-0.1,-0.28,-0.14,-0.1,0,0,-20.00
2015-06-16T11:00:00,-0.47,0.71,0.09,-0.14,-0.45,-0.42,-0.31,-0.06,-0.08,0,0,-15.00
2015-06-16T12:00:00,-0.77,0.37,0.12,0.04,0.15,-0.26,-0.27,-0.02,-0.06,0,0,-12.00
2015-06-16T13:00:00,-0.43,0.8,0.18,-0.14,-0.47,-0.58,-0.4,-0.06,-0.11,0,0,-13.00
2015-06-16T14:00:00,-0.75,0.2,0.23,0.03,0.42,-0.58,-0.44,-0.17,-0.1,0,0,-14.00
2015-06-16T15:00:00,-0.65,0.08,-0.09,-0.0,0.79,0.26,-0.42,0.01,-0.02,0,0,-15.00
2015-06-16T16:00:00,-0.48,0.56,0.23,-0.12,0.05,-0.23,-0.48,0.03,-0.07,0,0,-17.00
2015-06-16T17:00:00,-0.46,0.74,0.03,-0.15,-0.46,0.24,-0.47,0.04,-0.1,0,0,-21.00
2015-06-16T18:00:00,-0.29,1.03,0.66,-0.5,0.18,-1.36,-0.21,0.25,-0.1,0,0,-21.00
2015-06-16T19:00:00,0.09,0.99,0.81,-0.77,0.02,-1.47,-0.12,0.43,-0.08,0,0,-15.00
2015-06-16T20:00:00,-0.05,0.99,0.79,-0.7,-0.09,-1.25,-0.09,0.5,-0.07,0,0,-7.00
2015-06-16T21:00:00,0.0,0.65,0.95,-0.73,0.44,-1.34,-0.02,0.31,-0.06,0,0,-4.00
2015-06-16T22:00:00,-0.1,0.97,0.27,-0.65,-0.07,-0.05,0.03,0.51,0.05,0,0,-2.00
2015-06-16T23:00:00,-0.74,0.32,0.69,-0.33,0.68,-1.36,-0.08,0.27,-0.04,0,0,-1.00
2015-06-17T00:00:00,-0.34,0.66,0.11,-0.46,0.1,-0.18,-0.08,0.35,0.14,0,0,-4.00
2015-06-17T01:00:00,-0.37,0.71,-0.44,-0.41,-0.23,0.88,-0.15,0.26,-0.03,0,0,-2.00
2015-06-17T02:00:00,-0.34,0.56,-0.4,-0.39,-0.1,0.88,-0.19,0.27,0.01,0,0,0.00
2015-06-17T03:00:00,-0.05,0.63,-0.26,-0.43,-0.38,0.94,-0.31,0.09,-0.01,0,0,-6.00
2015-06-17T04:00:00,0.08,0.82,-0.25,-0.37,-0.58,1.46,-0.36,-0.03,-0.1,0,0,-12.00
2015-06-17T05:00:00,0.12,0.78,-0.52,-0.27,-0.28,1.72,-0.49,-0.2,-0.15,0,0,-19.00
2015-06-17T06:00:00,0.17,0.79,-0.67,-0.26,-0.13,1.54,-0.46,-0.21,-0.16,0,1,-20.00
2015-06-17T07:00:00,0.36,0.78,-0.63,-0.33,-0.3,1.26,-0.45,-0.26,-0.16,0,1,-23.00
2015-06-17T08:00:00,0.19,0.76,-0.67,-0.19,-0.31,1.05,-0.39,-0.27,-0.16,0,1,-25.00
2015-06-17T09:00:00,0.4,0.78,-0.52,-0.25,-0.59,0.92,-0.17,-0.4,-0.16,0,1,-27.00
2015-06-17T10:00:00,0.19,0.69,-0.59,-0.15,-0.65,0.86,-0.24,-0.38,-0.15,0,1,-27.00
2015-06-17T11:00:00,0.04,0.73,-0.62,-0.02,-0.65,0.84,-0.3,-0.37,-0.16,0,1,-22.00
2015-06-17T12:00:00,-0.06,0.85,-0.37,0.07,-0.87,0.11,-0.38,-0.37,-0.16,0,1,-25.00
2015-06-17T13:00:00,0.2,0.43,-0.81,-0.0,-0.29,0.94,-0.48,-0.38,-0.17,0,1,-28.00
2015-06-17T14:00:00,0.03,-0.39,-0.43,0.09,0.1,0.08,-0.35,-0.3,-0.1,0,1,-29.00
2015-06-17T15:00:00,-0.23,0.89,0.39,0.06,-0.48,-1.02,-0.35,-0.33,-0.15,0,1,-29.00
2015-06-17T16:00:00,-0.27,0.84,0.47,0.09,-0.43,-0.68,-0.35,-0.36,-0.15,0,1,-35.00
2015-06-17T17:00:00,-0.38,0.68,0.62,0.19,-0.22,-1.02,-0.42,-0.34,-0.16,0,1,-34.00
2015-06-17T18:00:00,-0.37,0.63,0.63,0.21,-0.18,-0.97,-0.43,-0.33,-0.15,0,1,-28.00
2015-06-17T19:00:00,-0.09,0.64,0.7,0.08,-0.29,-0.95,-0.5,-0.37,-0.16,0,1,-26.00
2015-06-17T20:00:00,-0.31,0.19,0.81,0.26,0.45,-1.16,-0.44,-0.33,-0.15,0,1,-23.00
2015-06-17T21:00:00,-0.31,0.46,0.71,0.31,-0.37,-0.38,-0.5,-0.32,-0.15,0,1,-22.00
2015-06-17T22:00:00,-0.39,0.08,0.72,0.33,0.6,-0.97,-0.47,-0.34,-0.15,0,1,-20.00
2015-06-17T23:00:00,-0.39,0.56,0.27,0.39,-0.24,0.06,-0.5,-0.31,-0.13,0,1,-22.00
2015-06-18T00:00:00,-0.37,-0.28,-0.23,0.3,0.88,1.06,-0.4,-0.2,-0.03,0,1,-21.00
2015-06-18T01:00:00,-0.39,-0.66,-0.22,0.32,1.15,0.71,-0.4,-0.36,-0.14,0,0,-18.00
2015-06-18T02:00:00,-0.6,-0.59,-0.05,0.41,1.11,0.55,-0.39,-0.33,-0.13,0,0,-14.00
2015-06-18T03:00:00,-0.53,-0.68,-0.2,0.38,0.98,0.6,-0.36,-0.39,-0.15,0,0,-10.00
2015-06-18T04:00:00,-0.62,-0.6,0.13,0.43,1.07,0.17,-0.4,-0.37,-0.14,0,0,-9.00
2015-06-18T05:00:00,-0.62,-0.57,0.13,0.47,0.83,0.06,-0.42,-0.38,-0.14,0,0,-8.00
2015-06-18T06:00:00,-0.61,-0.64,0.12,0.45,0.77,0.1,-0.4,-0.38,-0.15,0,0,-12.00
2015-06-18T07:00:00,-0.65,-0.47,0.33,0.51,0.87,-0.23,-0.44,-0.34,-0.14,0,0,-11.00
2015-06-18T08:00:00,-0.74,-0.54,0.18,0.5,0.95,-0.01,-0.46,-0.39,-0.16,0,0,-10.00
2015-06-18T09:00:00,-0.8,-0.48,0.18,0.54,1.16,-0.17,-0.48,-0.32,-0.15,0,0,-10.00
2015-06-18T10:00:00,-0.62,-0.63,-0.09,0.51,0.91,0.34,-0.52,-0.38,-0.16,0,0,-8.00
2015-06-18T11:00:00,-0.53,-0.07,-0.31,0.54,0.08,0.91,-0.48,-0.35,-0.13,0,0,-6.00
2015-06-18T12:00:00,-0.6,-0.33,-0.34,0.57,0.54,0.62,-0.49,-0.37,-0.15,0,0,-7.00
2015-06-18T13:00:00,-0.62,-0.09,-0.22,0.62,0.38,0.36,-0.49,-0.32,-0.12,0,0,-11.00
2015-06-18T14:00:00,-0.55,0.04,-0.37,0.61,0.13,0.93,-0.6,-0.38,-0.15,0,0,-15.00
2015-06-18T15:00:00,-0.66,-0.07,-0.23,0.66,0.32,0.88,-0.62,-0.44,-0.16,0,0,-20.00
2015-06-18T16:00:00,-0.51,0.36,0.15,0.61,-0.5,0.05,-0.6,-0.36,-0.13,0,0,-23.00
2015-06-18T17:00:00,-0.51,0.48,-0.03,0.63,-0.53,0.69,-0.58,-0.35,-0.14,0,0,-23.00
2015-06-18T18:00:00,-0.15,0.71,0.1,0.52,-0.79,0.26,-0.6,-0.38,-0.15,0,0,-20.00
2015-06-18T19:00:00,-0.07,0.77,0.29,0.51,-0.76,-0.21,-0.62,-0.41,-0.16,0,0,-17.00
2015-06-18T20:00:00,-0.05,0.6,0.53,0.52,-0.64,-0.74,-0.63,-0.42,-0.17,0,0,-14.00
2015-06-18T21:00:00,-0.03,0.34,0.58,0.53,-0.33,-0.85,-0.6,-0.37,-0.15,0,0,-13.00
2015-06-18T22:00:00,-0.43,0.32,0.06,0.69,-0.17,0.32,-0.52,-0.21,-0.04,0,0,-11.00
2015-06-18T23:00:00,-0.23,0.32,-0.37,0.62,-0.01,1.03,-0.56,-0.24,-0.11,0,0,-8.00
2015-06-19T00:00:00,-0.3,0.12,-0.34,0.65,0.27,0.95,-0.53,-0.2,-0.07,0,0,-6.00
2015-06-19T01:00:00,-0.55,0.1,-0.1,0.79,0.32,0.44,-0.51,-0.22,-0.07,0,0,-7.00
2015-06-19T02:00:00,-0.57,0.06,-0.2,0.77,0.26,0.73,-0.51,-0.19,-0.08,0,0,-10.00
2015-06-19T03:00:00,-0.53,-0.34,-0.16,0.79,0.75,0.59,-0.53,-0.13,-0.08,0,0,-13.00
2015-06-19T04:00:00,-0.58,-0.17,-0.12,0.83,0.36,0.45,-0.56,-0.17,-0.08,0,0,-13.00
2015-06-19T05:00:00,-0.58,0.32,0.02,0.82,0.07,0.4,-0.57,-0.1,-0.08,0,0,-12.00
2015-06-19T06:00:00,-0.57,0.38,0.01,0.85,-0.18,0.27,-0.61,-0.3,-0.13,0,0,-14.00
2015-06-19T07:00:00,-0.3,0.39,-0.13,0.94,-0.42,0.33,-0.43,-0.4,-0.1,0,0,-14.00
2015-06-19T08:00:00,-0.44,0.52,-0.1,0.97,-0.4,0.55,-0.51,-0.39,-0.14,0,0,-12.00
2015-06-19T09:00:00,-0.59,0.52,-0.06,1.09,-0.81,0.52,-0.44,-0.47,-0.16,0,0,-7.00
2015-06-19T10:00:00,-0.57,0.5,-0.15,1.09,-0.73,0.43,-0.47,-0.5,-0.17,0,0,-7.00
2015-06-19T11:00:00,-0.35,0.8,0.02,1.04,-0.92,0.4,-0.5,-0.51,-0.17,0,0,-6.00
2015-06-19T12:00:00,-0.45,0.77,0.23,1.13,-0.86,0.18,-0.58,-0.54,-0.18,0,0,-7.00
2015-06-19T13:00:00,-0.48,0.5,0.42,1.17,-0.79,-0.08,-0.55,-0.53,-0.18,0,0,-7.00
2015-06-19T14:00:00,-0.38,0.64,0.23,1.18,-0.89,0.01,-0.58,-0.52,-0.17,0,0,-7.00
2015-06-19T15:00:00,-0.2,0.71,0.18,1.14,-0.91,0.03,-0.56,-0.54,-0.18,0,0,-9.00
2015-06-19T16:00:00,-0.31,0.67,0.07,1.2,-0.82,0.19,-0.56,-0.54,-0.17,0,0,-11.00
2015-06-19T17:00:00,-0.52,0.5,0.14,1.3,-0.63,0.09,-0.42,-0.44,-0.15,0,0,-10.00
2015-06-19T18:00:00,-0.46,0.57,0.23,1.25,-0.85,-0.06,-0.53,-0.51,-0.17,0,0,-7.00
2015-06-19T19:00:00,-0.52,0.53,0.23,1.29,-0.92,-0.05,-0.55,-0.52,-0.17,0,0,-5.00
2015-06-19T20:00:00,-0.4,0.6,0.2,1.24,-0.92,-0.13,-0.45,-0.51,-0.17,0,0,-3.00
2015-06-19T21:00:00,-0.43,0.58,0.24,1.34,-0.73,0.01,-0.41,-0.49,-0.16,0,0,-1.00
2015-06-19T22:00:00,-0.7,0.39,0.07,1.5,-0.45,0.4,-0.49,-0.52,-0.17,0,0,2.00
2015-06-19T23:00:00,-0.63,0.41,0.1,1.52,-0.6,0.29,-0.4,-0.53,-0.17,0,0,-1.00
2015-06-20T00:00:00,-0.26,0.53,0.22,1.45,-0.75,0.22,-0.38,-0.53,-0.16,0,0,-4.00
2015-06-20T01:00:00,-0.44,0.48,0.15,1.54,-0.49,0.2,-0.44,-0.53,-0.16,0,0,-2.00
2015-06-20T02:00:00,-0.6,0.43,0.06,1.57,-0.62,0.39,-0.39,-0.54,-0.17,0,0,0.00
2015-06-20T03:00:00,-0.4,0.59,0.26,1.5,-0.95,-0.05,-0.34,-0.55,-0.17,0,0,-1.00
2015-06-20T04:00:00,-0.45,0.51,0.23,1.56,-0.89,-0.01,-0.3,-0.55,-0.17,0,0,-1.00
2015-06-20T05:00:00,-0.58,0.37,0.18,1.63,-0.69,0.1,-0.33,-0.56,-0.17,0,0,1.00
2015-06-20T06:00:00,-0.19,0.55,0.22,1.49,-0.81,0.03,-0.22,-0.54,-0.15,0,0,1.00
2015-06-20T07:00:00,-0.69,0.21,-0.02,1.59,-0.45,0.24,-0.47,-0.52,-0.16,0,0,3.00
2015-06-20T08:00:00,-0.77,0.24,0.03,1.61,-0.48,0.2,-0.49,-0.48,-0.16,0,0,3.00
2015-06-20T09:00:00,-0.75,0.2,0.1,1.68,-0.52,0.12,-0.46,-0.5,-0.16,0,0,1.00
2015-06-20T10:00:00,-0.78,0.27,-0.01,1.61,-0.35,0.15,-0.49,-0.53,-0.17,0,0,0.00
2015-06-20T11:00:00,-0.81,0.22,0.05,1.67,-0.27,0.08,-0.48,-0.53,-0.17,0,0,2.00
2015-06-20T12:00:00,-0.79,0.32,0.08,1.66,-0.31,-0.06,-0.5,-0.56,-0.18,0,0,4.00
2015-06-20T13:00:00,-0.79,0.33,0.17,1.7,-0.39,-0.32,-0.46,-0.55,-0.18,0,0,2.00
2015-06-20T14:00:00,-0.82,0.31,0.14,1.72,-0.39,-0.31,-0.42,-0.55,-0.18,0,0,3.00
2015-06-20T15:00:00,-0.83,0.4,0.07,1.66,-0.45,-0.18,-0.33,-0.55,-0.18,0,0,3.00
2015-06-20T16:00:00,-0.85,0.42,0.1,1.74,-0.65,-0.13,-0.4,-0.56,-0.18,0,0,0.00
2015-06-20T17:00:00,-0.8,0.47,0.05,1.76,-0.3,-0.16,1.57,-0.55,-0.13,0,0,-5.00
2015-06-20T18:00:00,-0.71,0.52,0.04,1.8,-0.72,-0.17,-0.16,-0.56,-0.17,0,0,-6.00
2015-06-20T19:00:00,-0.6,0.55,0.14,1.8,-0.71,-0.39,0.02,-0.57,-0.17,0,0,-4.00
2015-06-20T20:00:00,-0.15,0.73,0.09,1.66,-0.79,-0.32,0.23,-0.58,-0.16,0,0,-1.00
2015-06-20T21:00:00,0.01,0.7,0.17,1.63,-0.76,-0.38,0.74,-0.58,-0.15,0,0,4.00
2015-06-20T22:00:00,0.2,0.73,0.21,1.58,-0.73,-0.52,0.4,-0.57,-0.16,0,0,8.00
2015-06-20T23:00:00,0.17,0.73,0.06,1.6,-0.72,-0.54,0.58,-0.58,-0.15,0,0,9.00
2015-06-21T00:00:00,-0.65,0.44,0.27,1.8,-0.57,-0.84,0.35,-0.59,-0.17,0,0,11.00
2015-06-21T01:00:00,-0.64,0.49,0.24,1.72,-0.65,-0.66,0.37,-0.6,-0.18,0,0,13.00
2015-06-21T02:00:00,-0.4,0.42,0.14,1.66,-0.52,-0.56,0.6,-0.6,-0.15,0,0,11.00
2015-06-21T03:00:00,-0.34,0.32,0.14,1.67,-0.55,-0.53,0.73,-0.58,-0.1,0,0,10.00
2015-06-21T04:00:00,-0.53,0.21,0.07,1.72,-0.66,-0.48,0.63,-0.58,-0.12,0,0,11.00
2015-06-21T05:00:00,-0.55,0.23,0.07,1.76,-0.69,-0.48,0.67,-0.58,-0.13,0,0,10.00
2015-06-21T06:00:00,-0.35,0.13,0.05,1.7,-0.62,-0.39,0.97,-0.58,-0.03,0,0,9.00
2015-06-21T07:00:00,-0.49,0.3,0.01,1.79,-0.7,-0.36,0.9,-0.59,-0.13,0,0,9.00
2015-06-21T08:00:00,-0.26,0.24,-0.01,1.78,-0.64,-0.28,1.03,-0.58,-0.03,0,0,7.00
2015-06-21T09:00:00,-0.25,0.53,-0.1,1.84,-0.87,-0.22,1.05,-0.6,-0.14,0,0,8.00
2015-06-21T10:00:00,-0.21,0.45,-0.16,1.84,-0.85,-0.19,1.09,-0.6,-0.14,0,0,10.00
2015-06-21T11:00:00,-0.2,0.0,0.08,1.79,-0.53,-0.5,1.07,-0.58,0.37,0,0,11.00
2015-06-21T12:00:00,-0.27,-0.09,0.01,1.81,-0.59,-0.57,1.16,-0.59,0.09,0,0,12.00
2015-06-21T13:00:00,-0.27,-0.09,0.09,1.82,-0.69,-0.53,1.26,-0.59,0.11,0,0,13.00
2015-06-21T14:00:00,-0.26,0.05,0.14,1.81,-0.64,-0.49,2.34,-0.59,0.24,0,0,12.00
2015-06-21T15:00:00,-0.27,0.1,0.11,1.79,-0.68,-0.6,3.8,-0.59,0.39,0,0,11.00
2015-06-21T16:00:00,-0.06,-0.11,0.29,1.31,-1.84,-1.18,6.84,-0.46,3.71,0,0,10.00
2015-06-21T17:00:00,1.0,-1.16,0.1,1.27,-1.6,-1.17,5.94,-0.47,-0.08,0,0,16.00
2015-06-21T18:00:00,0.92,-0.81,-0.05,1.29,-1.43,-1.16,6.99,-0.44,0.05,0,0,42.00
2015-06-21T19:00:00,0.72,-0.96,0.78,1.3,-1.03,-1.46,4.98,-0.43,-0.07,0,0,44.00
2015-06-21T20:00:00,0.91,-1.02,0.13,1.29,-0.94,-1.36,5.15,-0.42,-0.03,0,0,40.00
2015-06-21T21:00:00,-1.15,0.82,0.87,1.19,-0.66,-1.11,3.64,-0.38,-0.11,0,0,33.00
2015-06-21T22:00:00,-1.23,1.02,1.07,1.29,-0.69,-1.21,1.89,-0.34,-0.15,0,1,35.00
2015-06-21T23:00:00,-1.43,1.22,0.44,1.3,-0.45,-0.85,1.41,-0.29,-0.14,0,1,28.00
2015-06-22T00:00:00,-1.21,1.14,0.86,1.19,-0.42,-0.28,1.06,-0.24,-0.15,0,1,23.00
2015-06-22T01:00:00,-1.26,1.06,0.72,1.23,-0.41,-0.17,0.96,-0.27,-0.15,0,1,19.00
2015-06-22T02:00:00,-1.27,0.89,0.57,1.21,-0.49,-0.07,1.01,-0.26,-0.13,0,1,20.00
2015-06-22T03:00:00,-1.23,0.89,0.42,1.22,-0.58,-0.15,0.92,-0.26,-0.13,0,1,20.00
2015-06-22T04:00:00,-0.96,0.67,-0.09,1.16,-0.36,0.15,0.92,-0.24,-0.08,0,1,18.00
2015-06-22T05:00:00,-1.25,1.62,-0.55,0.64,-1.47,0.41,3.65,0.25,-0.01,0,1,17.00
2015-06-22T06:00:00,-1.27,1.72,0.03,0.54,-1.23,-0.15,3.55,0.21,-0.02,0,0,21.00
2015-06-22T07:00:00,-1.06,1.57,-0.44,0.53,-0.82,0.26,3.28,0.38,0.04,0,0,23.00
2015-06-22T08:00:00,-1.2,1.25,0.09,0.58,-0.71,0.84,3.09,0.58,0.15,0,0,14.00
2015-06-22T09:00:00,-1.17,1.16,0.37,0.68,-0.65,0.52,2.57,0.7,0.16,0,0,16.00
2015-06-22T10:00:00,-1.07,0.93,0.72,0.51,-0.12,-0.08,2.39,0.96,0.24,0,0,8.00
2015-06-22T11:00:00,-1.19,-0.23,0.92,0.42,0.92,-0.43,2.23,0.74,0.2,0,0,7.00
2015-06-22T12:00:00,-1.35,1.04,-0.26,0.53,-0.19,0.88,2.0,0.78,0.1,0,0,13.00
2015-06-22T13:00:00,-0.71,-0.7,-0.9,0.46,1.31,1.72,1.72,0.42,0.07,0,0,10.00
2015-06-22T14:00:00,-0.54,-0.31,-1.09,0.5,1.18,2.21,1.5,0.33,0.04,0,0,4.00
2015-06-22T15:00:00,-0.49,-1.41,0.12,0.45,1.83,1.49,1.42,0.23,0.01,0,0,-8.00
2015-06-22T16:00:00,-0.2,-1.12,0.18,0.36,1.79,1.41,1.44,0.25,0.16,0,0,-26.00
2015-06-22T17:00:00,-0.45,-1.42,-0.09,0.4,2.07,1.72,1.31,0.18,-0.01,0,0,-44.00
2015-06-22T18:00:00,0.38,-1.04,-3.51,-1.7,-0.32,1.38,7.3,3.85,0.22,0,0,-33.00
2015-06-22T19:00:00,-2.57,2.71,-0.52,-1.54,-1.19,-0.27,8.34,1.35,0.08,0,0,-1.00
2015-06-22T20:00:00,-2.94,3.87,0.97,-1.36,-1.27,0.46,5.92,4.16,0.09,0,0,-45.00
2015-06-22T21:00:00,-1.09,1.49,2.36,-1.76,0.24,0.74,6.1,3.85,0.43,0,0,-111.00
2015-06-22T22:00:00,-0.77,2.27,1.76,-1.61,-0.06,-0.7,5.13,4.36,0.46,0,0,-94.00
2015-06-22T23:00:00,-0.17,1.1,2.77,-1.56,0.47,-1.12,4.34,3.84,0.25,0,0,-85.00
2015-06-23T00:00:00,-0.66,1.24,-0.09,-1.88,1.02,0.02,1.72,3.55,0.96,0,0,-90.00
2015-06-23T01:00:00,-0.1,1.8,-0.28,-2.3,1.22,0.43,0.87,1.6,0.06,0,0,-89.00
2015-06-23T02:00:00,0.95,2.08,-3.17,-2.26,0.86,0.4,-0.09,0.61,-0.18,0,1,-119.00
2015-06-23T03:00:00,1.25,1.23,-3.16,-2.38,1.14,1.58,-0.33,0.5,-0.18,0,1,-135.00
2015-06-23T04:00:00,1.6,1.12,-2.87,-2.0,0.19,1.48,-0.53,0.42,-0.19,0,1,-170.00
2015-06-23T05:00:00,-1.2,-0.89,2.54,-1.71,1.05,-0.93,-0.42,0.64,-0.18,0,1,-195.00
2015-06-23T06:00:00,-0.98,-0.71,1.48,-1.67,1.25,-0.34,-0.54,1.31,-0.15,0,1,-175.00
2015-06-23T07:00:00,0.47,0.23,-0.38,-1.3,1.45,-1.86,-0.42,2.75,0.56,0,1,-168.00
2015-06-23T08:00:00,2.23,0.49,-2.07,-1.63,0.22,1.06,-0.88,0.41,-0.19,0,1,-152.00
2015-06-23T09:00:00,1.82,0.73,-2.05,-1.47,0.76,-0.79,-0.93,0.68,-0.19,0,1,-151.00
2015-06-23T10:00:00,1.51,0.94,-1.87,-1.56,0.57,0.24,-0.94,0.15,-0.19,0,1,-151.00
2015-06-23T11:00:00,0.38,0.47,-1.04,-1.03,1.39,-3.83,-0.55,1.77,-0.08,0,1,-145.00
2015-06-23T12:00:00,-0.17,-0.04,0.36,-0.61,2.21,-5.11,-0.32,2.65,2.94,0,0,-133.00
2015-06-23T13:00:00,0.62,0.58,0.56,-0.85,1.32,-4.78,-0.08,0.57,0.03,0,0,-127.00
2015-06-23T14:00:00,1.27,0.81,1.23,-0.92,1.01,-4.46,-0.34,0.02,-0.17,0,1,-118.00
2015-06-23T15:00:00,1.0,1.21,1.34,-0.98,1.6,-3.87,-0.68,0.09,-0.18,0,1,-102.00
2015-06-23T16:00:00,0.82,0.92,1.54,-0.94,1.48,-2.69,-0.73,-0.06,-0.18,0,1,-104.00
2015-06-23T17:00:00,1.05,0.87,1.13,-0.94,0.6,-0.79,-0.56,-0.38,-0.19,0,1,-104.00
2015-06-23T18:00:00,0.51,0.37,0.8,-0.89,0.91,-1.44,-0.26,-0.18,-0.13,0,1,-102.00
2015-06-23T19:00:00,0.8,1.27,-0.17,-0.87,0.27,-2.75,-0.32,-0.28,-0.17,0,1,-90.00
2015-06-23T20:00:00,0.88,1.57,-0.27,-0.86,0.07,-2.38,-0.68,-0.38,-0.19,0,1,-81.00
2015-06-23T21:00:00,1.14,1.35,0.2,-0.62,-0.35,0.69,-0.71,-0.33,-0.19,0,1,-88.00
2015-06-23T22:00:00,0.91,1.34,0.36,-0.68,-0.31,1.75,-0.8,-0.18,-0.18,0,1,-88.00
2015-06-23T23:00:00,-0.37,0.2,-0.38,-1.02,-0.46,0.06,-0.65,-0.49,-0.17,0,1,-89.00
2015-06-24T00:00:00,-0.7,-1.09,0.03,-0.93,-0.27,-0.3,-0.75,-0.46,-0.19,0,1,-82.00
2015-06-24T01:00:00,-0.82,-0.69,-0.33,-1.0,-0.5,-0.72,-0.75,-0.39,-0.18,0,1,-79.00
2015-06-24T02:00:00,-0.5,-0.53,-0.45,-1.19,-0.55,-0.29,-0.75,-0.32,-0.17,0,1,-73.00
2015-06-24T03:00:00,-0.8,-0.64,-0.19,-0.89,-0.17,-1.31,-0.77,-0.31,-0.18,0,1,-71.00
2015-06-24T04:00:00,-0.62,-0.35,-0.36,-1.01,-0.77,-0.58,-0.72,-0.19,-0.15,0,1,-76.00
2015-06-24T05:00:00,-0.77,-0.42,-0.3,-0.88,-0.56,-0.6,-0.7,-0.1,-0.15,0,1,-74.00
2015-06-24T06:00:00,-0.64,-0.22,-0.48,-0.86,-0.43,-0.37,-0.76,-0.27,-0.17,0,1,-74.00
2015-06-24T07:00:00,-0.8,-0.23,-0.32,-0.75,-0.52,-0.19,-0.32,-0.35,-0.14,0,1,-76.00
2015-06-24T08:00:00,-0.98,-0.06,0.02,-0.62,-0.5,-1.46,-0.73,-0.24,-0.17,0,1,-76.00
2015-06-24T09:00:00,-0.77,-0.22,-0.32,-0.61,-0.13,-0.74,-0.72,-0.3,-0.17,0,1,-69.00
2015-06-24T10:00:00,-0.67,0.1,-0.33,-0.64,-0.4,-0.6,-0.74,-0.34,-0.17,0,1,-69.00
2015-06-24T11:00:00,-0.76,0.05,-0.06,-0.67,0.22,-0.48,-0.81,-0.42,-0.18,0,1,-65.00
2015-06-24T12:00:00,-0.65,0.47,-0.14,-0.73,-0.33,-0.14,-0.83,-0.43,-0.18,0,1,-67.00
2015-06-24T13:00:00,-1.14,1.15,0.21,-1.88,-2.37,-3.74,-0.4,0.77,-0.12,0,1,-68.00
2015-06-24T14:00:00,-0.89,1.36,0.25,-2.16,-2.24,-3.59,-0.25,1.02,-0.09,0,0,-59.00
2015-06-24T15:00:00,-1.13,0.82,0.6,-1.96,-1.25,-4.8,-0.22,0.98,-0.08,0,0,-46.00
2015-06-24T16:00:00,-1.19,0.99,0.38,-1.92,-1.26,-4.14,-0.3,1.11,-0.09,0,0,-48.00
2015-06-24T17:00:00,-1.33,0.54,0.53,-1.87,-0.74,-4.04,-0.09,1.05,-0.05,0,0,-47.00
2015-06-24T18:00:00,-1.31,0.99,0.38,-1.7,-1.91,-3.23,-0.17,0.39,-0.13,0,0,-48.00
2015-06-24T19:00:00,-1.52,0.57,0.37,-1.54,-1.44,-3.45,-0.03,0.28,-0.12,0,0,-45.00
2015-06-24T20:00:00,-1.28,0.63,0.51,-1.43,-1.45,-3.39,-0.36,0.39,-0.13,0,0,-39.00
2015-06-24T21:00:00,-1.21,0.68,0.44,-1.3,-1.13,-2.15,0.75,0.9,0.08,0,0,-41.00
2015-06-24T22:00:00,-1.59,0.34,0.16,-1.07,-0.65,-1.24,-0.46,0.44,-0.14,0,0,-44.00
2015-06-24T23:00:00,-1.59,0.2,0.23,-0.92,0.65,0.6,-0.42,1.36,-0.09,0,0,-47.00
2015-06-25T00:00:00,-1.47,0.76,0.44,-1.25,-2.07,-0.57,-0.12,2.04,-0.02,0,0,-48.00
2015-06-25T01:00:00,-0.48,0.56,1.0,-1.37,0.15,-2.7,0.22,0.67,-0.0,0,0,-43.00
2015-06-25T02:00:00,-0.62,0.38,1.03,-1.1,0.51,-2.87,0.25,0.12,-0.08,0,0,-33.00
2015-06-25T03:00:00,-0.92,0.51,0.63,-0.99,-0.19,-1.96,0.28,0.13,-0.06,0,0,-24.00
2015-06-25T04:00:00,-0.77,0.09,0.38,-0.98,0.55,-1.11,0.12,0.13,0.06,0,0,-23.00
2015-06-25T05:00:00,-0.75,0.72,0.65,-1.31,0.18,-2.24,0.52,0.45,0.03,0,0,-24.00
2015-06-25T06:00:00,0.01,1.14,-0.67,-1.41,-0.05,-0.13,0.24,0.26,-0.08,0,0,-22.00
2015-06-25T07:00:00,0.29,-0.69,0.72,-1.56,0.97,-0.83,0.28,0.32,0.04,0,0,-26.00
2015-06-25T08:00:00,0.36,0.7,0.07,-1.65,1.37,1.22,-0.03,0.01,0.02,0,0,-40.00
2015-06-25T09:00:00,-0.59,-1.95,-0.49,-1.6,0.26,0.03,-0.15,-0.26,-0.18,0,1,-33.00
2015-06-25T10:00:00,-0.87,-1.95,-0.48,-1.47,0.48,-0.16,-0.2,-0.46,-0.19,0,1,-37.00
2015-06-25T11:00:00,-0.5,-1.13,-0.38,-1.49,0.44,0.83,0.11,-0.37,-0.16,0,1,-43.00
2015-06-25T12:00:00,-0.06,-0.7,-0.97,-1.29,0.57,1.22,0.64,-0.24,-0.12,0,1,-43.00
2015-06-25T13:00:00,-0.36,-0.49,-0.67,-1.15,0.87,2.17,0.18,-0.21,-0.1,0,1,-40.00
2015-06-25T14:00:00,0.12,-0.21,-0.16,-1.08,0.39,1.73,-0.33,-0.13,0.39,0,1,-55.00
2015-06-25T15:00:00,0.09,-0.22,0.05,-1.03,-0.28,1.7,-0.42,-0.3,0.68,0,1,-74.00
2015-06-25T16:00:00,0.29,-0.48,-0.17,-1.04,-0.06,1.91,-0.55,-0.41,-0.13,0,1,-77.00
2015-06-25T17:00:00,0.11,-0.47,-0.35,-0.81,0.07,2.2,-0.55,-0.46,-0.15,0,1,-79.00
2015-06-25T18:00:00,0.06,-0.23,-0.36,-0.83,-0.54,1.52,-0.56,-0.41,-0.12,0,1,-76.00
2015-06-25T19:00:00,0.65,-0.04,-0.18,-0.79,-0.52,1.2,-0.63,-0.34,-0.14,0,1,-74.00
2015-06-25T20:00:00,0.42,0.2,0.18,-0.64,-1.16,0.69,-0.44,-0.43,-0.08,0,1,-78.00
2015-06-25T21:00:00,0.54,0.02,0.03,-0.67,-0.94,0.38,-0.57,-0.44,-0.13,0,1,-74.00
2015-06-25T22:00:00,0.44,-0.25,-0.21,-0.54,-0.94,1.04,-0.68,-0.4,-0.14,0,1,-65.00
2015-06-25T23:00:00,0.57,-0.17,-0.23,-0.48,-1.26,1.06,-0.71,-0.43,-0.16,0,1,-60.00
2015-06-26T00:00:00,0.58,0.03,-0.32,-0.35,-1.35,0.6,-0.79,-0.46,-0.18,0,1,-58.00
2015-06-26T01:00:00,0.78,0.04,-0.19,-0.39,-0.72,0.34,-0.84,-0.5,-0.18,0,1,-51.00
2015-06-26T02:00:00,0.74,0.16,-0.26,-0.29,-0.22,0.7,-0.85,-0.5,-0.19,0,1,-52.00
2015-06-26T03:00:00,0.8,0.3,-0.23,-0.32,0.02,0.52,-0.78,-0.5,-0.18,0,1,-50.00
2015-06-26T04:00:00,0.83,0.34,-0.01,-0.26,0.06,0.22,-0.8,-0.51,-0.18,0,1,-46.00
2015-06-26T05:00:00,0.72,0.31,-0.07,-0.32,0.21,0.65,-0.72,-0.47,-0.18,0,1,-49.00
2015-06-26T06:00:00,-0.37,0.0,0.29,-0.4,-0.06,-0.13,-0.65,-0.35,-0.08,0,1,-51.00
2015-06-26T07:00:00,0.03,-0.41,-0.25,-0.78,0.64,1.58,-0.6,-0.26,-0.08,0,0,-47.00
2015-06-26T08:00:00,-0.26,-0.58,-0.15,-0.63,0.84,1.13,-0.65,-0.27,-0.13,0,0,-44.00
2015-06-26T09:00:00,-0.55,-0.43,0.08,-0.75,0.13,0.18,-0.74,-0.05,-0.12,0,0,-39.00
2015-06-26T10:00:00,-0.69,-0.23,0.07,-0.8,0.38,0.4,-0.78,0.46,-0.09,0,0,-41.00
2015-06-26T11:00:00,-0.78,-0.12,0.05,-0.71,0.07,0.57,-0.84,0.2,-0.14,0,0,-41.00
2015-06-26T12:00:00,-0.84,-0.12,0.08,-0.72,-0.09,0.16,-0.8,0.09,-0.15,0,0,-39.00
2015-06-26T13:00:00,-0.81,-0.14,0.01,-0.53,-0.23,0.07,-0.76,-0.16,-0.15,0,0,-41.00
2015-06-26T14:00:00,-0.81,-0.04,-0.02,-0.42,-0.3,-0.09,-0.62,-0.21,-0.14,0,0,-41.00
2015-06-26T15:00:00,-0.81,0.02,0.02,-0.35,-0.24,-0.25,-0.55,-0.28,-0.14,0,0,-44.00
2015-06-26T16:00:00,-0.78,0.1,0.09,-0.26,-0.25,-0.06,-0.55,-0.34,-0.14,0,0,-45.00
2015-06-26T17:00:00,-0.77,0.05,0.12,-0.19,-0.2,0.05,-0.57,-0.31,-0.14,0,0,-48.00
2015-06-26T18:00:00,-0.85,-0.05,0.01,-0.16,-0.78,-0.29,-0.53,-0.32,-0.15,0,0,-49.00
2015-06-26T19:00:00,-0.83,-0.05,0.01,-0.1,-0.11,0.16,-0.59,-0.31,-0.15,0,0,-49.00
2015-06-26T20:00:00,-0.78,-0.06,-0.07,0.03,-0.02,0.28,-0.31,-0.33,-0.12,0,0,-47.00
2015-06-26T21:00:00,-0.74,0.05,0.03,0.09,0.03,0.17,-0.04,-0.33,-0.07,0,0,-45.00
2015-06-26T22:00:00,-0.76,-0.01,0.0,0.07,0.14,0.02,-0.15,-0.4,-0.11,0,0,-38.00
2015-06-26T23:00:00,-0.81,0.26,-0.3,-0.01,0.07,0.23,-0.54,-0.53,-0.18,0,0,-33.00
2015-06-27T00:00:00,-0.8,0.37,0.08,0.07,-0.13,-0.11,-0.52,-0.41,-0.16,0,0,-28.00
2015-06-27T01:00:00,-0.86,0.4,0.22,0.09,-0.02,-0.22,-0.53,-0.43,-0.17,0,0,-31.00
2015-06-27T02:00:00,-1.27,0.53,0.37,-0.09,0.62,-1.53,-0.55,-0.39,-0.18,0,0,-32.00
2015-06-27T03:00:00,-1.96,0.19,0.61,-0.37,1.55,-2.62,-0.63,2.45,-0.13,0,0,-28.00
2015-06-27T04:00:00,-0.88,0.85,0.9,-1.94,0.91,-2.59,-0.85,7.3,-0.09,0,0,-23.00
2015-06-27T05:00:00,-1.8,0.29,0.35,-3.01,2.53,-1.37,-0.87,4.11,-0.15,0,0,-26.00
2015-06-27T06:00:00,-1.69,0.05,-0.07,-2.55,3.44,-1.41,-0.82,4.72,-0.11,0,0,-29.00
2015-06-27T07:00:00,-1.36,-0.41,-0.39,-1.53,5.8,1.0,-0.75,5.57,-0.04,0,0,-30.00
2015-06-27T08:00:00,-1.51,0.4,-0.11,-2.83,2.26,-2.53,-0.89,3.76,-0.15,0,0,-31.00
2015-06-27T09:00:00,-1.18,0.51,-0.12,-2.45,2.48,-2.8,-0.83,3.69,-0.1,0,0,-32.00
2015-06-27T10:00:00,-1.21,0.72,0.02,-1.99,3.98,-1.57,-0.91,2.16,-0.16,0,0,-29.00
2015-06-27T11:00:00,-1.27,0.77,0.17,-1.64,3.68,-0.78,-0.92,2.01,-0.17,0,0,-28.00
2015-06-27T12:00:00,-1.07,0.73,0.44,-1.29,2.28,-1.11,-0.9,2.81,-0.15,0,0,-33.00
2015-06-27T13:00:00,-0.43,0.19,0.71,-0.65,0.66,-2.46,-0.69,3.94,0.19,0,0,-32.00
2015-06-27T14:00:00,0.06,0.19,1.23,-0.93,1.13,-4.5,-0.2,0.58,-0.08,0,0,-32.00
2015-06-27T15:00:00,-0.48,0.19,0.62,-0.5,-0.57,-0.48,-0.65,3.54,0.26,0,0,-30.00
2015-06-27T16:00:00,-0.41,0.59,0.61,-0.65,0.21,-1.25,-0.63,3.87,0.19,0,0,-29.00
2015-06-27T17:00:00,-1.06,0.75,0.28,-1.08,3.09,-0.12,-0.82,2.33,-0.12,0,0,-29.00
2015-06-27T18:00:00,-1.22,0.75,0.3,-0.35,0.23,-0.03,-0.83,2.28,-0.14,0,0,-28.00
2015-06-27T19:00:00,-1.28,0.47,0.56,-0.09,0.6,-1.38,-0.74,0.43,-0.16,0,0,-30.00
2015-06-27T20:00:00,-1.1,0.7,0.52,0.27,-1.18,-1.46,-0.6,0.18,-0.16,0,0,-30.00
2015-06-27T21:00:00,0.48,1.0,-0.13,-0.07,-0.43,-0.39,-0.59,0.26,-0.13,0,0,-25.00
2015-06-27T22:00:00,0.32,0.96,-0.62,0.02,-0.52,0.54,-0.69,0.02,-0.17,0,0,-21.00
2015-06-27T23:00:00,0.39,0.61,-0.36,-0.06,-0.24,0.43,-0.62,-0.18,-0.14,0,0,-20.00
2015-06-28T00:00:00,1.02,-0.2,-0.02,-0.25,1.33,0.1,-0.61,-0.5,-0.18,0,0,-27.00
2015-06-28T01:00:00,0.98,-0.3,-0.09,-0.26,1.44,0.77,-0.47,-0.47,-0.17,0,0,-32.00
2015-06-28T02:00:00,0.92,0.24,-0.16,-0.25,0.37,0.89,-0.48,-0.45,-0.17,0,0,-32.00
2015-06-28T03:00:00,0.79,0.28,-0.37,-0.1,0.63,1.12,-0.48,-0.47,-0.17,0,0,-25.00
2015-06-28T04:00:00,0.28,0.4,-0.74,0.04,0.38,1.97,-0.56,0.06,-0.14,0,0,-27.00
2015-06-28T05:00:00,-0.21,-0.83,-0.49,0.21,1.65,1.29,-0.69,0.89,-0.1,0,0,-28.00
