1995-03-23T23:00:00,-0.37,1.85,-0.03,1.29,-0.16,-0.02,1.21,-0.55,-0.18,0,1,2.00
1995-03-24T00:00:00,-0.01,-0.24,1.65,1.3,0.25,0.08,1.68,-0.55,-0.18,0,1,-1.00
1995-03-24T01:00:00,0.14,-0.03,1.58,1.28,0.31,-0.15,2.27,-0.53,-0.17,0,1,-2.00
1995-03-24T02:00:00,0.18,0.08,1.52,1.28,0.47,-0.12,2.0,-0.53,-0.17,0,1,1.00
1995-03-24T03:00:00,0.67,-0.22,1.47,1.3,0.5,0.01,1.88,-0.5,-0.16,0,1,8.00
1995-03-24T04:00:00,0.2,-0.74,1.55,1.32,0.45,-0.07,1.61,-0.51,-0.17,0,1,7.00
1995-03-24T05:00:00,0.26,-0.88,1.37,1.33,0.35,-0.03,2.26,-0.53,-0.17,0,1,4.00
1995-03-24T06:00:00,0.19,-0.97,1.07,1.35,0.36,0.15,2.79,-0.52,-0.15,0,1,4.00
1995-03-24T07:00:00,0.51,-0.71,1.32,1.35,0.22,-0.02,1.6,-0.53,-0.17,0,1,6.00
1995-03-24T08:00:00,0.21,-0.85,0.89,1.37,0.25,-0.06,2.63,-0.5,-0.13,0,1,9.00
1995-03-24T09:00:00,0.25,-0.41,1.02,1.37,0.23,-0.01,2.74,-0.5,-0.12,0,1,7.00
1995-03-24T10:00:00,0.53,0.62,0.74,1.36,0.31,-0.37,2.99,-0.48,-0.09,0,1,11.00
1995-03-24T11:00:00,0.56,1.05,0.37,1.35,0.22,-0.34,2.73,-0.49,-0.12,0,1,11.00
1995-03-24T12:00:00,0.43,0.82,0.89,1.34,0.05,-0.5,2.12,-0.5,-0.14,0,1,11.00
1995-03-24T13:00:00,0.17,-0.17,1.4,1.39,0.19,-0.32,1.62,-0.5,-0.16,0,1,10.00
1995-03-24T14:00:00,-0.07,-0.86,1.22,1.38,0.09,-0.3,1.27,-0.5,-0.16,0,1,7.00
1995-03-24T15:00:00,-0.07,-0.78,0.94,1.38,0.07,0.03,2.17,-0.51,-0.14,0,1,4.00
1995-03-24T16:00:00,-0.19,-0.49,0.55,1.36,-0.07,0.32,3.06,-0.49,0.03,0,1,2.00
1995-03-24T17:00:00,-0.33,-0.5,0.51,1.4,-0.17,0.44,2.81,-0.5,-0.0,0,0,5.00
1995-03-24T18:00:00,-0.59,-0.07,0.0,1.33,-0.23,0.18,2.86,-0.5,0.15,0,0,7.00
1995-03-24T19:00:00,-0.53,-0.33,0.03,1.35,-0.29,0.09,2.55,-0.51,0.07,0,0,7.00
1995-03-24T20:00:00,-0.4,-0.4,0.02,1.4,-0.28,0.08,2.58,-0.52,0.09,0,0,7.00
1995-03-24T21:00:00,-0.42,-0.27,-0.14,1.43,-0.23,-0.03,2.67,-0.53,0.08,0,0,6.00
1995-03-24T22:00:00,-0.43,-0.24,-0.15,1.43,-0.2,-0.06,2.57,-0.52,0.1,0,0,6.00
1995-03-24T23:00:00,-0.32,-0.29,-0.0,1.45,-0.15,-0.05,2.57,-0.51,0.31,0,0,5.00
1995-03-25T00:00:00,-0.66,-0.18,0.04,1.43,-0.25,-0.06,2.41,-0.51,0.01,0,0,4.00
1995-03-25T01:00:00,-0.55,-0.12,-0.1,1.47,-0.27,-0.1,2.5,-0.5,0.09,0,0,5.00
1995-03-25T02:00:00,-0.55,-0.13,-0.13,1.48,-0.19,-0.08,2.43,-0.5,0.08,0,0,8.00
1995-03-25T03:00:00,-0.62,0.03,-0.09,1.49,-0.15,-0.07,2.18,-0.49,0.06,0,0,8.00
1995-03-25T04:00:00,-0.61,0.22,-0.04,1.5,-0.13,-0.07,2.07,-0.49,0.04,0,0,3.00
1995-03-25T05:00:00,-0.5,0.11,0.03,1.51,-0.06,-0.14,2.24,-0.52,0.11,0,0,-3.00
1995-03-25T06:00:00,-0.5,-0.01,0.04,1.53,-0.06,-0.14,2.12,-0.53,0.1,0,0,-4.00
1995-03-25T07:00:00,-0.52,0.08,-0.06,1.54,-0.1,-0.04,1.92,-0.53,0.04,0,0,-5.00
1995-03-25T08:00:00,-0.55,0.04,-0.06,1.54,-0.13,0.01,1.75,-0.51,0.03,0,0,-5.00
1995-03-25T09:00:00,-0.5,0.16,-0.02,1.55,-0.16,0.04,2.04,-0.55,0.01,0,0,-6.00
1995-03-25T10:00:00,-0.41,0.07,-0.02,1.55,-0.15,0.05,2.44,-0.57,0.09,0,0,-4.00
1995-03-25T11:00:00,-0.42,0.05,0.01,1.56,-0.13,0.06,2.42,-0.57,0.1,0,0,-5.00
1995-03-25T12:00:00,-0.49,0.02,0.02,1.59,-0.13,0.06,2.19,-0.56,0.04,0,0,-1.00
1995-03-25T13:00:00,-0.54,-0.04,0.11,1.63,-0.12,0.06,2.14,-0.54,0.04,0,0,1.00
1995-03-25T14:00:00,-0.53,0.07,0.14,1.65,-0.14,0.08,2.12,-0.54,0.03,0,0,2.00
1995-03-25T15:00:00,-0.45,-0.02,0.29,1.67,-0.1,0.01,1.81,-0.55,0.0,0,0,1.00
1995-03-25T16:00:00,-0.42,0.1,0.08,1.66,-0.11,0.11,2.13,-0.55,0.11,0,0,0.00
1995-03-25T17:00:00,-0.38,0.07,0.12,1.65,-0.12,0.16,2.39,-0.55,0.21,0,0,1.00
1995-03-25T18:00:00,-0.36,0.17,0.04,1.64,-0.16,0.25,2.69,-0.54,0.25,0,0,0.00
1995-03-25T19:00:00,-0.35,0.19,0.09,1.62,-0.11,0.24,2.87,-0.55,0.24,0,0,0.00
1995-03-25T20:00:00,-0.38,-0.0,0.03,1.64,-0.14,0.23,2.76,-0.54,0.34,0,0,3.00
1995-03-25T21:00:00,-0.22,0.12,0.11,1.67,-0.16,0.14,2.85,-0.54,0.95,0,0,4.00
1995-03-25T22:00:00,0.14,0.18,0.01,1.68,-0.18,0.06,3.3,-0.54,1.26,1,0,4.00
1995-03-25T23:00:00,0.21,0.28,0.07,1.66,-0.19,0.2,3.31,-0.53,0.57,1,0,3.00
1995-03-26T00:00:00,0.33,0.25,0.26,1.66,-0.29,0.27,3.56,-0.52,0.31,1,0,4.00
1995-03-26T01:00:00,0.42,0.05,0.62,1.62,-0.4,0.49,3.61,-0.5,0.04,1,0,11.00
1995-03-26T02:00:00,0.65,-0.27,0.8,1.59,-0.36,0.62,3.8,-0.47,-0.05,1,0,18.00
1995-03-26T03:00:00,1.04,-0.47,0.33,1.6,-0.36,0.39,4.19,-0.44,-0.03,1,0,23.00
1995-03-26T04:00:00,0.7,-0.61,0.07,1.53,-0.48,0.37,4.99,-0.39,0.21,1,0,25.00
1995-03-26T05:00:00,0.23,0.09,-0.73,1.46,-0.31,-0.09,5.62,-0.38,0.19,1,0,25.00
1995-03-26T06:00:00,-0.21,-0.45,-0.83,1.43,-0.46,-0.15,5.89,-0.36,0.1,1,0,23.00
1995-03-26T07:00:00,-0.2,-0.06,-1.08,1.42,-0.27,-0.35,6.27,-0.39,0.01,1,0,21.00
1995-03-26T08:00:00,-0.06,-0.17,-0.92,1.4,-0.31,0.03,9.82,-0.47,0.09,1,0,11.00
1995-03-26T09:00:00,0.18,-0.78,-1.31,1.34,-0.51,-0.11,8.92,-0.45,-0.07,1,0,-1.00
1995-03-26T10:00:00,-0.55,-0.42,-1.76,1.24,-0.23,-0.11,6.29,-0.45,-0.14,1,0,-11.00
1995-03-26T11:00:00,-0.71,-0.93,-2.36,1.15,0.46,-0.12,2.42,-0.5,-0.18,1,0,-23.00
1995-03-26T12:00:00,0.22,-2.09,-1.49,1.24,-0.05,-0.25,2.03,-0.51,-0.18,1,0,-36.00
1995-03-26T13:00:00,0.8,-2.79,-0.02,1.14,0.19,-0.3,2.72,-0.4,-0.17,1,0,-61.00
1995-03-26T14:00:00,-0.14,-2.64,-1.02,0.95,0.15,-1.1,3.56,-0.41,-0.17,1,0,-82.00
1995-03-26T15:00:00,0.62,-2.29,-0.81,1.06,0.43,-0.42,2.65,-0.2,-0.14,1,0,-98.00
1995-03-26T16:00:00,0.55,-2.74,-1.11,1.06,0.27,-0.2,0.97,-0.14,-0.17,1,0,-90.00
1995-03-26T17:00:00,0.86,-2.72,-0.75,1.08,-0.03,-0.02,1.06,-0.03,-0.16,1,0,-103.00
1995-03-26T18:00:00,1.09,-2.56,-0.11,1.14,-0.04,0.36,1.29,0.06,-0.15,1,0,-107.00
1995-03-26T19:00:00,0.96,-2.49,-0.7,1.0,0.17,0.01,0.91,-0.03,-0.16,1,0,-99.00
1995-03-26T20:00:00,1.53,-2.43,-0.26,1.14,0.14,0.4,0.64,0.06,-0.16,1,0,-92.00
1995-03-26T21:00:00,1.96,-2.19,0.13,1.08,0.28,0.19,0.71,0.05,-0.16,1,0,-83.00
1995-03-26T22:00:00,1.43,-2.44,-0.33,0.88,0.31,-0.45,0.65,0.27,-0.15,1,0,-77.00
1995-03-26T23:00:00,1.58,-1.6,0.53,0.89,1.11,-1.6,0.85,0.44,-0.11,1,0,-70.00
1995-03-27T00:00:00,0.78,-1.71,1.01,0.6,0.34,-1.82,0.82,1.06,-0.05,1,0,-60.00
1995-03-27T01:00:00,0.82,-1.7,0.86,0.61,0.32,-1.78,0.82,1.14,-0.03,1,0,-49.00
1995-03-27T02:00:00,1.27,-1.12,1.33,0.77,0.43,-0.74,0.64,0.9,-0.08,1,0,-40.00
1995-03-27T03:00:00,1.22,-1.8,0.69,0.74,-0.03,-1.68,0.68,0.68,-0.1,1,0,-33.00
1995-03-27T04:00:00,0.71,-1.97,0.72,0.58,0.24,-1.0,0.58,0.43,-0.12,1,0,-33.00
1995-03-27T05:00:00,0.91,-1.84,-0.08,0.66,0.53,-0.87,0.77,0.45,-0.09,1,0,-35.00
1995-03-27T06:00:00,1.05,-1.19,-0.58,0.61,0.89,-0.75,1.16,0.67,0.01,1,0,-36.00
1995-03-27T07:00:00,0.72,-1.24,0.01,0.66,0.68,-0.2,0.98,0.58,0.06,1,0,-35.00
1995-03-27T08:00:00,-0.07,-1.3,0.89,0.44,0.15,0.67,0.92,0.72,0.02,1,0,-41.00
1995-03-27T09:00:00,0.46,-0.97,1.12,0.64,0.14,1.15,0.9,0.48,-0.02,1,0,-54.00
1995-03-27T10:00:00,0.3,-1.15,-0.88,0.53,0.03,-0.77,0.76,0.09,-0.09,1,0,-50.00
1995-03-27T11:00:00,0.71,-1.18,-0.02,0.49,-0.48,0.44,0.78,0.11,-0.04,1,0,-42.00
1995-03-27T12:00:00,0.74,-0.58,-0.19,0.37,0.01,-0.2,0.59,-0.0,0.04,1,0,-37.00
1995-03-27T13:00:00,0.35,-1.17,0.1,0.17,-0.83,0.1,0.58,-0.02,-0.05,1,0,-52.00
1995-03-27T14:00:00,0.43,-1.25,0.25,0.2,-0.99,0.14,0.48,-0.12,-0.1,1,0,-53.00
1995-03-27T15:00:00,0.34,-1.69,-0.18,0.13,-1.29,-0.56,0.31,-0.12,-0.14,1,0,-48.00
1995-03-27T16:00:00,0.14,-1.71,-0.09,0.12,-1.2,-0.73,0.35,-0.12,-0.14,1,0,-46.00
1995-03-27T17:00:00,-0.34,-1.61,0.22,0.04,-0.78,-0.71,0.42,-0.17,-0.14,1,0,-46.00
1995-03-27T18:00:00,1.16,-0.64,-0.88,0.34,0.17,-1.65,0.36,-0.05,-0.13,1,0,-49.00
1995-03-27T19:00:00,0.45,-0.58,-0.14,-0.13,0.54,-0.02,0.33,0.4,0.32,1,0,-47.00
1995-03-27T20:00:00,0.03,0.63,0.36,-0.3,1.12,0.14,0.17,0.27,0.22,1,0,-50.00
1995-03-27T21:00:00,0.13,-0.09,0.51,-0.28,1.14,0.45,0.01,0.16,0.41,1,0,-60.00
1995-03-27T22:00:00,0.6,-0.31,0.05,-0.01,0.65,0.48,0.05,0.09,0.19,0,0,-59.00
1995-03-27T23:00:00,0.16,-0.61,-0.31,0.2,-0.04,0.1,0.01,-0.1,0.01,0,0,-54.00
1995-03-28T00:00:00,-0.34,-0.72,-0.4,0.19,-0.28,0.17,0.05,-0.2,-0.09,0,0,-49.00
1995-03-28T01:00:00,-0.51,-0.67,0.08,-0.01,0.2,0.86,0.27,-0.01,0.06,0,0,-44.00
1995-03-28T02:00:00,-0.58,-0.41,0.24,-0.12,0.58,1.1,0.59,-0.03,0.19,0,0,-44.00
1995-03-28T03:00:00,0.64,0.09,-0.15,-0.07,0.95,1.07,0.35,0.01,0.21,0,0,-41.00
1995-03-28T04:00:00,0.84,-0.27,-0.73,-0.01,0.57,0.46,0.19,0.08,-0.08,0,0,-38.00
1995-03-28T05:00:00,0.54,-0.51,0.01,0.02,0.77,0.7,0.45,0.56,0.51,0,0,-41.00
1995-03-28T06:00:00,-0.93,-0.2,0.65,-0.13,0.71,1.34,0.06,-0.01,-0.09,0,0,-41.00
1995-03-28T07:00:00,-0.6,0.28,0.73,-0.03,0.88,1.44,0.03,0.04,-0.05,0,0,-42.00
1995-03-28T08:00:00,-0.62,0.37,0.37,-0.04,0.67,1.25,-0.1,0.04,0.01,0,0,-41.00
1995-03-28T09:00:00,0.5,-0.62,-0.31,0.16,0.05,0.19,-0.23,0.01,-0.06,0,0,-36.00
1995-03-28T10:00:00,0.06,-0.67,-0.36,0.02,-0.14,0.19,-0.1,-0.16,-0.06,0,0,-33.00
1995-03-28T11:00:00,0.4,-0.56,-0.5,0.13,-0.29,0.09,-0.13,-0.17,-0.09,0,0,-34.00
1995-03-28T12:00:00,0.04,-0.67,-0.22,0.11,-0.35,0.19,0.01,-0.15,-0.0,0,0,-36.00
1995-03-28T13:00:00,0.53,-0.73,-0.32,0.2,-0.52,-0.09,0.12,-0.08,-0.06,0,0,-39.00
1995-03-28T14:00:00,0.56,-1.09,-0.35,0.08,-0.81,-0.13,0.36,-0.17,-0.11,0,0,-40.00
1995-03-28T15:00:00,0.36,-1.16,-0.31,-0.01,-1.04,-0.06,0.46,-0.22,-0.11,0,0,-38.00
1995-03-28T16:00:00,0.4,-1.15,-0.49,0.05,-1.11,-0.15,0.47,-0.23,-0.12,0,0,-38.00
1995-03-28T17:00:00,0.85,-0.85,-0.46,0.24,-1.1,-0.07,0.32,-0.23,-0.13,0,0,-41.00
1995-03-28T18:00:00,0.05,-0.89,0.08,0.08,-1.45,0.39,0.61,-0.11,0.05,0,0,-46.00
1995-03-28T19:00:00,-0.32,-0.65,0.38,0.01,-1.11,0.51,0.42,-0.02,0.1,0,0,-47.00
1995-03-28T20:00:00,0.26,-0.63,0.2,-0.14,-0.67,0.54,0.27,0.3,0.36,0,0,-46.00
1995-03-28T21:00:00,0.15,-0.67,0.45,-0.17,-0.72,0.95,0.39,0.04,0.12,0,0,-39.00
1995-03-28T22:00:00,0.97,-0.77,0.09,-0.05,-1.05,0.84,0.44,0.18,-0.02,0,0,-30.00
1995-03-28T23:00:00,1.06,-0.58,0.23,-0.0,-1.13,1.0,0.46,0.23,-0.0,0,0,-26.00
1995-03-29T00:00:00,0.65,0.01,-0.25,-0.03,-0.67,1.27,0.48,0.26,0.33,0,0,-26.00
1995-03-29T01:00:00,0.14,0.57,-0.39,-0.14,-0.41,1.25,0.5,0.26,0.23,0,0,-18.00
1995-03-29T02:00:00,0.51,-0.61,-0.83,-0.32,-0.53,1.7,0.39,0.17,-0.05,0,0,-14.00
1995-03-29T03:00:00,0.43,-0.61,-0.04,-0.42,0.01,1.75,0.6,0.3,0.4,0,0,-23.00
1995-03-29T04:00:00,0.31,-0.28,-0.11,-0.52,0.32,1.84,0.58,0.34,1.39,0,0,-28.00
1995-03-29T05:00:00,-0.57,0.59,0.27,-0.62,0.65,1.72,0.41,0.19,0.13,0,0,-26.00
1995-03-29T06:00:00,-0.12,0.03,-0.04,-0.55,0.51,1.04,0.29,0.4,7.97,0,0,-29.00
1995-03-29T07:00:00,0.43,-0.57,-0.4,-0.49,0.52,0.36,0.32,0.33,0.15,0,0,-31.00
1995-03-29T08:00:00,0.54,-0.65,0.32,-0.33,0.35,1.07,0.18,0.29,0.11,0,0,-33.00
1995-03-29T09:00:00,0.49,-0.55,0.06,-0.34,0.39,0.95,0.1,0.2,0.19,0,0,-32.00
1995-03-29T10:00:00,-0.3,0.1,-0.36,-0.48,0.63,0.32,-0.06,0.25,0.3,0,0,-31.00
1995-03-29T11:00:00,-0.58,-0.34,-0.16,-0.55,0.33,0.85,-0.2,0.17,0.08,0,0,-26.00
1995-03-29T12:00:00,0.05,-0.61,0.11,-0.57,0.23,0.91,-0.28,-0.04,0.06,0,0,-24.00
1995-03-29T13:00:00,-0.52,-0.11,0.2,-0.37,0.17,0.46,-0.5,-0.12,-0.01,0,0,-28.00
1995-03-29T14:00:00,-0.66,-0.08,0.02,-0.24,0.05,0.33,-0.48,-0.15,-0.07,0,0,-33.00
1995-03-29T15:00:00,-0.62,-0.12,-0.01,-0.22,0.29,0.04,-0.44,-0.12,-0.03,0,0,-34.00
1995-03-29T16:00:00,0.28,-0.48,-0.11,-0.32,0.32,0.08,-0.46,-0.14,-0.01,0,0,-33.00
1995-03-29T17:00:00,0.34,-0.47,-0.08,-0.09,0.43,0.2,-0.44,-0.14,-0.02,0,0,-36.00
1995-03-29T18:00:00,-0.06,-0.16,0.01,0.12,0.23,0.12,-0.43,-0.13,1.87,0,0,-39.00
1995-03-29T19:00:00,-0.08,0.38,0.04,0.28,0.72,-0.18,-0.38,-0.25,0.12,0,0,-39.00
1995-03-29T20:00:00,-0.32,0.14,-0.08,0.14,0.29,-0.28,-0.35,-0.31,0.1,0,0,-39.00
1995-03-29T21:00:00,-0.2,-0.11,-0.4,0.25,0.27,-0.66,-0.34,-0.33,-0.07,0,0,-36.00
1995-03-29T22:00:00,-0.0,-0.19,-0.21,0.33,0.09,-0.22,-0.18,-0.32,0.2,0,0,-29.00
1995-03-29T23:00:00,0.1,-0.07,-0.33,0.37,0.1,-0.46,-0.2,-0.3,0.06,0,0,-32.00
1995-03-30T00:00:00,-0.05,-0.22,-0.27,0.34,-0.16,-0.42,-0.18,-0.31,0.09,0,0,-37.00
1995-03-30T01:00:00,0.15,0.15,-0.17,0.42,0.2,-0.17,-0.18,-0.29,0.29,0,0,-33.00
1995-03-30T02:00:00,0.51,0.05,-0.17,0.49,0.29,-0.25,-0.1,-0.24,0.04,0,0,-22.00
1995-03-30T03:00:00,0.67,-0.11,0.05,0.53,0.25,-0.27,0.01,-0.21,0.02,0,0,-24.00
1995-03-30T04:00:00,0.29,-0.06,-0.02,0.61,0.27,-0.11,0.11,-0.33,0.65,0,0,-26.00
1995-03-30T05:00:00,0.39,-0.09,-0.03,0.65,0.07,-0.26,0.1,-0.27,0.37,0,0,-23.00
1995-03-30T06:00:00,0.23,-0.14,-0.14,0.75,-0.12,-0.71,0.26,-0.34,0.47,0,0,-22.00
1995-03-30T07:00:00,0.4,-0.51,0.09,0.84,-0.64,-0.4,0.31,-0.36,0.01,0,0,-21.00
1995-03-30T08:00:00,-0.01,-0.29,0.02,0.75,-0.37,-0.59,0.4,-0.36,0.85,0,0,-17.00
1995-03-30T09:00:00,0.07,-0.34,-0.23,0.79,-0.44,-0.87,0.66,-0.4,0.17,0,0,-16.00
1995-03-30T10:00:00,0.23,-0.28,-0.48,0.8,-0.45,-1.08,1.04,-0.42,-0.01,0,0,-15.00
1995-03-30T11:00:00,0.2,0.28,-0.56,0.78,-0.34,-0.87,1.84,-0.47,-0.04,0,0,-15.00
1995-03-30T12:00:00,0.09,0.66,-0.32,0.75,-0.23,-0.87,2.31,-0.45,0.0,0,0,-14.00
1995-03-30T13:00:00,-0.13,0.24,0.04,0.8,-0.1,-1.11,3.34,-0.4,2.24,0,0,-13.00
1995-03-30T14:00:00,-0.02,0.55,-0.02,0.79,-0.24,-1.01,2.73,-0.41,0.33,0,0,-15.00
1995-03-30T15:00:00,-0.16,0.74,0.25,0.88,-0.55,-1.47,2.86,-0.49,0.0,0,0,-9.00
1995-03-30T16:00:00,-0.6,0.91,0.74,1.03,-0.5,-1.82,1.22,-0.47,-0.15,0,0,-11.00
1995-03-30T17:00:00,-0.47,1.03,0.35,0.99,0.13,-1.55,0.51,-0.3,-0.12,0,0,-10.00
1995-03-30T18:00:00,-0.23,1.04,0.25,1.05,0.95,-1.22,0.58,-0.26,-0.09,0,0,-17.00
1995-03-30T19:00:00,-0.28,0.97,0.24,1.02,1.25,-0.85,0.59,-0.27,-0.08,0,0,-20.00
1995-03-30T20:00:00,-0.55,0.93,0.07,0.97,0.69,-0.89,0.66,-0.26,-0.08,0,0,-20.00
1995-03-30T21:00:00,-0.8,0.86,0.08,1.04,0.39,-1.04,0.88,-0.26,-0.09,0,0,-18.00
1995-03-30T22:00:00,-0.81,0.82,0.03,1.06,0.2,-0.87,0.84,-0.25,-0.08,0,0,-16.00
1995-03-30T23:00:00,-0.83,0.61,-0.0,1.11,0.15,-0.54,0.74,-0.25,-0.06,0,0,-19.00
1995-03-31T00:00:00,-0.57,0.61,0.19,1.13,0.15,-0.33,0.78,-0.31,-0.02,0,0,-19.00
1995-03-31T01:00:00,-0.16,0.38,0.02,1.15,0.01,-0.26,1.14,-0.35,0.51,0,0,-18.00
1995-03-31T02:00:00,0.51,0.18,0.09,1.13,0.19,-0.36,1.35,-0.44,0.15,0,0,-15.00
1995-03-31T03:00:00,0.32,-0.24,0.13,1.08,0.27,-0.38,1.85,-0.44,0.6,0,0,-14.00
1995-03-31T04:00:00,0.13,-0.19,0.06,1.12,0.25,-0.28,2.04,-0.46,2.46,0,0,-13.00
1995-03-31T05:00:00,0.18,0.08,0.17,1.18,0.38,-0.11,1.53,-0.48,1.4,0,0,-10.00
1995-03-31T06:00:00,0.19,0.24,0.11,1.08,0.15,0.19,2.4,-0.44,1.21,0,0,-11.00
1995-03-31T07:00:00,-0.34,0.38,-0.33,0.87,0.19,0.72,2.26,-0.43,0.09,0,0,-12.00
1995-03-31T08:00:00,-0.88,0.5,0.24,0.85,0.3,0.33,2.01,-0.43,-0.07,0,0,-4.00
1995-03-31T09:00:00,-0.1,0.4,0.2,0.82,0.07,0.26,2.72,-0.46,0.46,0,0,2.00
1995-03-31T10:00:00,0.1,0.43,0.42,0.72,0.12,-0.32,2.01,-0.42,0.16,0,0,-1.00
1995-03-31T11:00:00,-0.25,0.3,-0.17,0.73,0.25,-0.28,1.97,-0.35,0.55,0,0,-2.00
1995-03-31T12:00:00,-0.49,0.55,0.46,0.83,0.14,-0.52,1.23,-0.4,-0.04,0,0,0.00
1995-03-31T13:00:00,-0.34,0.54,0.51,0.78,0.07,-0.54,1.03,-0.42,-0.05,0,0,4.00
1995-03-31T14:00:00,-0.05,-0.35,0.31,0.72,0.5,-0.49,1.12,-0.37,0.45,0,0,0.00
1995-03-31T15:00:00,-0.39,0.56,0.19,0.74,0.37,-0.53,0.43,-0.32,-0.01,0,0,0.00
1995-03-31T16:00:00,-0.31,0.25,0.79,0.59,0.88,0.23,-0.47,-0.17,-0.13,0,0,-3.00
1995-03-31T17:00:00,-0.43,0.64,0.47,0.54,1.7,0.22,-0.32,-0.11,-0.1,0,0,-10.00
1995-03-31T18:00:00,-0.17,0.34,0.47,0.63,1.17,0.21,0.46,-0.23,0.14,0,0,-18.00
1995-03-31T19:00:00,-0.15,-0.36,0.28,0.66,0.59,0.17,1.27,-0.42,0.33,0,0,-16.00
1995-03-31T20:00:00,0.24,-0.12,-0.12,0.73,0.62,-0.03,1.02,-0.35,0.93,0,0,-9.00
1995-03-31T21:00:00,-0.19,0.34,0.19,0.73,0.96,0.12,0.2,-0.25,0.34,0,0,-1.00
1995-03-31T22:00:00,-0.64,0.28,0.26,0.8,1.08,0.08,-0.19,-0.05,-0.01,0,0,-1.00
1995-03-31T23:00:00,-0.72,0.21,0.1,0.78,1.0,0.27,-0.24,0.05,0.01,0,0,-9.00
1995-04-01T00:00:00,-0.69,0.15,0.16,0.81,0.98,0.34,-0.25,-0.05,-0.01,0,0,---
1995-04-01T01:00:00,-0.63,0.15,0.25,0.83,0.98,0.22,-0.33,-0.11,-0.03,0,0,-12.00
1995-04-01T02:00:00,-0.56,0.16,0.28,0.88,0.86,0.28,-0.32,-0.19,-0.03,0,0,-11.00
1995-04-01T03:00:00,-0.45,0.13,0.24,0.94,0.69,0.29,-0.28,-0.22,0.05,0,0,-12.00
1995-04-01T04:00:00,-0.36,0.19,0.27,0.96,0.55,0.19,-0.33,-0.3,0.02,0,0,-13.00
1995-04-01T05:00:00,-0.42,0.12,0.25,0.98,0.42,-0.04,-0.37,-0.28,0.01,0,0,-14.00
1995-04-01T06:00:00,-0.36,0.28,0.22,1.01,0.21,-0.01,-0.44,-0.31,-0.03,0,0,-13.00
1995-04-01T07:00:00,-0.33,0.35,0.19,0.98,0.1,-0.1,-0.46,-0.33,-0.06,0,0,-11.00
1995-04-01T08:00:00,-0.32,0.37,0.18,1.0,-0.02,-0.11,-0.44,-0.38,-0.07,0,0,-11.00
1995-04-01T09:00:00,-0.15,0.47,0.15,0.93,-0.13,-0.0,-0.4,-0.44,-0.1,0,0,-9.00
1995-04-01T10:00:00,-0.38,0.45,0.09,0.96,-0.08,0.15,-0.33,-0.41,-0.1,0,0,-7.00
1995-04-01T11:00:00,-0.23,0.54,0.17,0.91,-0.19,0.11,-0.26,-0.48,-0.13,0,0,-7.00
1995-04-01T12:00:00,-0.22,0.6,-0.06,0.92,-0.33,0.43,-0.12,-0.49,-0.13,0,0,-6.00
1995-04-01T13:00:00,-0.14,0.68,0.12,0.94,-0.57,0.32,0.04,-0.51,-0.14,0,0,-5.00
1995-04-01T14:00:00,-0.25,0.46,-0.31,0.92,-0.66,-0.1,0.4,-0.52,-0.12,0,0,-3.00
1995-04-01T15:00:00,-0.28,0.52,0.16,0.89,-0.57,-0.2,1.24,-0.53,-0.05,0,0,-5.00
1995-04-01T16:00:00,-0.07,0.03,-0.39,0.82,-0.56,0.06,0.97,-0.54,-0.06,0,0,-6.00
1995-04-01T17:00:00,-0.04,0.37,-1.21,0.8,-0.53,0.17,-0.1,-0.56,-0.19,0,1,-5.00
1995-04-01T18:00:00,-0.15,0.61,-1.15,0.77,-0.36,0.4,-0.09,-0.56,-0.19,0,1,-6.00
1995-04-01T19:00:00,-0.18,0.81,-0.98,0.77,-0.23,0.37,0.08,-0.56,-0.18,0,1,-21.00
1995-04-01T20:00:00,-0.13,0.66,-1.13,0.83,-0.28,0.24,0.0,-0.57,-0.19,0,1,-28.00
1995-04-01T21:00:00,-0.21,0.87,-0.98,0.83,-0.4,0.17,0.21,-0.56,-0.18,0,1,-27.00
1995-04-01T22:00:00,-0.29,1.09,-0.59,0.83,-0.55,0.18,0.48,-0.55,-0.18,0,1,-35.00
1995-04-01T23:00:00,-0.27,1.4,-0.27,0.85,-0.55,0.38,0.83,-0.55,-0.18,0,1,-41.00
1995-04-02T00:00:00,-0.45,1.24,-0.56,0.89,-0.54,0.5,0.97,-0.54,-0.17,0,1,-42.00
1995-04-02T01:00:00,-0.4,0.77,-0.91,0.9,-0.33,0.59,1.0,-0.53,-0.17,0,1,-37.00
1995-04-02T02:00:00,-0.16,0.36,-1.3,0.88,-0.13,0.4,0.73,-0.53,-0.18,0,1,-31.00
1995-04-02T03:00:00,-0.51,1.08,-0.16,0.96,-0.49,0.22,0.42,-0.51,-0.17,0,1,-36.00
1995-04-02T04:00:00,-0.59,1.52,0.61,1.06,-0.92,-0.19,0.14,-0.53,-0.18,0,1,-49.00
1995-04-02T05:00:00,-0.39,1.09,0.66,1.03,-0.45,0.27,0.34,-0.42,-0.16,0,1,-64.00
1995-04-02T06:00:00,-0.16,0.92,0.87,1.0,-0.33,0.21,0.27,-0.22,-0.13,0,0,-67.00
1995-04-02T07:00:00,-0.03,1.06,0.97,1.06,-0.3,0.11,-0.09,-0.34,-0.17,0,0,-53.00
1995-04-02T08:00:00,-0.58,0.92,-0.62,1.09,-0.01,0.54,0.1,-0.23,-0.14,0,0,-46.00
1995-04-02T09:00:00,-0.04,-0.2,-0.93,0.94,0.6,0.56,0.31,-0.26,-0.12,0,0,-45.00
1995-04-02T10:00:00,0.43,0.42,-0.89,0.91,0.21,0.74,0.18,-0.22,-0.13,0,0,-42.00
1995-04-02T11:00:00,0.08,0.79,-0.88,1.04,-0.12,0.37,0.16,-0.31,-0.15,0,0,-44.00
1995-04-02T12:00:00,-0.31,0.37,-0.93,1.08,0.21,0.39,0.17,-0.27,-0.14,0,0,-51.00
1995-04-02T13:00:00,-0.18,1.35,0.61,1.14,-0.21,0.12,0.08,-0.29,-0.16,0,0,-52.00
1995-04-02T14:00:00,-0.36,1.31,0.5,1.14,-0.25,0.25,0.07,-0.28,-0.15,0,0,-46.00
1995-04-02T15:00:00,0.31,1.26,0.49,1.12,-0.13,0.51,0.11,-0.27,-0.15,0,0,-49.00
1995-04-02T16:00:00,0.4,1.25,0.73,1.14,0.05,0.69,-0.05,-0.32,-0.16,0,0,-40.00
1995-04-02T17:00:00,0.46,0.78,0.42,1.15,-0.03,0.5,0.11,-0.26,-0.1,0,0,-37.00
1995-04-02T18:00:00,0.56,1.18,0.74,1.13,-0.25,0.54,-0.03,-0.26,-0.16,0,0,-33.00
1995-04-02T19:00:00,0.57,1.16,0.86,1.14,-0.02,0.53,-0.12,-0.3,-0.17,0,0,-31.00
1995-04-02T20:00:00,0.47,1.36,0.65,1.13,-0.13,0.32,-0.06,-0.33,-0.17,0,0,-28.00
1995-04-02T21:00:00,0.66,1.4,0.46,1.15,-0.13,0.17,0.02,-0.3,-0.16,0,0,-24.00
1995-04-02T22:00:00,0.4,1.02,0.86,1.19,0.07,0.38,0.05,-0.27,-0.15,0,0,-21.00
1995-04-02T23:00:00,0.55,0.99,1.03,1.15,-0.21,0.17,0.13,-0.39,-0.17,0,0,-19.00
1995-04-03T00:00:00,0.9,0.96,0.83,1.09,-0.3,0.63,0.21,-0.27,-0.15,0,0,-20.00
1995-04-03T01:00:00,-0.08,0.38,1.61,1.14,-0.17,0.28,-0.19,-0.44,-0.18,0,0,-17.00
1995-04-03T02:00:00,-0.3,-0.04,1.55,1.19,-0.1,0.33,-0.08,-0.42,-0.18,0,0,-17.00
1995-04-03T03:00:00,-0.46,-0.03,1.49,1.19,-0.05,0.03,-0.21,-0.45,-0.18,0,0,-21.00
1995-04-03T04:00:00,-0.4,-0.08,1.49,1.29,-0.3,-0.07,-0.21,-0.48,-0.18,0,0,-23.00
1995-04-03T05:00:00,-0.49,-0.51,1.27,1.31,-0.5,-0.46,-0.22,-0.46,-0.18,0,0,-23.00
1995-04-03T06:00:00,-0.63,-0.38,1.03,1.31,-0.44,-0.35,-0.08,-0.41,-0.17,0,0,-21.00
1995-04-03T07:00:00,-0.81,0.08,0.97,1.31,-0.47,-0.38,0.04,-0.37,-0.16,0,0,-18.00
1995-04-03T08:00:00,-0.71,0.33,1.06,1.33,-0.21,-0.36,-0.2,-0.44,-0.17,0,0,-15.00
1995-04-03T09:00:00,-0.75,0.23,1.1,1.43,-0.18,-0.96,-0.19,-0.38,-0.17,0,0,-12.00
1995-04-03T10:00:00,-0.84,0.47,1.16,1.46,-0.42,-0.98,-0.12,-0.35,-0.17,0,0,-10.00
1995-04-03T11:00:00,-1.15,0.46,0.98,1.52,-0.11,-0.75,-0.1,-0.31,-0.17,0,0,-9.00
1995-04-03T12:00:00,-0.86,0.62,1.2,1.4,-0.14,-1.02,-0.15,-0.38,-0.18,0,0,-8.00
1995-04-03T13:00:00,-1.0,0.45,1.29,1.31,-0.04,-1.15,-0.3,-0.51,-0.19,0,1,-7.00
1995-04-03T14:00:00,-0.69,0.57,1.4,1.23,-0.21,-1.34,-0.32,-0.51,-0.19,0,1,-6.00
1995-04-03T15:00:00,-1.0,0.48,1.28,1.36,-0.13,-1.12,-0.36,-0.55,-0.19,0,1,-6.00
1995-04-03T16:00:00,-1.19,0.23,1.18,1.47,0.02,-0.77,-0.35,-0.55,-0.19,0,1,-9.00
1995-04-03T17:00:00,-1.15,0.55,1.15,1.46,-0.46,-0.76,-0.29,-0.53,-0.19,0,1,-12.00
1995-04-03T18:00:00,-1.1,0.56,1.19,1.43,-0.46,-0.76,-0.28,-0.54,-0.19,0,1,-12.00
1995-04-03T19:00:00,-1.25,0.57,1.09,1.52,-0.43,-0.58,-0.29,-0.55,-0.19,0,1,-12.00
1995-04-03T20:00:00,-1.12,0.75,1.08,1.5,-0.69,-0.69,-0.3,-0.54,-0.19,0,1,-12.00
1995-04-03T21:00:00,-1.31,0.77,0.67,1.58,-0.74,-0.12,-0.29,-0.52,-0.19,0,1,-11.00
1995-04-03T22:00:00,-1.43,0.29,0.71,1.67,-0.2,-0.07,-0.32,-0.53,-0.19,0,1,-11.00
1995-04-03T23:00:00,-1.4,0.31,0.72,1.71,-0.09,-0.05,-0.34,-0.53,-0.19,0,1,-11.00
1995-04-04T00:00:00,-1.38,0.54,0.41,1.72,-0.54,0.35,-0.31,-0.53,-0.19,0,1,-13.00
1995-04-04T01:00:00,-1.27,0.79,0.32,1.75,-0.94,0.52,-0.34,-0.51,-0.18,0,1,-13.00
1995-04-04T02:00:00,-1.31,0.62,0.21,1.8,-0.84,0.54,-0.35,-0.51,-0.18,0,1,-13.00
1995-04-04T03:00:00,-1.37,0.44,-0.04,1.89,-0.57,0.86,-0.41,-0.5,-0.18,0,1,-12.00
1995-04-04T04:00:00,-1.35,0.24,-0.16,1.96,-0.27,1.14,-0.44,-0.48,-0.18,0,1,-14.00
1995-04-04T05:00:00,-1.32,0.14,-0.3,1.96,-0.31,1.12,-0.49,-0.5,-0.18,0,1,-16.00
1995-04-04T06:00:00,-1.31,0.1,-0.39,1.91,-0.5,1.14,-0.58,-0.52,-0.19,0,1,-17.00
1995-04-04T07:00:00,-1.25,0.22,-0.28,2.02,-0.37,1.52,-0.5,-0.48,-0.18,0,1,-18.00
1995-04-04T08:00:00,-1.29,0.3,-0.13,1.96,-1.04,0.81,-0.62,-0.51,-0.19,0,1,-18.00
1995-04-04T09:00:00,-1.37,0.37,0.01,1.96,-1.12,0.38,-0.57,-0.5,-0.19,0,1,-16.00
1995-04-04T10:00:00,-1.31,0.07,0.2,1.95,-0.1,-0.35,-0.48,-0.48,-0.18,0,1,-16.00
1995-04-04T11:00:00,-1.45,-0.1,0.54,1.99,0.05,-0.75,-0.56,-0.51,-0.19,0,1,-14.00
1995-04-04T12:00:00,-1.25,0.09,0.7,1.83,-0.35,-0.98,-0.43,-0.35,-0.17,0,1,-11.00
1995-04-04T13:00:00,-1.06,0.03,0.78,1.46,-0.57,-0.81,-0.05,0.07,-0.11,0,0,-9.00
1995-04-04T14:00:00,-0.38,0.42,0.28,1.24,-0.25,-0.05,0.53,0.05,0.37,0,0,-7.00
1995-04-04T15:00:00,-0.91,0.94,0.27,1.54,-0.98,-0.28,0.08,-0.18,-0.13,0,0,-4.00
1995-04-04T16:00:00,-1.23,1.04,0.5,1.86,-1.63,-0.85,-0.32,-0.47,-0.18,0,0,-1.00
1995-04-04T17:00:00,-1.56,0.08,0.45,2.0,-0.68,-0.84,-0.34,-0.45,-0.18,0,0,0.00
1995-04-04T18:00:00,-1.6,0.4,0.4,2.07,-0.87,-0.76,-0.41,-0.46,-0.18,0,0,-6.00
1995-04-04T19:00:00,-1.55,0.49,0.32,2.01,-1.07,-0.59,-0.27,-0.47,-0.18,0,0,-9.00
1995-04-04T20:00:00,-1.55,0.46,0.2,1.97,-0.95,-0.25,-0.22,-0.48,-0.18,0,0,-8.00
1995-04-04T21:00:00,-1.58,0.32,0.11,2.01,-0.67,-0.53,-0.23,-0.47,-0.18,0,0,-8.00
1995-04-04T22:00:00,-1.75,0.22,-0.12,2.01,-0.24,0.28,-0.24,-0.46,-0.18,0,0,-7.00
1995-04-04T23:00:00,-1.52,0.29,-0.6,1.93,-0.34,1.39,-0.27,-0.39,-0.18,0,0,-8.00
1995-04-05T00:00:00,-1.6,-0.14,-0.36,1.98,0.25,0.94,-0.18,-0.43,-0.18,0,0,-8.00
1995-04-05T01:00:00,-1.14,-0.15,-0.82,1.79,0.16,1.8,-0.07,-0.34,-0.17,0,0,-15.00
1995-04-05T02:00:00,-0.43,1.58,-0.25,1.46,-1.06,0.73,0.15,-0.35,-0.17,0,0,-20.00
1995-04-05T03:00:00,-0.66,1.58,0.12,1.52,-1.04,-0.03,0.26,-0.27,-0.16,0,0,-19.00
1995-04-05T04:00:00,-1.34,0.98,0.7,1.76,-1.16,-1.26,0.05,-0.29,-0.17,0,0,-18.00
1995-04-05T05:00:00,-1.03,0.04,0.98,1.68,0.27,-1.47,-0.0,-0.26,-0.15,0,0,-20.00
1995-04-05T06:00:00,-0.24,1.21,-0.24,1.38,-0.64,0.41,-0.04,-0.12,-0.13,0,0,-20.00
1995-04-05T07:00:00,0.31,1.31,-0.43,1.08,-0.58,1.45,0.24,-0.0,-0.12,0,0,-16.00
1995-04-05T08:00:00,0.29,1.45,-0.36,1.1,-0.76,1.58,0.59,-0.31,-0.15,0,0,-14.00
1995-04-05T09:00:00,0.24,1.55,0.16,1.18,-0.83,0.69,0.57,-0.42,-0.16,0,0,-11.00
1995-04-05T10:00:00,0.13,1.22,-0.25,1.12,-0.39,0.68,0.93,-0.43,-0.14,0,0,-13.00
1995-04-05T11:00:00,0.52,1.11,-0.48,1.01,-0.43,0.81,1.19,-0.47,-0.15,0,0,-15.00
1995-04-05T12:00:00,0.59,1.05,-0.22,1.16,-0.23,1.26,1.49,-0.5,-0.15,0,0,-10.00
1995-04-05T13:00:00,0.76,0.57,0.3,1.2,-0.0,1.02,1.89,-0.52,-0.11,0,0,-4.00
1995-04-05T14:00:00,0.68,0.43,0.51,1.22,-0.03,1.19,1.73,-0.53,-0.12,0,0,-4.00
1995-04-05T15:00:00,0.54,0.4,0.59,1.26,-0.08,1.22,1.87,-0.54,-0.12,0,0,-2.00
1995-04-05T16:00:00,0.33,0.64,0.29,1.3,-0.03,1.01,1.83,-0.53,-0.08,0,0,-3.00
1995-04-05T17:00:00,0.43,0.54,0.36,1.34,-0.14,0.98,2.2,-0.54,-0.08,0,0,-5.00
1995-04-05T18:00:00,0.46,0.99,-0.59,1.31,-0.01,0.57,1.19,-0.51,-0.16,0,0,-6.00
1995-04-05T19:00:00,0.54,1.06,-0.5,1.33,0.13,0.29,1.39,-0.53,-0.16,0,0,-4.00
1995-04-05T20:00:00,0.62,1.06,-0.21,1.36,0.3,0.27,1.15,-0.53,-0.16,0,0,-7.00
1995-04-05T21:00:00,0.74,0.95,-0.09,1.38,0.34,0.4,0.58,-0.55,-0.17,0,0,-9.00
1995-04-05T22:00:00,0.53,1.05,-0.42,1.31,0.12,0.21,0.2,-0.55,-0.18,0,0,-13.00
1995-04-05T23:00:00,0.66,0.96,-0.28,1.32,0.18,-0.03,0.35,-0.56,-0.18,0,0,-16.00
1995-04-06T00:00:00,0.67,0.83,-0.08,1.33,0.19,-0.15,0.31,-0.56,-0.17,0,0,-18.00
1995-04-06T01:00:00,0.55,0.75,-0.39,1.32,0.07,-0.38,0.52,-0.57,-0.17,0,0,-16.00
1995-04-06T02:00:00,0.62,0.74,-0.34,1.35,0.05,-0.41,0.54,-0.56,-0.17,0,0,-11.00
1995-04-06T03:00:00,0.62,0.89,-0.06,1.36,0.11,-0.18,0.43,-0.56,-0.17,0,0,-11.00
1995-04-06T04:00:00,0.49,0.86,0.25,1.36,0.17,-0.01,0.42,-0.56,-0.17,0,0,-16.00
1995-04-06T05:00:00,0.44,0.83,0.23,1.36,0.09,-0.13,0.46,-0.56,-0.16,0,0,-17.00
1995-04-06T06:00:00,0.34,0.77,0.36,1.38,0.05,-0.13,0.5,-0.56,-0.16,0,0,-14.00
1995-04-06T07:00:00,0.67,0.62,-0.02,1.41,0.09,-0.36,0.55,-0.56,-0.16,0,0,-10.00
1995-04-06T08:00:00,0.73,0.74,0.19,1.42,0.17,-0.08,0.52,-0.56,-0.17,0,0,-7.00
1995-04-06T09:00:00,0.67,0.78,0.37,1.4,0.15,0.11,0.52,-0.56,-0.17,0,0,-6.00
1995-04-06T10:00:00,0.71,0.7,0.55,1.42,0.03,0.14,0.59,-0.55,-0.17,0,0,-5.00
1995-04-06T11:00:00,0.56,0.8,0.7,1.31,-0.04,0.26,1.25,-0.54,-0.16,0,0,-5.00
1995-04-06T12:00:00,0.77,0.41,1.1,1.23,-0.2,0.61,1.84,-0.54,-0.16,0,0,-2.00
1995-04-06T13:00:00,1.01,-0.45,1.1,1.25,-0.64,0.72,2.58,-0.53,-0.16,0,0,3.00
1995-04-06T14:00:00,1.48,-0.6,1.03,1.3,-0.81,0.69,2.45,-0.54,-0.17,0,0,8.00
1995-04-06T15:00:00,1.55,-0.73,0.84,1.33,-1.02,0.39,2.81,-0.52,-0.17,0,0,9.00
1995-04-06T16:00:00,1.68,-0.96,0.38,1.33,-1.23,-0.01,2.77,-0.5,-0.16,0,0,9.00
1995-04-06T17:00:00,1.26,-1.04,-0.14,1.3,-1.03,-0.09,3.2,-0.41,-0.11,0,0,9.00
1995-04-06T18:00:00,1.06,-1.04,-0.17,1.32,-1.09,-0.46,3.44,-0.35,-0.07,0,0,7.00
1995-04-06T19:00:00,1.13,-1.13,-0.0,1.37,-1.17,-0.5,3.71,-0.34,-0.07,0,0,7.00
1995-04-06T20:00:00,0.85,-1.07,-0.29,1.4,-1.31,-0.21,3.98,-0.35,-0.04,0,0,6.00
1995-04-06T21:00:00,1.31,-0.75,-0.3,1.4,-1.43,-0.15,3.92,-0.39,-0.08,0,0,2.00
1995-04-06T22:00:00,1.36,-0.59,-0.58,1.44,-1.39,-0.52,3.78,-0.39,-0.1,0,0,-1.00
1995-04-06T23:00:00,0.52,-0.97,-0.75,1.42,-1.51,-0.61,5.56,-0.42,-0.05,0,0,-1.00
1995-04-07T00:00:00,-0.22,-1.06,-0.96,1.35,-1.61,-0.37,8.78,-0.4,-0.0,0,0,1.00
1995-04-07T01:00:00,-0.52,-0.59,-1.38,1.35,-1.46,-0.48,7.7,-0.46,-0.1,0,0,1.00
1995-04-07T02:00:00,-0.85,-0.6,-1.78,1.45,-1.24,-0.2,5.18,-0.49,-0.16,1,0,4.00
1995-04-07T03:00:00,-0.86,-0.45,-1.42,1.46,-1.15,-0.47,6.46,-0.49,-0.13,1,0,-10.00
1995-04-07T04:00:00,-0.7,-0.72,-1.46,1.5,-1.21,-0.41,6.24,-0.48,-0.13,1,0,-33.00
1995-04-07T05:00:00,-1.53,-0.17,-1.23,1.43,-0.94,-0.15,5.52,-0.31,-0.09,1,0,-48.00
1995-04-07T06:00:00,-1.96,0.02,-0.92,1.38,-0.98,-0.45,8.48,-0.39,-0.1,1,0,-61.00
1995-04-07T07:00:00,1.45,-1.66,-0.57,1.19,-0.78,-0.96,4.27,-0.24,-0.11,1,0,-73.00
1995-04-07T08:00:00,1.27,-1.1,-0.69,1.25,-1.09,-0.61,5.28,-0.14,-0.0,1,0,-76.00
1995-04-07T09:00:00,1.72,-1.62,-0.19,1.26,-0.88,-1.32,4.44,-0.27,-0.11,1,0,-83.00
1995-04-07T10:00:00,1.65,-2.55,-0.13,1.14,-0.72,-1.46,4.99,-0.4,-0.16,1,0,-69.00
1995-04-07T11:00:00,2.31,-1.96,-1.38,0.87,-1.24,-1.17,9.02,-0.17,-0.11,1,0,-62.00
1995-04-07T12:00:00,1.55,-2.69,-0.66,0.36,0.65,-0.39,6.59,0.67,0.01,1,0,-46.00
1995-04-07T13:00:00,1.43,-2.7,-2.18,0.11,1.54,-0.74,4.03,1.14,-0.07,1,0,-30.00
1995-04-07T14:00:00,2.01,-1.96,-0.83,-0.58,2.76,-0.25,1.51,2.22,-0.02,1,0,-62.00
1995-04-07T15:00:00,1.92,-1.44,-0.59,-0.89,2.92,-0.08,1.15,1.93,-0.0,1,0,-91.00
1995-04-07T16:00:00,1.26,-1.12,-0.58,-1.24,3.46,-0.01,0.81,2.48,0.17,1,0,-137.00
1995-04-07T17:00:00,1.2,-1.39,-0.95,-1.24,2.94,-0.15,0.68,2.61,0.05,1,0,-145.00
1995-04-07T18:00:00,1.34,-2.01,-0.71,-0.97,1.72,1.35,0.64,2.19,-0.04,1,0,-131.00
1995-04-07T19:00:00,0.92,-1.7,-0.91,-0.91,1.65,0.61,0.6,2.06,-0.01,1,0,-149.00
1995-04-07T20:00:00,0.64,-0.11,0.04,-1.71,1.35,0.74,0.1,0.98,0.77,1,0,-138.00
1995-04-07T21:00:00,0.41,-0.11,0.08,-2.15,0.5,0.6,-0.4,0.43,0.67,0,0,-138.00
1995-04-07T22:00:00,0.69,-0.01,0.28,-2.01,0.53,0.93,-0.41,0.35,0.05,0,0,-145.00
1995-04-07T23:00:00,0.82,-0.01,0.13,-1.92,0.56,0.63,-0.42,0.23,-0.03,0,0,-135.00
1995-04-08T00:00:00,0.83,-0.31,0.08,-1.85,-0.23,0.49,-0.42,0.22,-0.05,0,0,-114.00
1995-04-08T01:00:00,0.58,-0.46,0.05,-1.86,-0.47,0.33,-0.42,0.37,0.05,0,0,-102.00
1995-04-08T02:00:00,0.4,-0.72,-0.06,-1.79,-0.69,-0.01,-0.46,0.26,-0.04,0,0,-95.00
1995-04-08T03:00:00,0.18,-0.79,-0.16,-1.91,-0.72,-0.49,-0.44,0.53,0.01,0,0,-90.00
1995-04-08T04:00:00,-0.15,-0.62,-0.39,-2.05,-0.35,-0.85,-0.42,0.52,0.02,0,0,-81.00
1995-04-08T05:00:00,0.27,-0.7,0.01,-1.85,-0.35,0.06,-0.38,0.45,0.08,0,0,-79.00
1995-04-08T06:00:00,0.56,-0.02,-0.25,-1.7,0.75,-0.37,-0.32,0.54,0.2,0,0,-83.00
1995-04-08T07:00:00,0.43,-0.17,0.04,-1.75,0.46,0.15,-0.32,0.67,0.77,0,0,-82.00
1995-04-08T08:00:00,0.62,-0.16,0.02,-1.68,0.47,0.07,-0.31,0.52,0.25,0,0,-76.00
1995-04-08T09:00:00,0.6,0.07,0.31,-1.67,0.86,0.75,-0.3,0.57,0.23,0,0,-78.00
1995-04-08T10:00:00,0.61,-0.3,0.14,-1.67,0.21,0.22,-0.34,0.49,0.17,0,0,-82.00
1995-04-08T11:00:00,0.41,-0.59,-0.13,-1.73,-0.04,-0.12,-0.37,0.54,0.1,0,0,-78.00
1995-04-08T12:00:00,0.34,-0.44,0.16,-1.69,0.14,0.22,-0.4,0.39,0.25,0,0,-68.00
1995-04-08T13:00:00,0.57,-0.41,-0.16,-1.51,-0.13,-0.26,-0.43,0.29,0.02,0,0,-60.00
1995-04-08T14:00:00,0.03,-0.69,-0.61,-1.47,-0.78,-1.13,-0.53,0.16,-0.12,0,0,-60.00
1995-04-08T15:00:00,0.58,-0.84,-0.26,-1.16,-1.23,-0.51,-0.54,0.19,-0.12,0,0,-64.00
1995-04-08T16:00:00,0.76,-0.52,0.11,-1.21,-0.58,0.52,-0.5,0.34,-0.06,0,0,-75.00
1995-04-08T17:00:00,0.89,-0.47,0.11,-1.18,-0.53,0.37,-0.52,0.07,-0.11,0,0,-78.00
1995-04-08T18:00:00,0.97,-0.27,-0.02,-1.13,-0.18,0.15,-0.52,-0.08,-0.13,0,0,-77.00
1995-04-08T19:00:00,0.98,-0.19,0.06,-1.11,-0.06,0.47,-0.52,-0.13,-0.14,0,0,-74.00
1995-04-08T20:00:00,0.55,-0.52,-0.31,-1.35,-0.61,-0.59,-0.48,0.2,-0.07,0,0,-70.00
1995-04-08T21:00:00,0.78,-0.27,-0.16,-1.18,-0.19,-0.36,-0.46,0.2,-0.06,0,0,-65.00
1995-04-08T22:00:00,0.71,-0.63,0.01,-1.27,-0.73,-0.03,-0.53,0.22,-0.09,0,0,-69.00
1995-04-08T23:00:00,0.33,-0.53,-0.52,-1.51,-0.48,-0.67,-0.5,0.34,-0.07,0,0,-68.00
1995-04-09T00:00:00,0.58,-0.69,-0.36,-1.4,-0.39,-0.62,-0.46,0.16,-0.1,0,0,-61.00
1995-04-09T01:00:00,0.62,-0.45,-0.35,-1.38,-0.25,-0.67,-0.47,0.17,-0.08,0,0,-55.00
1995-04-09T02:00:00,0.62,-0.47,-0.04,-1.37,-0.39,0.11,-0.47,0.27,-0.02,0,0,-60.00
1995-04-09T03:00:00,0.82,0.2,0.33,-1.39,0.87,0.66,-0.38,0.34,-0.03,0,0,-65.00
1995-04-09T04:00:00,0.89,-0.0,0.32,-1.36,0.5,0.58,-0.32,0.47,0.0,0,0,-68.00
1995-04-09T05:00:00,0.9,-0.12,0.12,-1.29,0.39,0.27,-0.32,0.26,-0.03,0,0,-66.00
1995-04-09T06:00:00,0.52,-0.4,-0.31,-1.45,-0.17,-0.68,-0.33,0.29,0.03,0,0,-60.00
1995-04-09T07:00:00,0.5,-0.02,-0.28,-1.44,0.49,-0.58,-0.36,0.18,0.09,0,0,-59.00
1995-04-09T08:00:00,0.6,0.2,0.06,-1.37,0.78,0.21,-0.32,0.13,0.09,0,0,-57.00
1995-04-09T09:00:00,0.72,-0.19,0.17,-1.26,0.14,0.19,-0.26,0.03,0.01,0,0,-59.00
1995-04-09T10:00:00,0.67,-0.33,0.09,-1.27,-0.04,0.2,-0.23,0.12,0.05,0,0,-52.00
1995-04-09T11:00:00,0.55,-0.19,0.17,-1.33,0.19,0.32,-0.22,0.16,0.21,0,0,-48.00
1995-04-09T12:00:00,0.27,0.12,-0.27,-1.47,0.44,-0.62,-0.26,0.24,0.36,0,0,-42.00
1995-04-09T13:00:00,0.12,-0.54,-0.15,-1.48,-0.38,-0.37,-0.27,0.24,0.2,0,0,-39.00
1995-04-09T14:00:00,0.16,-0.65,-0.14,-1.39,-0.51,-0.13,-0.41,0.19,0.02,0,0,-43.00
1995-04-09T15:00:00,-0.2,-0.73,-0.23,-1.59,-0.85,-0.47,-0.44,0.16,-0.05,0,0,-53.00
1995-04-09T16:00:00,0.17,-0.6,-0.09,-1.4,-0.69,-0.02,-0.38,0.31,0.12,0,0,-53.00
1995-04-09T17:00:00,-0.03,-0.2,-0.31,-1.49,-0.16,-0.51,-0.37,0.27,0.33,0,0,-52.00
1995-04-09T18:00:00,0.8,-0.18,0.34,-1.08,-0.04,0.63,-0.35,0.23,-0.03,0,0,-53.00
1995-04-09T19:00:00,0.86,-0.22,0.31,-0.99,-0.09,0.79,-0.34,0.22,-0.04,0,0,-50.00
1995-04-09T20:00:00,0.69,-0.43,-0.15,-1.12,-0.42,-0.47,-0.43,0.35,-0.02,0,0,-52.00
1995-04-09T21:00:00,0.74,0.15,-0.15,-1.04,0.64,-0.23,-0.46,0.4,0.0,0,0,-46.00
1995-04-09T22:00:00,0.74,0.51,0.06,-1.05,0.62,0.18,-0.46,0.28,-0.06,0,0,-47.00
1995-04-09T23:00:00,1.05,-0.03,0.24,-1.14,-0.17,0.34,-0.36,0.09,-0.1,0,0,-51.00
1995-04-10T00:00:00,0.77,-0.61,0.35,-1.11,-0.93,0.61,-0.47,0.23,-0.1,0,0,-48.00
1995-04-10T01:00:00,0.74,-0.63,0.18,-1.1,-1.01,0.44,-0.53,0.19,-0.1,0,0,-43.00
1995-04-10T02:00:00,0.7,-0.18,0.0,-1.06,-0.41,0.24,-0.48,0.34,0.03,0,0,-39.00
1995-04-10T03:00:00,0.19,-0.38,-0.58,-1.32,-0.66,-0.71,-0.51,0.24,-0.07,0,0,-40.00
1995-04-10T04:00:00,0.48,-0.42,-0.4,-1.24,-0.57,-0.42,-0.49,0.25,-0.05,0,0,-41.00
1995-04-10T05:00:00,0.29,-0.44,-0.41,-1.47,-0.11,-0.03,-0.53,0.52,0.01,0,0,-46.00
1995-04-10T06:00:00,0.46,-0.53,-0.3,-1.48,-0.29,-0.07,-0.5,0.45,-0.01,0,0,-56.00
1995-04-10T07:00:00,0.71,-0.16,-0.17,-1.48,-0.12,-0.03,-0.41,0.34,0.03,0,0,-51.00
1995-04-10T08:00:00,0.56,-0.27,-0.03,-1.52,0.15,0.32,-0.42,0.3,0.12,0,0,-53.00
1995-04-10T09:00:00,-0.14,0.05,-0.05,-1.73,0.23,-0.08,-0.41,0.67,3.64,0,0,-50.00
1995-04-10T10:00:00,0.12,-0.03,-0.23,-1.68,0.29,-0.77,-0.46,0.61,0.87,0,0,-47.00
1995-04-10T11:00:00,0.24,-0.57,-0.29,-1.59,-0.3,-0.89,-0.43,0.61,0.09,0,0,-50.00
1995-04-10T12:00:00,0.65,-0.55,-0.14,-1.47,-0.2,-0.32,-0.43,0.33,-0.03,0,0,-45.00
1995-04-10T13:00:00,0.61,-0.54,0.4,-1.65,-0.43,0.32,-0.43,0.24,-0.05,0,0,-45.00
1995-04-10T14:00:00,0.6,-0.6,0.17,-1.62,-0.39,-0.09,-0.42,0.3,-0.02,0,0,-46.00
1995-04-10T15:00:00,0.61,-0.52,0.47,-1.6,-0.2,0.61,-0.44,0.27,-0.06,0,0,-45.00
1995-04-10T16:00:00,0.66,-0.52,-0.03,-1.55,-0.42,-0.17,-0.42,0.35,-0.01,0,0,-54.00
1995-04-10T17:00:00,0.54,-0.71,0.09,-1.55,-0.73,0.19,-0.44,0.41,-0.02,0,0,-52.00
1995-04-10T18:00:00,0.81,-0.24,-0.05,-1.33,-0.12,0.12,-0.43,0.2,-0.04,0,0,-48.00
1995-04-10T19:00:00,0.62,-0.71,-0.02,-1.47,-0.73,0.12,-0.43,0.12,-0.08,0,0,-50.00
1995-04-10T20:00:00,0.65,-0.15,-0.14,-1.49,-0.19,-0.16,-0.34,0.3,0.08,0,0,-51.00
1995-04-10T21:00:00,0.72,0.08,0.22,-1.53,0.35,0.44,-0.31,0.09,0.01,0,0,-48.00
1995-04-10T22:00:00,0.62,-0.0,0.38,-1.58,0.19,0.79,-0.33,0.14,0.03,0,0,-51.00
1995-04-10T23:00:00,0.69,-0.23,0.43,-1.61,-0.06,0.74,-0.28,0.08,-0.03,0,0,-51.00
1995-04-11T00:00:00,0.79,-0.15,0.09,-1.54,0.04,0.31,-0.18,0.1,0.02,0,0,-47.00
1995-04-11T01:00:00,0.7,0.05,0.17,-1.43,0.64,0.61,-0.31,0.23,0.07,0,0,-39.00
1995-04-11T02:00:00,0.67,-0.06,0.19,-1.32,0.28,0.53,-0.39,0.4,0.12,0,0,-33.00
1995-04-11T03:00:00,0.63,-0.08,0.07,-1.3,-0.03,0.1,-0.46,0.36,0.12,0,0,-35.00
1995-04-11T04:00:00,0.62,-0.01,-0.08,-1.22,0.13,0.05,-0.47,0.05,0.0,0,0,-41.00
1995-04-11T05:00:00,0.45,-0.27,-0.17,-1.28,-0.17,-0.24,-0.47,0.12,0.07,0,0,-45.00
1995-04-11T06:00:00,0.56,-0.14,-0.24,-1.18,0.01,-0.14,-0.43,0.05,0.0,0,0,-42.00
1995-04-11T07:00:00,0.16,0.32,-0.23,-1.24,0.56,-0.25,-0.41,0.12,0.18,0,0,-40.00
1995-04-11T08:00:00,-0.25,0.13,-0.41,-1.28,0.32,-0.94,-0.33,0.18,0.09,0,0,-39.00
1995-04-11T09:00:00,-0.11,-0.32,-0.22,-1.17,-0.28,-0.59,-0.27,0.23,0.41,0,0,-40.00
1995-04-11T10:00:00,0.05,-0.46,0.19,-1.09,-0.52,0.0,-0.28,0.17,0.38,0,0,-45.00
1995-04-11T11:00:00,0.53,-0.37,0.12,-1.0,-0.45,-0.1,-0.28,0.19,0.13,0,0,-42.00
1995-04-11T12:00:00,0.64,-0.43,0.23,-0.89,-0.68,-0.06,-0.29,0.09,-0.0,0,0,-40.00
1995-04-11T13:00:00,0.65,-0.15,-0.2,-0.83,-0.32,-0.76,-0.26,0.12,0.04,0,0,-32.00
1995-04-11T14:00:00,0.85,-0.41,0.29,-0.76,-0.47,0.05,-0.29,0.21,-0.05,0,0,-32.00
1995-04-11T15:00:00,0.64,-0.66,0.01,-0.91,-0.68,-0.37,-0.31,0.27,-0.03,0,0,-34.00
1995-04-11T16:00:00,0.57,-0.48,0.05,-1.12,-0.06,-0.02,-0.2,0.49,0.19,0,0,-41.00
1995-04-11T17:00:00,0.16,-0.39,-0.35,-1.32,0.03,-0.56,-0.32,0.59,0.25,0,0,-38.00
1995-04-11T18:00:00,0.01,-0.32,-0.4,-1.42,-0.02,-0.87,-0.39,0.66,0.23,0,0,-41.00
1995-04-11T19:00:00,0.01,-0.36,-0.37,-1.35,-0.19,-0.61,-0.4,0.56,0.2,0,0,-44.00
1995-04-11T20:00:00,-0.39,-0.21,-0.35,-1.5,0.05,-0.83,-0.44,0.3,0.07,0,0,-42.00
1995-04-11T21:00:00,0.15,-0.39,-0.25,-1.25,-0.17,-0.49,-0.43,0.32,0.19,0,0,-38.00
1995-04-11T22:00:00,0.34,-0.37,-0.1,-1.15,-0.33,-0.31,-0.44,0.22,0.2,0,0,-40.00
1995-04-11T23:00:00,-0.8,-0.31,-0.3,-1.58,-0.28,-0.47,-0.6,-0.22,-0.15,0,0,-48.00
1995-04-12T00:00:00,-0.84,-0.3,-0.24,-1.55,-0.39,-0.12,-0.54,-0.23,-0.15,0,0,-43.00
1995-04-12T01:00:00,-0.39,-0.62,-0.23,-1.38,-0.6,-0.23,-0.48,-0.06,-0.09,0,0,-45.00
1995-04-12T02:00:00,0.13,-0.67,-0.31,-1.26,-0.72,-0.28,-0.42,-0.11,-0.09,0,0,-45.00
1995-04-12T03:00:00,0.05,-0.7,-0.12,-1.15,-0.97,0.25,-0.5,-0.19,-0.1,0,0,-43.00
1995-04-12T04:00:00,0.06,-0.37,-0.16,-1.1,-0.24,0.36,-0.46,0.0,0.17,0,0,-45.00
1995-04-12T05:00:00,0.04,-0.41,-0.15,-1.34,-0.18,-0.09,-0.48,0.06,0.15,0,0,-46.00
1995-04-12T06:00:00,0.08,-0.28,-0.15,-1.3,0.05,0.25,-0.56,-0.04,0.21,0,0,-39.00
1995-04-12T07:00:00,0.03,0.53,0.15,-1.03,0.84,0.33,-0.37,-0.12,0.03,0,0,-41.00
1995-04-12T08:00:00,0.34,0.18,0.16,-0.83,0.35,0.28,-0.27,-0.06,0.39,0,0,-44.00
1995-04-12T09:00:00,0.31,0.15,0.06,-0.94,0.1,0.23,-0.32,-0.02,0.58,0,0,-40.00
1995-04-12T10:00:00,0.12,0.09,-0.05,-0.97,-0.04,0.25,-0.3,0.06,2.21,0,0,-35.00
1995-04-12T11:00:00,-0.17,-0.27,-0.11,-0.98,-0.26,-0.04,-0.37,-0.08,0.34,0,0,-36.00
1995-04-12T12:00:00,-0.09,-0.33,0.06,-0.98,-0.24,0.21,-0.31,0.01,0.69,0,0,-31.00
1995-04-12T13:00:00,0.1,-0.04,-0.16,-0.93,-0.04,0.07,-0.29,-0.0,1.04,0,0,-26.00
1995-04-12T14:00:00,0.14,-0.38,-0.16,-0.93,-0.17,0.05,-0.26,-0.03,0.24,0,0,-24.00
1995-04-12T15:00:00,0.1,-0.43,-0.18,-0.91,-0.15,-0.17,-0.31,-0.11,0.1,0,0,-27.00
1995-04-12T16:00:00,-0.1,-0.42,-0.24,-0.85,0.15,0.0,-0.42,-0.06,0.05,0,0,-32.00
1995-04-12T17:00:00,0.65,-0.14,0.1,-0.67,0.29,0.18,-0.4,0.23,0.08,0,0,-33.00
1995-04-12T18:00:00,0.58,-0.22,0.13,-0.61,0.47,0.38,-0.49,0.08,0.02,0,0,-38.00
1995-04-12T19:00:00,-0.02,-0.57,-0.11,-0.6,0.52,0.09,-0.59,-0.05,-0.04,0,0,-43.00
1995-04-12T20:00:00,0.22,-0.3,-0.12,-0.51,0.94,0.31,-0.64,-0.05,0.07,0,0,-40.00
1995-04-12T21:00:00,0.21,-0.18,-0.11,-0.41,1.08,0.16,-0.62,-0.05,0.26,0,0,-39.00
1995-04-12T22:00:00,0.06,-0.32,-0.04,-0.4,0.8,-0.1,-0.51,-0.19,0.23,0,0,-39.00
1995-04-12T23:00:00,-0.18,-0.24,0.16,-0.47,0.38,0.24,-0.35,-0.26,0.35,0,0,-42.00
1995-04-13T00:00:00,-0.15,-0.29,-0.1,-0.41,0.25,-0.07,-0.38,-0.27,0.16,0,0,-37.00
1995-04-13T01:00:00,-0.43,-0.29,-0.18,-0.42,0.37,-0.09,-0.31,-0.29,-0.04,0,0,-29.00
1995-04-13T02:00:00,-0.32,-0.37,-0.21,-0.31,0.31,-0.19,-0.27,-0.32,-0.05,0,0,-23.00
1995-04-13T03:00:00,0.16,-0.32,-0.32,-0.17,0.24,-0.04,-0.09,-0.27,0.03,0,0,-19.00
1995-04-13T04:00:00,-0.04,-0.75,-0.03,-0.14,-0.17,-0.18,-0.08,-0.27,-0.06,0,0,-22.00
1995-04-13T05:00:00,0.13,-0.41,0.44,-0.1,-0.2,-0.03,-0.21,-0.29,-0.03,0,0,-25.00
1995-04-13T06:00:00,0.32,-0.09,0.37,-0.06,-0.14,-0.03,-0.29,-0.23,0.09,0,0,-28.00
1995-04-13T07:00:00,0.32,-0.14,0.15,-0.07,0.04,-0.16,-0.28,-0.16,0.43,0,0,-28.00
1995-04-13T08:00:00,0.47,-0.06,0.13,0.0,0.0,-0.12,-0.4,-0.26,0.05,0,0,-24.00
1995-04-13T09:00:00,0.69,-0.11,0.12,0.08,0.29,0.27,-0.28,-0.28,-0.07,0,0,-23.00
1995-04-13T10:00:00,0.39,-0.31,0.09,0.12,0.06,-0.13,-0.34,-0.2,0.08,0,0,-26.00
1995-04-13T11:00:00,0.47,-0.13,0.1,0.15,0.16,-0.07,-0.41,-0.22,0.05,0,0,-25.00
1995-04-13T12:00:00,0.65,-0.07,0.06,0.17,0.24,0.08,-0.44,-0.27,-0.08,0,0,-23.00
1995-04-13T13:00:00,0.16,-0.23,0.13,0.33,0.12,-0.27,-0.39,-0.29,0.42,0,0,-22.00
1995-04-13T14:00:00,0.36,-0.39,0.06,0.34,-0.01,-0.27,-0.39,-0.33,-0.04,0,0,-23.00
1995-04-13T15:00:00,0.26,-0.35,0.05,0.36,-0.35,-0.17,-0.32,-0.35,0.06,0,0,-24.00
1995-04-13T16:00:00,0.32,-0.45,0.06,0.44,-0.34,-0.23,-0.32,-0.33,-0.03,0,0,-26.00
1995-04-13T17:00:00,0.41,-0.4,0.01,0.48,-0.39,-0.27,-0.35,-0.32,-0.05,0,0,-29.00
1995-04-13T18:00:00,0.28,-0.33,-0.16,0.48,-0.39,-0.61,-0.35,-0.35,-0.03,0,0,-33.00
