1997-06-05T14:00:00,0.48,-0.44,-0.06,1.21,0.04,-0.01,-0.69,-0.49,-0.17,0,0,-15.00
1997-06-05T15:00:00,0.3,-0.37,-0.09,1.37,-0.39,-0.4,-0.28,-0.52,-0.11,0,0,-16.00
1997-06-05T16:00:00,0.25,-0.33,-0.08,1.43,-0.47,-0.79,-0.21,-0.52,-0.08,0,0,-16.00
1997-06-05T17:00:00,0.2,-0.36,0.03,1.47,-0.59,-0.69,0.06,-0.55,-0.06,0,0,-14.00
1997-06-05T18:00:00,0.15,-0.16,-0.21,1.44,-0.37,-0.79,0.2,-0.57,-0.06,1,0,-14.00
1997-06-05T19:00:00,0.14,0.09,-0.42,1.42,-0.22,-0.84,0.26,-0.58,-0.15,1,0,-11.00
1997-06-05T20:00:00,-0.03,0.03,-0.33,1.4,-0.2,-0.81,0.54,-0.57,-0.09,1,0,-11.00
1997-06-05T21:00:00,0.18,0.22,-0.4,1.44,-0.06,-0.97,0.59,-0.58,-0.13,1,0,-10.00
1997-06-05T22:00:00,0.22,0.34,-0.43,1.43,-0.02,-1.02,0.62,-0.58,-0.15,1,0,-9.00
1997-06-05T23:00:00,0.19,-0.01,-0.33,1.36,-0.24,-0.84,1.17,-0.54,-0.02,1,0,-9.00
1997-06-06T00:00:00,0.15,-0.62,-0.68,1.32,-0.43,-1.21,1.38,-0.54,-0.15,1,0,-9.00
1997-06-06T01:00:00,-0.06,-0.69,-0.19,1.29,-0.34,-1.14,1.72,-0.48,-0.02,1,0,-8.00
1997-06-06T02:00:00,-0.13,-0.75,0.14,1.3,-0.44,-1.0,2.04,-0.46,0.01,1,0,-11.00
1997-06-06T03:00:00,-0.16,-0.31,-0.54,1.35,-0.54,-1.28,2.17,-0.45,0.01,1,0,-14.00
1997-06-06T04:00:00,-0.3,-0.84,0.01,1.32,-0.72,-0.82,1.98,-0.43,-0.03,1,0,-12.00
1997-06-06T05:00:00,-0.01,-0.6,-0.25,1.3,-0.75,-0.95,2.06,-0.44,0.08,1,0,-13.00
1997-06-06T06:00:00,-0.53,-0.51,0.23,1.21,-0.65,-0.38,2.12,-0.44,0.04,1,0,-10.00
1997-06-06T07:00:00,-0.51,0.15,0.97,1.21,-0.52,-0.11,2.97,-0.47,-0.09,1,0,-6.00
1997-06-06T08:00:00,-0.51,0.29,0.97,1.22,-0.51,-0.14,3.59,-0.48,-0.09,1,0,-4.00
1997-06-06T09:00:00,-0.46,0.18,0.87,1.24,-0.52,-0.3,4.37,-0.49,-0.04,1,0,4.00
1997-06-06T10:00:00,-0.83,0.73,0.21,1.15,-0.09,-0.13,1.64,-0.25,-0.02,1,0,14.00
1997-06-06T11:00:00,-0.13,0.84,-0.38,1.1,-0.33,0.13,1.46,-0.22,0.02,1,0,14.00
1997-06-06T12:00:00,-0.29,-0.39,0.21,0.7,1.43,0.84,0.74,0.04,0.8,1,0,6.00
1997-06-06T13:00:00,-0.65,-0.23,0.71,0.73,1.7,1.02,0.62,0.01,0.02,1,0,3.00
1997-06-06T14:00:00,-0.71,0.11,0.58,0.74,1.46,0.91,0.55,0.08,0.08,1,0,1.00
1997-06-06T15:00:00,-0.65,0.21,0.41,0.75,1.25,1.16,0.37,-0.04,0.08,1,0,2.00
1997-06-06T16:00:00,-0.94,0.41,0.4,0.78,1.06,1.19,0.31,-0.17,-0.08,1,0,2.00
1997-06-06T17:00:00,-0.78,0.79,0.17,0.81,0.69,1.22,0.37,-0.18,-0.09,1,0,-1.00
1997-06-06T18:00:00,-0.65,0.69,-0.2,0.81,0.27,1.08,0.49,-0.18,-0.05,1,0,2.00
1997-06-06T19:00:00,-0.37,1.01,-0.26,0.83,0.72,0.75,0.06,-0.22,-0.12,1,0,2.00
1997-06-06T20:00:00,-0.38,1.14,-0.21,0.8,0.76,0.68,-0.06,-0.33,-0.15,1,0,-4.00
1997-06-06T21:00:00,-0.31,1.08,-0.07,0.78,0.04,0.37,0.32,-0.36,-0.13,1,0,-10.00
1997-06-06T22:00:00,-0.08,0.69,0.13,0.73,0.15,0.33,0.52,-0.34,-0.0,1,0,-10.00
1997-06-06T23:00:00,-0.02,0.31,0.52,0.61,0.54,-0.06,0.53,-0.32,0.07,1,0,-7.00
1997-06-07T00:00:00,-0.74,-0.05,0.08,0.67,0.73,0.35,1.0,-0.1,0.23,1,0,-2.00
1997-06-07T01:00:00,-0.52,-0.16,-0.37,0.55,0.72,0.59,1.22,-0.14,0.23,1,0,2.00
1997-06-07T02:00:00,-0.02,0.87,-0.59,0.42,0.08,0.78,1.11,-0.24,-0.07,1,0,2.00
1997-06-07T03:00:00,0.42,0.96,-0.34,0.39,0.05,0.66,1.39,-0.25,-0.05,1,0,-7.00
1997-06-07T04:00:00,0.93,0.91,0.33,0.33,0.17,-0.08,1.57,-0.24,-0.07,1,0,-10.00
1997-06-07T05:00:00,0.54,0.74,0.83,0.45,0.25,-0.55,1.57,-0.19,-0.04,1,0,-17.00
1997-06-07T06:00:00,0.67,0.9,0.58,0.49,0.35,-0.53,1.38,-0.22,-0.07,1,0,-12.00
1997-06-07T07:00:00,0.69,1.32,-0.15,0.53,0.14,-0.05,0.85,-0.34,-0.14,1,0,-3.00
1997-06-07T08:00:00,0.58,1.13,-0.39,0.58,0.09,-0.03,0.65,-0.39,-0.15,1,0,-4.00
1997-06-07T09:00:00,0.38,1.02,-0.66,0.66,-0.06,0.26,0.35,-0.44,-0.16,1,0,-7.00
1997-06-07T10:00:00,0.0,0.67,-0.8,0.73,0.1,0.01,0.44,-0.37,-0.14,1,0,-15.00
1997-06-07T11:00:00,-0.34,-0.1,-0.81,0.77,0.87,-0.73,0.15,-0.12,-0.09,1,0,-22.00
1997-06-07T12:00:00,-0.23,0.26,-0.14,0.73,0.34,-2.2,-0.11,0.36,0.78,1,0,-24.00
1997-06-07T13:00:00,0.42,0.42,-0.18,0.62,0.0,-1.72,-0.24,0.11,0.08,1,0,-27.00
1997-06-07T14:00:00,0.67,0.41,-0.31,0.61,0.11,-0.68,-0.26,-0.02,-0.07,1,0,-23.00
1997-06-07T15:00:00,0.59,0.23,-0.19,0.66,0.06,-1.17,-0.27,-0.07,-0.01,1,0,-18.00
1997-06-07T16:00:00,0.56,0.3,-0.01,0.66,0.24,-1.14,0.01,-0.12,0.08,1,0,-19.00
1997-06-07T17:00:00,0.07,0.04,-0.18,0.76,0.29,-0.56,0.43,-0.23,1.18,1,0,-19.00
1997-06-07T18:00:00,-0.23,-0.01,-0.4,0.84,0.34,-0.16,0.36,-0.33,0.05,1,0,-19.00
1997-06-07T19:00:00,0.07,0.19,-0.48,0.85,0.19,-0.1,0.1,-0.38,-0.06,1,0,-23.00
1997-06-07T20:00:00,0.0,0.26,-0.43,0.86,0.01,-0.08,0.05,-0.37,-0.05,1,0,-26.00
1997-06-07T21:00:00,0.02,0.44,-0.35,0.9,-0.17,-0.02,-0.07,-0.37,-0.07,1,0,-21.00
1997-06-07T22:00:00,0.13,0.35,-0.32,0.89,-0.24,-0.12,-0.08,-0.39,-0.06,1,0,-18.00
1997-06-07T23:00:00,-0.43,0.15,0.05,0.93,0.04,-0.74,0.25,-0.32,0.2,0,0,-18.00
1997-06-08T00:00:00,-0.6,-0.27,0.41,0.91,0.15,-0.86,0.11,-0.38,-0.09,0,0,-20.00
1997-06-08T01:00:00,-0.58,0.18,0.44,0.9,-0.1,-0.89,0.13,-0.29,-0.05,0,0,-20.00
1997-06-08T02:00:00,-0.39,0.4,0.35,0.88,-0.2,-0.84,0.11,-0.35,-0.04,0,0,-18.00
1997-06-08T03:00:00,-0.29,0.45,0.27,0.9,-0.37,-0.66,0.17,-0.36,-0.0,0,0,-19.00
1997-06-08T04:00:00,-0.61,0.3,-0.13,0.91,-0.71,-0.19,0.45,-0.22,0.05,0,0,-19.00
1997-06-08T05:00:00,-0.65,0.23,-0.39,0.95,-0.73,0.17,0.44,-0.29,-0.05,0,0,-16.00
1997-06-08T06:00:00,-0.67,0.34,-0.44,0.95,-0.91,0.14,0.43,-0.37,-0.11,0,0,-14.00
1997-06-08T07:00:00,-0.52,-0.04,-0.53,0.9,-0.48,0.32,0.38,-0.36,-0.08,0,0,-19.00
1997-06-08T08:00:00,-0.73,0.01,-0.6,0.97,-0.74,0.4,0.41,-0.37,-0.12,0,0,-18.00
1997-06-08T09:00:00,-0.7,-0.26,-0.54,0.96,-0.42,0.39,0.53,-0.36,-0.11,0,0,-19.00
1997-06-08T10:00:00,-0.02,-0.5,-0.67,0.83,-0.38,0.46,0.62,-0.4,-0.11,0,0,-22.00
1997-06-08T11:00:00,0.03,-0.27,-0.67,0.88,-0.63,0.5,0.64,-0.4,-0.09,0,0,-26.00
1997-06-08T12:00:00,-0.4,-0.26,-0.7,1.04,-0.6,0.5,0.4,-0.42,-0.13,0,0,-24.00
1997-06-08T13:00:00,-0.68,-0.01,-0.45,1.14,-0.9,0.16,0.57,-0.4,-0.1,0,0,-28.00
1997-06-08T14:00:00,-0.81,-0.45,-0.43,1.17,-0.44,0.04,0.65,-0.39,-0.12,0,0,-31.00
1997-06-08T15:00:00,-0.56,-0.47,-0.56,1.11,-0.32,0.18,0.65,-0.4,-0.11,0,0,-31.00
1997-06-08T16:00:00,-0.24,-0.72,-0.91,0.91,-0.04,0.35,0.78,-0.47,-0.16,0,0,-29.00
1997-06-08T17:00:00,0.21,-0.82,-0.87,0.77,-0.09,0.05,0.89,-0.47,-0.16,0,0,-26.00
1997-06-08T18:00:00,0.0,-0.72,-0.91,0.87,-0.26,0.08,1.1,-0.5,-0.16,0,0,-23.00
1997-06-08T19:00:00,-0.17,-0.51,-1.11,0.98,-0.27,0.55,0.5,-0.53,-0.18,0,0,-30.00
1997-06-08T20:00:00,-0.02,-0.58,-1.11,0.97,-0.32,0.39,0.53,-0.56,-0.18,0,1,-40.00
1997-06-08T21:00:00,-0.08,-0.3,-1.12,1.01,-0.51,0.28,0.92,-0.56,-0.18,0,1,-43.00
1997-06-08T22:00:00,-0.08,-0.13,-1.09,1.01,-0.61,0.49,1.33,-0.56,-0.17,0,1,-48.00
1997-06-08T23:00:00,-0.23,-0.36,-1.1,1.04,-0.52,0.34,1.38,-0.56,-0.17,0,1,-56.00
1997-06-09T00:00:00,-0.13,-0.26,-1.26,1.0,-0.49,0.28,1.6,-0.55,-0.17,0,1,-64.00
1997-06-09T01:00:00,0.03,-0.87,-1.13,0.96,-0.14,-0.01,1.92,-0.53,-0.17,0,1,-71.00
1997-06-09T02:00:00,0.21,-1.4,-1.15,0.92,-0.03,-0.17,1.77,-0.53,-0.18,0,1,-78.00
1997-06-09T03:00:00,0.26,-0.44,-1.49,0.95,0.24,-0.27,1.37,-0.53,-0.18,0,1,-80.00
1997-06-09T04:00:00,0.32,-0.99,-1.1,0.98,0.19,-0.57,1.85,-0.54,-0.17,0,1,-84.00
1997-06-09T05:00:00,0.3,-1.28,-0.53,1.03,0.21,-0.72,2.01,-0.51,-0.15,0,1,-84.00
1997-06-09T06:00:00,0.1,-0.62,-1.19,1.13,-0.48,0.41,0.89,-0.45,-0.16,0,1,-80.00
1997-06-09T07:00:00,-0.23,-1.25,-1.3,0.92,0.16,0.55,-0.0,-0.4,-0.18,0,1,-74.00
1997-06-09T08:00:00,-0.26,-1.68,-1.26,0.93,-0.3,-0.02,-0.44,-0.39,-0.19,0,1,-76.00
1997-06-09T09:00:00,0.13,-1.99,-1.11,0.93,-0.51,-0.06,-0.25,-0.42,-0.19,0,1,-68.00
1997-06-09T10:00:00,-0.06,-2.14,-0.67,0.91,-0.13,0.31,1.31,-0.43,-0.17,0,1,-66.00
1997-06-09T11:00:00,0.04,-2.41,-0.55,0.9,-0.37,0.22,-0.34,-0.27,-0.18,0,1,-65.00
1997-06-09T12:00:00,-0.39,-2.17,-0.26,0.84,-0.01,0.36,1.36,-0.35,-0.16,0,1,-68.00
1997-06-09T13:00:00,-1.06,-1.98,0.08,0.72,-0.2,0.33,1.75,-0.39,-0.16,0,1,-56.00
1997-06-09T14:00:00,-0.92,-1.92,0.1,0.81,-0.38,0.2,1.29,-0.34,-0.16,0,1,-50.00
1997-06-09T15:00:00,-0.59,-1.97,0.08,0.89,-0.5,0.28,0.86,-0.36,-0.17,0,1,-49.00
1997-06-09T16:00:00,-0.01,-2.13,0.08,1.02,-0.5,0.23,0.87,-0.44,-0.17,0,1,-51.00
1997-06-09T17:00:00,-0.23,-2.08,0.13,0.99,-0.7,0.2,1.03,-0.47,-0.18,0,1,-50.00
1997-06-09T18:00:00,-0.54,-2.09,0.48,1.01,-0.81,0.35,0.33,-0.5,-0.18,0,1,-49.00
1997-06-09T19:00:00,-0.28,-2.08,0.38,1.09,-0.93,0.28,-0.07,-0.5,-0.19,0,1,-51.00
1997-06-09T20:00:00,0.15,-1.77,0.22,1.1,-0.55,-0.03,0.21,-0.41,-0.17,0,1,-53.00
1997-06-09T21:00:00,-0.21,-1.76,-0.01,1.01,-0.6,-0.49,0.08,-0.41,-0.17,0,1,-47.00
1997-06-09T22:00:00,-0.27,-1.59,0.42,1.09,-0.3,0.12,0.08,-0.34,-0.17,0,1,-41.00
1997-06-09T23:00:00,-0.14,-0.95,0.07,1.16,-0.08,0.42,1.01,-0.21,0.01,0,1,-39.00
1997-06-10T00:00:00,-0.26,-0.89,0.59,1.09,-0.18,0.6,1.19,-0.21,-0.03,0,0,-36.00
1997-06-10T01:00:00,-0.21,-0.64,0.22,1.05,-0.16,0.36,1.05,-0.2,0.21,0,0,-36.00
1997-06-10T02:00:00,-0.14,-0.62,0.48,1.08,-0.22,0.54,0.97,-0.24,0.08,0,0,-35.00
1997-06-10T03:00:00,0.01,-0.56,-0.17,1.1,-0.27,0.15,0.98,-0.19,0.31,0,0,-35.00
1997-06-10T04:00:00,0.19,-0.34,-0.24,1.13,-0.14,0.07,0.9,-0.19,0.47,0,0,-34.00
1997-06-10T05:00:00,0.33,-0.47,-0.4,1.07,-0.29,0.15,0.87,-0.25,0.06,0,0,-37.00
1997-06-10T06:00:00,0.78,0.18,0.17,1.08,0.14,0.53,0.97,-0.17,0.12,0,0,-38.00
1997-06-10T07:00:00,0.67,0.02,-0.16,1.06,0.16,0.16,0.85,-0.23,0.13,0,0,-38.00
1997-06-10T08:00:00,0.28,-0.43,0.25,1.02,-0.11,0.41,0.7,-0.19,0.38,0,0,-38.00
1997-06-10T09:00:00,0.57,-0.58,0.25,1.07,-0.16,0.38,0.76,-0.25,0.02,0,0,-38.00
1997-06-10T10:00:00,0.44,-0.04,-0.23,1.01,0.12,0.12,0.58,-0.3,0.18,0,0,-33.00
1997-06-10T11:00:00,0.77,0.42,-0.04,1.06,0.29,0.17,0.42,-0.35,-0.08,0,0,-30.00
1997-06-10T12:00:00,0.71,0.4,0.13,1.0,0.17,0.42,0.44,-0.31,-0.03,0,0,-27.00
1997-06-10T13:00:00,0.7,0.38,0.27,0.96,0.19,0.46,0.34,-0.26,-0.03,0,0,-27.00
1997-06-10T14:00:00,0.52,0.17,0.17,0.91,0.13,0.21,0.41,-0.25,0.2,0,0,-27.00
1997-06-10T15:00:00,0.29,-0.19,-0.12,0.87,0.05,0.11,0.45,-0.27,0.55,0,0,-24.00
1997-06-10T16:00:00,-0.1,-0.29,-0.36,0.82,0.19,0.17,0.45,-0.38,0.04,0,0,-24.00
1997-06-10T17:00:00,-0.03,-0.52,0.05,0.87,-0.06,0.38,0.3,-0.35,0.12,0,0,-24.00
1997-06-10T18:00:00,0.38,-0.2,0.15,0.98,0.31,0.42,0.24,-0.31,0.3,0,0,-29.00
1997-06-10T19:00:00,-0.14,-0.44,0.09,0.91,0.09,0.33,0.35,-0.41,0.14,0,0,-30.00
1997-06-10T20:00:00,0.02,-0.35,0.1,0.89,0.03,0.23,0.31,-0.38,0.45,0,0,-26.00
1997-06-10T21:00:00,0.19,-0.28,0.35,0.96,-0.07,0.27,0.32,-0.41,0.12,0,0,-24.00
1997-06-10T22:00:00,0.01,-0.51,0.21,0.93,-0.14,0.13,0.38,-0.42,0.04,0,0,-22.00
1997-06-10T23:00:00,-0.11,-0.4,-0.17,0.92,-0.19,-0.04,0.39,-0.42,0.08,0,0,-19.00
1997-06-11T00:00:00,-0.27,-0.16,-0.21,0.96,-0.21,-0.07,0.44,-0.43,0.12,0,0,-20.00
1997-06-11T01:00:00,-0.14,-0.43,0.05,0.85,0.36,0.14,0.69,-0.48,0.12,0,0,-25.00
1997-06-11T02:00:00,0.33,-0.55,0.07,1.01,-0.38,0.08,0.5,-0.47,-0.05,0,0,-26.00
1997-06-11T03:00:00,0.57,-0.48,0.11,1.11,-0.31,-0.02,0.28,-0.44,-0.09,0,0,-27.00
1997-06-11T04:00:00,0.72,-0.58,0.18,1.04,-0.51,0.09,0.85,-0.43,-0.09,0,0,-28.00
1997-06-11T05:00:00,0.61,-0.32,0.1,0.99,0.94,0.18,1.52,-0.5,-0.02,0,0,-25.00
1997-06-11T06:00:00,1.05,-0.67,0.29,0.17,-7.76,0.18,4.15,-0.11,0.18,0,0,-18.00
1997-06-11T07:00:00,1.1,-0.87,0.29,1.41,-0.83,0.32,4.79,1.0,0.84,0,0,-14.00
1997-06-11T08:00:00,1.03,-0.78,-0.08,1.94,2.03,0.01,4.85,1.35,1.31,0,0,-8.00
1997-06-11T09:00:00,0.8,-0.56,-0.02,1.8,0.5,0.08,3.98,1.14,1.88,0,0,-6.00
1997-06-11T10:00:00,1.23,-0.49,0.74,1.65,-0.7,1.08,3.99,0.81,0.47,0,0,-7.00
1997-06-11T11:00:00,1.05,-0.34,1.02,1.3,-3.23,0.62,2.49,1.2,0.37,0,0,-6.00
1997-06-11T12:00:00,1.86,-0.28,2.55,0.17,10.32,-1.53,1.92,0.67,-0.12,0,0,-2.00
1997-06-11T22:00:00,-8.29,1.6,2.34,-1.15,-17.06,5.28,-1.0,0.68,-0.19,0,0,5.00
1997-06-11T23:00:00,-9.02,-0.18,2.97,-1.83,-7.12,-16.43,-1.0,0.99,-0.19,0,0,2.00
1997-06-12T00:00:00,-7.36,-1.45,3.55,4.68,-1.25,3.76,0.93,-0.42,-0.19,0,0,-4.00
1997-06-12T01:00:00,-5.14,-2.17,3.64,4.45,-1.11,0.24,-0.99,0.99,-0.19,0,0,-6.00
1997-06-12T04:00:00,1.15,-0.49,3.26,3.77,2.55,0.45,-0.95,36.42,-0.16,0,0,1.00
1997-06-12T05:00:00,1.66,0.34,3.23,3.94,3.99,-1.12,-0.94,38.27,-0.16,0,0,1.00
1997-06-12T07:00:00,3.08,2.3,2.95,2.1,-1.25,1.81,-0.92,-0.19,-0.19,0,0,-2.00
1997-06-12T08:00:00,3.61,3.14,2.95,1.98,-7.96,-0.67,-0.65,0.18,-0.19,0,0,-1.00
1997-06-12T09:00:00,2.42,1.02,-2.05,2.43,1.43,-1.18,1.64,1.18,-0.11,0,0,-1.00
1997-06-12T10:00:00,2.49,1.99,-1.17,3.03,-1.69,-0.8,0.23,1.21,-0.15,0,0,-3.00
1997-06-12T11:00:00,2.58,2.4,-0.38,3.36,-3.01,0.01,0.6,2.19,-0.11,0,0,-12.00
1997-06-12T12:00:00,0.87,1.43,-1.1,2.49,0.07,0.11,1.2,0.65,-0.07,0,0,-12.00
1997-06-12T13:00:00,0.24,1.24,-0.51,1.63,-0.15,-0.37,0.82,-0.32,-0.13,0,0,-10.00
1997-06-12T14:00:00,0.06,0.59,-0.88,1.39,0.11,-0.1,1.59,-0.34,-0.09,0,0,-8.00
1997-06-12T15:00:00,-0.21,0.44,-0.06,1.25,0.28,-0.1,2.44,-0.47,0.26,0,0,-5.00
1997-06-12T16:00:00,-0.22,0.47,-0.17,1.24,0.36,-0.07,1.4,-0.44,0.08,0,0,-1.00
1997-06-12T17:00:00,-0.68,0.34,0.22,1.32,0.4,-0.09,1.05,-0.37,-0.0,0,0,-2.00
1997-06-12T18:00:00,-0.7,-0.06,0.42,1.28,0.56,-0.13,0.82,-0.42,-0.06,0,0,-5.00
1997-06-12T19:00:00,-0.54,-0.33,0.22,1.28,0.37,-0.01,0.73,-0.47,-0.04,0,0,-7.00
1997-06-12T20:00:00,-0.56,0.56,0.36,1.3,0.1,0.13,0.24,-0.44,-0.12,0,0,-8.00
1997-06-12T21:00:00,-0.54,0.5,0.46,1.28,-0.05,0.03,0.2,-0.43,-0.12,0,0,-8.00
1997-06-12T22:00:00,-0.54,0.59,0.28,1.32,-0.04,0.09,0.24,-0.44,-0.12,0,0,-5.00
1997-06-12T23:00:00,-0.41,0.64,0.25,1.28,0.07,-0.01,0.48,-0.48,-0.11,0,0,-5.00
1997-06-13T00:00:00,-0.24,0.36,0.02,1.28,-0.06,0.06,1.08,-0.49,0.14,0,0,-8.00
1997-06-13T01:00:00,-0.18,0.48,0.17,1.29,-0.07,-0.1,1.07,-0.51,-0.01,0,0,-8.00
1997-06-13T02:00:00,-0.14,0.54,0.36,1.28,-0.14,-0.16,0.87,-0.51,-0.08,0,0,-10.00
1997-06-13T03:00:00,-0.23,0.34,0.26,1.29,-0.08,-0.09,1.54,-0.54,0.05,0,0,-9.00
1997-06-13T04:00:00,-0.28,0.2,0.42,1.32,-0.07,-0.07,1.3,-0.53,-0.01,0,0,-4.00
1997-06-13T05:00:00,0.14,0.34,0.17,1.33,-0.09,-0.03,0.83,-0.48,0.19,0,0,-2.00
1997-06-13T06:00:00,0.28,0.76,0.07,1.29,-0.38,0.07,0.47,-0.48,-0.12,0,0,-4.00
1997-06-13T07:00:00,0.08,0.7,0.19,1.29,-0.37,0.1,0.54,-0.48,-0.09,0,0,-5.00
1997-06-13T08:00:00,-0.52,0.38,0.32,1.44,-0.15,0.01,0.61,-0.4,-0.03,0,0,-4.00
1997-06-13T09:00:00,-0.34,0.42,0.09,1.38,-0.11,0.14,0.62,-0.42,0.06,0,0,-4.00
1997-06-13T10:00:00,0.03,0.35,-0.12,1.28,-0.15,0.16,0.65,-0.45,0.16,0,0,-2.00
1997-06-13T11:00:00,-0.2,0.4,-0.0,1.35,-0.15,0.17,0.6,-0.45,0.09,0,0,-2.00
1997-06-13T12:00:00,-0.32,0.22,-0.14,1.37,0.07,0.27,0.59,-0.42,0.13,0,0,-4.00
1997-06-13T13:00:00,-0.28,0.51,-0.14,1.43,-0.24,0.34,0.49,-0.49,-0.08,0,0,-5.00
1997-06-13T14:00:00,-0.25,0.59,-0.02,1.44,-0.29,0.25,0.44,-0.49,-0.09,0,0,-6.00
1997-06-13T15:00:00,-0.24,-0.42,0.28,1.41,0.37,0.21,0.65,-0.5,-0.02,0,0,-6.00
1997-06-13T16:00:00,-0.27,-0.33,0.15,1.44,0.2,0.34,0.64,-0.49,0.1,0,0,-6.00
1997-06-13T17:00:00,-0.29,0.49,-0.08,1.48,-0.17,0.52,0.5,-0.53,-0.1,0,0,-8.00
1997-06-13T18:00:00,-0.19,0.47,-0.05,1.48,-0.15,0.47,0.57,-0.53,-0.07,0,0,-7.00
1997-06-13T19:00:00,-0.22,0.36,0.08,1.52,-0.06,0.3,0.58,-0.52,0.01,0,0,-5.00
1997-06-13T20:00:00,-0.4,0.01,-0.02,1.56,0.18,0.38,0.78,-0.55,0.01,0,0,-3.00
1997-06-13T21:00:00,-0.21,0.34,0.02,1.59,0.12,0.33,1.04,-0.58,-0.04,0,0,-1.00
1997-06-13T22:00:00,-0.11,0.45,-0.0,1.62,-0.06,0.26,0.98,-0.58,-0.08,0,0,0.00
1997-06-13T23:00:00,0.0,0.6,0.05,1.64,-0.19,0.22,0.87,-0.56,-0.11,0,0,-2.00
1997-06-14T00:00:00,-0.01,0.49,0.14,1.65,-0.03,0.08,1.1,-0.58,-0.08,0,0,-5.00
1997-06-14T01:00:00,-0.03,0.41,0.09,1.66,0.03,0.02,1.39,-0.58,-0.03,0,0,-6.00
1997-06-14T02:00:00,-0.12,0.43,0.11,1.66,0.03,-0.07,1.46,-0.58,-0.05,0,0,-5.00
1997-06-14T03:00:00,-0.46,0.21,0.21,1.64,0.02,-0.07,1.13,-0.57,-0.09,0,0,-4.00
1997-06-14T04:00:00,-0.4,0.31,0.17,1.61,-0.05,-0.05,1.17,-0.55,-0.05,0,0,-6.00
1997-06-14T05:00:00,-0.49,0.1,0.19,1.58,0.09,-0.1,1.02,-0.52,-0.01,0,0,-5.00
1997-06-14T06:00:00,-0.5,0.06,0.17,1.57,0.03,-0.08,1.01,-0.52,0.01,0,0,-4.00
1997-06-14T07:00:00,-0.43,0.27,0.1,1.58,-0.04,0.08,1.0,-0.51,0.01,0,0,-2.00
1997-06-14T08:00:00,-0.42,0.32,0.05,1.57,0.0,0.08,1.03,-0.49,0.03,0,0,0.00
1997-06-14T09:00:00,-0.46,0.2,0.13,1.58,-0.01,-0.03,1.08,-0.5,0.04,0,0,2.00
1997-06-14T10:00:00,-0.28,0.26,-0.14,1.56,-0.16,0.19,1.05,-0.53,0.03,0,0,1.00
1997-06-14T11:00:00,-0.39,0.17,-0.07,1.61,-0.09,0.14,1.1,-0.53,0.03,0,0,0.00
1997-06-14T12:00:00,-0.37,0.07,-0.08,1.64,0.01,0.1,1.15,-0.54,0.08,0,0,-1.00
1997-06-14T13:00:00,-0.2,0.09,-0.12,1.63,0.0,0.15,1.2,-0.56,0.17,0,0,1.00
1997-06-14T14:00:00,-0.22,0.1,-0.03,1.66,0.03,0.27,1.38,-0.56,0.33,0,0,1.00
1997-06-14T15:00:00,-0.01,0.1,0.02,1.7,-0.05,0.32,1.58,-0.57,1.97,0,0,2.00
1997-06-14T16:00:00,-0.23,0.15,0.05,1.73,-0.18,0.29,1.73,-0.58,0.23,0,0,2.00
1997-06-14T17:00:00,-0.32,0.0,0.2,1.75,-0.08,0.12,1.76,-0.58,0.09,0,0,2.00
1997-06-14T18:00:00,-0.39,-0.01,0.19,1.71,-0.13,0.2,1.83,-0.57,0.05,1,0,2.00
1997-06-14T19:00:00,-0.27,0.19,-0.04,1.67,-0.2,0.44,2.02,-0.57,0.17,1,0,2.00
1997-06-14T20:00:00,-0.37,0.23,0.1,1.67,-0.21,0.45,2.38,-0.57,0.07,1,0,2.00
1997-06-14T21:00:00,-0.24,0.29,0.09,1.65,-0.38,0.49,2.57,-0.56,0.2,1,0,5.00
1997-06-14T22:00:00,-0.35,0.31,0.29,1.63,-0.52,0.55,2.6,-0.57,-0.0,1,0,9.00
1997-06-14T23:00:00,-0.33,0.45,-0.03,1.56,-0.4,0.66,2.67,-0.56,-0.0,1,0,9.00
1997-06-15T00:00:00,-0.34,0.37,-0.15,1.47,-0.32,0.71,2.83,-0.51,0.11,1,0,9.00
1997-06-15T01:00:00,-0.06,-0.66,-0.54,1.41,-0.3,0.09,1.74,-0.45,-0.08,1,0,6.00
1997-06-15T02:00:00,0.12,-0.81,-0.48,1.38,-0.43,0.11,1.86,-0.47,-0.09,1,0,-4.00
1997-06-15T03:00:00,0.19,-0.47,-0.56,1.36,-0.34,-0.02,2.4,-0.51,-0.07,1,0,-9.00
1997-06-15T04:00:00,0.17,-0.62,-0.39,1.35,-0.29,0.03,2.51,-0.5,-0.04,1,0,-10.00
1997-06-15T05:00:00,0.61,-0.58,0.11,1.42,-0.25,0.26,2.17,-0.44,0.0,1,0,-11.00
1997-06-15T06:00:00,0.69,-0.56,-0.07,1.42,-0.17,0.19,2.05,-0.42,-0.01,1,0,-8.00
1997-06-15T07:00:00,0.89,-0.44,-0.12,1.48,-0.28,0.24,2.21,-0.48,-0.08,1,0,-2.00
1997-06-15T08:00:00,0.46,-0.69,0.37,1.44,-0.26,0.19,2.06,-0.46,-0.04,1,0,2.00
1997-06-15T09:00:00,0.61,-0.32,-0.23,1.46,-0.14,-0.28,2.63,-0.45,0.06,1,0,2.00
1997-06-15T10:00:00,0.66,-0.32,-0.34,1.44,-0.34,0.06,4.4,-0.52,-0.0,1,0,0.00
1997-06-15T11:00:00,0.98,-0.61,-0.14,1.39,-0.47,0.21,2.19,-0.53,-0.14,1,0,-2.00
1997-06-15T12:00:00,0.59,-1.07,0.19,1.43,-0.53,0.01,2.96,-0.52,-0.12,1,0,-6.00
1997-06-15T13:00:00,0.57,-1.06,0.6,1.41,-0.6,-0.09,3.02,-0.53,-0.14,1,0,-2.00
1997-06-15T14:00:00,0.64,-0.84,0.63,1.4,-0.6,-0.13,3.36,-0.54,-0.13,1,0,0.00
1997-06-15T15:00:00,0.16,-0.68,0.63,1.39,-0.62,-0.22,3.83,-0.53,-0.07,1,0,3.00
1997-06-15T16:00:00,0.5,-0.94,0.64,1.41,-0.63,-0.64,4.48,-0.54,-0.11,1,0,5.00
1997-06-15T17:00:00,-0.05,-0.7,0.72,1.4,-0.78,-0.62,5.19,-0.52,-0.05,1,0,7.00
1997-06-15T18:00:00,-0.33,-0.47,0.77,1.41,-0.71,-0.63,4.31,-0.5,-0.03,1,0,10.00
1997-06-15T19:00:00,0.07,-0.32,0.33,1.3,0.11,-0.77,2.66,-0.41,0.75,1,0,9.00
1997-06-15T20:00:00,-0.21,0.99,-0.35,1.32,0.51,-1.04,1.97,-0.3,-0.03,1,0,2.00
1997-06-15T21:00:00,-0.37,0.57,0.63,1.41,0.61,-1.26,1.69,-0.24,0.06,1,0,-2.00
1997-06-15T22:00:00,-0.44,0.02,0.69,1.45,0.62,-1.24,1.65,-0.26,0.09,1,0,-5.00
1997-06-15T23:00:00,-0.42,-0.06,0.58,1.41,0.53,-0.81,1.59,-0.27,0.17,1,0,-3.00
1997-06-16T00:00:00,-0.49,-0.6,0.67,1.31,0.39,-0.44,1.57,-0.31,-0.03,1,0,-1.00
1997-06-16T01:00:00,-0.45,-1.05,0.23,1.35,0.48,-0.48,1.52,-0.33,-0.07,1,0,0.00
1997-06-16T02:00:00,-0.23,-0.83,0.22,1.29,0.53,-0.36,1.26,-0.32,0.01,1,0,0.00
1997-06-16T03:00:00,-0.45,0.65,0.41,1.13,0.61,0.32,0.56,-0.11,0.02,1,0,-1.00
1997-06-16T04:00:00,-0.3,0.28,0.06,1.16,0.54,-0.02,0.58,-0.01,0.98,1,0,-4.00
1997-06-16T05:00:00,-0.81,0.64,0.25,1.05,0.49,0.11,0.42,-0.13,-0.06,1,0,-4.00
1997-06-16T06:00:00,-1.02,0.22,0.22,1.05,0.85,-0.43,0.44,-0.04,-0.03,1,0,-5.00
1997-06-16T07:00:00,-0.92,-0.05,0.13,1.03,0.67,-0.49,0.48,-0.07,0.02,1,0,-3.00
1997-06-16T08:00:00,-0.87,0.4,0.19,1.05,0.34,-0.15,0.44,-0.15,-0.03,1,0,-1.00
1997-06-16T09:00:00,-0.64,0.63,0.14,0.96,0.3,-0.24,0.49,-0.14,-0.0,1,0,0.00
1997-06-16T10:00:00,0.08,0.35,-0.42,0.73,0.53,0.39,0.41,-0.18,0.09,1,0,4.00
1997-06-16T11:00:00,0.29,-0.1,-0.08,0.68,0.64,-0.03,0.67,-0.1,1.49,1,0,4.00
1997-06-16T12:00:00,-0.35,1.0,-0.06,0.97,-0.45,-0.14,0.28,-0.34,-0.12,1,0,0.00
1997-06-16T13:00:00,-0.49,1.2,-0.03,0.88,-0.72,0.04,0.49,-0.39,-0.15,1,0,-1.00
1997-06-16T14:00:00,-1.01,1.19,0.35,0.6,-0.21,0.42,0.26,-0.35,-0.16,1,0,1.00
1997-06-16T15:00:00,0.13,0.42,0.17,0.59,-0.38,0.42,1.18,-0.33,0.45,1,0,-1.00
1997-06-17T13:00:00,-0.03,0.55,-0.12,0.76,-0.22,0.19,-0.4,-0.38,-0.1,0,0,-12.00
1997-06-17T14:00:00,-0.18,0.42,0.25,0.84,0.03,-0.25,-0.35,-0.33,-0.03,0,0,-12.00
1997-06-17T15:00:00,-0.03,0.32,0.23,0.88,-0.05,-0.16,-0.3,-0.34,0.09,0,0,-12.00
1997-06-17T16:00:00,-0.28,0.36,0.09,0.99,-0.16,0.18,-0.29,-0.36,-0.0,0,0,-10.00
1997-06-17T17:00:00,-0.55,-0.01,0.23,1.11,0.23,-0.03,-0.24,-0.31,-0.03,0,0,-7.00
1997-06-17T18:00:00,-0.58,0.05,0.04,1.17,0.11,0.15,-0.2,-0.33,-0.03,0,0,-5.00
1997-06-17T19:00:00,-0.44,0.27,-0.01,1.1,-0.07,0.18,-0.17,-0.27,0.04,0,0,-11.00
1997-06-17T20:00:00,-0.36,0.49,0.15,1.1,-0.22,0.09,-0.14,-0.43,-0.1,0,0,-11.00
1997-06-17T21:00:00,-0.33,0.47,0.15,1.11,-0.33,0.11,-0.09,-0.46,-0.09,0,0,-9.00
1997-06-17T22:00:00,-0.49,0.31,0.21,1.2,-0.12,0.09,-0.08,-0.43,-0.08,0,0,-7.00
1997-06-17T23:00:00,-0.52,0.21,0.32,1.22,-0.05,-0.09,-0.06,-0.45,-0.1,0,0,-6.00
1997-06-18T00:00:00,-0.38,-0.34,0.15,1.22,0.63,0.07,0.21,-0.5,-0.05,0,0,-6.00
1997-06-18T01:00:00,-0.34,0.2,0.09,1.22,0.06,0.03,0.3,-0.48,0.07,0,0,-4.00
1997-06-18T02:00:00,0.1,0.27,-0.18,1.16,-0.23,0.2,0.35,-0.53,-0.02,0,0,-4.00
1997-06-18T03:00:00,-0.0,0.39,0.09,1.23,-0.38,-0.04,0.29,-0.51,0.01,0,0,-4.00
1997-06-18T04:00:00,-0.05,0.49,0.04,1.23,-0.55,0.0,0.16,-0.53,-0.09,0,0,-5.00
1997-06-18T05:00:00,-0.15,0.56,0.03,1.29,-0.4,-0.26,0.22,-0.53,-0.11,0,0,-6.00
1997-06-18T06:00:00,-0.57,0.31,-0.07,1.41,-0.2,-0.33,0.3,-0.51,-0.11,0,0,-5.00
1997-06-18T07:00:00,-0.63,-0.02,0.05,1.48,-0.02,-0.54,0.13,-0.5,-0.1,0,0,-3.00
1997-06-18T08:00:00,-0.66,-0.16,0.11,1.51,-0.19,-0.33,0.1,-0.53,-0.14,0,0,-5.00
1997-06-18T09:00:00,-0.11,0.35,0.15,1.4,-0.28,-0.44,0.1,-0.53,-0.03,0,0,-5.00
1997-06-18T10:00:00,0.3,0.56,0.05,1.34,-0.4,-0.36,-0.09,-0.54,-0.15,0,0,-2.00
1997-06-18T11:00:00,-0.57,0.02,0.16,1.36,-0.25,-0.2,-0.28,-0.46,-0.11,0,0,-2.00
1997-06-18T12:00:00,-0.09,0.32,-0.15,1.26,-0.32,0.03,-0.26,-0.45,-0.03,0,0,-5.00
1997-06-18T13:00:00,-0.45,0.04,0.03,1.33,-0.26,-0.02,-0.28,-0.29,0.07,0,0,-7.00
1997-06-18T14:00:00,-0.28,0.2,0.02,1.37,-0.27,0.22,-0.36,-0.33,0.14,0,0,-9.00
1997-06-18T15:00:00,-0.41,0.01,0.1,1.38,-0.25,0.04,-0.42,-0.32,0.05,0,0,-10.00
1997-06-18T16:00:00,-0.32,0.15,0.03,1.4,-0.28,-0.05,-0.46,-0.32,0.09,0,0,-11.00
1997-06-18T17:00:00,-0.15,0.32,-0.01,1.38,-0.14,-0.09,-0.43,-0.44,-0.02,0,0,-8.00
1997-06-18T18:00:00,-0.08,0.38,0.06,1.33,-0.22,-0.21,-0.4,-0.47,-0.06,0,0,-7.00
1997-06-18T19:00:00,-0.21,0.22,0.15,1.33,-0.05,-0.14,-0.42,-0.42,0.06,0,0,-7.00
1997-06-18T20:00:00,-0.32,0.18,0.07,1.34,-0.13,0.08,-0.4,-0.39,0.03,0,0,-7.00
1997-06-18T21:00:00,-0.41,0.1,0.15,1.28,-0.18,0.0,-0.37,-0.38,-0.0,0,0,-6.00
1997-06-18T22:00:00,0.1,0.31,0.14,1.0,-0.15,0.26,-0.34,-0.42,0.05,0,0,-5.00
1997-06-18T23:00:00,0.21,0.32,-0.03,0.99,-0.23,0.5,-0.2,-0.44,0.01,0,0,-4.00
1997-06-19T00:00:00,0.01,0.5,-0.18,0.84,-0.38,1.02,0.34,-0.37,0.02,0,0,-3.00
1997-06-19T01:00:00,-0.03,0.72,0.04,0.8,-0.7,1.04,0.8,-0.45,-0.06,0,0,-1.00
1997-06-19T02:00:00,-0.02,0.84,0.18,0.86,-0.76,1.18,1.07,-0.47,-0.09,0,0,-2.00
1997-06-19T03:00:00,-0.0,0.86,-0.01,0.88,-0.87,1.46,1.42,-0.47,-0.08,0,0,-3.00
1997-06-19T04:00:00,-0.06,1.12,0.02,0.97,-0.67,1.72,1.15,-0.5,-0.15,0,0,-3.00
1997-06-19T05:00:00,-0.27,1.14,-0.19,1.01,-0.29,1.83,0.79,-0.53,-0.17,0,0,-4.00
1997-06-19T06:00:00,-0.45,0.7,-0.98,0.98,0.24,1.21,0.32,-0.56,-0.18,0,0,-4.00
1997-06-19T07:00:00,-0.51,-0.11,-1.03,0.96,0.12,0.95,0.45,-0.55,-0.18,0,0,-8.00
1997-06-19T08:00:00,-0.6,-0.5,-0.99,0.98,-0.09,0.74,0.31,-0.55,-0.18,0,0,-11.00
1997-06-19T09:00:00,-0.63,-0.81,-0.84,0.99,-0.2,0.72,0.18,-0.55,-0.18,0,0,-19.00
1997-06-19T10:00:00,-0.72,-0.91,-0.78,1.04,-0.34,0.56,0.3,-0.55,-0.18,0,0,-25.00
1997-06-19T11:00:00,-0.58,-1.15,-0.6,1.07,-0.32,0.67,0.55,-0.57,-0.18,0,0,-28.00
1997-06-19T12:00:00,-0.5,-1.27,-0.43,1.14,-0.46,0.8,0.74,-0.57,-0.18,0,0,-27.00
1997-06-19T13:00:00,-0.17,-1.44,-0.14,1.23,-0.36,0.98,0.62,-0.57,-0.18,0,0,-24.00
1997-06-19T14:00:00,-0.39,-1.43,-0.15,1.29,-0.49,1.23,0.56,-0.58,-0.18,0,0,-24.00
1997-06-19T15:00:00,-0.49,-1.37,-0.16,1.29,-0.58,1.28,0.42,-0.58,-0.18,0,0,-25.00
1997-06-19T16:00:00,-0.11,-1.36,-0.11,1.27,-0.57,0.76,0.64,-0.56,-0.18,0,0,-27.00
1997-06-19T17:00:00,0.08,-1.36,-0.14,1.28,-0.48,0.64,0.51,-0.56,-0.18,0,0,-25.00
1997-06-19T18:00:00,-0.4,-1.11,-0.41,1.09,-0.29,0.04,0.64,-0.56,-0.17,0,0,-25.00
1997-06-19T19:00:00,-0.14,-1.09,-0.57,1.18,-0.25,-0.26,0.85,-0.55,-0.17,0,0,-27.00
1997-06-19T20:00:00,-0.57,-1.08,-0.35,1.12,-0.12,-0.03,0.76,-0.57,-0.18,0,0,-30.00
1997-06-19T21:00:00,-0.17,-1.23,-0.3,1.23,-0.4,-0.08,0.75,-0.58,-0.18,0,0,-35.00
1997-06-19T22:00:00,-0.11,-1.21,-0.23,1.26,-0.3,-0.21,0.65,-0.57,-0.18,0,0,-36.00
1997-06-19T23:00:00,-0.14,-1.15,0.02,1.28,-0.34,-0.06,0.96,-0.53,-0.16,0,0,-31.00
1997-06-20T00:00:00,-0.16,-1.11,-0.01,1.28,-0.23,-0.23,1.07,-0.51,-0.15,0,0,-22.00
1997-06-20T01:00:00,0.2,-1.17,0.15,1.42,-0.28,-0.07,0.74,-0.53,-0.16,0,0,-17.00
1997-06-20T02:00:00,0.08,-1.19,-0.04,1.37,-0.31,-0.15,0.8,-0.53,-0.16,0,0,-17.00
1997-06-20T03:00:00,-0.05,-1.23,0.01,1.32,-0.36,0.02,0.86,-0.55,-0.17,0,0,-17.00
1997-06-20T04:00:00,-0.06,-1.3,-0.11,1.32,-0.45,-0.05,0.82,-0.56,-0.17,0,0,-17.00
1997-06-20T05:00:00,0.01,-1.35,-0.12,1.37,-0.47,-0.08,0.85,-0.57,-0.18,0,0,-17.00
1997-06-20T06:00:00,0.13,-1.27,-0.06,1.44,-0.39,-0.2,0.87,-0.55,-0.17,0,0,-17.00
1997-06-20T07:00:00,0.32,-1.18,-0.18,1.5,-0.29,-0.43,0.66,-0.55,-0.17,0,0,-16.00
1997-06-20T08:00:00,-0.04,-1.16,0.18,1.45,-0.31,-0.12,0.85,-0.51,-0.15,0,0,-16.00
1997-06-20T09:00:00,-0.03,-1.06,0.43,1.45,-0.31,-0.26,1.12,-0.51,-0.15,0,0,-14.00
1997-06-20T10:00:00,0.03,-1.19,0.29,1.45,-0.29,-0.24,1.15,-0.52,-0.15,0,0,-13.00
1997-06-20T11:00:00,0.3,-1.25,0.08,1.46,-0.19,-0.37,1.15,-0.53,-0.16,0,0,-10.00
1997-06-20T12:00:00,0.4,-1.29,0.01,1.46,-0.26,-0.39,1.16,-0.53,-0.16,0,0,-9.00
1997-06-20T13:00:00,0.48,-1.33,-0.02,1.55,-0.24,-0.52,0.91,-0.55,-0.17,0,0,-6.00
1997-06-20T14:00:00,0.2,-1.28,0.46,1.58,-0.76,-0.9,1.02,-0.54,-0.17,0,0,-8.00
1997-06-20T15:00:00,0.37,-1.14,-0.05,1.57,-0.07,-0.76,0.66,-0.56,-0.17,0,0,-8.00
1997-06-20T16:00:00,0.26,-1.15,-0.02,1.57,-0.06,-0.73,0.81,-0.57,-0.17,0,0,-7.00
1997-06-20T17:00:00,0.08,-1.15,0.13,1.58,-0.07,-0.75,0.59,-0.57,-0.17,0,0,-6.00
1997-06-20T18:00:00,-0.05,-1.11,0.14,1.6,-0.01,-0.73,0.64,-0.56,-0.17,0,0,-8.00
1997-06-20T19:00:00,-0.22,-1.1,0.14,1.62,0.07,-0.8,0.6,-0.56,-0.17,0,0,-12.00
1997-06-20T20:00:00,-0.24,-1.06,0.17,1.65,0.04,-0.76,0.5,-0.55,-0.17,0,0,-15.00
1997-06-20T21:00:00,-0.27,-1.03,0.07,1.69,0.08,-0.84,0.34,-0.55,-0.17,0,0,-16.00
1997-06-20T22:00:00,-0.49,-0.66,0.28,1.69,0.15,-0.71,0.42,-0.53,-0.15,0,0,-16.00
1997-06-20T23:00:00,-0.64,-0.38,0.41,1.68,-0.03,-0.56,0.1,-0.53,-0.15,0,0,-13.00
1997-06-21T00:00:00,-0.66,-0.35,0.25,1.74,-0.02,-0.55,0.11,-0.57,-0.16,0,0,-12.00
1997-06-21T01:00:00,-0.61,-0.47,0.1,1.77,-0.11,-0.52,0.04,-0.56,-0.16,0,0,-12.00
1997-06-21T02:00:00,-0.67,-0.35,0.14,1.78,-0.1,-0.4,0.06,-0.56,-0.16,0,0,-10.00
1997-06-21T03:00:00,-0.64,-0.21,0.23,1.75,-0.2,-0.35,0.01,-0.56,-0.15,0,0,-10.00
1997-06-21T04:00:00,-0.56,-0.27,0.03,1.75,-0.26,-0.36,0.26,-0.52,-0.11,0,0,-12.00
1997-06-21T05:00:00,-0.47,-0.21,0.07,1.73,-0.36,-0.24,0.53,-0.47,0.03,0,0,-12.00
1997-06-21T06:00:00,-0.38,-0.25,0.02,1.7,-0.41,-0.13,0.42,-0.5,0.02,0,0,-11.00
1997-06-21T07:00:00,-0.3,-0.34,-0.26,1.7,-0.33,0.13,0.15,-0.55,-0.13,0,0,-8.00
1997-06-21T08:00:00,-0.1,-0.16,-0.31,1.66,-0.41,0.2,0.33,-0.54,-0.07,0,0,-6.00
1997-06-21T09:00:00,0.04,-0.03,-0.31,1.64,-0.45,0.19,0.48,-0.55,-0.05,0,0,-5.00
1997-06-21T10:00:00,0.01,-0.08,-0.19,1.69,-0.3,0.16,0.69,-0.57,0.05,0,0,-6.00
1997-06-21T11:00:00,-0.13,-0.25,0.06,1.77,-0.08,0.26,0.82,-0.57,0.2,0,0,-8.00
1997-06-21T12:00:00,-0.28,-0.26,0.11,1.79,-0.1,0.11,0.94,-0.58,-0.01,0,0,-6.00
1997-06-21T13:00:00,-0.21,-0.07,0.22,1.74,-0.23,0.01,1.18,-0.58,0.16,0,0,-4.00
1997-06-21T14:00:00,-0.1,0.11,0.3,1.72,-0.2,0.22,1.38,-0.58,0.14,0,0,-2.00
1997-06-21T15:00:00,-0.34,0.24,0.11,1.81,-0.16,0.39,1.37,-0.58,-0.03,0,0,-1.00
1997-06-21T16:00:00,-0.62,-0.13,-0.09,1.87,-0.05,0.53,1.25,-0.58,-0.13,0,0,1.00
1997-06-21T17:00:00,-0.46,-0.32,-0.02,1.89,-0.02,0.44,1.17,-0.58,-0.1,0,0,-1.00
1997-06-21T18:00:00,-0.43,-0.48,0.03,1.8,0.03,0.0,1.21,-0.56,-0.1,0,0,0.00
1997-06-21T19:00:00,-0.6,-0.31,-0.02,1.79,-0.08,-0.12,1.2,-0.57,-0.11,0,0,-1.00
1997-06-21T20:00:00,-0.44,-0.45,0.07,1.79,-0.07,-0.11,1.32,-0.56,-0.08,0,0,-5.00
1997-06-21T21:00:00,-0.45,-0.45,0.08,1.83,-0.01,-0.17,1.28,-0.56,-0.09,0,0,-5.00
1997-06-21T22:00:00,-0.32,-0.19,0.22,1.82,0.03,-0.17,1.75,-0.56,0.1,0,0,-7.00
1997-06-21T23:00:00,-0.45,-0.25,0.12,1.85,0.03,-0.16,1.67,-0.57,-0.03,0,0,-5.00
1997-06-22T00:00:00,-0.4,0.1,-0.05,1.81,-0.01,-0.05,2.06,-0.52,0.19,1,0,-3.00
1997-06-22T01:00:00,-0.4,0.04,-0.01,1.73,-0.09,0.03,3.01,-0.52,0.38,1,0,0.00
1997-06-22T02:00:00,-0.36,-0.44,-0.25,1.66,-0.31,0.36,3.34,-0.53,0.03,1,0,1.00
1997-06-22T03:00:00,0.0,-1.26,-0.48,1.42,-0.29,0.54,6.42,-0.5,-0.08,1,0,2.00
1997-06-22T04:00:00,-0.33,0.62,-0.52,1.39,-1.04,-0.1,6.71,-0.48,0.07,1,0,9.00
1997-06-22T05:00:00,0.35,-0.24,1.08,1.37,-1.0,-0.28,6.87,-0.47,-0.02,1,0,12.00
1997-06-22T06:00:00,-0.0,0.82,0.21,1.39,-0.94,0.06,4.35,-0.31,0.32,1,0,5.00
1997-06-22T07:00:00,-0.64,1.63,-0.19,1.36,-0.32,0.48,1.84,-0.24,-0.12,1,0,5.00
1997-06-22T08:00:00,-1.07,1.43,-0.26,1.25,-0.53,0.37,1.79,-0.24,-0.12,1,0,-3.00
1997-06-22T09:00:00,-1.1,1.49,-0.28,1.17,-0.25,0.08,1.56,-0.17,-0.12,1,0,-5.00
1997-06-22T10:00:00,-1.33,1.13,0.45,1.08,0.27,-0.49,1.33,-0.17,-0.12,1,0,-5.00
1997-06-22T11:00:00,-0.29,1.87,0.05,0.82,0.01,-0.16,1.36,-0.15,-0.13,1,0,-5.00
1997-06-22T12:00:00,-0.56,1.75,0.19,0.87,0.31,-0.24,1.23,-0.1,-0.12,1,0,2.00
1997-06-22T13:00:00,-0.46,1.48,0.16,0.84,0.49,-0.16,1.42,0.0,-0.06,1,0,6.00
1997-06-22T14:00:00,-0.03,0.5,0.42,0.71,0.95,-0.63,1.96,0.07,0.8,1,0,5.00
1997-06-22T15:00:00,-0.73,1.57,-0.32,0.78,0.57,-0.56,1.59,-0.06,-0.1,1,0,9.00
1997-06-22T16:00:00,-0.42,1.11,-0.52,0.77,0.34,-0.49,1.58,0.01,-0.01,1,0,6.00
1997-06-22T17:00:00,-0.61,1.06,0.16,0.77,0.58,-0.94,1.75,-0.01,0.04,1,0,5.00
1997-06-22T18:00:00,-0.55,0.57,-0.26,0.73,0.9,-0.45,1.57,0.05,0.28,1,0,4.00
1997-06-22T19:00:00,0.16,1.37,0.19,0.56,0.17,-0.81,0.99,-0.11,-0.08,1,0,5.00
1997-06-22T20:00:00,-0.07,0.9,0.16,0.59,0.35,-0.63,1.05,-0.07,0.09,1,0,2.00
1997-06-22T21:00:00,-0.1,1.06,0.32,0.59,0.16,-1.0,0.94,-0.1,-0.02,1,0,4.00
1997-06-22T22:00:00,-0.51,1.05,0.28,0.73,0.26,-0.83,0.78,-0.13,-0.06,0,0,2.00
1997-06-22T23:00:00,-0.67,0.7,0.35,0.8,0.42,-0.91,0.77,-0.1,-0.0,0,0,0.00
1997-06-23T00:00:00,-0.59,0.91,0.44,0.84,0.07,-1.03,0.54,-0.23,-0.1,0,0,-2.00
1997-06-23T01:00:00,0.05,0.91,0.62,0.74,-0.04,-1.4,0.5,-0.31,-0.11,0,0,-4.00
1997-06-23T02:00:00,-0.26,0.61,0.77,0.82,0.15,-1.47,0.58,-0.31,-0.1,0,0,-4.00
1997-06-23T03:00:00,-0.68,0.62,0.32,0.91,0.05,-0.92,0.59,-0.33,-0.08,0,0,-4.00
1997-06-23T04:00:00,-0.73,0.71,0.27,0.95,-0.2,-0.88,0.43,-0.35,-0.11,0,0,-3.00
1997-06-23T05:00:00,-0.84,0.49,0.37,1.0,0.02,-1.04,0.34,-0.37,-0.12,0,0,-2.00
1997-06-23T06:00:00,-0.8,0.27,0.26,0.96,0.02,-0.81,0.45,-0.3,-0.05,0,0,0.00
1997-06-23T07:00:00,-1.01,-0.09,0.21,1.05,0.28,-0.6,0.48,-0.3,-0.09,0,0,2.00
1997-06-23T08:00:00,-0.47,0.75,0.04,0.9,-0.31,-0.32,0.35,-0.33,-0.08,0,0,3.00
1997-06-23T09:00:00,-0.92,-0.01,-0.18,1.04,0.23,-0.23,0.32,-0.3,-0.09,0,0,1.00
1997-06-23T10:00:00,-0.52,0.13,0.11,0.84,0.16,-0.75,0.31,-0.26,0.18,0,0,-2.00
1997-06-23T11:00:00,-0.25,0.94,-0.15,0.72,-0.71,-0.37,0.23,-0.26,-0.1,0,0,-5.00
1997-06-23T12:00:00,-0.14,0.87,-0.32,0.67,-0.67,-0.21,0.21,-0.3,-0.11,0,0,-4.00
1997-06-23T13:00:00,0.04,0.62,-0.12,0.65,-0.34,-0.44,0.24,-0.29,0.01,0,0,-3.00
1997-06-23T14:00:00,0.11,0.7,-0.33,0.61,-0.31,-0.25,0.29,-0.26,-0.05,0,0,-1.00
1997-06-23T15:00:00,0.07,0.79,-0.44,0.61,-0.41,-0.15,0.34,-0.27,-0.09,0,0,1.00
1997-06-23T16:00:00,-0.21,1.0,-0.12,0.68,-0.71,-0.68,0.35,-0.28,-0.1,0,0,3.00
1997-06-23T17:00:00,-0.25,1.03,-0.14,0.69,-0.78,-0.72,0.28,-0.3,-0.12,0,0,2.00
1997-06-23T18:00:00,-0.35,0.75,-0.15,0.75,-0.45,-0.74,0.27,-0.16,-0.03,0,0,0.00
1997-06-23T19:00:00,-0.87,-0.21,0.41,0.92,0.5,-1.04,0.31,-0.08,-0.03,0,0,0.00
1997-06-23T20:00:00,0.12,0.2,0.01,0.54,0.45,-0.73,0.11,-0.07,1.82,0,0,-6.00
1997-06-23T21:00:00,0.14,1.05,-0.08,0.5,-0.3,-0.67,-0.05,-0.12,-0.11,0,0,-4.00
1997-06-23T22:00:00,-0.42,1.13,0.28,0.58,-0.11,-0.76,-0.26,-0.32,-0.16,0,0,-7.00
1997-06-23T23:00:00,-0.79,0.66,0.54,0.62,0.23,-0.89,-0.26,-0.26,-0.15,0,0,-11.00
1997-06-24T00:00:00,-0.65,0.71,0.35,0.57,0.08,-0.57,-0.34,-0.1,-0.12,0,0,-11.00
1997-06-24T01:00:00,-0.83,0.31,0.33,0.66,0.71,-0.51,-0.32,-0.19,-0.12,0,0,-12.00
1997-06-24T02:00:00,-0.63,0.55,0.24,0.57,0.2,-0.33,-0.34,-0.24,-0.12,0,0,-13.00
1997-06-24T03:00:00,-0.21,0.76,0.25,0.33,-0.22,-0.36,-0.32,-0.25,-0.11,0,0,-11.00
1997-06-24T04:00:00,-0.59,0.61,0.18,0.58,-0.12,-0.11,-0.4,-0.24,-0.12,0,0,-9.00
1997-06-24T05:00:00,-0.6,0.72,0.0,0.79,-0.7,-0.39,-0.56,-0.44,-0.17,0,0,-8.00
1997-06-24T06:00:00,-0.69,0.61,0.02,0.86,-0.71,-0.33,-0.51,-0.44,-0.17,0,0,-8.00
1997-06-24T07:00:00,-0.69,0.44,0.09,0.86,-0.72,-0.32,-0.43,-0.38,-0.14,0,0,-8.00
1997-06-24T08:00:00,-0.44,0.29,-0.04,0.96,-0.73,-0.25,-0.26,-0.27,0.0,0,0,-8.00
1997-06-24T09:00:00,-0.46,0.34,-0.09,1.0,-0.85,0.02,-0.2,-0.33,-0.05,0,0,-6.00
1997-06-24T10:00:00,-0.4,0.45,-0.17,0.99,-0.89,0.21,-0.13,-0.37,-0.09,0,0,-5.00
1997-06-24T11:00:00,-0.07,0.6,0.35,0.8,-0.73,-0.85,0.07,-0.4,-0.08,0,0,-3.00
1997-06-24T12:00:00,-0.14,0.64,0.37,0.85,-0.67,-0.86,0.14,-0.4,-0.09,0,0,-2.00
1997-06-24T13:00:00,-0.6,0.43,0.47,0.99,-0.58,-0.92,0.1,-0.39,-0.12,0,0,1.00
1997-06-24T14:00:00,-0.45,0.58,0.45,0.99,-0.62,-0.76,0.13,-0.4,-0.12,0,0,1.00
1997-06-24T15:00:00,-0.52,0.54,0.43,1.0,-0.62,-0.63,0.04,-0.39,-0.12,0,0,0.00
1997-06-24T16:00:00,0.19,0.29,0.17,0.79,-0.48,-0.18,0.18,-0.27,0.44,0,0,-2.00
1997-06-24T17:00:00,-0.15,0.4,0.23,0.91,-0.65,-0.18,0.2,-0.28,0.19,0,0,-3.00
1997-06-24T18:00:00,-0.58,0.26,0.16,1.06,-0.66,-0.13,0.38,-0.22,0.1,0,0,-4.00
1997-06-24T19:00:00,-0.72,0.28,-0.02,1.11,-0.89,0.19,0.43,-0.2,0.02,0,0,-1.00
1997-06-24T20:00:00,-0.71,0.42,0.33,1.09,-0.98,-0.23,0.4,-0.32,-0.07,0,0,1.00
1997-06-24T21:00:00,-0.55,0.58,0.15,0.99,-0.72,-0.02,0.51,-0.32,-0.04,0,0,3.00
1997-06-24T22:00:00,-0.31,0.7,-0.16,0.93,-0.75,0.2,0.49,-0.4,-0.08,0,0,5.00
1997-06-24T23:00:00,-0.55,0.49,0.2,0.92,-0.68,0.24,0.54,-0.41,-0.06,0,0,4.00
1997-06-25T00:00:00,-0.62,0.64,0.6,0.96,-0.88,-0.01,0.63,-0.43,-0.13,0,0,-3.00
1997-06-25T01:00:00,-0.74,0.53,0.23,0.96,-0.73,0.39,0.77,-0.39,-0.08,0,0,-10.00
1997-06-25T02:00:00,-0.6,0.74,-0.18,0.92,-0.78,0.59,1.03,-0.36,-0.07,0,0,-8.00
1997-06-25T03:00:00,-0.68,0.75,0.16,0.96,-0.78,0.71,0.95,-0.39,-0.09,0,0,-4.00
1997-06-25T04:00:00,-0.46,0.84,0.24,0.94,-0.81,0.7,1.07,-0.43,-0.1,0,0,-6.00
1997-06-25T05:00:00,-0.52,0.51,0.43,0.94,-0.54,0.52,1.32,-0.4,-0.03,0,0,-5.00
1997-06-25T06:00:00,-0.06,-0.06,0.31,0.82,-0.11,0.87,2.33,-0.42,1.64,0,0,-1.00
1997-06-25T07:00:00,-0.12,0.08,-0.14,0.7,0.05,1.17,1.55,-0.32,1.8,0,0,5.00
1997-06-25T08:00:00,0.31,-0.74,-0.54,0.67,-0.05,0.98,1.1,-0.32,-0.07,0,0,10.00
1997-06-25T09:00:00,0.43,-0.65,-0.13,0.62,0.19,1.08,1.89,-0.35,0.09,0,0,7.00
1997-06-25T10:00:00,0.43,-0.63,-0.07,0.62,0.22,0.83,1.74,-0.37,0.07,0,0,-2.00
1997-06-25T11:00:00,0.37,-0.84,-0.12,0.6,0.44,0.63,1.31,-0.37,-0.04,0,0,-4.00
1997-06-25T12:00:00,0.01,-1.02,-0.16,0.67,0.15,0.59,0.71,-0.35,-0.1,0,0,-2.00
1997-06-25T13:00:00,0.13,-1.02,0.14,0.69,0.3,0.75,0.74,-0.35,-0.09,0,0,-4.00
1997-06-25T14:00:00,0.5,-0.64,0.06,0.7,0.4,0.75,0.94,-0.32,0.02,0,0,-8.00
1997-06-25T15:00:00,0.83,-0.56,0.31,0.76,0.2,0.96,0.56,-0.15,-0.03,0,0,-8.00
1997-06-25T16:00:00,0.71,-0.71,-0.08,0.75,0.16,0.73,0.56,-0.26,-0.07,0,0,-10.00
1997-06-25T17:00:00,0.11,-0.22,0.01,0.81,0.08,0.87,1.91,-0.42,2.29,0,0,-10.00
1997-06-25T18:00:00,-0.54,0.4,-0.01,0.86,-0.27,0.68,2.56,-0.48,0.06,0,0,-7.00
1997-06-25T19:00:00,0.38,-0.17,0.19,0.84,-0.23,0.6,2.97,-0.49,0.53,0,0,2.00
1997-06-25T20:00:00,-0.1,0.24,0.23,0.81,-0.27,0.59,3.08,-0.44,1.25,0,0,5.00
1997-06-25T21:00:00,0.51,-0.77,-0.17,0.72,-0.21,0.39,1.55,-0.39,-0.04,0,0,10.00
1997-06-25T22:00:00,0.1,-0.61,-0.33,0.54,0.04,0.07,0.49,-0.33,-0.02,0,0,9.00
1997-06-25T23:00:00,0.73,-0.41,0.39,0.53,0.24,-0.1,0.32,-0.15,-0.02,0,0,-3.00
1997-06-26T00:00:00,0.8,-0.31,0.31,0.68,0.16,0.09,0.31,-0.3,-0.07,0,0,-11.00
1997-06-26T01:00:00,0.49,-0.25,0.08,0.77,0.25,0.13,0.2,-0.16,0.24,0,0,-13.00
1997-06-26T02:00:00,-0.23,-0.1,-0.07,0.67,0.37,-0.04,0.23,-0.34,0.69,0,0,-12.00
1997-06-26T03:00:00,0.11,-0.24,-0.19,0.81,0.36,-0.23,0.21,-0.36,0.28,0,0,-8.00
1997-06-26T04:00:00,0.09,-0.17,-0.04,0.86,0.27,-0.25,0.24,-0.4,1.26,0,0,-7.00
1997-06-26T05:00:00,0.08,-0.23,-0.01,0.9,0.09,-0.35,0.28,-0.46,0.65,0,0,-6.00
1997-06-26T06:00:00,0.03,-0.14,0.13,0.97,-0.06,-0.45,0.26,-0.5,1.79,0,0,-3.00
1997-06-26T07:00:00,0.2,-0.23,0.08,0.95,0.17,-0.42,0.22,-0.52,0.2,0,0,-4.00
1997-06-26T08:00:00,0.2,-0.31,0.05,0.91,0.22,-0.39,0.28,-0.5,0.13,0,0,-4.00
1997-06-26T09:00:00,0.13,-0.3,-0.1,0.9,0.08,-0.46,0.38,-0.49,0.15,0,0,-1.00
1997-06-26T10:00:00,-0.0,-0.24,0.01,1.01,0.04,-0.75,0.48,-0.5,0.59,0,0,1.00
1997-06-26T11:00:00,-0.29,0.4,0.23,1.07,-0.11,-0.7,0.42,-0.47,-0.02,0,0,4.00
1997-06-26T12:00:00,-0.29,0.53,0.05,1.05,-0.24,-0.36,0.57,-0.46,-0.04,0,0,4.00
1997-06-26T13:00:00,-0.25,0.44,0.15,1.07,-0.23,-0.38,0.54,-0.48,-0.0,0,0,4.00
1997-06-26T14:00:00,-0.1,0.33,0.15,1.1,-0.25,-0.32,0.51,-0.51,0.1,0,0,4.00
1997-06-26T15:00:00,-0.01,0.34,0.14,1.1,-0.19,-0.17,0.58,-0.53,0.06,0,0,1.00
1997-06-26T16:00:00,0.17,0.5,0.18,1.04,-0.36,0.03,0.44,-0.54,-0.09,0,0,-2.00
1997-06-26T17:00:00,0.18,0.35,0.2,1.04,-0.09,0.16,0.83,-0.5,0.09,0,0,-3.00
1997-06-26T18:00:00,0.03,-0.05,-0.21,1.06,0.1,0.37,0.94,-0.49,0.36,0,0,-2.00
1997-06-26T19:00:00,-0.25,-0.01,0.08,1.11,0.07,0.29,0.96,-0.5,0.69,0,0,-1.00
1997-06-26T20:00:00,0.02,0.03,0.07,1.07,0.09,0.31,1.27,-0.51,21.93,0,0,-1.00
1997-06-26T21:00:00,-0.01,0.14,0.1,1.03,0.18,-0.08,1.89,-0.51,2.75,0,0,1.00
1997-06-26T22:00:00,0.09,-0.73,0.03,1.0,0.39,0.14,0.46,-0.49,-0.1,0,0,5.00
1997-06-26T23:00:00,0.27,-0.79,0.32,1.03,0.39,0.41,0.08,-0.48,-0.14,0,0,3.00
1997-06-27T00:00:00,0.14,-0.73,0.34,1.02,0.44,0.31,0.1,-0.47,-0.13,0,0,-6.00
1997-06-27T01:00:00,0.13,-0.44,0.39,1.0,0.37,0.26,0.2,-0.5,-0.08,0,0,-8.00
1997-06-27T02:00:00,0.2,-0.11,0.11,0.99,0.4,-0.05,1.05,-0.55,0.71,1,0,-7.00
1997-06-27T03:00:00,0.24,-0.03,0.05,1.01,0.16,-0.16,1.25,-0.54,0.7,1,0,0.00
1997-06-27T04:00:00,0.42,-0.02,-0.03,1.05,-0.21,-0.37,1.41,-0.54,0.09,1,0,1.00
1997-06-27T05:00:00,0.47,0.12,0.11,1.06,-0.22,-0.25,1.63,-0.52,0.1,1,0,5.00
1997-06-27T06:00:00,0.02,0.21,0.11,0.93,-0.32,-0.09,2.4,-0.52,1.38,1,0,4.00
1997-06-27T07:00:00,-0.28,0.5,-0.14,0.88,-0.61,0.19,2.56,-0.47,0.13,1,0,10.00
1997-06-27T08:00:00,0.09,-0.41,-0.52,0.75,-0.95,0.24,3.3,-0.38,0.18,1,0,16.00
1997-06-27T09:00:00,-0.13,-0.77,-1.17,0.63,-0.96,0.13,2.59,-0.45,-0.14,1,0,12.00
1997-06-27T10:00:00,0.08,-0.7,-0.62,0.57,-0.96,-0.16,3.28,-0.32,0.06,1,0,8.00
1997-06-27T11:00:00,0.34,-0.38,0.77,0.46,-0.42,-0.73,1.21,-0.03,0.12,1,0,-5.00
1997-06-27T12:00:00,0.33,-0.34,0.38,0.28,0.11,-0.98,0.63,0.25,0.71,1,0,-20.00
1997-06-27T13:00:00,0.19,0.3,-0.13,0.05,0.85,-0.63,0.44,0.39,1.44,1,0,-19.00
1997-06-27T14:00:00,0.32,-0.58,0.3,0.07,0.58,-0.4,0.15,0.36,0.31,1,0,-15.00
1997-06-27T15:00:00,0.7,-0.21,-0.37,-0.35,0.34,0.56,0.03,0.27,0.07,1,0,-19.00
1997-06-27T16:00:00,0.57,-0.1,-0.24,-0.54,0.42,0.69,-0.01,0.37,0.28,1,0,-21.00
1997-06-27T17:00:00,0.45,-0.55,0.3,-0.65,0.48,0.8,-0.09,0.34,0.15,1,0,-23.00
1997-06-27T18:00:00,0.65,-0.5,-0.04,-0.65,0.39,0.61,-0.16,0.35,0.08,1,0,-25.00
