2016-01-24T22:00:00,0.57,-0.51,0.47,0.0,0.88,-1.41,0.54,-0.5,-0.13,0,1,1.00
2016-01-24T23:00:00,0.68,-0.49,0.34,0.05,0.87,-1.02,0.33,-0.52,-0.15,0,1,-5.00
2016-01-25T00:00:00,0.88,-0.37,0.0,0.03,0.75,-0.71,0.25,-0.54,-0.16,0,1,-11.00
2016-01-25T01:00:00,0.91,-0.12,0.14,0.02,0.26,-0.86,0.0,-0.57,-0.17,0,1,-13.00
2016-01-25T02:00:00,0.88,-0.12,0.25,0.08,0.12,-1.08,-0.16,-0.56,-0.17,0,1,-11.00
2016-01-25T03:00:00,0.93,-0.11,0.2,0.13,0.2,-0.97,-0.14,-0.57,-0.18,0,1,-12.00
2016-01-25T04:00:00,0.95,-0.09,0.27,0.07,-0.7,-0.69,0.58,-0.58,-0.17,0,1,-15.00
2016-01-25T05:00:00,0.99,-0.26,0.23,0.25,0.4,-0.97,-0.14,-0.58,-0.18,0,1,-17.00
2016-01-25T06:00:00,0.98,-0.19,0.4,0.36,0.23,-1.3,-0.19,-0.57,-0.18,0,1,-15.00
2016-01-25T07:00:00,0.98,-0.15,0.42,0.39,0.25,-1.31,-0.2,-0.57,-0.18,0,1,-10.00
2016-01-25T08:00:00,0.81,-0.09,0.65,0.55,0.01,-1.85,-0.27,-0.57,-0.18,0,1,-8.00
2016-01-25T09:00:00,1.03,-0.28,0.35,0.5,0.93,-0.72,0.14,-0.57,-0.18,0,1,-7.00
2016-01-25T10:00:00,1.1,-0.19,0.31,0.48,0.31,-0.85,-0.24,-0.58,-0.18,0,1,-7.00
2016-01-25T11:00:00,1.14,-0.2,0.26,0.52,0.22,-0.79,-0.23,-0.59,-0.19,0,1,-8.00
2016-01-25T12:00:00,1.16,-0.21,0.28,0.56,0.16,-0.79,-0.23,-0.59,-0.19,0,1,-6.00
2016-01-25T13:00:00,1.19,-0.18,0.27,0.6,0.27,-0.92,-0.33,-0.58,-0.19,0,1,-9.00
2016-01-25T14:00:00,1.2,-0.2,0.26,0.62,0.17,-0.92,-0.34,-0.59,-0.19,0,1,-10.00
2016-01-25T15:00:00,1.17,-0.21,0.3,0.65,0.02,-0.75,-0.29,-0.59,-0.19,0,1,-10.00
2016-01-25T16:00:00,1.14,-0.19,0.31,0.69,0.06,-0.67,-0.25,-0.59,-0.19,0,1,-13.00
2016-01-25T17:00:00,1.13,-0.19,0.27,0.72,0.12,-0.52,-0.22,-0.6,-0.19,0,1,-13.00
2016-01-25T18:00:00,1.1,-0.16,0.29,0.75,0.14,-0.53,-0.31,-0.59,-0.19,0,1,-14.00
2016-01-25T19:00:00,1.07,-0.12,0.26,0.75,0.12,-0.29,-0.22,-0.59,-0.19,0,1,-13.00
2016-01-25T20:00:00,1.07,-0.11,0.28,0.77,0.16,-0.37,-0.26,-0.59,-0.19,0,1,-9.00
2016-01-25T21:00:00,1.06,-0.09,0.28,0.79,0.17,-0.24,-0.28,-0.59,-0.19,0,1,-7.00
2016-01-25T22:00:00,1.04,-0.03,0.27,0.82,0.1,-0.09,-0.29,-0.59,-0.19,0,1,-10.00
2016-01-25T23:00:00,1.04,-0.08,0.28,0.84,0.13,0.01,-0.24,-0.59,-0.18,0,1,-12.00
2016-01-26T00:00:00,1.05,-0.13,0.35,0.89,0.25,0.01,-0.29,-0.59,-0.19,0,1,-13.00
2016-01-26T01:00:00,1.05,-0.05,0.38,0.88,0.23,0.04,-0.14,-0.59,-0.18,0,1,-11.00
2016-01-26T02:00:00,0.95,-0.06,0.45,0.88,0.22,0.01,0.18,-0.57,-0.18,0,1,-6.00
2016-01-26T03:00:00,0.82,0.06,0.38,0.89,0.2,-0.0,0.9,-0.55,-0.14,0,0,-3.00
2016-01-26T04:00:00,0.8,0.14,0.36,0.98,0.15,0.05,1.08,-0.55,-0.14,0,0,-3.00
2016-01-26T05:00:00,0.81,0.22,0.35,1.06,0.13,0.04,0.91,-0.55,-0.14,0,0,-2.00
2016-01-26T06:00:00,0.65,0.17,0.42,1.08,0.14,-0.33,1.31,-0.55,-0.12,0,0,0.00
2016-01-26T07:00:00,0.66,0.27,0.42,1.12,-0.02,-0.29,1.38,-0.56,-0.13,0,0,3.00
2016-01-26T08:00:00,0.58,0.4,0.44,1.17,-0.14,-0.25,1.07,-0.54,-0.13,0,0,4.00
2016-01-26T09:00:00,0.73,0.33,0.43,1.2,-0.16,-0.17,1.0,-0.56,-0.15,0,0,4.00
2016-01-26T10:00:00,0.88,0.39,0.44,1.2,-0.15,0.1,0.65,-0.56,-0.16,0,0,1.00
2016-01-26T11:00:00,0.47,0.41,0.55,1.22,-0.22,-0.06,1.44,-0.54,-0.12,0,0,0.00
2016-01-26T12:00:00,0.77,0.41,0.46,1.2,-0.16,0.05,0.96,-0.54,-0.15,0,0,3.00
2016-01-26T13:00:00,0.86,0.45,0.4,1.25,-0.25,0.13,0.96,-0.56,-0.16,0,0,0.00
2016-01-26T14:00:00,0.44,0.56,0.53,1.36,-0.15,0.23,1.61,-0.55,-0.13,0,0,0.00
2016-01-26T15:00:00,0.49,0.46,0.57,1.41,-0.06,0.09,1.51,-0.55,-0.13,0,0,-3.00
2016-01-26T16:00:00,-0.11,0.23,0.76,1.39,0.54,0.84,2.66,-0.54,-0.08,0,0,-2.00
2016-01-26T17:00:00,0.3,0.06,0.6,1.34,-0.06,0.11,1.37,-0.5,-0.05,0,0,-3.00
2016-01-26T18:00:00,0.58,-0.12,0.74,1.32,-0.03,0.16,0.91,-0.56,-0.16,0,0,-4.00
2016-01-26T19:00:00,0.54,-0.0,0.26,1.03,-0.25,-0.21,0.7,-0.45,0.02,0,0,0.00
2016-01-26T20:00:00,-0.18,-0.48,0.19,0.99,-0.23,-0.51,0.08,-0.31,0.09,0,0,5.00
2016-01-26T21:00:00,-0.47,-0.56,0.09,1.02,-0.24,-0.21,0.05,-0.35,-0.07,0,0,4.00
2016-01-26T22:00:00,-0.01,-0.57,-0.02,1.03,0.03,-0.13,0.14,-0.46,-0.05,0,0,2.00
2016-01-26T23:00:00,0.52,-0.48,0.06,1.08,-0.08,-0.18,0.66,-0.54,-0.12,0,0,2.00
2016-01-27T00:00:00,0.66,-0.38,0.14,1.12,-0.25,-0.35,1.76,-0.54,-0.08,0,0,2.00
2016-01-27T01:00:00,0.57,-0.39,0.25,1.18,-0.33,-0.39,2.64,-0.56,-0.06,0,0,4.00
2016-01-27T02:00:00,0.46,-0.38,0.57,1.28,-0.5,-0.35,3.21,-0.57,-0.09,0,0,4.00
2016-01-27T03:00:00,0.86,-0.05,0.56,1.37,-0.47,-0.29,2.15,-0.56,-0.14,0,0,8.00
2016-01-27T04:00:00,0.79,-0.29,0.66,1.37,-0.63,-0.28,2.12,-0.53,-0.13,0,0,11.00
2016-01-27T05:00:00,0.63,-0.67,0.57,1.37,-0.73,-0.37,1.96,-0.52,-0.13,0,0,7.00
2016-01-27T06:00:00,0.71,-0.75,-0.03,1.41,-0.84,-1.15,2.16,-0.46,-0.07,0,0,9.00
2016-01-27T07:00:00,0.1,-0.35,0.66,1.29,-0.66,-0.6,1.8,-0.5,-0.06,0,0,9.00
2016-01-27T08:00:00,-0.68,0.12,1.23,1.16,-0.27,-0.56,-0.02,-0.51,-0.18,0,0,12.00
2016-01-27T09:00:00,-0.73,1.01,0.67,1.12,-0.06,-0.58,-0.24,-0.43,-0.18,0,0,11.00
2016-01-27T10:00:00,-0.63,0.98,0.79,1.09,-0.11,-0.53,-0.2,-0.41,-0.17,0,0,4.00
2016-01-27T11:00:00,-0.77,1.03,0.53,1.09,0.11,-1.07,-0.16,-0.44,-0.17,0,0,-1.00
2016-01-27T12:00:00,-0.23,1.17,0.01,0.97,0.15,-1.04,-0.0,-0.3,-0.14,0,0,1.00
2016-01-27T13:00:00,0.06,1.19,0.0,0.94,0.01,-1.1,0.03,-0.29,-0.14,0,0,1.00
2016-01-27T14:00:00,-0.58,1.04,0.36,1.07,0.18,-1.27,0.04,-0.31,-0.15,0,0,4.00
2016-01-27T15:00:00,-0.74,0.92,0.41,1.08,0.36,-1.15,0.05,-0.37,-0.15,0,0,0.00
2016-01-27T16:00:00,-0.79,0.78,0.48,1.02,0.45,-1.0,0.07,-0.4,-0.15,0,0,-6.00
2016-01-27T17:00:00,-0.81,0.75,0.33,1.06,0.33,-0.85,0.06,-0.4,-0.15,0,0,-8.00
2016-01-27T18:00:00,-0.65,0.82,0.37,1.05,-0.0,-0.98,0.08,-0.38,-0.15,0,0,-5.00
2016-01-27T19:00:00,-0.83,0.78,0.25,1.12,0.02,-0.95,0.01,-0.42,-0.16,0,0,-1.00
2016-01-27T20:00:00,-0.77,0.71,-0.07,1.12,-0.05,-0.71,-0.0,-0.38,-0.14,0,0,4.00
2016-01-27T21:00:00,-0.63,0.92,0.01,1.13,-0.45,-0.72,0.12,-0.35,-0.14,0,0,2.00
2016-01-27T22:00:00,-0.58,0.78,0.05,1.18,-0.64,-0.51,0.28,-0.4,-0.13,0,0,-1.00
2016-01-27T23:00:00,-0.84,0.68,0.6,1.28,-0.66,-0.97,0.23,-0.51,-0.17,0,0,0.00
2016-01-28T00:00:00,-0.85,0.75,0.68,1.24,-0.7,-1.03,0.42,-0.51,-0.17,0,0,-2.00
2016-01-28T01:00:00,-0.75,0.87,0.83,1.24,-0.5,-0.97,0.56,-0.53,-0.17,0,0,-3.00
2016-01-28T02:00:00,-0.65,1.14,0.67,1.27,-0.58,-0.83,0.66,-0.52,-0.17,0,0,0.00
2016-01-28T03:00:00,-0.59,1.12,0.61,1.29,-0.6,-1.02,0.86,-0.52,-0.17,0,0,3.00
2016-01-28T04:00:00,-0.62,1.29,0.36,1.33,-0.73,-0.93,0.97,-0.5,-0.17,0,0,4.00
2016-01-28T05:00:00,-0.08,0.92,-0.03,1.18,-0.45,-0.43,0.94,-0.48,-0.12,0,0,3.00
2016-01-28T06:00:00,0.61,0.71,-0.75,1.05,-0.31,0.06,0.75,-0.42,-0.15,0,0,5.00
2016-01-28T07:00:00,0.75,0.51,-0.91,1.07,-0.12,0.19,0.48,-0.44,-0.16,0,0,8.00
2016-01-28T08:00:00,0.52,0.91,-0.76,1.06,0.13,0.24,0.2,-0.36,-0.16,0,0,6.00
2016-01-28T09:00:00,0.29,0.8,-0.53,1.09,0.12,0.24,0.43,-0.17,-0.08,0,0,-6.00
2016-01-28T10:00:00,-0.18,0.71,-0.01,1.23,0.17,-0.41,0.49,-0.08,0.12,0,0,-15.00
2016-01-28T11:00:00,-0.62,0.45,0.69,1.3,0.26,-0.96,0.48,-0.18,-0.07,0,0,-24.00
2016-01-28T12:00:00,-0.35,0.57,0.43,1.23,0.11,-0.65,0.46,-0.19,0.02,0,0,-27.00
2016-01-28T13:00:00,-0.23,0.76,0.37,1.18,-0.03,-0.45,0.36,-0.2,-0.03,0,0,-22.00
2016-01-28T14:00:00,-0.59,0.41,0.45,1.28,0.35,-0.65,0.22,-0.16,-0.02,0,0,-14.00
2016-01-28T15:00:00,0.29,0.85,-0.25,1.09,0.02,0.2,0.08,-0.31,-0.11,0,0,-12.00
2016-01-28T16:00:00,0.15,0.97,-0.02,1.17,0.05,-0.28,0.02,-0.36,-0.13,0,0,-12.00
2016-01-28T17:00:00,-0.12,0.86,0.14,1.27,0.16,-0.39,-0.03,-0.35,-0.12,0,0,-14.00
2016-01-28T18:00:00,-0.05,0.88,-0.05,1.24,0.05,0.04,-0.13,-0.35,-0.13,0,0,-17.00
2016-01-28T19:00:00,-0.23,0.89,0.27,1.31,-0.27,-0.48,-0.13,-0.32,-0.13,0,0,-17.00
2016-01-28T20:00:00,-0.33,0.76,-0.0,1.35,0.25,0.03,-0.12,-0.29,-0.1,0,0,-13.00
2016-01-28T21:00:00,-0.57,0.64,0.12,1.45,0.3,-0.31,-0.2,-0.35,-0.13,0,0,-12.00
2016-01-28T22:00:00,-0.32,0.62,0.07,1.37,0.3,-0.36,-0.22,-0.35,-0.1,0,0,-14.00
2016-01-28T23:00:00,-0.27,0.76,0.27,1.35,0.18,-0.46,-0.32,-0.38,-0.14,0,0,-11.00
2016-01-29T00:00:00,0.49,0.78,0.03,1.05,-0.06,-0.01,-0.47,-0.5,-0.17,0,0,-9.00
2016-01-29T01:00:00,-0.3,0.91,0.26,1.33,0.39,-0.4,-0.58,-0.37,-0.17,0,1,-7.00
2016-01-29T02:00:00,-0.4,0.87,0.3,1.39,0.15,-0.27,-0.59,-0.27,-0.16,0,1,-6.00
2016-01-29T03:00:00,-0.17,0.95,0.27,1.38,0.27,-0.44,-0.65,-0.39,-0.17,0,1,-7.00
2016-01-29T04:00:00,-0.2,0.92,0.26,1.41,0.13,-0.38,-0.62,-0.42,-0.17,0,1,-9.00
2016-01-29T05:00:00,-0.49,0.75,0.02,1.42,1.03,-0.36,-0.63,-0.21,-0.15,0,1,-13.00
2016-01-29T06:00:00,-0.07,0.75,-0.03,1.5,-0.04,0.08,-0.34,-0.51,-0.16,0,1,-12.00
2016-01-29T07:00:00,-0.24,0.73,-0.11,1.56,0.07,0.18,-0.24,-0.53,-0.17,0,1,-9.00
2016-01-29T08:00:00,0.28,0.76,0.14,1.46,-0.02,0.02,-0.35,-0.56,-0.18,0,1,-9.00
2016-01-29T09:00:00,0.37,0.73,0.15,1.44,-0.09,-0.11,-0.4,-0.57,-0.18,0,1,-9.00
2016-01-29T10:00:00,0.23,0.74,0.05,1.47,-0.11,0.2,-0.18,-0.56,-0.17,0,1,-10.00
2016-01-29T11:00:00,0.38,0.64,-0.12,1.51,-0.17,0.35,-0.1,-0.56,-0.17,0,1,-10.00
2016-01-29T12:00:00,0.36,0.67,-0.17,1.53,-0.11,0.25,-0.14,-0.56,-0.17,0,1,-6.00
2016-01-29T13:00:00,0.43,0.66,-0.1,1.55,-0.07,0.26,-0.14,-0.56,-0.17,0,1,-6.00
2016-01-29T14:00:00,0.39,0.68,-0.22,1.55,-0.11,0.26,-0.23,-0.57,-0.18,0,1,-7.00
2016-01-29T15:00:00,0.31,0.66,-0.29,1.59,-0.12,0.39,-0.24,-0.57,-0.18,0,1,-10.00
2016-01-29T16:00:00,0.21,0.55,-0.32,1.61,-0.12,0.48,-0.02,-0.56,-0.16,0,1,-11.00
2016-01-29T17:00:00,0.1,0.58,-0.29,1.62,-0.04,0.43,0.11,-0.58,-0.17,0,1,-11.00
2016-01-29T18:00:00,-0.08,0.67,-0.17,1.62,-0.02,0.47,0.1,-0.58,-0.16,0,1,-12.00
2016-01-29T19:00:00,-0.18,0.62,-0.09,1.66,-0.02,0.43,0.21,-0.57,-0.15,0,1,-10.00
2016-01-29T20:00:00,-0.21,0.51,0.09,1.7,-0.1,0.18,0.41,-0.55,-0.11,0,0,-6.00
2016-01-29T21:00:00,-0.32,0.33,0.05,1.73,0.07,0.2,0.55,-0.54,-0.05,0,0,-5.00
2016-01-29T22:00:00,-0.35,0.24,0.07,1.73,0.13,0.01,0.65,-0.55,-0.03,0,0,-6.00
2016-01-29T23:00:00,-0.38,0.18,-0.04,1.74,0.13,0.01,0.69,-0.55,-0.04,0,0,-5.00
2016-01-30T00:00:00,-0.26,0.34,0.18,1.72,0.01,-0.06,0.76,-0.55,-0.04,0,0,-4.00
2016-01-30T01:00:00,-0.4,0.26,0.24,1.78,-0.03,-0.11,0.73,-0.54,-0.07,0,0,-3.00
2016-01-30T02:00:00,-0.52,0.16,-0.09,1.83,0.02,0.1,0.76,-0.56,-0.1,0,0,-1.00
2016-01-30T03:00:00,-0.45,0.27,-0.14,1.81,-0.1,0.03,0.71,-0.55,-0.09,0,0,-1.00
2016-01-30T04:00:00,-0.16,0.39,-0.09,1.77,-0.4,0.03,0.93,-0.57,-0.06,0,0,-1.00
2016-01-30T05:00:00,-0.12,0.43,-0.03,1.78,-0.38,0.04,1.04,-0.57,-0.07,0,0,-4.00
2016-01-30T06:00:00,0.02,0.33,-0.13,1.78,-0.3,0.2,1.38,-0.59,-0.06,0,0,-2.00
2016-01-30T07:00:00,-0.21,0.13,-0.14,1.87,-0.2,0.17,1.38,-0.58,0.02,0,0,2.00
2016-01-30T08:00:00,-0.49,0.07,0.03,1.92,-0.06,0.06,1.26,-0.58,-0.08,0,0,0.00
2016-01-30T09:00:00,-0.54,0.13,0.11,1.94,-0.14,-0.15,1.43,-0.58,-0.09,0,0,-4.00
2016-01-30T10:00:00,-0.5,0.15,0.24,1.95,-0.23,-0.23,1.44,-0.58,-0.09,0,0,-7.00
2016-01-30T11:00:00,-0.58,0.23,0.06,1.96,-0.31,-0.04,1.39,-0.57,-0.1,0,0,-9.00
2016-01-30T12:00:00,-0.83,0.3,0.06,1.97,-0.34,-0.02,0.94,-0.58,-0.16,0,0,-10.00
2016-01-30T13:00:00,-0.85,0.33,0.02,2.0,-0.43,0.1,0.97,-0.58,-0.16,0,0,-11.00
2016-01-30T14:00:00,-0.78,0.36,0.05,1.99,-0.42,0.01,1.25,-0.58,-0.15,0,0,-7.00
2016-01-30T15:00:00,-0.81,0.26,0.04,1.97,-0.38,-0.09,1.33,-0.57,-0.14,0,0,-6.00
2016-01-30T16:00:00,-0.72,0.17,0.18,1.93,-0.33,-0.25,1.59,-0.56,-0.11,0,0,-7.00
2016-01-30T17:00:00,-0.02,0.81,0.04,1.86,-0.45,-0.31,1.68,-0.56,-0.12,0,0,-7.00
2016-01-30T18:00:00,-0.15,0.85,0.04,1.78,-0.57,-0.24,1.81,-0.56,-0.13,0,0,-4.00
2016-01-30T19:00:00,-0.0,0.82,-0.08,1.79,-0.52,-0.27,2.21,-0.57,-0.12,0,0,0.00
2016-01-30T20:00:00,0.22,0.74,-0.17,1.82,-0.52,-0.43,2.8,-0.56,-0.1,0,0,6.00
2016-01-30T21:00:00,0.05,0.81,-0.13,1.84,-0.51,-0.34,2.55,-0.56,-0.11,0,0,8.00
2016-01-30T22:00:00,-0.18,0.94,-0.2,1.83,-0.56,-0.23,2.25,-0.57,-0.14,0,0,8.00
2016-01-30T23:00:00,-0.21,1.04,-0.37,1.86,-0.47,-0.04,2.07,-0.57,-0.16,0,0,8.00
2016-01-31T00:00:00,-0.13,0.98,-0.36,1.84,-0.41,-0.05,2.74,-0.57,-0.15,0,0,4.00
2016-01-31T01:00:00,0.01,1.1,-0.42,1.82,-0.41,-0.03,2.92,-0.58,-0.16,0,0,1.00
2016-01-31T02:00:00,0.28,1.1,-0.38,1.81,-0.37,-0.06,2.94,-0.58,-0.16,0,0,0.00
2016-01-31T03:00:00,0.61,1.0,-0.34,1.82,-0.3,-0.04,2.63,-0.57,-0.16,0,0,1.00
2016-01-31T04:00:00,0.57,1.0,-0.45,1.79,-0.21,-0.17,2.12,-0.56,-0.16,0,0,-1.00
2016-01-31T05:00:00,0.6,0.99,-0.65,1.78,-0.21,-0.13,1.82,-0.56,-0.17,0,0,-4.00
2016-01-31T06:00:00,0.44,0.89,-0.61,1.77,-0.41,-0.22,1.94,-0.55,-0.16,0,0,-6.00
2016-01-31T07:00:00,0.39,0.62,-0.62,1.8,-0.61,-0.45,2.88,-0.57,-0.14,0,0,-12.00
2016-01-31T08:00:00,0.26,0.61,-0.8,1.74,-0.46,0.17,2.8,-0.53,-0.13,0,0,-15.00
2016-01-31T09:00:00,0.31,0.87,-1.01,1.81,-0.62,-0.29,1.15,-0.55,-0.18,0,0,-19.00
2016-01-31T10:00:00,0.41,0.7,-0.97,1.81,-0.32,-0.05,0.89,-0.57,-0.18,0,0,-23.00
2016-01-31T11:00:00,0.33,0.76,-0.63,1.9,-0.19,-0.0,1.53,-0.55,-0.16,0,0,-26.00
2016-01-31T12:00:00,0.43,0.31,-0.65,1.92,-0.28,-0.12,2.78,-0.54,-0.11,0,0,-29.00
2016-01-31T13:00:00,0.45,0.63,-0.7,1.84,0.0,-0.17,2.13,-0.56,-0.15,0,0,-28.00
2016-01-31T14:00:00,0.37,0.48,-0.86,1.8,-0.08,-0.03,1.72,-0.56,-0.16,0,0,-20.00
2016-01-31T15:00:00,0.09,1.06,-0.85,1.72,0.18,0.17,1.03,-0.58,-0.18,0,0,-18.00
2016-01-31T16:00:00,0.41,0.99,-0.83,1.74,0.03,-0.0,0.9,-0.56,-0.18,0,0,-22.00
2016-01-31T17:00:00,0.61,0.94,-0.89,1.74,0.03,-0.06,0.92,-0.55,-0.18,0,0,-28.00
2016-01-31T18:00:00,0.74,1.0,-0.93,1.74,-0.03,-0.23,0.92,-0.55,-0.18,0,0,-32.00
2016-01-31T19:00:00,0.49,1.09,-1.09,1.68,-0.06,-0.32,1.04,-0.52,-0.18,0,0,-30.00
2016-01-31T20:00:00,1.06,0.05,-0.83,1.51,0.33,-0.13,1.12,-0.42,-0.15,0,0,-27.00
2016-01-31T21:00:00,1.07,0.32,-0.82,1.51,0.33,-0.28,1.53,-0.43,-0.14,0,0,-31.00
2016-01-31T22:00:00,0.69,1.18,-1.0,1.56,0.04,0.05,1.96,-0.5,-0.17,0,0,-38.00
2016-01-31T23:00:00,0.53,1.15,-0.61,1.58,0.05,0.14,2.64,-0.53,-0.15,0,0,-39.00
2016-02-01T00:00:00,0.29,0.91,-0.95,1.57,0.24,0.12,2.63,-0.54,-0.16,0,0,---
2016-02-01T01:00:00,0.51,1.05,-0.62,1.57,0.24,0.18,3.18,-0.53,-0.15,0,0,-39.00
2016-02-01T02:00:00,0.85,0.68,-0.82,1.57,0.21,-0.02,2.53,-0.52,-0.15,0,0,-44.00
2016-02-01T03:00:00,1.12,0.53,-0.8,1.6,0.26,-0.14,2.28,-0.51,-0.16,0,0,-47.00
2016-02-01T04:00:00,1.0,0.71,-0.83,1.62,-0.07,-0.2,2.15,-0.49,-0.15,0,0,-45.00
2016-02-01T05:00:00,1.15,0.13,-0.78,1.62,-0.04,-0.29,2.03,-0.49,-0.15,0,0,-40.00
2016-02-01T06:00:00,1.34,-0.17,-0.84,1.62,0.18,-0.39,1.81,-0.5,-0.16,0,0,-46.00
2016-02-01T07:00:00,0.78,-0.56,-0.19,1.53,0.11,-0.08,3.06,-0.48,-0.05,0,0,-48.00
2016-02-01T08:00:00,-0.9,1.0,0.58,1.62,0.36,-0.66,1.03,-0.36,-0.14,0,0,-51.00
2016-02-01T09:00:00,-1.18,1.15,0.69,1.66,0.18,-0.68,0.4,-0.37,-0.17,0,0,-50.00
2016-02-01T10:00:00,-1.06,1.39,0.33,1.64,-0.01,-0.22,0.4,-0.39,-0.17,0,0,-48.00
2016-02-01T11:00:00,-1.05,1.39,0.35,1.6,0.07,-0.28,0.55,-0.35,-0.16,0,0,-40.00
2016-02-01T12:00:00,-1.02,1.4,0.37,1.6,-0.08,-0.02,0.4,-0.39,-0.17,0,0,-32.00
2016-02-01T13:00:00,-0.91,1.31,0.33,1.7,-0.19,-0.2,0.91,-0.46,-0.16,0,0,-29.00
2016-02-01T14:00:00,-0.88,1.26,0.2,1.69,0.0,-0.03,1.04,-0.43,-0.15,0,0,-27.00
2016-02-01T15:00:00,-0.63,0.9,0.45,1.75,-0.27,-0.14,1.89,-0.49,-0.13,0,0,-26.00
2016-02-01T16:00:00,-0.62,0.75,0.47,1.78,-0.39,-0.1,2.17,-0.49,-0.11,0,0,-23.00
2016-02-01T17:00:00,-0.61,0.73,0.46,1.82,-0.36,-0.12,2.27,-0.49,-0.1,0,0,-22.00
2016-02-01T18:00:00,-0.66,0.74,0.33,1.86,-0.3,-0.14,2.33,-0.49,-0.09,0,0,-16.00
2016-02-01T19:00:00,-0.63,0.7,0.31,1.91,-0.34,0.03,2.26,-0.49,-0.08,0,0,-12.00
2016-02-01T20:00:00,-0.64,0.69,0.25,1.92,-0.33,0.12,2.28,-0.48,-0.07,0,0,-7.00
2016-02-01T21:00:00,-0.62,0.66,0.14,1.91,-0.33,0.04,2.28,-0.48,-0.06,0,0,-6.00
2016-02-01T22:00:00,-0.6,0.57,0.08,1.88,-0.14,0.13,2.54,-0.53,-0.07,0,0,-7.00
2016-02-01T23:00:00,-0.6,0.52,-0.01,1.92,-0.04,0.09,2.82,-0.53,-0.06,0,0,-7.00
2016-02-02T00:00:00,-0.38,0.32,-0.02,1.92,-0.2,0.19,2.46,-0.54,0.09,0,0,-5.00
2016-02-02T01:00:00,0.27,-0.95,-0.12,1.94,-0.48,0.13,2.13,-0.55,-0.13,0,0,-5.00
2016-02-02T02:00:00,0.25,-0.93,-0.11,1.96,-0.59,0.26,2.57,-0.52,-0.1,0,0,-4.00
2016-02-02T03:00:00,-0.09,-0.99,-0.25,1.84,-0.37,0.29,3.17,-0.55,-0.12,0,0,-6.00
2016-02-02T04:00:00,-0.43,-0.92,-0.11,1.83,-0.36,0.44,3.56,-0.56,-0.12,0,0,-8.00
2016-02-02T05:00:00,-0.31,-1.02,0.07,1.86,-0.45,0.5,3.76,-0.56,-0.12,0,0,-7.00
2016-02-02T06:00:00,-0.04,-1.21,0.23,1.85,-0.07,0.65,4.3,-0.56,-0.13,0,0,-7.00
2016-02-02T07:00:00,-0.12,-0.91,-0.16,1.83,-0.46,0.3,4.83,-0.55,-0.07,0,0,-5.00
2016-02-02T08:00:00,-0.07,-0.91,-0.02,1.84,-0.52,0.28,4.98,-0.55,-0.06,0,0,1.00
2016-02-02T09:00:00,-0.07,-0.74,0.42,1.86,-0.65,0.24,6.09,-0.53,0.05,0,0,4.00
2016-02-02T10:00:00,-0.06,-0.83,0.13,1.85,-0.48,0.19,6.28,-0.52,0.09,0,0,4.00
2016-02-02T11:00:00,0.25,-0.75,0.23,1.85,-0.58,0.04,5.96,-0.53,0.06,0,0,2.00
2016-02-02T12:00:00,0.17,-0.08,0.73,1.82,-0.65,-0.03,6.47,-0.49,0.19,0,0,5.00
2016-02-02T13:00:00,-0.28,0.46,-0.43,1.85,-0.71,0.37,5.64,-0.5,0.1,0,0,7.00
2016-02-02T14:00:00,-0.93,0.7,-0.19,1.64,0.18,0.63,2.53,-0.4,-0.07,0,0,9.00
2016-02-02T15:00:00,-0.92,1.02,-0.14,1.47,0.59,0.69,3.12,-0.42,-0.1,0,0,7.00
2016-02-02T16:00:00,-0.04,-0.45,-0.29,1.37,0.54,0.6,3.12,-0.41,0.35,0,0,2.00
2016-02-02T17:00:00,1.41,-0.74,0.69,1.36,0.48,0.44,3.32,-0.35,-0.1,0,0,3.00
2016-02-02T18:00:00,1.11,-0.98,0.4,1.46,-0.01,0.43,3.56,-0.44,-0.11,0,0,6.00
2016-02-02T19:00:00,0.06,-0.99,-0.72,1.34,-0.16,-0.05,4.18,-0.49,-0.1,0,0,2.00
2016-02-02T20:00:00,-0.22,-0.93,-0.45,1.34,-0.13,0.32,2.59,-0.46,-0.09,0,0,7.00
2016-02-02T21:00:00,-1.17,0.24,-1.06,1.19,0.68,0.56,1.12,-0.53,-0.18,0,1,9.00
2016-02-02T22:00:00,-1.06,0.57,-1.05,1.14,0.61,0.45,0.88,-0.52,-0.18,0,1,-5.00
2016-02-02T23:00:00,-1.03,0.25,-1.12,1.14,0.62,0.49,0.79,-0.54,-0.18,0,1,-13.00
2016-02-03T00:00:00,-0.78,0.19,-1.19,1.12,0.62,0.22,0.88,-0.51,-0.17,0,1,-23.00
2016-02-03T01:00:00,-0.88,0.08,-1.0,1.1,0.52,-0.02,1.23,-0.46,-0.15,0,1,-36.00
2016-02-03T02:00:00,-0.77,0.12,-1.14,1.07,0.34,0.23,0.95,-0.49,-0.17,0,1,-48.00
2016-02-03T03:00:00,-0.91,0.58,-0.68,1.11,-0.12,0.01,1.49,-0.44,-0.14,0,1,-51.00
2016-02-03T04:00:00,-0.98,0.62,-0.17,1.11,-0.34,0.04,2.14,-0.37,-0.07,0,1,-51.00
2016-02-03T05:00:00,0.07,0.78,0.59,1.0,-0.36,-0.04,1.66,-0.34,-0.03,0,0,-52.00
2016-02-03T06:00:00,-0.32,0.68,0.58,0.99,-0.45,-0.12,1.76,-0.29,0.02,0,0,-49.00
2016-02-03T07:00:00,-0.22,0.5,0.77,0.98,-0.44,-0.18,1.88,-0.27,0.04,0,0,-41.00
2016-02-03T08:00:00,-0.07,0.48,0.91,1.01,-0.53,-0.22,1.79,-0.28,-0.02,0,0,-36.00
2016-02-03T09:00:00,-0.06,-0.43,1.02,1.03,-0.03,-0.22,1.72,-0.27,-0.04,0,0,-33.00
2016-02-03T10:00:00,-0.57,0.47,0.71,1.14,-0.6,0.0,1.68,-0.27,-0.0,0,0,-31.00
2016-02-03T11:00:00,-0.02,0.02,1.11,1.07,-0.49,-0.35,1.83,-0.27,-0.04,0,0,-26.00
2016-02-03T12:00:00,-0.47,0.42,1.02,1.11,-0.84,-0.17,1.59,-0.21,-0.05,0,0,-23.00
2016-02-03T13:00:00,-0.57,0.55,1.22,1.03,-0.56,-0.14,1.09,-0.19,-0.11,0,0,-17.00
2016-02-03T14:00:00,-0.87,1.21,0.55,0.92,-0.05,0.61,0.52,0.18,-0.09,0,0,-17.00
2016-02-03T15:00:00,-0.65,1.34,0.4,0.83,0.25,0.31,0.3,0.24,-0.09,0,0,-16.00
2016-02-03T16:00:00,-0.71,1.62,0.74,0.73,-0.02,0.22,-0.09,-0.13,-0.17,0,0,-18.00
2016-02-03T17:00:00,-0.62,1.22,1.11,0.89,-0.53,0.04,0.06,-0.38,-0.18,0,0,-20.00
2016-02-03T18:00:00,-1.04,1.37,0.68,0.86,-0.44,0.23,0.21,-0.4,-0.17,0,0,-21.00
2016-02-03T19:00:00,-0.4,0.62,1.11,0.65,0.31,0.07,0.35,-0.22,-0.13,0,0,-19.00
2016-02-03T20:00:00,-0.61,0.43,1.13,0.77,0.4,-0.18,0.38,-0.2,-0.13,0,0,-18.00
2016-02-03T21:00:00,-0.83,1.08,0.82,0.78,-0.12,0.05,0.16,-0.33,-0.16,0,0,-16.00
2016-02-03T22:00:00,-0.67,1.03,0.86,0.7,-0.15,0.2,0.07,-0.31,-0.16,0,0,-14.00
2016-02-03T23:00:00,-0.53,1.05,0.96,0.74,-0.38,0.14,-0.05,-0.36,-0.17,0,0,-11.00
2016-02-04T00:00:00,-0.73,1.13,0.64,0.78,-0.3,0.54,-0.09,-0.39,-0.17,0,0,-7.00
2016-02-04T01:00:00,-0.52,0.43,0.96,0.7,0.19,0.06,0.13,-0.33,-0.15,0,0,-4.00
2016-02-04T02:00:00,-0.24,0.72,0.76,0.71,-0.06,-0.32,0.1,-0.35,-0.14,0,0,-3.00
2016-02-04T03:00:00,0.04,0.69,0.88,0.67,-0.08,-0.91,0.15,-0.36,-0.14,0,0,-4.00
2016-02-04T04:00:00,0.19,0.49,0.77,0.62,0.01,-0.89,0.34,-0.3,-0.09,0,0,-6.00
2016-02-04T05:00:00,0.23,-0.19,0.58,0.59,0.22,-0.72,0.53,-0.22,0.11,0,0,-8.00
2016-02-04T06:00:00,-0.06,0.75,0.35,0.62,-0.45,-0.55,0.42,-0.24,-0.02,0,0,-5.00
2016-02-04T07:00:00,-0.38,0.92,0.36,0.57,-0.45,-0.78,0.5,-0.26,-0.09,0,0,-1.00
2016-02-04T08:00:00,-0.69,1.24,0.19,0.51,-0.19,-0.08,0.89,-0.33,-0.13,0,0,1.00
2016-02-04T09:00:00,-0.82,0.21,0.2,0.58,0.2,-0.72,0.51,-0.03,0.07,0,0,4.00
2016-02-04T10:00:00,-0.96,0.14,-0.07,0.6,0.09,-0.38,0.47,0.11,0.05,0,0,4.00
2016-02-04T11:00:00,-0.35,1.34,0.65,0.14,-0.01,-1.42,0.19,-0.14,-0.14,0,0,2.00
2016-02-04T12:00:00,-1.13,1.2,0.3,0.43,0.03,-1.07,0.14,-0.2,-0.15,0,0,-2.00
2016-02-04T13:00:00,-1.33,1.1,-0.16,0.53,0.12,-0.35,0.08,-0.25,-0.16,0,0,-1.00
2016-02-04T14:00:00,-0.74,1.17,0.47,0.22,0.29,-0.54,0.51,0.12,-0.08,0,0,1.00
2016-02-04T15:00:00,-0.41,1.41,0.81,0.08,-0.01,-0.7,0.44,0.11,-0.11,0,0,-1.00
2016-02-04T16:00:00,-0.72,1.5,0.67,0.19,-0.06,-0.29,0.5,0.05,-0.13,0,0,-1.00
2016-02-04T17:00:00,-1.0,1.26,0.56,0.27,0.09,-0.19,0.47,-0.01,-0.13,0,0,0.00
2016-02-04T18:00:00,-0.86,1.13,0.83,0.32,0.2,-0.11,0.33,-0.02,-0.13,0,0,1.00
2016-02-04T19:00:00,-0.86,1.11,0.71,0.43,-0.02,-0.29,0.33,-0.19,-0.14,0,0,3.00
2016-02-04T20:00:00,-0.54,1.24,0.66,0.44,-0.21,-0.55,0.36,-0.19,-0.14,0,0,5.00
2016-02-04T21:00:00,-0.93,1.11,0.76,0.61,-0.0,-0.89,0.37,-0.21,-0.15,0,0,5.00
2016-02-04T22:00:00,-0.2,0.77,0.59,0.47,0.33,-0.47,0.47,-0.18,-0.06,0,0,4.00
2016-02-04T23:00:00,-1.14,0.71,0.03,0.68,0.23,0.41,0.5,-0.05,-0.09,0,0,6.00
2016-02-05T00:00:00,-0.7,1.23,0.78,0.38,0.13,-1.13,0.28,-0.14,-0.14,0,0,10.00
2016-02-05T01:00:00,-1.14,1.08,-0.16,0.33,0.59,-0.12,0.2,-0.1,-0.14,0,0,10.00
2016-02-05T02:00:00,-0.48,0.95,0.49,0.21,-0.14,-0.65,0.37,0.1,-0.04,0,0,3.00
2016-02-05T03:00:00,-0.39,0.77,-0.61,0.08,0.8,0.47,0.4,0.19,-0.02,0,0,-1.00
2016-02-05T04:00:00,-1.01,0.86,0.14,0.26,0.44,-0.17,0.33,-0.02,-0.09,0,0,-8.00
2016-02-05T05:00:00,-0.69,0.62,0.18,0.18,-0.03,0.11,0.33,-0.05,-0.0,0,0,-8.00
2016-02-05T06:00:00,-0.39,0.94,0.41,0.08,0.28,-0.28,0.22,-0.08,-0.08,0,0,-12.00
2016-02-05T07:00:00,-0.93,0.01,0.03,0.1,-0.13,1.33,0.69,0.05,0.1,0,0,-13.00
2016-02-05T08:00:00,-0.53,-0.58,-0.16,0.02,1.42,0.4,0.14,-0.11,0.0,0,0,-9.00
2016-02-05T09:00:00,-0.44,-0.36,-0.3,-0.04,0.9,0.61,0.06,-0.14,0.03,0,0,-9.00
2016-02-05T10:00:00,-0.73,0.1,-0.21,0.07,0.53,0.56,0.1,-0.07,0.01,0,0,-14.00
2016-02-05T11:00:00,-0.7,-0.33,0.1,0.07,1.01,-0.01,0.05,-0.1,0.01,0,0,-14.00
2016-02-05T12:00:00,-0.56,-0.23,-0.04,0.02,0.92,0.28,-0.06,-0.11,0.09,0,0,-15.00
2016-02-05T13:00:00,-0.58,0.18,-0.11,0.06,0.31,0.34,-0.07,-0.15,0.04,0,0,-14.00
2016-02-05T14:00:00,-0.64,0.32,-0.21,0.07,0.16,0.42,-0.02,-0.21,-0.05,0,0,-14.00
2016-02-05T15:00:00,-0.51,-0.08,-0.0,0.03,0.62,0.09,-0.03,-0.2,0.14,0,0,-12.00
2016-02-05T16:00:00,-0.57,-0.08,-0.24,0.08,0.62,0.65,-0.14,-0.24,-0.03,0,0,-12.00
2016-02-05T17:00:00,-0.53,-0.13,-0.31,0.09,0.77,0.77,-0.18,-0.3,-0.07,0,0,-14.00
2016-02-05T18:00:00,-0.42,0.55,-0.26,0.08,-0.2,0.86,-0.2,-0.29,-0.1,0,0,-17.00
2016-02-05T19:00:00,-0.54,0.4,-0.1,0.11,0.04,0.42,-0.06,-0.22,-0.03,0,0,-16.00
2016-02-05T20:00:00,-0.45,0.45,-0.18,0.07,-0.04,0.5,-0.1,-0.23,-0.04,0,0,-13.00
2016-02-05T21:00:00,-0.46,0.4,0.03,0.09,-0.01,0.19,-0.08,-0.25,0.01,0,0,-9.00
2016-02-05T22:00:00,-0.44,0.49,0.39,0.12,-0.05,-0.31,-0.13,-0.27,-0.08,0,0,-11.00
2016-02-05T23:00:00,-0.3,0.1,0.43,0.09,0.31,-0.31,-0.19,-0.28,0.02,0,0,-8.00
2016-02-06T00:00:00,-0.08,-0.12,0.43,0.03,0.53,-0.23,-0.23,-0.27,0.11,0,0,-2.00
2016-02-06T01:00:00,-0.25,0.16,0.24,0.12,0.24,-0.01,-0.22,-0.14,0.41,0,0,1.00
2016-02-06T02:00:00,-0.32,-0.22,0.35,0.16,0.53,-0.22,-0.18,-0.23,0.09,0,0,4.00
2016-02-06T03:00:00,-0.48,-0.07,0.32,0.27,0.42,0.02,-0.15,-0.23,0.04,0,0,1.00
2016-02-06T04:00:00,-0.53,-0.27,0.26,0.27,0.67,-0.07,-0.14,-0.24,-0.01,0,0,-6.00
2016-02-06T05:00:00,-0.11,-0.12,0.4,0.2,0.41,-0.27,-0.17,-0.23,0.23,0,0,-13.00
2016-02-06T06:00:00,-0.31,-0.11,0.44,0.29,0.38,-0.51,-0.21,-0.19,0.06,0,0,-14.00
2016-02-06T07:00:00,0.0,0.32,0.29,0.23,0.0,-0.28,-0.24,-0.21,0.2,0,0,-12.00
2016-02-06T08:00:00,-0.08,0.07,-0.18,0.36,0.28,-0.96,1.87,-0.27,2.03,0,0,-10.00
2016-02-06T09:00:00,-0.05,0.09,-0.2,0.29,0.29,0.26,-0.23,-0.22,0.39,0,0,-8.00
2016-02-06T10:00:00,-0.18,0.29,-0.17,0.38,0.09,0.2,-0.25,-0.23,0.12,0,0,-9.00
2016-02-06T11:00:00,-0.45,-0.0,-0.11,0.47,0.25,0.31,-0.24,-0.15,0.13,0,0,-12.00
2016-02-06T12:00:00,-0.41,-0.06,-0.08,0.45,0.31,0.03,-0.25,-0.16,0.18,0,0,-11.00
2016-02-06T13:00:00,-0.42,0.2,0.05,0.46,0.11,-0.14,-0.27,-0.23,0.09,0,0,-9.00
2016-02-06T14:00:00,-0.27,0.27,-0.07,0.44,0.06,0.1,-0.31,-0.3,0.08,0,0,-7.00
2016-02-06T15:00:00,-0.14,0.25,-0.16,0.4,0.23,0.29,-0.24,-0.32,0.12,0,0,-8.00
2016-02-06T16:00:00,0.06,0.4,-0.15,0.28,0.12,0.33,0.06,-0.31,0.11,0,0,-10.00
2016-02-06T17:00:00,0.24,0.0,-0.02,0.27,-0.02,0.3,0.12,-0.24,1.27,0,0,-10.00
2016-02-06T18:00:00,-0.2,0.52,0.12,0.4,-0.69,0.13,0.05,-0.33,0.01,0,0,-6.00
2016-02-06T19:00:00,-0.34,0.62,-0.34,0.45,-0.95,0.72,0.08,-0.42,-0.13,0,0,-1.00
2016-02-06T20:00:00,-0.12,0.81,0.0,0.48,-0.98,0.28,0.2,-0.46,-0.13,0,0,3.00
2016-02-06T21:00:00,-0.33,0.46,-0.38,0.51,-0.73,0.37,0.38,-0.43,-0.1,0,0,4.00
2016-02-06T22:00:00,-0.69,-0.06,-0.45,0.66,-0.49,0.5,0.15,-0.44,-0.14,0,0,4.00
2016-02-06T23:00:00,-0.23,0.64,-0.12,0.57,-1.07,-0.02,0.31,-0.43,-0.08,0,0,5.00
2016-02-07T00:00:00,-0.31,0.78,0.27,0.62,-1.12,-0.26,0.35,-0.43,-0.12,0,0,-1.00
2016-02-07T01:00:00,-0.22,0.64,0.42,0.66,-1.09,-0.26,0.47,-0.43,-0.09,0,0,-2.00
2016-02-07T02:00:00,-0.14,0.57,0.49,0.69,-1.06,-0.21,0.46,-0.44,-0.09,0,0,4.00
2016-02-07T03:00:00,0.25,0.47,0.6,0.69,-1.09,-0.15,0.48,-0.45,-0.11,0,0,5.00
2016-02-07T04:00:00,0.29,0.19,0.69,0.7,-0.67,0.07,0.68,-0.49,-0.11,0,0,3.00
2016-02-07T05:00:00,0.43,-0.4,0.5,0.67,-0.41,0.06,1.46,-0.52,-0.08,0,0,-1.00
2016-02-07T06:00:00,0.27,-0.47,0.7,0.73,-0.43,0.3,1.15,-0.55,-0.14,0,0,-2.00
2016-02-07T07:00:00,0.16,-0.47,0.32,0.75,-0.35,0.27,2.15,-0.54,0.01,0,0,6.00
2016-02-07T08:00:00,-0.08,-0.68,-0.02,0.83,-0.29,-0.18,2.1,-0.53,-0.04,0,0,5.00
2016-02-07T09:00:00,-0.2,-0.87,-0.34,0.71,-0.49,-0.15,0.05,-0.49,-0.16,0,1,5.00
2016-02-07T10:00:00,-0.34,-0.68,-0.6,0.71,-0.39,-0.41,-0.04,-0.48,-0.16,0,1,0.00
2016-02-07T11:00:00,-0.55,-0.5,-0.64,0.67,-0.48,-0.59,-0.02,-0.5,-0.17,0,1,-8.00
2016-02-07T12:00:00,-0.58,-0.25,-0.68,0.68,-0.38,-0.64,0.04,-0.51,-0.17,0,1,-13.00
2016-02-07T13:00:00,-0.47,-0.15,-0.72,0.73,-0.33,-0.83,0.04,-0.52,-0.17,0,1,-16.00
2016-02-07T14:00:00,-0.47,-0.08,-0.66,0.77,-0.26,-0.81,0.2,-0.51,-0.16,0,1,-17.00
2016-02-07T15:00:00,-0.36,-0.06,-0.73,0.79,-0.25,-0.7,0.13,-0.5,-0.16,0,1,-18.00
2016-02-07T16:00:00,-0.21,-0.0,-0.7,0.85,-0.27,-0.51,0.37,-0.5,-0.15,0,1,-20.00
2016-02-07T17:00:00,0.01,0.27,-0.65,0.88,-0.16,-0.31,0.11,-0.47,-0.14,0,1,-19.00
2016-02-07T18:00:00,0.09,0.39,-0.5,0.89,-0.06,-0.27,0.1,-0.44,-0.12,0,1,-20.00
2016-02-07T19:00:00,0.32,0.26,-0.35,0.94,-0.23,-0.11,0.22,-0.36,-0.02,0,0,-20.00
2016-02-07T20:00:00,0.3,0.26,-0.53,0.91,-0.16,-0.38,0.21,-0.39,-0.09,0,0,-16.00
2016-02-07T21:00:00,0.28,0.47,-0.61,0.87,-0.17,-0.55,0.31,-0.42,-0.13,0,0,-14.00
2016-02-07T22:00:00,0.65,0.5,-0.83,0.8,-0.42,-0.84,0.92,-0.36,-0.13,0,0,-15.00
2016-02-07T23:00:00,0.31,0.44,-0.94,0.72,-0.73,-0.88,1.8,-0.42,-0.12,0,0,-17.00
2016-02-08T00:00:00,0.4,0.37,-0.97,0.78,-0.84,-0.99,2.15,-0.43,-0.11,0,0,-19.00
2016-02-08T01:00:00,0.42,0.19,-0.71,0.75,-0.73,-1.06,2.74,-0.43,-0.03,0,0,-25.00
2016-02-08T02:00:00,0.68,-1.17,0.09,0.67,-0.67,-1.13,1.3,-0.28,-0.09,0,0,-23.00
2016-02-08T03:00:00,1.13,-0.78,-0.55,0.81,-0.68,-1.74,0.64,-0.26,-0.14,0,0,-25.00
2016-02-08T04:00:00,1.19,-0.48,-0.67,0.77,-0.53,-1.68,0.46,-0.26,-0.14,0,0,-28.00
2016-02-08T05:00:00,1.16,-0.44,-0.69,0.63,-0.21,-1.75,0.37,-0.07,-0.12,0,0,-33.00
2016-02-08T06:00:00,0.91,-0.13,-0.47,0.38,1.41,-1.1,0.59,0.4,0.1,0,0,-38.00
2016-02-08T07:00:00,0.73,0.17,0.3,0.35,0.98,-0.9,0.96,0.82,0.81,0,0,-36.00
2016-02-08T08:00:00,0.4,0.65,-0.09,0.31,1.25,-2.49,0.17,0.95,0.44,0,0,-41.00
2016-02-08T09:00:00,0.07,0.99,-0.02,0.41,1.12,-2.63,0.14,0.75,0.13,0,0,-37.00
2016-02-08T10:00:00,-0.28,0.52,0.68,0.4,1.04,-1.87,-0.04,0.69,0.11,0,0,-30.00
2016-02-08T11:00:00,0.45,-0.33,0.58,0.62,0.66,-1.77,-0.12,0.54,0.15,0,0,-27.00
2016-02-08T12:00:00,-0.1,-0.51,0.46,0.64,0.22,-1.52,-0.31,0.44,0.15,0,0,-31.00
2016-02-08T13:00:00,-0.35,-0.28,-0.26,0.58,0.32,-1.98,-0.38,0.14,0.11,0,0,-31.00
2016-02-08T14:00:00,0.2,-0.33,0.04,0.69,0.24,-1.49,-0.44,0.17,0.51,0,0,-29.00
2016-02-08T15:00:00,0.58,-0.07,0.25,0.93,0.84,-1.23,-0.39,-0.04,0.02,0,0,-30.00
2016-02-08T16:00:00,0.53,-0.25,0.55,1.02,0.6,0.2,-0.29,-0.19,-0.08,0,0,-30.00
2016-02-08T17:00:00,0.56,-0.07,0.44,1.01,0.23,0.28,-0.11,-0.24,-0.04,0,0,-28.00
2016-02-08T18:00:00,0.8,0.22,-0.08,1.04,0.31,-0.16,-0.0,-0.11,-0.03,0,0,-24.00
2016-02-08T19:00:00,0.98,-0.02,-0.22,1.05,0.39,0.05,0.06,-0.11,-0.07,0,0,-17.00
2016-02-08T20:00:00,0.65,-0.62,0.35,1.02,-0.32,0.23,0.2,-0.2,-0.06,0,0,-11.00
2016-02-08T21:00:00,0.54,-0.63,0.44,1.07,-0.2,0.24,0.18,-0.29,-0.09,0,0,-9.00
2016-02-08T22:00:00,0.49,-0.68,0.52,1.09,-0.22,0.38,0.23,-0.37,-0.12,0,0,-11.00
2016-02-08T23:00:00,0.17,-1.35,0.33,0.87,-0.57,-0.15,0.6,-0.41,-0.15,0,0,-11.00
2016-02-09T00:00:00,-0.6,-1.29,0.79,0.61,-0.01,0.01,0.86,-0.42,-0.16,0,0,-11.00
2016-02-09T01:00:00,-0.3,-1.44,0.79,0.64,-0.44,0.48,1.02,-0.34,-0.15,0,0,-6.00
2016-02-09T02:00:00,-0.31,-1.34,0.86,0.68,-0.29,0.54,1.07,-0.36,-0.15,0,0,1.00
2016-02-09T03:00:00,0.05,-1.14,0.82,0.77,0.0,0.4,1.35,-0.35,-0.12,0,0,4.00
2016-02-09T04:00:00,-0.42,-1.19,1.18,0.6,0.08,0.88,1.71,-0.28,-0.13,0,0,4.00
2016-02-09T05:00:00,0.17,-0.73,-0.07,0.65,0.32,-0.18,2.39,0.05,0.68,0,0,5.00
2016-02-09T06:00:00,-0.17,-1.31,0.59,0.56,-0.02,0.63,3.02,0.1,0.11,0,0,7.00
2016-02-09T07:00:00,-0.37,-0.79,0.05,0.53,0.1,0.07,2.49,0.12,0.56,0,0,10.00
2016-02-09T08:00:00,0.38,-1.61,-0.32,0.59,-0.11,-0.18,1.04,0.33,-0.05,0,0,4.00
2016-02-09T09:00:00,0.93,-1.84,-1.25,0.7,1.5,0.2,-0.35,0.16,-0.18,0,0,-1.00
2016-02-09T10:00:00,0.72,-1.88,-0.85,0.54,1.28,0.01,-0.25,0.74,-0.15,0,0,-13.00
2016-02-09T11:00:00,0.21,-1.83,-0.25,0.53,1.14,0.5,0.01,0.75,-0.11,0,0,-25.00
2016-02-09T12:00:00,0.4,-1.57,-0.51,0.74,1.21,-0.42,0.17,0.78,-0.08,0,0,-22.00
2016-02-09T13:00:00,0.26,-1.63,0.19,0.74,0.89,0.78,0.1,0.64,-0.08,0,0,-17.00
2016-02-09T14:00:00,0.27,-1.5,0.05,0.72,0.76,0.54,0.19,0.57,-0.06,0,0,-15.00
2016-02-09T15:00:00,0.34,-1.43,0.17,0.73,0.72,1.01,0.24,0.4,-0.07,0,0,-15.00
2016-02-09T16:00:00,0.28,-1.26,0.13,0.72,0.66,0.75,0.49,0.12,-0.04,0,0,-16.00
2016-02-09T17:00:00,0.16,-1.03,0.06,0.73,0.48,0.38,0.85,-0.2,-0.03,0,0,-16.00
2016-02-09T18:00:00,0.12,-1.33,0.24,0.77,0.05,0.61,0.79,-0.34,-0.13,0,0,-15.00
2016-02-09T19:00:00,0.31,-1.1,0.06,0.84,0.14,0.31,0.92,-0.36,-0.1,0,0,-7.00
2016-02-09T20:00:00,0.13,-1.03,-0.43,0.8,-0.04,-0.06,0.64,-0.4,-0.13,0,0,0.00
2016-02-09T21:00:00,0.16,-0.66,-0.09,0.77,0.02,0.43,0.64,-0.35,0.02,0,0,0.00
2016-02-09T22:00:00,0.57,-0.83,-0.19,0.9,-0.23,0.4,0.51,-0.44,-0.13,0,0,-5.00
2016-02-09T23:00:00,0.76,-0.59,-0.18,0.95,-0.13,0.4,0.48,-0.45,-0.13,0,0,-9.00
2016-02-10T00:00:00,0.44,-0.68,-0.15,0.84,-0.19,0.27,0.56,-0.48,-0.11,0,0,-8.00
2016-02-10T01:00:00,0.41,-0.66,-0.12,0.8,-0.24,0.1,0.61,-0.51,-0.12,0,0,-8.00
2016-02-10T02:00:00,0.45,-0.61,-0.26,0.79,-0.1,-0.15,0.51,-0.53,-0.14,0,0,-7.00
2016-02-10T03:00:00,0.4,-0.57,-0.28,0.79,-0.16,-0.26,0.38,-0.53,-0.14,0,0,-6.00
2016-02-10T04:00:00,0.33,-0.67,-0.21,0.8,-0.27,-0.39,0.27,-0.53,-0.15,0,0,-7.00
2016-02-10T05:00:00,0.49,-0.44,-0.24,0.86,-0.18,-0.39,0.28,-0.53,-0.13,0,0,-9.00
2016-02-10T06:00:00,0.51,-0.51,-0.11,0.85,-0.29,-0.23,0.19,-0.52,-0.14,0,0,-10.00
2016-02-10T07:00:00,0.54,-0.47,-0.16,0.89,-0.27,-0.15,0.23,-0.52,-0.14,0,0,-14.00
2016-02-10T08:00:00,0.78,-0.05,-0.04,0.95,0.11,0.17,0.07,-0.52,-0.15,0,0,-16.00
2016-02-10T09:00:00,0.78,0.09,-0.03,0.99,-0.39,0.61,-0.07,-0.54,-0.16,0,0,-23.00
2016-02-10T10:00:00,0.73,0.1,-0.04,1.02,0.42,0.29,-0.18,-0.55,-0.16,0,0,-27.00
2016-02-10T11:00:00,0.62,-0.4,-0.16,1.03,0.35,0.27,-0.27,-0.52,-0.16,0,0,-24.00
2016-02-10T12:00:00,0.71,-0.31,-0.12,1.04,0.35,0.33,-0.34,-0.53,-0.16,0,0,-19.00
2016-02-10T13:00:00,0.74,-0.25,-0.08,1.06,0.2,0.34,-0.42,-0.53,-0.17,0,0,-17.00
2016-02-10T14:00:00,0.71,-0.29,-0.09,1.07,0.13,0.37,-0.44,-0.5,-0.16,0,0,-16.00
2016-02-10T15:00:00,0.66,-0.32,-0.11,1.09,0.0,0.32,-0.46,-0.54,-0.17,0,0,-18.00
2016-02-10T16:00:00,0.58,-0.45,-0.12,1.08,-0.2,0.33,-0.44,-0.51,-0.16,0,0,-19.00
2016-02-10T17:00:00,0.65,-0.27,-0.27,1.0,0.02,0.4,-0.41,-0.38,-0.14,0,0,-16.00
2016-02-10T18:00:00,0.65,-0.19,-0.3,1.05,0.09,0.28,-0.43,-0.29,-0.12,0,0,-12.00
2016-02-10T19:00:00,0.59,-0.15,-0.47,0.77,0.16,1.03,-0.75,-0.35,-0.17,0,0,-7.00
2016-02-10T20:00:00,0.66,-0.14,-0.26,1.11,0.7,0.68,1.78,-0.35,0.1,0,0,-3.00
2016-02-10T21:00:00,0.67,-0.15,-0.31,1.08,-0.02,0.71,-0.64,-0.38,-0.16,0,0,-7.00
2016-02-10T22:00:00,0.37,0.14,-0.37,1.23,-0.5,0.11,-0.26,-0.57,-0.16,0,0,-11.00
2016-02-10T23:00:00,0.2,0.2,-0.44,1.3,-0.58,-0.19,0.2,-0.59,-0.16,0,0,-15.00
2016-02-11T00:00:00,0.22,0.19,-0.53,1.29,-0.66,-0.19,0.09,-0.59,-0.17,0,0,-19.00
2016-02-11T01:00:00,0.21,0.2,-0.59,1.28,-0.56,-0.17,0.04,-0.6,-0.18,0,0,-18.00
2016-02-11T02:00:00,0.21,0.15,-0.64,1.25,-0.51,-0.16,0.09,-0.59,-0.18,0,0,-15.00
2016-02-11T03:00:00,0.37,0.06,-0.68,1.3,-0.45,-0.21,0.35,-0.59,-0.18,0,0,-14.00
2016-02-11T04:00:00,0.42,-0.08,-0.77,1.26,-0.48,0.22,0.92,-0.59,-0.17,0,0,-15.00
2016-02-11T05:00:00,0.25,-0.23,-0.88,1.24,-0.27,-0.07,0.34,-0.59,-0.18,0,0,-16.00
2016-02-11T06:00:00,0.25,-0.64,-0.81,1.27,-0.39,0.0,0.28,-0.58,-0.18,0,0,-18.00
2016-02-11T07:00:00,0.35,-0.77,-0.74,1.34,-0.35,0.02,0.18,-0.59,-0.18,0,0,-21.00
2016-02-11T08:00:00,0.22,-0.79,-0.72,1.31,-0.34,0.07,0.25,-0.59,-0.18,0,0,-25.00
2016-02-11T09:00:00,0.25,-0.78,-0.73,1.33,-0.25,0.01,0.26,-0.59,-0.18,0,0,-31.00
2016-02-11T10:00:00,0.25,-0.91,-0.64,1.36,-0.33,-0.06,0.36,-0.59,-0.18,0,0,-32.00
2016-02-11T11:00:00,0.23,-0.88,-0.47,1.36,-0.16,-0.18,0.86,-0.57,-0.17,0,0,-31.00
2016-02-11T12:00:00,0.31,-0.72,-0.66,1.36,-0.28,-0.15,0.88,-0.56,-0.17,0,0,-28.00
2016-02-11T13:00:00,0.47,-0.73,-0.68,1.37,-0.5,-0.18,0.87,-0.56,-0.17,0,0,-23.00
2016-02-11T14:00:00,0.47,-1.03,-0.26,1.39,-0.57,-0.27,0.97,-0.56,-0.17,0,0,-16.00
2016-02-11T15:00:00,0.51,-1.15,-0.03,1.35,-0.58,0.38,0.11,-0.52,-0.17,0,0,-21.00
2016-02-11T16:00:00,0.46,-1.03,0.9,1.32,-0.39,0.8,-0.15,-0.57,-0.19,0,0,-24.00
2016-02-11T17:00:00,0.26,-1.37,0.58,1.24,-0.66,0.54,-0.26,-0.58,-0.19,0,0,-26.00
2016-02-11T18:00:00,0.57,-1.37,-0.18,1.29,-0.59,-0.37,0.0,-0.5,-0.18,0,0,-25.00
2016-02-11T19:00:00,0.62,-1.29,-0.64,1.27,-0.75,-0.41,0.13,-0.51,-0.18,0,0,-17.00
2016-02-11T20:00:00,0.64,-0.72,-1.35,1.27,-0.46,-0.72,0.02,-0.53,-0.19,0,1,-8.00
2016-02-11T21:00:00,0.56,-0.98,-1.3,1.22,-0.58,-0.67,0.18,-0.52,-0.18,0,1,-9.00
2016-02-11T22:00:00,0.11,-1.64,-1.06,1.11,-0.81,-0.23,0.14,-0.51,-0.19,0,1,-13.00
2016-02-11T23:00:00,0.91,-1.61,-0.96,1.26,-0.95,-0.36,0.31,-0.5,-0.18,0,1,-26.00
2016-02-12T00:00:00,1.39,-1.47,-0.93,1.33,-1.1,-0.26,0.32,-0.51,-0.19,0,1,-38.00
2016-02-12T01:00:00,1.09,-2.08,-0.33,1.25,-1.31,0.14,0.62,-0.46,-0.18,0,1,-39.00
2016-02-12T02:00:00,0.48,-2.59,-0.21,1.1,-1.07,0.25,0.32,-0.5,-0.19,0,1,-34.00
2016-02-12T03:00:00,0.48,-2.55,0.63,1.13,-1.2,0.52,0.62,-0.51,-0.19,0,1,-24.00
2016-02-12T04:00:00,0.26,-1.84,1.54,1.15,-1.27,1.12,1.12,-0.49,-0.18,0,1,-24.00
2016-02-12T05:00:00,0.21,-1.82,1.46,1.18,-1.2,0.72,1.49,-0.5,-0.18,0,1,-22.00
2016-02-12T06:00:00,0.06,-1.82,1.41,1.14,-0.93,0.48,1.4,-0.49,-0.18,0,1,-16.00
2016-02-12T07:00:00,-0.27,-1.97,-0.25,1.11,-0.83,0.27,2.03,-0.36,-0.15,0,1,-10.00
2016-02-12T08:00:00,-0.63,-1.04,-1.21,1.05,-0.42,-0.42,2.26,-0.36,-0.14,0,0,-9.00
2016-02-12T09:00:00,-0.31,-1.74,-0.51,1.11,-0.41,-0.21,2.32,-0.43,-0.15,0,0,-8.00
2016-02-12T10:00:00,-0.21,-2.05,0.1,1.13,-0.33,-0.29,1.67,-0.52,-0.18,0,0,-17.00
2016-02-12T11:00:00,-0.31,-2.1,0.82,1.13,-0.37,0.13,1.43,-0.55,-0.18,0,0,-38.00
2016-02-12T12:00:00,-0.26,-2.25,0.56,1.15,-0.62,0.03,2.63,-0.52,-0.18,0,0,-44.00
2016-02-12T13:00:00,-0.47,-1.99,1.17,1.17,-0.62,0.36,2.36,-0.53,-0.18,0,0,-34.00
2016-02-12T14:00:00,-0.81,-1.76,1.04,1.14,-0.63,0.04,2.49,-0.53,-0.18,0,0,-18.00
2016-02-12T15:00:00,0.16,-2.49,0.22,1.21,-0.34,-0.38,2.08,-0.55,-0.18,0,0,-15.00
2016-02-12T16:00:00,0.05,-2.59,0.24,1.2,-0.33,-0.32,2.02,-0.56,-0.18,0,0,-14.00
2016-02-12T17:00:00,-0.07,-1.96,1.2,1.19,-0.65,-0.07,3.38,-0.47,-0.16,0,0,-12.00
2016-02-12T18:00:00,0.08,-1.55,1.42,1.17,-0.7,0.07,4.65,-0.42,-0.14,0,0,-15.00
2016-02-12T19:00:00,-0.08,-0.84,2.16,1.14,-0.71,-0.08,5.31,-0.39,-0.14,0,0,-9.00
2016-02-12T20:00:00,0.12,-0.33,2.31,1.17,-0.77,0.23,5.49,-0.35,-0.14,0,0,5.00
2016-02-12T21:00:00,0.13,-0.89,2.14,1.15,-0.67,-0.12,5.09,-0.35,-0.14,0,0,16.00
2016-02-12T22:00:00,-0.05,-2.49,1.6,1.13,0.05,-0.01,4.22,-0.5,-0.18,0,0,18.00
2016-02-12T23:00:00,-0.32,-1.87,1.85,1.11,-0.12,0.09,3.24,-0.48,-0.17,0,0,16.00
2016-02-13T00:00:00,-0.16,-0.82,2.55,1.08,-0.18,0.05,1.93,-0.37,-0.17,0,0,17.00
2016-02-13T01:00:00,0.15,-0.47,2.49,1.06,-0.28,-0.01,1.73,-0.35,-0.17,0,0,17.00
2016-02-13T02:00:00,-0.17,1.38,0.94,1.01,-0.82,-0.27,5.0,-0.11,0.03,0,0,15.00
2016-02-13T03:00:00,-0.39,1.83,0.43,1.04,-0.91,-0.21,5.27,-0.2,-0.04,0,0,14.00
2016-02-13T04:00:00,-0.64,2.01,-0.58,0.98,-0.1,-0.25,2.22,-0.04,-0.11,0,0,21.00
2016-02-13T05:00:00,-0.6,0.68,1.82,0.81,0.97,1.01,0.72,0.39,-0.12,0,0,22.00
2016-02-13T06:00:00,-0.63,1.44,1.05,0.83,0.71,1.1,1.18,0.43,-0.06,0,0,15.00
2016-02-13T07:00:00,-0.44,1.42,0.82,0.71,1.06,0.56,1.42,0.45,-0.01,0,0,-3.00
2016-02-13T08:00:00,-1.47,1.15,0.25,0.76,0.84,0.53,1.63,0.4,-0.03,0,0,-7.00
2016-02-13T09:00:00,-0.51,1.07,1.0,0.73,1.14,0.15,1.35,0.31,-0.02,0,0,-2.00
2016-02-13T10:00:00,-0.09,1.7,0.88,0.78,0.59,0.42,0.94,0.11,-0.11,0,0,-6.00
2016-02-13T11:00:00,0.16,0.44,1.03,0.86,1.06,-0.08,1.11,0.16,0.04,0,0,-13.00
2016-02-13T12:00:00,-0.32,-0.9,0.98,0.9,1.01,-0.32,1.31,0.07,-0.02,0,0,-15.00
2016-02-13T13:00:00,-0.4,0.73,0.7,0.94,0.51,-0.95,1.29,0.03,0.06,0,0,-11.00
2016-02-13T14:00:00,-0.28,1.34,0.64,0.89,-0.09,-0.8,0.62,-0.09,-0.11,0,0,-3.00
2016-02-13T15:00:00,-0.51,0.82,0.32,0.56,-0.69,-0.32,0.0,-0.29,-0.12,0,0,1.00
2016-02-13T16:00:00,-0.6,0.59,0.4,0.58,-0.23,-0.4,0.06,-0.29,-0.1,0,0,-2.00
2016-02-13T17:00:00,-0.41,0.22,0.64,0.55,0.11,-0.81,0.08,-0.3,-0.08,0,0,-5.00
2016-02-13T18:00:00,-0.23,0.64,0.55,0.54,-0.25,-0.78,0.06,-0.32,-0.1,0,0,-5.00
2016-02-13T19:00:00,-0.24,0.74,0.55,0.58,-0.36,-0.71,0.02,-0.38,-0.13,0,0,-2.00
2016-02-13T20:00:00,-0.2,0.72,0.5,0.59,-0.34,-0.55,0.09,-0.37,-0.12,0,0,1.00
2016-02-13T21:00:00,-0.38,0.59,0.46,0.68,-0.14,-0.44,0.18,-0.34,-0.09,0,0,0.00
2016-02-13T22:00:00,-0.23,0.38,0.68,0.63,0.11,-0.65,0.26,-0.32,-0.08,0,0,-3.00
2016-02-13T23:00:00,-0.55,0.81,0.07,0.74,-0.52,0.25,0.17,-0.33,-0.11,0,0,-3.00
2016-02-14T00:00:00,-0.28,0.26,0.29,0.65,0.11,0.09,0.21,-0.3,0.19,0,0,-5.00
2016-02-14T01:00:00,-0.26,-0.14,0.39,0.65,0.43,-0.04,0.24,-0.29,0.2,0,0,-4.00
2016-02-14T02:00:00,-0.43,-0.73,0.52,0.65,0.89,-0.25,0.28,-0.33,-0.11,0,0,-2.00
2016-02-14T03:00:00,-0.48,-1.02,0.14,0.66,1.18,0.18,0.29,-0.35,-0.13,0,0,-3.00
2016-02-14T04:00:00,-1.1,-0.21,-0.13,0.83,0.48,0.48,0.32,-0.34,-0.12,0,0,0.00
2016-02-14T05:00:00,-0.94,0.62,-0.17,0.83,-0.34,0.36,0.38,-0.3,-0.12,0,0,0.00
2016-02-14T06:00:00,-1.1,0.08,-0.0,0.88,0.3,0.12,0.41,-0.25,-0.09,0,0,-2.00
2016-02-14T07:00:00,-0.98,0.18,0.39,0.87,0.07,-0.54,0.38,-0.25,-0.09,0,0,-5.00
2016-02-14T08:00:00,-0.61,0.84,0.17,0.77,-0.48,-0.15,0.27,-0.33,-0.12,0,0,-13.00
2016-02-14T09:00:00,-0.85,0.66,0.2,0.84,-0.39,-0.33,0.32,-0.27,-0.11,0,0,-18.00
2016-02-14T10:00:00,-0.89,0.5,-0.07,0.88,-0.37,-0.06,0.35,-0.26,-0.09,0,0,-22.00
2016-02-14T11:00:00,-0.97,0.36,0.26,0.94,-0.29,-0.62,0.3,-0.3,-0.11,0,0,-23.00
2016-02-14T12:00:00,-1.14,-0.01,0.22,0.99,0.34,-0.51,0.31,-0.29,-0.12,0,0,-23.00
2016-02-14T13:00:00,-0.97,0.26,-0.46,0.92,-0.08,0.58,0.41,-0.3,-0.12,0,0,-22.00
2016-02-14T14:00:00,-0.71,0.57,-0.39,0.85,-0.41,0.39,0.34,-0.37,-0.12,0,0,-16.00
2016-02-14T15:00:00,-0.19,0.86,-0.1,0.7,-0.66,-0.18,1.06,-0.41,-0.08,0,0,-14.00
2016-02-14T16:00:00,-0.6,0.94,-0.36,0.83,-0.68,0.05,0.39,-0.38,-0.14,0,0,-17.00
2016-02-14T17:00:00,-0.21,1.12,0.04,0.71,-0.8,-0.35,0.44,-0.39,-0.13,0,0,-17.00
