1997-09-22T00:00:00,-1.08,2.36,0.75,0.17,-0.07,-0.68,1.41,-0.37,-0.17,0,0,-36.00
1997-09-22T01:00:00,-0.67,2.86,0.31,0.06,-0.57,0.57,0.66,-0.48,-0.19,0,0,-30.00
1997-09-22T02:00:00,-0.93,3.05,0.34,0.05,-0.78,1.3,-0.37,-0.48,-0.19,0,1,-19.00
1997-09-22T03:00:00,-1.29,2.86,0.61,0.13,-0.64,1.05,-0.44,-0.53,-0.19,0,1,-28.00
1997-09-22T04:00:00,-1.21,2.8,0.73,0.2,-0.29,0.76,-0.17,-0.53,-0.19,0,1,-30.00
1997-09-22T05:00:00,-1.38,2.61,0.83,0.36,-0.11,0.4,-0.18,-0.54,-0.19,0,1,-25.00
1997-09-22T06:00:00,-1.39,2.44,0.99,0.43,0.09,0.23,-0.15,-0.52,-0.19,0,1,-22.00
1997-09-22T07:00:00,-1.26,2.32,1.11,0.51,0.36,-0.07,0.05,-0.51,-0.19,0,1,-22.00
1997-09-22T08:00:00,-1.32,2.15,1.23,0.56,0.81,-0.56,0.16,-0.51,-0.19,0,1,-19.00
1997-09-22T09:00:00,-1.5,2.02,1.35,0.57,0.65,-0.52,0.08,-0.51,-0.19,0,1,-18.00
1997-09-22T10:00:00,-1.54,1.76,1.41,0.66,0.56,-0.27,0.04,-0.52,-0.19,0,1,-14.00
1997-09-22T11:00:00,-1.2,1.22,1.73,0.71,0.01,0.38,-0.07,-0.49,-0.19,0,1,-8.00
1997-09-22T12:00:00,-1.0,0.56,1.7,0.81,-0.3,0.12,0.37,-0.42,-0.18,0,1,-7.00
1997-09-22T13:00:00,-0.86,0.36,1.72,0.85,0.05,0.53,-0.22,-0.44,-0.19,0,0,-5.00
1997-09-22T14:00:00,-0.82,0.32,1.64,0.86,0.51,0.53,-0.39,-0.48,-0.19,0,0,-8.00
1997-09-22T15:00:00,-0.87,0.15,1.53,0.81,0.31,0.39,-0.44,-0.49,-0.19,0,0,-14.00
1997-09-22T16:00:00,-0.86,-0.04,1.42,0.9,0.29,0.45,-0.53,-0.5,-0.19,0,0,-16.00
1997-09-22T17:00:00,-0.67,-0.02,1.13,1.03,0.59,0.02,-0.29,-0.26,-0.16,0,0,-17.00
1997-09-22T18:00:00,-0.64,0.21,0.92,1.1,1.63,-0.58,0.22,-0.08,-0.09,0,0,-15.00
1997-09-22T19:00:00,-0.72,-0.01,1.07,0.96,0.96,0.03,0.09,-0.02,-0.12,0,0,-7.00
1997-09-22T20:00:00,-0.85,-0.76,0.99,0.8,-0.07,0.61,-0.35,-0.18,-0.17,0,0,-4.00
1997-09-22T21:00:00,-0.69,-0.99,0.82,0.78,-0.51,0.2,-0.39,-0.17,-0.16,0,0,-6.00
1997-09-22T22:00:00,-0.51,-0.98,0.71,0.74,-0.28,0.15,-0.3,-0.13,-0.15,0,0,-9.00
1997-09-22T23:00:00,-0.92,-0.74,0.59,0.53,-0.48,-0.47,-0.41,-0.37,-0.17,0,0,-12.00
1997-09-23T00:00:00,-0.7,-0.85,0.69,0.61,-0.59,0.39,-0.43,-0.41,-0.18,0,0,-15.00
1997-09-23T01:00:00,-0.48,-1.02,0.36,0.66,-0.73,0.03,-0.25,-0.25,-0.15,0,0,-14.00
1997-09-23T02:00:00,-0.48,-0.74,0.36,0.56,-0.22,0.32,0.12,-0.16,-0.06,0,0,-11.00
1997-09-23T03:00:00,-0.5,-0.23,0.44,0.6,0.18,0.49,0.03,-0.15,0.03,0,0,-7.00
1997-09-23T04:00:00,0.78,0.33,-0.01,0.94,0.56,-0.1,0.11,-0.17,-0.03,0,0,-9.00
1997-09-23T05:00:00,0.56,-0.25,-0.03,0.89,-0.37,-0.25,0.17,-0.11,0.16,0,0,-12.00
1997-09-23T06:00:00,-0.64,-0.16,0.45,0.48,-0.04,0.34,0.12,-0.3,-0.07,0,0,-17.00
1997-09-23T07:00:00,-0.73,-0.26,0.58,0.45,-0.25,0.45,-0.11,-0.34,-0.13,0,0,-14.00
1997-09-23T08:00:00,-0.69,-0.14,0.58,0.47,-0.11,0.44,-0.18,-0.38,-0.14,0,0,-14.00
1997-09-23T09:00:00,-0.55,-0.35,0.44,0.53,-0.41,0.45,-0.11,-0.41,-0.12,0,0,-12.00
1997-09-23T10:00:00,0.41,-0.39,0.51,0.75,-0.49,0.93,-0.2,-0.43,-0.13,0,0,-10.00
1997-09-23T11:00:00,0.13,-0.39,0.55,0.76,-0.43,0.71,-0.14,-0.46,-0.12,0,0,-10.00
1997-09-23T12:00:00,-0.18,0.05,0.09,0.71,0.4,-0.32,0.41,-0.42,1.39,0,0,-9.00
1997-09-23T13:00:00,-0.34,0.46,0.06,0.71,0.92,-0.38,-0.06,-0.38,-0.04,0,0,-8.00
1997-09-23T14:00:00,0.05,0.35,-0.01,0.8,0.86,-0.45,-0.07,-0.29,0.26,0,0,-8.00
1997-09-23T15:00:00,0.32,0.01,0.15,0.91,0.37,-0.11,0.09,-0.27,0.6,0,0,-12.00
1997-09-23T16:00:00,-0.28,-0.33,0.5,0.84,0.05,0.43,-0.08,-0.43,-0.1,0,0,-12.00
1997-09-23T17:00:00,0.12,-0.06,0.33,0.96,0.36,0.19,0.04,-0.34,0.42,0,0,-12.00
1997-09-23T18:00:00,0.28,-0.17,0.17,0.97,0.46,-0.05,0.2,-0.27,0.69,0,0,-11.00
1997-09-23T19:00:00,0.4,0.2,-0.07,0.94,0.35,0.14,0.35,-0.38,0.15,0,0,-11.00
1997-09-23T20:00:00,0.42,0.24,-0.11,0.87,0.15,0.25,0.63,-0.5,-0.02,0,0,-10.00
1997-09-23T21:00:00,-0.16,0.02,0.18,0.96,0.28,0.15,1.04,-0.51,0.99,0,0,-6.00
1997-09-23T22:00:00,0.11,0.13,0.12,0.94,0.08,0.21,1.45,-0.51,1.62,0,0,-7.00
1997-09-23T23:00:00,0.5,-0.03,0.09,0.89,-0.01,0.25,1.59,-0.49,0.17,0,0,-7.00
1997-09-24T00:00:00,0.21,-0.23,0.29,0.94,0.03,0.11,1.53,-0.5,0.33,0,0,-4.00
1997-09-24T01:00:00,-0.04,-0.49,0.27,0.99,0.12,0.04,1.24,-0.5,0.05,0,0,-4.00
1997-09-24T02:00:00,-0.11,-0.45,0.22,1.02,0.14,0.05,1.16,-0.5,0.09,0,0,0.00
1997-09-24T03:00:00,-0.28,-0.37,0.07,1.08,0.11,0.18,1.37,-0.5,0.14,0,0,1.00
1997-09-24T04:00:00,-0.27,-0.25,-0.02,1.11,0.05,0.26,1.54,-0.5,0.33,0,0,0.00
1997-09-24T05:00:00,-0.24,0.04,0.03,1.13,0.05,0.31,1.92,-0.53,0.92,0,0,-1.00
1997-09-24T06:00:00,-0.14,0.04,0.07,1.15,0.2,0.22,1.92,-0.53,2.56,0,0,-2.00
1997-09-24T07:00:00,-0.27,-0.17,0.21,1.16,0.34,0.24,1.81,-0.56,0.22,0,0,-2.00
1997-09-24T08:00:00,-0.08,-0.15,0.12,1.12,0.08,0.29,1.76,-0.56,1.54,0,0,-3.00
1997-09-24T09:00:00,-0.26,-0.36,-0.02,1.13,0.07,0.3,1.65,-0.56,0.03,0,0,-2.00
1997-09-24T10:00:00,-0.61,-0.41,0.17,1.14,0.04,0.27,1.18,-0.56,-0.12,0,0,0.00
1997-09-24T11:00:00,-0.47,-0.31,0.34,1.19,0.06,0.19,1.04,-0.56,-0.1,0,0,-1.00
1997-09-24T12:00:00,-0.33,-0.11,0.28,1.21,0.09,0.23,1.97,-0.56,0.08,0,0,1.00
1997-09-24T13:00:00,-0.41,-0.17,0.23,1.21,0.0,0.17,2.63,-0.56,0.08,0,0,5.00
1997-09-24T14:00:00,-0.48,-0.22,0.22,1.24,-0.02,0.22,2.5,-0.56,0.01,0,0,8.00
1997-09-24T15:00:00,-0.58,-0.24,0.23,1.25,-0.07,0.21,2.2,-0.55,-0.04,0,0,6.00
1997-09-24T16:00:00,-0.52,-0.21,0.21,1.25,-0.07,0.14,2.38,-0.54,0.02,0,0,5.00
1997-09-24T17:00:00,-0.47,-0.24,0.16,1.27,-0.04,0.18,1.82,-0.56,-0.02,0,0,5.00
1997-09-24T18:00:00,-0.36,-0.23,0.18,1.3,0.05,0.17,2.13,-0.56,0.09,0,0,4.00
1997-09-24T19:00:00,-0.27,-0.19,0.12,1.34,0.06,0.23,2.44,-0.56,0.35,0,0,4.00
1997-09-24T20:00:00,-0.33,-0.11,0.15,1.36,0.01,0.19,2.46,-0.56,0.24,0,0,6.00
1997-09-24T21:00:00,-0.31,-0.12,0.14,1.37,-0.02,0.17,2.27,-0.56,0.27,0,0,6.00
1997-09-24T22:00:00,-0.49,0.06,0.25,1.36,-0.08,0.15,0.87,-0.57,-0.09,0,0,6.00
1997-09-24T23:00:00,-0.34,0.06,0.13,1.35,-0.12,0.21,1.02,-0.58,0.04,0,0,0.00
1997-09-25T00:00:00,-0.28,0.03,0.09,1.36,-0.12,0.13,1.21,-0.58,0.16,0,0,-4.00
1997-09-25T01:00:00,-0.22,0.02,0.03,1.39,-0.12,0.07,1.23,-0.58,0.42,0,0,-5.00
1997-09-25T02:00:00,-0.22,-0.03,0.01,1.41,-0.1,0.02,1.33,-0.58,0.36,0,0,-4.00
1997-09-25T03:00:00,-0.26,-0.06,-0.01,1.43,-0.11,0.03,1.28,-0.58,0.22,0,0,-3.00
1997-09-25T04:00:00,-0.25,-0.05,0.02,1.45,-0.15,-0.01,1.31,-0.58,0.31,0,0,-5.00
1997-09-25T05:00:00,-0.36,0.05,0.12,1.48,-0.19,0.09,1.19,-0.58,0.01,0,0,-4.00
1997-09-25T06:00:00,-0.33,0.03,0.17,1.47,-0.14,0.03,1.09,-0.58,0.01,0,0,-3.00
1997-09-25T07:00:00,-0.33,0.06,0.24,1.45,-0.15,-0.05,1.14,-0.58,-0.02,0,0,-2.00
1997-09-25T08:00:00,-0.34,-0.11,-0.04,1.48,-0.2,0.09,0.82,-0.57,0.02,0,0,-1.00
1997-09-25T09:00:00,-0.59,-0.11,-0.09,1.51,-0.35,-0.07,0.48,-0.54,-0.11,0,0,-1.00
1997-09-25T10:00:00,-0.67,-0.05,-0.13,1.53,-0.42,-0.11,0.57,-0.53,-0.12,0,0,-1.00
1997-09-25T11:00:00,-0.66,-0.01,-0.14,1.52,-0.49,-0.07,0.83,-0.55,-0.12,0,0,-1.00
1997-09-25T12:00:00,-0.54,0.14,0.05,1.47,-0.64,-0.15,1.4,-0.55,-0.04,0,0,-1.00
1997-09-25T13:00:00,-0.55,0.13,-0.21,1.46,-0.61,-0.1,1.34,-0.52,-0.06,0,0,0.00
1997-09-25T14:00:00,-0.79,-0.07,-0.26,1.5,-0.42,-0.07,0.57,-0.55,-0.15,0,0,0.00
1997-09-25T15:00:00,-0.83,-0.03,-0.08,1.53,-0.46,-0.24,0.5,-0.55,-0.15,0,0,-6.00
1997-09-25T16:00:00,-0.78,-0.04,0.09,1.55,-0.49,-0.51,0.51,-0.55,-0.14,0,0,-9.00
1997-09-25T17:00:00,-0.72,-0.15,0.19,1.58,-0.47,-0.55,0.59,-0.55,-0.14,0,0,-7.00
1997-09-25T18:00:00,-0.46,-0.32,-0.02,1.54,-0.37,-0.39,1.06,-0.53,-0.04,0,0,-3.00
1997-09-25T19:00:00,-0.75,-0.12,0.16,1.59,-0.38,-0.39,0.86,-0.54,-0.12,0,0,2.00
1997-09-25T20:00:00,-0.65,-0.1,0.36,1.57,-0.4,-0.65,0.62,-0.54,-0.13,0,0,1.00
1997-09-25T21:00:00,-0.61,-0.23,0.36,1.58,-0.3,-0.64,0.66,-0.53,-0.12,0,0,-2.00
1997-09-25T22:00:00,-0.7,-0.39,0.31,1.57,-0.23,-0.47,0.38,-0.51,-0.14,0,0,-3.00
1997-09-25T23:00:00,-0.67,-0.12,0.23,1.61,-0.35,-0.33,0.52,-0.5,-0.1,0,0,-4.00
1997-09-26T00:00:00,-0.71,-0.11,0.18,1.59,-0.38,-0.23,0.3,-0.5,-0.11,0,0,-3.00
1997-09-26T01:00:00,-0.67,-0.03,0.13,1.59,-0.3,-0.19,0.42,-0.49,-0.09,0,0,-4.00
1997-09-26T02:00:00,-0.71,0.03,0.21,1.58,-0.32,-0.38,0.56,-0.46,-0.08,0,0,-5.00
1997-09-26T03:00:00,-0.75,-0.15,0.52,1.55,-0.38,-0.49,0.6,-0.5,-0.13,0,0,-5.00
1997-09-26T04:00:00,-0.86,0.23,0.16,1.57,-0.64,-0.4,0.81,-0.47,-0.11,0,0,-3.00
1997-09-26T05:00:00,-0.84,0.57,-0.11,1.55,-0.92,-0.32,1.02,-0.49,-0.13,0,0,-1.00
1997-09-26T06:00:00,-0.9,0.61,-0.09,1.54,-0.98,-0.27,0.94,-0.49,-0.14,0,0,1.00
1997-09-26T07:00:00,-0.72,0.58,-0.31,1.53,-0.99,-0.08,1.02,-0.47,-0.12,0,0,2.00
1997-09-26T08:00:00,-0.75,0.47,-0.46,1.54,-0.97,0.05,0.79,-0.49,-0.14,0,0,1.00
1997-09-26T09:00:00,-0.31,0.43,-0.52,1.44,-0.97,0.21,0.89,-0.45,-0.1,0,0,-1.00
1997-09-26T10:00:00,0.24,-0.16,-0.48,1.42,-0.62,-0.03,0.69,-0.41,-0.03,0,0,-3.00
1997-09-26T11:00:00,0.14,-0.23,-0.07,1.41,-0.6,-0.56,0.66,-0.38,0.85,0,0,-6.00
1997-09-26T12:00:00,0.26,-0.2,-0.09,1.31,-0.7,-0.61,0.4,-0.26,0.69,0,0,-9.00
1997-09-26T13:00:00,-0.57,-0.12,0.25,1.22,-0.8,-0.2,0.44,-0.22,0.15,0,0,-10.00
1997-09-26T14:00:00,-0.18,-0.04,-0.1,1.28,-0.75,-0.41,0.43,-0.26,1.31,0,0,-8.00
1997-09-26T15:00:00,0.17,-0.01,-0.26,1.3,-0.67,-0.47,0.39,-0.37,0.26,1,0,-5.00
1997-09-26T16:00:00,-0.43,0.25,-0.25,1.26,-0.37,-0.78,0.42,-0.31,0.06,1,0,-5.00
1997-09-26T17:00:00,-0.43,0.41,-0.24,1.25,-0.21,-0.61,0.44,-0.34,-0.01,1,0,-6.00
1997-09-26T18:00:00,-0.62,0.35,-0.1,1.2,-0.25,-0.49,0.61,-0.33,-0.0,1,0,-10.00
1997-09-26T19:00:00,-0.58,0.46,-0.13,1.09,-0.17,-0.42,0.57,-0.29,-0.0,1,0,-9.00
1997-09-26T20:00:00,-0.76,0.58,-0.0,1.01,-0.11,-0.14,0.51,-0.29,-0.07,1,0,-8.00
1997-09-26T21:00:00,-0.56,0.65,0.25,1.07,-0.07,-0.5,0.92,-0.32,-0.03,1,0,-5.00
1997-09-26T22:00:00,-0.23,0.94,0.04,1.1,-0.04,-0.31,0.97,-0.33,-0.06,1,0,-8.00
1997-09-26T23:00:00,-0.56,0.62,-0.34,1.13,0.03,-0.04,0.95,-0.27,-0.03,1,0,-5.00
1997-09-27T00:00:00,0.63,0.01,-0.31,1.07,0.32,-0.12,1.15,-0.36,0.03,1,0,-6.00
1997-09-27T01:00:00,0.31,0.28,-0.26,1.15,0.14,-0.14,0.93,-0.4,0.1,1,0,-9.00
1997-09-27T02:00:00,-0.57,0.47,0.09,1.26,0.02,-0.35,0.76,-0.33,0.01,1,0,-14.00
1997-09-27T03:00:00,0.42,0.17,-0.3,1.05,0.13,0.21,0.81,-0.39,0.06,1,0,-17.00
1997-09-27T04:00:00,0.58,0.33,-0.28,0.95,0.17,0.37,1.06,-0.39,-0.01,1,0,-13.00
1997-09-27T05:00:00,0.37,0.33,-0.34,0.99,0.26,0.17,1.22,-0.42,0.03,1,0,-8.00
1997-09-27T06:00:00,0.02,-0.19,-0.3,1.06,0.21,-0.01,1.39,-0.42,0.31,1,0,-9.00
1997-09-27T07:00:00,-0.61,0.06,0.02,1.09,0.08,0.15,1.27,-0.37,0.16,1,0,-12.00
1997-09-27T08:00:00,-0.6,0.41,-0.34,1.13,-0.07,0.31,1.19,-0.44,-0.07,1,0,-14.00
1997-09-27T09:00:00,-0.43,0.57,-0.65,1.03,-0.12,0.26,1.5,-0.4,-0.09,1,0,-17.00
1997-09-27T10:00:00,-0.54,0.98,-0.09,0.99,-0.29,0.35,1.76,-0.36,-0.07,1,0,-16.00
1997-09-27T11:00:00,-0.52,0.78,0.0,1.01,-0.23,0.5,1.86,-0.35,-0.0,1,0,-17.00
1997-09-27T12:00:00,-0.73,0.78,0.08,0.97,-0.4,0.36,1.89,-0.41,-0.07,1,0,-12.00
1997-09-27T13:00:00,-0.59,0.79,-0.31,0.9,-0.29,0.2,1.64,-0.34,-0.05,1,0,-7.00
1997-09-27T14:00:00,-0.81,0.55,-0.85,0.86,-0.12,0.43,0.9,-0.27,-0.12,1,0,-3.00
1997-09-27T15:00:00,0.07,-0.33,-1.01,0.69,0.21,0.79,1.18,-0.34,-0.11,1,0,-11.00
1997-09-27T16:00:00,-0.68,0.71,-0.94,0.81,-0.41,0.71,1.19,-0.33,-0.13,1,0,-15.00
1997-09-27T17:00:00,-0.84,1.02,-0.24,0.68,-0.08,0.53,1.19,-0.24,-0.1,1,0,-28.00
1997-09-27T18:00:00,-0.67,0.49,0.32,0.67,-0.23,0.3,1.13,-0.17,0.08,1,0,-36.00
1997-09-27T19:00:00,-0.82,0.34,0.59,0.57,0.13,0.08,1.43,-0.01,0.08,1,0,-33.00
1997-09-27T20:00:00,-0.63,0.61,-0.28,0.55,0.14,0.57,1.16,-0.07,0.08,1,0,-24.00
1997-09-27T21:00:00,-0.9,1.13,0.27,0.34,1.27,-0.33,0.15,0.2,-0.1,1,0,-13.00
1997-09-27T22:00:00,-0.83,1.13,0.2,0.29,1.58,-0.29,0.66,0.2,-0.05,1,0,-24.00
1997-09-27T23:00:00,-1.07,1.33,0.26,0.24,1.18,0.3,0.44,0.2,-0.11,1,0,-26.00
1997-09-28T00:00:00,-1.06,1.04,-0.09,0.19,0.93,-0.35,0.65,0.52,-0.01,1,0,-26.00
1997-09-28T01:00:00,-0.55,0.59,-0.69,0.12,1.22,-0.26,0.34,0.55,0.04,1,0,-20.00
1997-09-28T02:00:00,-0.67,0.4,-0.28,-0.13,1.25,-0.31,-0.01,0.46,0.1,1,0,-17.00
1997-09-28T03:00:00,-0.74,0.19,-0.21,-0.21,1.2,-1.06,-0.11,0.42,0.1,1,0,-28.00
1997-09-28T04:00:00,-0.58,-0.04,-0.14,-0.13,0.83,-1.09,-0.18,0.24,0.2,1,0,-36.00
1997-09-28T05:00:00,0.34,0.45,-0.52,0.06,0.99,-0.78,-0.18,0.04,-0.05,1,0,-39.00
1997-09-28T06:00:00,0.37,0.12,-0.68,0.22,0.95,-0.61,-0.26,-0.03,-0.09,1,0,-38.00
1997-09-28T07:00:00,0.57,-0.17,-0.3,0.15,0.74,-0.24,-0.18,0.04,0.03,1,0,-42.00
1997-09-28T08:00:00,-0.34,0.08,-0.48,0.17,0.78,-0.56,-0.35,-0.04,-0.04,1,0,-38.00
1997-09-28T09:00:00,-0.58,0.23,-0.59,0.31,0.88,-0.49,-0.46,-0.28,-0.15,1,0,-37.00
1997-09-28T10:00:00,-0.42,0.44,-0.54,0.36,0.78,-0.28,-0.45,-0.28,-0.15,0,0,-35.00
1997-09-28T11:00:00,-0.64,0.42,-0.34,0.5,0.64,-0.01,-0.39,-0.07,-0.1,0,0,-36.00
1997-09-28T12:00:00,-0.59,0.41,-0.35,0.54,0.46,0.16,-0.38,-0.12,-0.1,0,0,-37.00
1997-09-28T13:00:00,0.1,0.19,-0.09,0.56,0.22,0.45,-0.08,-0.25,0.69,0,0,-35.00
1997-09-28T14:00:00,-0.06,0.5,-0.42,0.69,-0.32,1.12,-0.08,-0.42,-0.12,0,0,-28.00
1997-09-28T15:00:00,-0.23,-0.05,0.04,0.67,-0.03,0.47,0.14,-0.26,1.42,0,0,-24.00
1997-09-28T16:00:00,-0.34,-0.13,0.15,0.66,0.02,0.46,0.1,-0.16,0.63,0,0,-26.00
1997-09-28T17:00:00,-0.14,-0.42,0.42,0.55,0.19,0.27,0.09,-0.25,0.06,0,0,-25.00
1997-09-28T18:00:00,-0.27,-0.12,0.21,0.55,-0.08,0.45,0.38,-0.23,0.86,0,0,-22.00
1997-09-28T19:00:00,-0.1,-0.43,0.1,0.52,0.18,0.31,0.35,-0.24,0.41,0,0,-20.00
1997-09-28T20:00:00,-0.02,-0.48,0.25,0.45,0.06,0.27,0.24,-0.17,0.28,0,0,-19.00
1997-09-28T21:00:00,-0.01,-0.58,0.23,0.43,0.17,0.53,0.03,-0.1,0.14,0,0,-20.00
1997-09-28T22:00:00,-0.43,0.13,0.46,0.47,-0.19,0.3,0.02,0.04,0.16,0,0,-21.00
1997-09-28T23:00:00,-0.39,0.52,0.19,0.48,-0.51,0.56,-0.02,0.08,0.12,0,0,-19.00
1997-09-29T00:00:00,-0.04,0.79,-0.03,0.47,-0.52,0.51,-0.08,0.02,-0.0,0,0,-14.00
1997-09-29T01:00:00,0.15,0.74,-0.06,0.38,-0.22,0.84,-0.08,-0.04,-0.0,0,0,-12.00
1997-09-29T02:00:00,-0.25,-0.02,0.07,0.33,0.16,1.04,-0.18,0.17,2.03,0,0,-11.00
1997-09-29T03:00:00,-0.58,0.05,0.34,0.2,0.35,0.99,-0.08,0.36,0.24,0,0,-13.00
1997-09-29T04:00:00,-0.85,0.07,0.23,0.26,0.59,0.37,-0.09,0.34,0.06,0,0,-11.00
1997-09-29T05:00:00,-0.35,0.23,-0.27,0.15,0.33,0.42,-0.08,0.25,0.3,0,0,-11.00
1997-09-29T06:00:00,0.05,0.03,-0.26,0.31,0.47,0.28,-0.11,0.16,0.76,0,0,-12.00
1997-09-29T07:00:00,-0.85,0.3,-0.19,0.28,0.77,0.16,-0.11,0.14,-0.03,0,0,-18.00
1997-09-29T08:00:00,-0.85,0.34,-0.18,0.36,0.39,0.47,-0.08,0.07,-0.04,0,0,-17.00
1997-09-29T09:00:00,-0.96,0.68,-0.2,0.49,-0.07,0.79,0.22,0.15,-0.06,0,0,-16.00
1997-09-29T10:00:00,-1.55,0.85,-0.01,0.78,1.09,-0.47,0.67,0.56,-0.06,0,0,-11.00
1997-09-29T11:00:00,-0.99,0.26,-0.38,1.56,2.47,-2.61,0.12,1.48,0.19,0,0,-12.00
1997-09-29T12:00:00,-1.18,0.32,-0.48,1.64,1.74,-1.22,0.05,1.22,0.03,0,0,-14.00
1997-09-29T13:00:00,-1.22,0.63,-0.09,1.77,2.05,-2.04,-0.09,1.23,-0.0,0,0,-16.00
1997-09-29T14:00:00,-0.56,0.72,0.78,1.45,1.41,-0.35,0.0,1.34,0.08,0,0,-16.00
1997-09-29T15:00:00,-0.65,0.94,1.27,1.34,-0.0,-0.74,0.3,1.46,-0.02,0,0,-15.00
1997-09-30T08:00:00,4.55,0.5,0.72,2.97,-16.13,9.82,-0.98,3.46,-0.19,0,0,-8.00
1997-09-30T23:00:00,0.23,0.39,1.37,1.66,-4.22,1.4,1.49,1.4,0.22,0,0,-20.00
1997-10-01T00:00:00,-0.46,-0.37,0.07,1.51,-3.36,0.61,2.9,1.65,5.41,0,0,---
1997-10-01T01:00:00,-0.29,-0.24,1.1,0.3,-0.58,-0.27,5.14,0.77,0.93,0,0,-10.00
1997-10-01T02:00:00,0.7,2.42,2.4,1.11,-3.06,0.61,2.81,1.6,-0.07,0,0,8.00
1997-10-01T03:00:00,-0.69,1.89,3.42,0.84,-1.57,1.78,2.65,2.19,-0.08,0,0,2.00
1997-10-01T04:00:00,-0.35,1.71,1.27,0.93,-3.62,1.12,2.64,1.84,0.18,0,0,-6.00
1997-10-01T05:00:00,-0.27,1.74,-0.42,0.41,-1.55,0.34,1.43,0.44,-0.03,0,0,-5.00
1997-10-01T06:00:00,-0.96,1.48,1.06,0.89,-3.06,0.84,1.57,2.46,0.18,0,0,-16.00
1997-10-01T07:00:00,-0.41,1.36,-0.6,0.28,1.46,-1.73,1.35,1.36,0.17,0,0,-28.00
1997-10-01T08:00:00,1.04,1.53,-2.18,0.45,-1.09,-0.21,0.57,0.46,-0.16,0,0,-25.00
1997-10-01T09:00:00,1.48,0.7,-2.83,0.68,-0.28,-0.41,0.83,1.16,-0.14,0,0,-30.00
1997-10-01T10:00:00,2.76,1.23,-3.53,1.07,-1.51,0.42,1.35,1.27,-0.16,0,0,-45.00
1997-10-01T11:00:00,1.02,0.17,-2.51,0.17,-0.86,1.61,0.39,0.37,-0.16,0,0,-61.00
1997-10-01T12:00:00,0.01,0.12,-1.34,-0.03,0.04,1.48,0.2,0.18,-0.12,0,0,-53.00
1997-10-01T13:00:00,0.28,0.51,-1.28,-0.0,0.28,1.17,-0.02,-0.02,-0.15,0,0,-53.00
1997-10-01T14:00:00,0.54,0.47,-1.3,-0.02,0.33,1.05,-0.01,-0.21,-0.16,0,0,-70.00
1997-10-01T15:00:00,0.82,0.4,-1.35,0.11,-0.26,0.99,0.18,-0.15,-0.16,0,0,-84.00
1997-10-01T16:00:00,0.67,0.84,-0.64,-0.01,0.23,0.72,0.67,-0.3,-0.13,0,0,-98.00
1997-10-01T17:00:00,0.16,1.59,0.67,0.01,-0.01,0.56,0.4,-0.5,-0.18,0,0,-98.00
1997-10-01T18:00:00,0.05,1.48,0.83,0.06,-0.15,0.41,0.66,-0.55,-0.18,0,1,-91.00
1997-10-01T19:00:00,-0.07,1.37,0.91,0.15,-0.1,0.19,0.3,-0.52,-0.18,0,1,-73.00
1997-10-01T20:00:00,-0.34,1.0,1.02,0.12,-0.08,0.54,0.84,-0.52,-0.17,0,1,-71.00
1997-10-01T21:00:00,0.07,1.14,0.92,0.1,-0.32,0.5,0.64,-0.56,-0.18,0,1,-65.00
1997-10-01T22:00:00,0.46,1.24,0.86,0.12,-0.54,0.54,0.21,-0.56,-0.18,0,1,-59.00
1997-10-01T23:00:00,0.63,1.31,0.77,0.14,-0.61,0.47,0.19,-0.55,-0.18,0,1,-58.00
1997-10-02T00:00:00,0.51,1.46,0.68,0.08,-0.41,0.57,0.19,-0.55,-0.18,0,1,-51.00
1997-10-02T01:00:00,0.47,1.52,0.59,0.15,-0.42,0.37,0.12,-0.55,-0.18,0,1,-42.00
1997-10-02T02:00:00,0.1,1.49,0.72,0.12,-0.11,0.83,-0.18,-0.53,-0.19,0,1,-35.00
1997-10-02T03:00:00,-0.45,1.21,0.99,0.06,-0.41,0.95,-0.08,-0.53,-0.18,0,1,-37.00
1997-10-02T04:00:00,-0.7,0.96,1.11,0.02,-0.79,1.26,-0.38,-0.5,-0.19,0,1,-35.00
1997-10-02T05:00:00,-0.64,1.12,0.97,0.08,-0.77,1.04,-0.43,-0.5,-0.19,0,1,-38.00
1997-10-02T06:00:00,-0.62,1.05,0.85,0.14,-0.39,0.59,-0.11,-0.53,-0.18,0,1,-39.00
1997-10-02T07:00:00,-0.87,1.11,0.86,0.17,-0.47,0.35,0.12,-0.54,-0.18,0,1,-36.00
1997-10-02T08:00:00,-0.88,1.17,0.81,0.14,-0.6,0.27,0.02,-0.54,-0.18,0,1,-33.00
1997-10-02T09:00:00,-0.58,1.18,0.82,0.2,-0.58,0.19,0.16,-0.52,-0.18,0,1,-32.00
1997-10-02T10:00:00,-0.76,1.14,0.83,0.24,-0.41,0.05,0.19,-0.53,-0.18,0,1,-30.00
1997-10-02T11:00:00,-0.54,1.15,0.98,0.27,-0.42,-0.19,0.16,-0.54,-0.18,0,1,-27.00
1997-10-02T12:00:00,-0.47,1.23,0.88,0.33,-0.63,0.13,0.27,-0.54,-0.18,0,1,-28.00
1997-10-02T13:00:00,-0.35,0.96,1.11,0.34,-0.58,0.06,0.5,-0.54,-0.18,0,1,-28.00
1997-10-02T14:00:00,-0.3,0.78,1.37,0.35,-0.57,-0.11,0.17,-0.54,-0.18,0,1,-27.00
1997-10-02T15:00:00,-0.44,0.26,1.54,0.42,-0.15,-0.39,-0.2,-0.55,-0.19,0,1,-28.00
1997-10-02T16:00:00,-0.6,0.64,1.36,0.47,-0.73,0.04,-0.17,-0.53,-0.19,0,1,-31.00
1997-10-02T17:00:00,-0.49,0.29,1.45,0.47,-0.58,-0.14,-0.15,-0.53,-0.19,0,1,-28.00
1997-10-02T18:00:00,-0.55,0.11,1.52,0.52,-0.56,-0.45,-0.38,-0.56,-0.19,0,1,-28.00
1997-10-02T19:00:00,-0.68,0.09,1.49,0.55,-0.65,-0.43,-0.38,-0.55,-0.19,0,1,-31.00
1997-10-02T20:00:00,-0.6,-0.27,1.52,0.54,-0.29,-0.63,-0.36,-0.55,-0.19,0,1,-32.00
1997-10-02T21:00:00,-0.66,-0.51,1.47,0.56,-0.25,-0.7,-0.46,-0.53,-0.19,0,1,-30.00
1997-10-02T22:00:00,-0.68,-0.84,1.37,0.56,0.18,-0.53,-0.52,-0.49,-0.19,0,1,-31.00
1997-10-02T23:00:00,-0.67,-0.36,1.11,0.42,0.54,0.18,0.49,-0.31,-0.14,0,1,-33.00
1997-10-03T00:00:00,-0.55,0.58,0.92,0.36,1.04,0.92,2.09,-0.34,-0.08,0,0,-26.00
1997-10-03T01:00:00,-0.67,0.21,0.73,0.38,0.77,0.61,1.59,-0.25,0.0,0,0,-12.00
1997-10-03T02:00:00,-1.0,-0.43,0.66,0.1,0.04,1.19,1.01,-0.44,-0.14,0,0,-11.00
1997-10-03T03:00:00,-1.19,-0.08,0.47,0.09,0.19,0.91,0.75,-0.48,-0.15,0,0,-9.00
1997-10-03T04:00:00,-1.13,-0.37,0.61,0.18,0.1,0.63,0.52,-0.48,-0.16,0,0,-13.00
1997-10-03T05:00:00,-0.82,-0.54,0.51,0.32,-0.2,0.22,1.53,-0.48,-0.12,0,0,-20.00
1997-10-03T06:00:00,0.18,-0.57,-0.18,0.39,-0.05,-0.15,1.83,-0.49,0.03,0,0,-16.00
1997-10-03T07:00:00,0.91,0.33,-0.4,0.45,0.25,-0.28,0.67,-0.53,-0.16,0,0,-9.00
1997-10-03T08:00:00,0.3,-0.22,0.11,0.43,0.26,-0.07,1.7,-0.46,0.62,0,0,-20.00
1997-10-03T09:00:00,0.15,0.32,0.23,0.34,0.25,-0.32,2.31,-0.47,0.48,0,0,-28.00
1997-10-03T10:00:00,-0.19,-0.28,-0.19,0.29,0.04,-0.27,2.19,-0.52,0.23,0,0,-26.00
1997-10-03T11:00:00,-0.3,-0.37,0.16,0.31,0.13,-0.21,1.81,-0.5,0.16,0,0,-19.00
1997-10-03T12:00:00,-0.36,-0.35,0.2,0.33,0.06,-0.05,1.26,-0.47,0.12,0,0,-18.00
1997-10-03T13:00:00,-0.11,-0.29,0.11,0.35,0.09,-0.07,1.46,-0.49,0.68,0,0,-20.00
1997-10-03T14:00:00,-0.01,-0.03,0.31,0.4,-0.03,-0.14,1.56,-0.52,0.6,0,0,-11.00
1997-10-03T15:00:00,-0.32,-0.27,-0.11,0.4,0.07,-0.08,1.39,-0.5,0.14,0,0,-12.00
1997-10-03T16:00:00,-0.51,-0.34,-0.1,0.38,0.14,-0.1,0.78,-0.48,-0.04,0,0,-16.00
1997-10-03T17:00:00,-0.55,-0.47,-0.11,0.42,0.08,-0.04,0.35,-0.46,-0.1,0,0,-21.00
1997-10-03T18:00:00,-0.48,-0.5,-0.09,0.51,0.06,0.04,0.35,-0.43,-0.07,0,0,-27.00
1997-10-03T19:00:00,-0.45,-0.57,-0.02,0.57,-0.0,0.04,0.36,-0.43,-0.08,0,0,-31.00
1997-10-03T20:00:00,0.46,0.08,0.26,0.79,0.23,0.45,0.22,-0.37,0.07,0,0,-32.00
1997-10-03T21:00:00,0.51,-0.12,0.32,0.8,0.02,0.55,0.21,-0.28,0.08,0,0,-35.00
1997-10-03T22:00:00,0.26,-0.52,0.35,0.74,-0.35,0.51,0.18,-0.35,-0.02,0,0,-30.00
1997-10-03T23:00:00,0.28,-0.39,-0.03,0.77,-0.36,0.23,0.18,-0.29,0.19,0,0,-27.00
1997-10-04T00:00:00,-0.02,-0.53,-0.02,0.71,-0.6,0.41,0.18,-0.29,0.13,0,0,-26.00
1997-10-04T01:00:00,-0.01,-0.83,0.07,0.71,-0.49,0.49,0.07,-0.38,-0.1,0,0,-25.00
1997-10-04T02:00:00,-0.31,-0.8,0.3,0.71,-0.33,0.66,0.02,-0.39,-0.12,0,0,-24.00
1997-10-04T03:00:00,-0.61,-0.7,0.44,0.7,-0.26,0.7,0.08,-0.39,-0.14,0,0,-22.00
1997-10-04T04:00:00,-0.4,-0.71,0.45,0.74,-0.25,0.6,0.26,-0.38,-0.11,0,0,-22.00
1997-10-04T05:00:00,0.22,-0.38,0.71,0.78,0.01,1.05,0.26,-0.34,-0.08,0,0,-19.00
1997-10-04T06:00:00,0.22,-0.65,0.77,0.79,-0.15,1.04,0.22,-0.34,-0.12,0,0,-17.00
1997-10-04T07:00:00,0.48,-0.53,0.54,0.87,-0.29,0.61,0.24,-0.28,-0.07,0,0,-15.00
1997-10-04T08:00:00,0.79,-0.32,0.22,0.96,-0.16,0.22,0.32,-0.2,-0.02,0,0,-13.00
1997-10-04T09:00:00,0.27,-0.73,0.52,0.88,-0.16,0.14,0.19,-0.35,-0.11,0,0,-15.00
1997-10-04T10:00:00,-0.07,-0.92,0.62,0.88,-0.47,0.19,0.7,-0.38,-0.12,0,0,-13.00
1997-10-04T11:00:00,0.25,-0.87,-0.21,0.99,-0.56,-0.58,0.66,-0.35,-0.08,0,0,-11.00
1997-10-04T12:00:00,0.69,-0.16,-0.39,1.08,-0.12,-0.62,0.55,-0.35,-0.07,0,0,-14.00
1997-10-04T13:00:00,0.17,-0.78,0.41,1.06,-0.49,-0.03,0.1,-0.47,-0.14,0,0,-18.00
1997-10-04T14:00:00,-0.03,-0.88,0.52,1.04,-0.6,0.14,0.06,-0.48,-0.16,0,0,-24.00
1997-10-04T15:00:00,0.43,-0.83,0.16,1.17,-0.56,-0.35,0.1,-0.47,-0.15,0,0,-22.00
1997-10-04T16:00:00,-0.02,-0.87,0.43,1.05,-0.46,0.07,0.19,-0.48,-0.15,0,0,-19.00
1997-10-04T17:00:00,0.04,-0.89,0.57,1.01,-0.42,0.46,0.2,-0.48,-0.15,0,0,-19.00
1997-10-04T18:00:00,-0.35,-0.71,0.75,0.89,-0.22,0.57,0.13,-0.51,-0.17,0,0,-19.00
1997-10-04T19:00:00,-0.42,-0.82,0.64,0.89,-0.26,0.43,0.25,-0.5,-0.16,0,0,-19.00
1997-10-04T20:00:00,-0.22,-1.06,0.32,0.95,-0.47,0.06,0.31,-0.49,-0.16,0,0,-18.00
1997-10-04T21:00:00,-0.33,-0.92,0.23,0.96,-0.3,0.03,0.45,-0.46,-0.13,0,0,-16.00
1997-10-04T22:00:00,-0.07,-0.88,0.33,1.05,-0.14,0.23,0.66,-0.44,-0.11,0,0,-15.00
1997-10-04T23:00:00,0.14,-0.82,0.26,1.15,-0.12,0.19,0.71,-0.41,-0.07,0,0,-15.00
1997-10-05T00:00:00,0.37,-0.66,0.3,1.25,-0.05,0.17,0.57,-0.43,-0.08,0,0,-16.00
1997-10-05T01:00:00,0.58,-0.42,0.27,1.32,0.06,0.26,0.6,-0.34,0.0,0,0,-17.00
1997-10-05T02:00:00,0.63,-0.09,-0.05,1.38,0.17,-0.09,0.35,-0.34,0.03,0,0,-17.00
1997-10-05T03:00:00,0.57,-0.01,0.43,1.32,0.05,0.38,0.32,-0.4,-0.05,0,0,-18.00
1997-10-05T04:00:00,0.25,-0.63,0.4,1.03,-0.55,-0.25,-0.04,-0.45,-0.12,0,0,-18.00
1997-10-05T05:00:00,0.4,-0.61,0.4,1.14,-0.34,0.03,-0.08,-0.5,-0.15,0,0,-19.00
1997-10-05T06:00:00,0.26,-0.71,0.14,1.14,0.0,-0.04,-0.22,-0.51,-0.15,0,0,-16.00
1997-10-05T07:00:00,0.29,-0.62,0.17,1.18,-0.1,-0.04,-0.05,-0.5,-0.13,0,0,-15.00
1997-10-05T08:00:00,0.24,-0.62,0.19,1.18,-0.19,-0.05,0.03,-0.51,-0.13,0,0,-13.00
1997-10-05T09:00:00,-0.09,-0.67,0.37,1.13,-0.38,0.06,0.23,-0.51,-0.13,0,0,-12.00
1997-10-05T10:00:00,0.16,-0.75,0.4,1.23,-0.46,0.09,0.37,-0.49,-0.13,0,0,-13.00
1997-10-05T11:00:00,0.05,-0.84,0.38,1.2,-0.45,0.12,0.53,-0.49,-0.13,0,0,-13.00
1997-10-05T12:00:00,0.03,-0.7,0.6,1.24,-0.07,0.28,0.54,-0.48,-0.13,0,0,-10.00
1997-10-05T13:00:00,-0.17,-0.77,0.55,1.2,-0.17,0.21,0.57,-0.49,-0.14,0,0,-9.00
1997-10-05T14:00:00,-0.52,-0.61,0.53,1.18,-0.04,0.17,0.57,-0.51,-0.15,0,0,-9.00
1997-10-05T15:00:00,-0.44,-0.8,0.3,1.22,-0.23,-0.07,0.63,-0.52,-0.14,0,0,-9.00
1997-10-05T16:00:00,-0.44,-0.52,0.5,1.22,0.04,0.19,0.85,-0.51,-0.12,0,0,-10.00
1997-10-05T17:00:00,-0.04,-0.58,0.14,1.34,-0.09,-0.14,0.74,-0.48,-0.01,0,0,-10.00
1997-10-05T18:00:00,-0.59,-0.53,0.13,1.22,-0.07,-0.05,0.53,-0.49,-0.11,0,0,-11.00
1997-10-05T19:00:00,-0.6,-0.62,0.2,1.23,-0.12,0.14,0.52,-0.51,-0.14,0,0,-12.00
1997-10-05T20:00:00,-0.75,-0.34,0.14,1.25,-0.01,0.1,0.83,-0.51,-0.12,0,0,-13.00
1997-10-05T21:00:00,-0.78,-0.06,0.4,1.25,0.18,0.25,0.86,-0.52,-0.13,0,0,-13.00
1997-10-05T22:00:00,-0.22,-0.49,0.35,1.36,-0.13,0.24,0.66,-0.47,-0.03,0,0,-8.00
1997-10-05T23:00:00,-0.18,-0.69,0.48,1.37,-0.27,0.3,0.46,-0.46,-0.12,0,0,-7.00
1997-10-06T00:00:00,0.14,-0.83,0.07,1.44,-0.36,0.12,0.46,-0.44,-0.1,0,0,-9.00
1997-10-06T01:00:00,0.16,-0.73,0.28,1.44,-0.31,0.33,0.41,-0.45,-0.1,0,0,-10.00
1997-10-06T02:00:00,-0.14,-0.67,0.35,1.38,-0.16,0.35,0.59,-0.45,-0.08,0,0,-12.00
1997-10-06T03:00:00,-0.18,-0.78,0.31,1.39,-0.17,0.37,0.59,-0.47,-0.11,0,0,-13.00
1997-10-06T04:00:00,-0.4,-0.58,0.56,1.38,0.0,0.31,0.46,-0.5,-0.14,0,0,-13.00
1997-10-06T05:00:00,-0.56,0.05,0.68,1.36,0.24,0.38,0.47,-0.48,-0.13,0,0,-12.00
1997-10-06T06:00:00,-0.33,0.09,0.63,1.4,0.24,0.34,0.5,-0.48,-0.1,0,0,-11.00
1997-10-06T07:00:00,-0.16,-0.07,0.63,1.44,0.21,0.43,0.61,-0.5,-0.09,0,0,-9.00
1997-10-06T08:00:00,-0.12,0.14,0.53,1.45,0.23,0.38,0.95,-0.52,-0.04,0,0,-7.00
1997-10-06T09:00:00,-0.12,-0.12,0.66,1.46,0.01,0.41,0.75,-0.52,-0.1,0,0,-5.00
1997-10-06T10:00:00,-0.04,-0.52,0.53,1.48,-0.14,0.38,0.97,-0.51,-0.09,0,0,-7.00
1997-10-06T11:00:00,0.06,-0.72,0.4,1.49,-0.22,0.43,1.07,-0.5,-0.1,0,0,-7.00
1997-10-06T12:00:00,0.15,-0.28,0.67,1.5,-0.03,0.57,1.04,-0.53,-0.11,0,0,-6.00
1997-10-06T13:00:00,0.01,-0.58,0.72,1.48,-0.28,0.63,1.16,-0.54,-0.14,0,0,-5.00
1997-10-06T14:00:00,-0.15,-0.87,0.42,1.46,-0.37,0.55,1.34,-0.54,-0.14,0,0,-6.00
1997-10-06T15:00:00,-0.26,-0.91,0.22,1.49,-0.38,0.24,1.29,-0.54,-0.14,0,0,-6.00
1997-10-06T16:00:00,-0.06,-0.8,-0.28,1.52,-0.44,-0.14,1.28,-0.52,-0.12,0,0,-6.00
1997-10-06T17:00:00,-0.21,-0.7,0.34,1.53,-0.14,0.26,0.79,-0.52,-0.12,0,0,-6.00
1997-10-06T18:00:00,-0.05,-0.83,-0.25,1.49,-0.26,0.24,0.81,-0.53,-0.14,1,0,-9.00
1997-10-06T19:00:00,-0.18,-0.88,-0.02,1.46,-0.33,0.2,0.65,-0.52,-0.14,1,0,-9.00
1997-10-06T20:00:00,-0.25,-0.76,0.53,1.39,-0.37,0.18,1.18,-0.51,-0.12,1,0,-10.00
1997-10-06T21:00:00,0.21,-0.79,-0.05,1.29,-0.59,0.06,1.53,-0.45,-0.03,1,0,-12.00
1997-10-06T22:00:00,0.35,-0.68,0.64,1.27,-0.69,0.24,1.52,-0.46,-0.1,1,0,-6.00
1997-10-06T23:00:00,0.31,-1.1,0.36,1.28,-0.76,-0.04,2.07,-0.49,-0.12,1,0,-8.00
1997-10-07T00:00:00,0.35,-0.78,0.17,1.26,-0.7,0.06,2.65,-0.49,-0.03,1,0,-6.00
1997-10-07T01:00:00,0.36,-0.97,-0.02,1.28,-0.64,0.26,1.83,-0.51,-0.12,1,0,-4.00
1997-10-07T02:00:00,0.31,-1.22,-0.1,1.33,-0.68,-0.08,1.39,-0.48,-0.14,1,0,-5.00
1997-10-07T03:00:00,0.02,-0.67,-0.04,1.38,-0.97,-0.28,1.29,-0.47,-0.01,1,0,-11.00
1997-10-07T04:00:00,-0.49,-0.43,-0.46,1.37,-1.12,-0.4,1.15,-0.45,-0.08,1,0,-14.00
1997-10-07T05:00:00,-0.8,-0.19,-0.8,1.33,-0.92,-0.3,1.14,-0.45,-0.14,1,0,-15.00
1997-10-07T06:00:00,-0.87,0.64,-0.43,1.35,-0.83,0.02,1.33,-0.45,-0.13,1,0,-16.00
1997-10-07T07:00:00,-0.36,0.23,-0.26,1.33,-0.65,-0.06,1.32,-0.42,0.13,1,0,-15.00
1997-10-07T08:00:00,-0.2,0.05,-0.48,1.27,-0.66,-0.12,1.43,-0.41,0.06,1,0,-13.00
1997-10-07T09:00:00,-0.56,0.48,-0.15,1.27,-0.6,-0.05,1.48,-0.38,0.03,1,0,-14.00
1997-10-07T10:00:00,-0.23,0.26,-0.45,1.25,-0.62,-0.04,1.46,-0.37,0.08,1,0,-18.00
1997-10-07T11:00:00,0.23,0.27,-0.33,1.2,-0.25,-0.27,1.31,-0.35,0.21,1,0,-18.00
1997-10-07T12:00:00,0.57,0.37,-0.24,1.17,-0.25,-0.2,1.32,-0.32,0.08,1,0,-20.00
1997-10-07T13:00:00,-0.06,-0.07,-0.37,1.22,-0.18,-0.05,1.38,-0.33,0.36,1,0,-20.00
1997-10-07T14:00:00,-0.68,0.48,-0.09,1.29,-0.48,-0.02,1.49,-0.29,0.06,1,0,-21.00
1997-10-07T15:00:00,-0.62,0.82,-0.26,1.24,-0.6,0.16,1.46,-0.34,-0.07,1,0,-24.00
1997-10-07T16:00:00,-0.54,0.78,-0.44,1.18,-0.61,0.2,2.41,-0.49,-0.11,1,0,-22.00
1997-10-07T17:00:00,-0.73,0.99,0.08,1.18,-0.69,-0.07,2.96,-0.47,-0.1,1,0,-19.00
1997-10-07T18:00:00,-0.5,0.97,0.05,1.15,-0.58,0.11,2.15,-0.47,-0.1,1,0,-18.00
1997-10-07T19:00:00,-1.39,0.75,0.51,1.22,-0.38,0.16,1.32,-0.46,-0.16,1,0,-17.00
1997-10-07T20:00:00,-0.25,1.17,-0.19,0.99,-0.43,0.75,1.47,-0.34,-0.09,1,0,-20.00
1997-10-07T21:00:00,-0.08,0.96,-0.18,0.93,-0.04,0.86,1.59,-0.15,0.06,1,0,-16.00
1997-10-07T22:00:00,-0.21,1.09,0.46,0.84,0.35,0.64,1.49,0.15,0.08,1,0,-15.00
1997-10-07T23:00:00,-0.51,-0.95,1.02,0.82,1.02,0.33,1.03,0.02,-0.07,1,0,-25.00
1997-10-08T00:00:00,-0.8,-0.01,0.84,0.87,0.71,-0.06,1.21,0.16,0.06,1,0,-19.00
1997-10-08T01:00:00,-0.6,-0.11,0.87,0.84,0.59,-0.08,1.02,0.16,0.08,1,0,-13.00
1997-10-08T02:00:00,-0.51,-0.38,1.11,0.82,0.43,-0.29,0.87,0.07,-0.05,1,0,-12.00
1997-10-08T03:00:00,-0.76,-0.37,0.68,0.81,0.74,-0.19,0.91,0.18,0.08,1,0,-12.00
1997-10-08T04:00:00,-0.37,0.13,0.28,0.76,0.59,0.06,0.73,0.02,0.88,1,0,-12.00
1997-10-08T05:00:00,0.22,0.78,-0.43,0.58,0.5,0.31,0.48,-0.1,-0.03,1,0,-10.00
1997-10-08T06:00:00,-0.05,0.47,-0.7,0.59,0.69,0.59,0.39,-0.13,-0.05,1,0,-12.00
1997-10-08T07:00:00,-0.22,0.47,-0.45,0.65,0.53,0.16,0.49,-0.05,0.08,1,0,-19.00
1997-10-08T08:00:00,-0.58,0.6,0.25,0.76,0.5,-0.69,0.51,0.04,0.09,1,0,-26.00
1997-10-08T09:00:00,-0.51,0.69,-0.19,0.76,0.38,-0.16,0.49,-0.13,-0.0,1,0,-26.00
1997-10-08T10:00:00,-0.51,1.02,0.37,0.8,0.02,-0.54,0.46,-0.26,-0.11,1,0,-21.00
1997-10-08T11:00:00,0.37,0.38,-0.85,0.67,0.35,0.38,0.57,-0.38,-0.13,0,0,-21.00
1997-10-08T12:00:00,0.04,0.38,-0.4,0.74,0.4,0.01,0.69,-0.28,0.08,0,0,-18.00
1997-10-08T13:00:00,-0.17,0.18,-0.29,0.85,0.2,-0.23,0.74,-0.21,0.43,0,0,-28.00
1997-10-08T14:00:00,0.39,-0.06,-0.75,0.82,0.26,0.04,0.8,-0.24,-0.05,0,0,-36.00
1997-10-08T15:00:00,-0.37,0.6,0.03,0.94,0.12,-0.43,0.78,-0.14,0.16,0,0,-33.00
1997-10-08T16:00:00,-0.36,0.53,-0.02,0.94,0.08,-0.39,0.54,-0.19,0.13,0,0,-36.00
1997-10-08T17:00:00,-0.93,0.55,0.22,1.0,0.1,-0.52,0.37,-0.2,-0.08,0,0,-35.00
1997-10-08T18:00:00,-1.06,-0.01,-0.1,1.03,0.46,0.12,0.43,-0.13,-0.06,0,0,-33.00
1997-10-08T19:00:00,-0.97,0.6,0.25,0.91,0.06,-0.24,0.32,-0.16,-0.09,0,0,-32.00
1997-10-08T20:00:00,-0.65,0.38,-0.13,0.85,0.11,-0.06,0.53,-0.12,0.08,0,0,-26.00
1997-10-08T21:00:00,-0.43,0.59,-0.42,0.84,0.04,0.1,0.53,-0.2,-0.03,0,0,-26.00
1997-10-08T22:00:00,-0.47,0.5,-0.48,0.83,0.11,0.24,0.54,-0.19,-0.03,0,0,-29.00
1997-10-08T23:00:00,-0.55,0.48,-0.38,0.79,0.03,0.19,0.62,-0.14,0.01,0,0,-32.00
1997-10-09T00:00:00,-0.44,0.61,-0.07,0.74,-0.06,-0.48,0.78,-0.18,0.09,0,0,-33.00
1997-10-09T01:00:00,-0.24,0.68,-0.31,0.64,-0.05,-0.06,0.84,-0.23,0.02,0,0,-33.00
1997-10-09T02:00:00,0.5,0.48,-0.52,0.55,0.15,-0.04,0.54,-0.33,-0.09,0,0,-33.00
1997-10-09T03:00:00,0.71,0.4,-0.6,0.56,0.21,-0.06,0.49,-0.39,-0.13,0,0,-34.00
1997-10-09T04:00:00,0.82,0.27,-0.69,0.57,0.19,0.03,0.43,-0.41,-0.15,0,0,-35.00
1997-10-09T05:00:00,0.74,0.19,-0.65,0.62,0.13,0.06,0.47,-0.38,-0.13,0,0,-43.00
1997-10-09T06:00:00,0.41,0.05,-0.47,0.66,0.26,-0.25,0.74,-0.27,0.04,0,0,-50.00
1997-10-09T07:00:00,0.53,-0.16,-0.57,0.61,0.33,0.03,0.66,-0.26,-0.03,0,0,-48.00
1997-10-09T08:00:00,0.52,-0.08,-0.58,0.61,0.25,-0.02,0.68,-0.26,-0.03,0,0,-39.00
1997-10-09T09:00:00,-0.25,0.27,0.14,0.7,0.13,-0.25,0.52,-0.16,0.8,0,0,-31.00
1997-10-09T10:00:00,-0.68,0.51,-0.0,0.76,0.1,0.0,0.43,-0.03,0.06,0,0,-37.00
1997-10-09T11:00:00,-0.17,-0.03,-0.63,0.68,0.21,0.77,0.44,-0.1,0.04,0,0,-34.00
1997-10-09T12:00:00,-0.14,0.33,-0.34,0.72,0.01,0.14,0.39,-0.01,0.29,0,0,-30.00
1997-10-09T13:00:00,-0.57,0.55,0.14,0.77,0.03,-0.06,0.3,0.03,0.09,0,0,-32.00
1997-10-09T14:00:00,-0.06,0.34,-0.23,0.65,0.05,0.09,0.24,-0.11,0.35,0,0,-36.00
1997-10-09T15:00:00,-0.2,0.3,0.14,0.54,0.27,-0.16,0.3,-0.15,0.69,0,0,-34.00
1997-10-09T16:00:00,-0.31,0.47,0.12,0.6,0.2,-0.13,0.45,-0.05,0.34,0,0,-33.00
1997-10-09T17:00:00,-0.16,0.52,-0.29,0.58,0.14,0.17,0.4,-0.06,0.15,0,0,-33.00
1997-10-09T18:00:00,0.45,0.51,-0.44,0.46,-0.15,0.33,0.2,-0.14,-0.04,0,0,-33.00
1997-10-09T19:00:00,0.07,0.4,-0.48,0.56,-0.14,0.35,0.16,-0.17,-0.0,0,0,-37.00
1997-10-09T20:00:00,-0.61,0.34,-0.19,0.71,-0.21,0.33,0.16,-0.12,0.03,0,0,-39.00
1997-10-09T21:00:00,-0.47,-0.06,-0.21,0.65,0.29,0.29,0.16,-0.19,0.15,0,0,-42.00
1997-10-09T22:00:00,-0.49,-0.79,0.13,0.63,0.85,-0.22,0.06,-0.22,-0.08,0,0,-43.00
1997-10-09T23:00:00,-0.7,-0.27,0.1,0.68,0.41,-0.24,0.12,-0.12,0.03,0,0,-40.00
1997-10-10T00:00:00,-0.23,-0.47,-0.27,0.52,0.58,0.34,0.03,-0.24,0.02,0,0,-36.00
1997-10-10T01:00:00,-0.31,0.57,0.04,0.57,-0.37,0.16,0.07,-0.24,0.01,0,0,-33.00
1997-10-10T02:00:00,-0.55,-0.13,-0.26,0.59,0.26,0.64,0.11,-0.17,0.05,0,0,-35.00
1997-10-10T03:00:00,-0.19,0.67,-0.71,0.22,-0.48,1.38,0.71,-0.16,-0.07,0,0,-39.00
1997-10-10T04:00:00,-0.35,0.77,-0.67,0.29,-1.0,1.59,0.66,-0.16,-0.08,0,0,-34.00
1997-10-10T05:00:00,-0.36,0.92,-0.73,0.3,-0.78,1.87,0.64,-0.24,-0.12,0,0,-42.00
1997-10-10T06:00:00,-0.43,1.27,-0.7,0.44,-0.59,1.36,0.35,-0.37,-0.16,0,0,-50.00
1997-10-10T07:00:00,-0.91,0.94,-0.02,0.63,-0.13,0.64,0.36,-0.24,-0.13,0,0,-54.00
1997-10-10T08:00:00,-1.0,0.6,-0.38,0.72,0.34,1.06,0.44,-0.08,-0.09,0,0,-56.00
1997-10-10T09:00:00,-0.87,0.96,-0.29,0.65,0.02,-0.15,0.22,-0.27,-0.14,0,0,-52.00
1997-10-10T10:00:00,-1.06,0.61,-0.28,0.64,0.27,0.22,0.24,-0.26,-0.13,0,0,-52.00
1997-10-10T11:00:00,-1.14,0.16,-0.53,0.69,0.39,-0.01,0.26,-0.26,-0.14,0,0,-49.00
1997-10-10T12:00:00,-0.01,0.59,0.08,0.63,0.12,0.02,0.42,-0.41,-0.01,0,0,-45.00
1997-10-10T13:00:00,0.91,1.07,0.52,0.65,-0.28,0.18,0.66,-0.53,-0.18,0,0,-44.00
1997-10-10T14:00:00,0.69,1.35,0.39,0.58,-0.01,-0.01,0.97,-0.55,-0.18,0,0,-37.00
1997-10-10T15:00:00,0.01,1.54,-0.12,0.58,0.08,-0.06,1.19,-0.56,-0.18,0,0,-29.00
1997-10-10T16:00:00,0.69,2.45,0.07,0.36,0.06,0.63,3.54,-0.5,-0.17,0,0,-25.00
1997-10-10T17:00:00,-0.3,1.78,-1.08,0.24,-0.27,0.07,4.99,-0.47,-0.15,0,0,-16.00
1997-10-10T18:00:00,-0.05,1.79,-0.71,0.31,-0.25,0.85,3.63,-0.45,-0.15,0,0,-14.00
1997-10-10T19:00:00,0.03,2.29,-0.43,0.33,-0.4,1.45,2.1,-0.46,-0.17,0,0,-38.00
1997-10-10T20:00:00,-0.12,2.05,-0.58,0.36,-0.67,-0.05,3.43,-0.45,-0.15,0,0,-65.00
1997-10-10T21:00:00,-0.49,-0.25,-1.61,0.37,-0.28,0.37,2.8,-0.51,-0.17,0,0,-59.00
1997-10-10T22:00:00,-0.93,1.2,-1.54,0.41,-0.7,0.14,1.51,-0.55,-0.18,0,1,-64.00
1997-10-10T23:00:00,-1.17,1.12,-1.4,0.47,-0.74,0.02,1.27,-0.55,-0.18,0,1,-74.00
1997-10-11T00:00:00,-1.15,0.79,-1.4,0.43,-0.61,0.29,1.29,-0.56,-0.18,0,1,-92.00
1997-10-11T01:00:00,-1.51,-0.05,-1.41,0.48,-0.06,0.36,0.93,-0.56,-0.19,0,1,-107.00
1997-10-11T02:00:00,-1.63,-0.62,-1.29,0.47,0.31,0.24,0.66,-0.55,-0.19,0,1,-118.00
1997-10-11T03:00:00,-1.64,-0.61,-1.21,0.53,0.27,0.37,0.48,-0.54,-0.19,0,1,-123.00
1997-10-11T04:00:00,-1.57,-1.34,-0.83,0.52,0.75,0.08,0.23,-0.54,-0.19,0,1,-130.00
1997-10-11T05:00:00,-1.45,-1.46,-0.84,0.47,0.45,0.54,0.04,-0.54,-0.19,0,1,-114.00
1997-10-11T06:00:00,-1.57,-1.61,-0.39,0.6,0.61,-0.07,0.21,-0.52,-0.19,0,1,-105.00
1997-10-11T07:00:00,-1.68,-1.57,-0.23,0.7,0.56,-0.23,0.18,-0.55,-0.19,0,1,-98.00
1997-10-11T08:00:00,-1.6,-1.59,0.03,0.74,0.57,-0.53,0.32,-0.56,-0.19,0,1,-93.00
1997-10-11T09:00:00,-1.47,-1.58,0.27,0.75,0.61,-0.57,0.23,-0.54,-0.19,0,1,-79.00
1997-10-11T10:00:00,-1.16,-1.71,0.4,0.76,0.54,-0.13,0.1,-0.51,-0.19,0,1,-73.00
1997-10-11T11:00:00,-1.12,-1.52,0.91,0.88,0.48,0.12,0.36,-0.5,-0.18,0,1,-69.00
1997-10-11T12:00:00,-1.14,-1.36,1.03,0.86,0.62,0.36,0.23,-0.5,-0.18,0,1,-67.00
1997-10-11T13:00:00,-1.18,-1.35,0.9,0.91,0.42,0.29,0.07,-0.51,-0.18,0,1,-63.00
1997-10-11T14:00:00,-1.19,-1.17,0.87,1.0,0.42,0.07,0.23,-0.5,-0.18,0,1,-60.00
1997-10-11T15:00:00,-1.27,-0.83,0.99,0.92,0.25,-0.29,0.13,-0.49,-0.18,0,0,-59.00
1997-10-11T16:00:00,-1.44,-0.56,0.85,0.85,-0.26,-1.08,-0.03,-0.5,-0.18,0,0,-55.00
1997-10-11T17:00:00,-1.27,-0.29,1.11,0.72,-0.42,-1.36,-0.08,-0.49,-0.18,0,0,-55.00
1997-10-11T18:00:00,-1.1,-0.46,1.18,0.85,-0.26,-1.07,0.07,-0.51,-0.18,0,0,-55.00
1997-10-11T19:00:00,-0.89,-0.46,1.21,0.88,-0.46,-0.94,0.08,-0.51,-0.18,0,0,-52.00
1997-10-11T20:00:00,-0.6,-0.55,1.33,0.77,-0.65,-1.2,0.07,-0.52,-0.18,0,0,-48.00
1997-10-11T21:00:00,-0.65,-0.64,1.3,0.79,-0.18,-0.74,0.3,-0.46,-0.18,0,0,-44.00
1997-10-11T22:00:00,-0.54,-0.01,1.36,0.8,-0.37,-0.69,0.46,-0.46,-0.17,0,0,-38.00
1997-10-11T23:00:00,-0.74,0.24,1.17,0.91,-0.6,-0.3,0.53,-0.41,-0.16,0,0,-35.00
1997-10-12T00:00:00,-0.68,0.88,0.75,0.99,-1.36,0.47,0.64,-0.37,-0.14,0,0,-33.00
1997-10-12T01:00:00,-0.64,0.22,1.13,1.03,-0.18,-0.5,0.56,-0.43,-0.16,0,0,-32.00
1997-10-12T02:00:00,-0.58,0.93,0.3,1.04,-0.59,0.55,0.4,-0.38,-0.13,0,0,-32.00
1997-10-12T03:00:00,-0.3,1.51,-0.25,0.93,-0.79,1.06,-0.03,-0.42,-0.17,0,0,-35.00
1997-10-12T04:00:00,-0.2,1.3,-0.25,0.86,-0.37,0.99,0.12,-0.32,-0.15,0,0,-40.00
1997-10-12T05:00:00,-0.37,1.15,0.53,0.88,-0.15,-0.2,0.28,-0.25,-0.13,0,0,-44.00
1997-10-12T06:00:00,-0.75,0.74,0.48,1.03,0.06,-0.34,0.37,-0.11,-0.08,0,0,-46.00
1997-10-12T07:00:00,-0.6,1.21,-0.0,0.98,-0.44,0.35,0.18,-0.25,-0.14,0,0,-43.00
1997-10-12T08:00:00,-0.17,1.32,-0.23,0.82,-0.64,0.4,0.06,-0.33,-0.16,0,0,-39.00
1997-10-12T09:00:00,-0.48,0.99,-0.45,0.94,-0.58,0.34,0.05,-0.3,-0.15,0,0,-39.00
1997-10-12T10:00:00,-0.14,0.89,-0.09,0.79,-0.48,-0.32,0.1,-0.37,-0.12,0,0,-47.00
1997-10-12T11:00:00,-0.37,0.74,-0.11,0.9,-0.85,2.5,0.4,-0.22,-0.03,0,0,-49.00
1997-10-12T12:00:00,-0.66,0.42,-0.18,0.96,-0.33,-0.01,0.22,-0.15,-0.01,0,0,-44.00
1997-10-12T13:00:00,-0.82,0.33,-0.18,1.08,-0.2,0.27,0.35,-0.16,-0.03,0,0,-42.00
1997-10-12T14:00:00,-0.89,0.12,-0.22,1.26,-2.29,-0.77,1.93,-0.33,0.02,0,0,-40.00
1997-10-12T15:00:00,-0.84,0.4,-0.19,1.14,-0.34,0.44,0.16,-0.22,-0.08,0,0,-39.00
1997-10-12T16:00:00,-0.82,0.24,-0.17,1.08,-0.07,0.39,0.12,-0.21,-0.07,0,0,-40.00
1997-10-12T17:00:00,-0.84,0.34,-0.08,1.15,-0.24,0.25,0.12,-0.21,-0.07,0,0,-39.00
1997-10-12T18:00:00,-0.65,0.55,0.03,1.04,-0.27,0.74,1.11,-0.19,0.08,0,0,-39.00
1997-10-12T19:00:00,-0.75,0.28,0.08,1.09,-0.24,0.1,0.16,-0.14,0.0,0,0,-34.00
1997-10-12T20:00:00,-0.73,0.2,0.0,1.1,-0.05,0.25,0.16,-0.11,0.03,0,0,-33.00
1997-10-12T21:00:00,-0.61,0.37,0.1,1.09,-0.18,0.05,0.17,-0.13,0.05,0,0,-32.00
1997-10-12T22:00:00,-0.48,0.6,0.01,1.09,-0.26,-0.09,0.16,-0.29,-0.05,0,0,-34.00
1997-10-12T23:00:00,-0.49,0.53,-0.0,1.12,-0.25,0.01,0.07,-0.34,-0.07,0,0,-33.00
1997-10-13T00:00:00,0.1,0.49,-0.59,0.96,0.21,0.49,0.02,-0.5,-0.15,0,0,-33.00
1997-10-13T01:00:00,0.24,0.86,-0.24,0.98,-0.1,0.12,0.02,-0.49,-0.16,0,0,-31.00
1997-10-13T02:00:00,-0.05,0.84,-0.28,1.04,-0.16,0.12,-0.06,-0.46,-0.15,0,0,-34.00
1997-10-13T03:00:00,-0.21,0.77,-0.34,1.09,-0.14,-0.01,-0.02,-0.46,-0.15,0,0,-39.00
1997-10-13T04:00:00,-0.2,0.72,-0.4,1.14,-0.18,0.02,-0.03,-0.48,-0.15,0,0,-40.00
1997-10-13T05:00:00,-0.08,0.54,-0.49,1.14,-0.05,0.02,0.07,-0.49,-0.15,0,0,-41.00
1997-10-13T06:00:00,-0.27,0.63,-0.43,1.2,-0.23,0.06,0.03,-0.51,-0.16,0,0,-42.00
1997-10-13T07:00:00,0.25,0.63,-0.48,1.1,-0.34,0.1,-0.05,-0.49,-0.16,0,0,-43.00
1997-10-13T08:00:00,0.0,0.73,-0.66,1.1,-0.43,0.01,-0.02,-0.5,-0.17,0,0,-43.00
1997-10-13T09:00:00,0.12,0.96,-0.43,1.08,-0.76,-0.23,0.05,-0.5,-0.17,0,0,-45.00
1997-10-13T10:00:00,-0.03,0.96,-0.2,1.14,-0.81,-0.37,0.01,-0.51,-0.17,0,0,-45.00
1997-10-13T11:00:00,-0.32,0.77,-0.22,1.24,-0.89,-0.29,-0.0,-0.52,-0.16,0,0,-45.00
1997-10-13T12:00:00,-0.34,0.75,-0.24,1.31,-0.83,-0.36,-0.07,-0.52,-0.16,0,0,-46.00
1997-10-13T13:00:00,-0.22,0.68,-0.45,1.38,-0.77,-0.61,-0.13,-0.57,-0.18,0,0,-44.00
1997-10-13T14:00:00,-0.09,0.67,-0.38,1.34,-0.75,-0.34,0.2,-0.57,-0.17,0,0,-41.00
1997-10-13T15:00:00,-0.0,0.74,-0.31,1.35,-0.83,-0.45,0.12,-0.58,-0.17,0,0,-39.00
1997-10-13T16:00:00,-0.23,0.66,-0.35,1.42,-0.71,-0.28,0.02,-0.57,-0.17,0,0,-41.00
1997-10-13T17:00:00,-0.33,0.49,-0.45,1.47,-0.54,-0.03,-0.06,-0.57,-0.17,0,0,-41.00
1997-10-13T18:00:00,-0.32,0.63,-0.2,1.5,-0.63,-0.48,-0.05,-0.57,-0.17,0,0,-40.00
1997-10-13T19:00:00,-0.34,0.65,-0.09,1.57,-0.68,-0.66,-0.11,-0.57,-0.17,0,0,-39.00
1997-10-13T20:00:00,-0.43,0.67,0.01,1.6,-0.71,-0.81,-0.13,-0.57,-0.17,0,0,-37.00
1997-10-13T21:00:00,-0.54,0.6,0.09,1.63,-0.71,-0.84,-0.09,-0.56,-0.17,0,0,-34.00
1997-10-13T22:00:00,-0.44,0.42,0.35,1.56,-0.43,-1.03,0.06,-0.53,-0.14,0,0,-30.00
1997-10-13T23:00:00,-0.45,0.56,0.41,1.54,-0.47,-1.06,-0.02,-0.55,-0.16,0,0,-28.00
1997-10-14T00:00:00,-0.26,0.48,0.44,1.52,-0.46,-0.95,0.1,-0.55,-0.15,0,0,-25.00
1997-10-14T01:00:00,-0.01,0.54,0.4,1.51,-0.54,-0.97,0.2,-0.56,-0.15,0,0,-22.00
