1998-02-28T00:00:00,0.98,-0.09,-0.15,1.57,-0.08,0.28,1.22,-0.56,-0.15,1,0,-8.00
1998-02-28T01:00:00,1.0,0.15,-0.1,1.55,0.07,0.3,1.19,-0.55,-0.15,1,0,-9.00
1998-02-28T02:00:00,0.71,0.25,-0.21,1.49,0.15,0.11,1.21,-0.55,-0.12,1,0,-8.00
1998-02-28T03:00:00,0.86,0.21,-0.41,1.54,0.09,-0.22,1.07,-0.54,-0.15,1,0,-6.00
1998-02-28T04:00:00,0.73,-0.15,-0.77,1.46,-0.2,-0.54,1.11,-0.53,-0.16,1,0,-3.00
1998-02-28T05:00:00,0.64,-0.46,-0.63,1.38,-0.41,-0.18,1.76,-0.38,-0.07,1,0,-5.00
1998-02-28T06:00:00,0.83,-0.36,-0.57,1.29,0.04,-0.26,3.11,-0.32,0.02,1,0,-7.00
1998-02-28T07:00:00,0.84,-0.29,0.45,1.3,0.08,0.45,3.32,-0.23,0.21,1,0,-8.00
1998-02-28T08:00:00,0.45,0.05,0.75,1.21,0.1,0.35,3.84,-0.36,0.14,1,0,-8.00
1998-02-28T09:00:00,0.56,-1.83,-0.61,1.22,-1.03,-0.52,2.69,-0.44,-0.15,1,0,-7.00
1998-02-28T10:00:00,0.48,-1.61,-0.8,1.22,-0.9,-0.77,2.86,-0.42,-0.15,1,0,3.00
1998-02-28T11:00:00,0.35,-1.32,0.01,1.21,-0.8,-0.21,3.57,-0.42,-0.07,1,0,6.00
1998-02-28T12:00:00,0.09,-1.32,-0.57,1.19,-0.85,-0.81,4.18,-0.45,-0.1,1,0,0.00
1998-02-28T13:00:00,0.73,-1.62,-0.07,1.27,-1.01,-0.63,3.8,-0.42,-0.12,1,0,-16.00
1998-02-28T14:00:00,0.45,-0.93,-0.0,1.22,-0.68,-0.69,4.6,-0.31,0.19,1,0,-12.00
1998-02-28T15:00:00,0.24,-1.29,-0.35,1.18,-0.65,-1.02,3.78,-0.25,0.01,1,0,-18.00
1998-02-28T16:00:00,0.09,-1.78,0.85,1.08,-0.64,-0.23,2.7,-0.19,-0.1,1,0,-18.00
1998-02-28T17:00:00,0.37,-2.13,0.0,1.11,-1.08,-0.14,2.2,-0.1,-0.11,1,0,-13.00
1998-02-28T18:00:00,0.43,-2.17,0.65,1.12,-0.74,0.28,1.88,-0.13,-0.13,1,0,-15.00
1998-02-28T19:00:00,0.41,-1.78,1.47,1.02,-0.13,-0.18,0.77,-0.16,-0.16,1,0,-15.00
1998-02-28T20:00:00,0.82,-1.69,0.75,1.01,0.15,-1.31,0.76,-0.08,-0.14,1,0,-18.00
1998-02-28T21:00:00,0.1,-0.01,-1.26,0.88,0.53,-0.65,1.45,-0.18,-0.09,1,0,-19.00
1998-02-28T22:00:00,0.18,0.05,-0.63,0.82,0.51,0.3,4.32,-0.39,0.21,1,0,-14.00
1998-02-28T23:00:00,0.38,2.15,-0.35,0.79,0.15,0.75,1.78,-0.53,-0.18,1,0,-9.00
1998-03-01T00:00:00,-0.05,2.09,-0.25,0.76,0.12,0.58,1.23,-0.46,-0.17,1,0,---
1998-03-01T01:00:00,-0.29,2.05,0.19,0.73,-0.05,0.12,1.06,-0.39,-0.17,1,0,-16.00
1998-03-01T02:00:00,0.06,1.67,0.36,0.69,0.01,-0.15,1.53,-0.39,-0.15,1,0,-20.00
1998-03-01T03:00:00,0.43,0.14,1.0,0.67,-0.18,-0.33,1.81,-0.35,-0.07,1,0,-26.00
1998-03-01T04:00:00,0.26,-0.24,0.27,0.51,-0.3,-0.46,1.69,-0.37,0.73,1,0,-27.00
1998-03-01T05:00:00,0.38,-0.35,0.28,0.45,-0.13,-0.55,1.73,-0.42,0.22,1,0,-21.00
1998-03-01T06:00:00,0.59,-0.46,0.3,0.54,-0.26,-0.42,0.76,-0.26,0.05,1,0,-15.00
1998-03-01T07:00:00,0.75,-0.19,0.45,0.61,-0.11,-0.2,0.55,-0.21,-0.01,1,0,-11.00
1998-03-01T08:00:00,0.56,0.38,0.04,0.57,0.24,-0.56,0.65,-0.26,0.1,1,0,-12.00
1998-03-01T09:00:00,0.92,0.34,0.15,0.64,0.16,-0.47,0.66,-0.19,-0.02,1,0,-12.00
1998-03-01T10:00:00,0.67,-0.04,0.42,0.62,-0.08,-0.16,0.56,-0.24,0.03,1,0,-9.00
1998-03-01T11:00:00,0.41,-0.09,-0.59,0.57,-0.11,-1.2,0.67,-0.31,-0.04,1,0,-11.00
1998-03-01T12:00:00,0.56,-0.04,-0.48,0.54,0.05,-0.47,0.64,-0.33,-0.04,1,0,-9.00
1998-03-01T13:00:00,0.42,-0.1,-0.3,0.35,-0.0,0.52,1.59,-0.38,0.2,1,0,-6.00
1998-03-01T14:00:00,0.44,-0.18,-0.65,0.44,-0.02,0.24,1.0,-0.27,-0.02,1,0,-10.00
1998-03-01T15:00:00,0.52,-0.37,-0.76,0.56,-0.0,-0.08,0.3,-0.29,-0.12,1,0,-5.00
1998-03-01T16:00:00,0.49,-0.33,-0.66,0.61,0.09,-0.01,0.45,-0.28,-0.09,1,0,-9.00
1998-03-01T17:00:00,-0.23,-0.43,-0.48,0.49,0.08,0.41,1.13,-0.32,0.03,1,0,-16.00
1998-03-01T18:00:00,-0.14,-0.72,-0.36,0.52,-0.01,0.51,0.77,-0.35,-0.05,1,0,-18.00
1998-03-01T19:00:00,0.57,-0.17,-0.4,0.58,0.21,0.35,1.27,-0.42,-0.03,1,0,-23.00
1998-03-01T20:00:00,0.68,-0.19,-0.38,0.65,0.07,0.21,0.71,-0.39,-0.07,1,0,-28.00
1998-03-01T21:00:00,0.97,-0.4,0.02,0.86,-0.23,0.57,0.44,-0.27,-0.08,1,0,-27.00
1998-03-01T22:00:00,1.07,-0.31,0.13,0.88,-0.14,0.82,0.48,-0.35,-0.11,1,0,-26.00
1998-03-01T23:00:00,0.81,-0.55,-0.44,0.78,-0.32,-0.19,0.42,-0.41,-0.14,1,0,-29.00
1998-03-02T00:00:00,0.84,-0.53,-0.55,0.78,-0.23,-0.4,0.5,-0.44,-0.15,1,0,-25.00
1998-03-02T01:00:00,1.05,-0.4,-0.44,0.8,-0.02,-0.3,0.58,-0.43,-0.15,1,0,-23.00
1998-03-02T02:00:00,0.24,-0.72,-0.34,0.63,-0.07,-0.15,1.18,-0.4,-0.05,1,0,-23.00
1998-03-02T03:00:00,0.03,-1.07,-0.04,0.6,-0.42,-0.18,1.07,-0.41,-0.1,1,0,-19.00
1998-03-02T04:00:00,0.17,-0.99,-0.66,0.62,-0.66,-0.82,0.66,-0.47,-0.16,1,0,-13.00
1998-03-02T05:00:00,0.43,-0.38,-0.78,0.68,-0.25,-0.8,0.79,-0.47,-0.14,1,0,-14.00
1998-03-02T06:00:00,0.43,-0.34,-0.54,0.64,-0.06,-0.43,1.71,-0.46,-0.06,1,0,-16.00
1998-03-02T07:00:00,0.84,-1.04,-0.07,0.61,0.03,0.08,1.19,-0.42,-0.13,1,0,-23.00
1998-03-02T08:00:00,0.59,-0.63,0.1,0.52,0.29,0.18,2.34,-0.39,0.05,1,0,-28.00
1998-03-02T09:00:00,0.95,-1.03,0.24,0.59,0.3,0.23,0.71,-0.39,-0.14,1,0,-28.00
1998-03-02T10:00:00,1.11,-0.91,0.61,0.58,0.08,0.22,-0.12,-0.35,-0.17,1,0,-16.00
1998-03-02T11:00:00,1.11,-0.82,0.55,0.47,0.37,-0.0,0.0,-0.06,-0.13,1,0,-19.00
1998-03-02T12:00:00,0.33,-0.92,-0.46,0.22,0.91,-0.89,-0.12,0.14,-0.08,1,0,-19.00
1998-03-02T13:00:00,0.36,-1.17,-0.3,0.29,0.83,-0.31,-0.08,0.24,-0.09,1,0,-15.00
1998-03-02T14:00:00,-0.12,-1.08,-0.36,0.09,0.58,-0.37,-0.13,0.18,-0.08,1,0,-16.00
1998-03-02T15:00:00,0.03,-1.09,-0.39,0.14,0.5,-0.51,-0.18,0.14,-0.1,1,0,-23.00
1998-03-02T16:00:00,0.04,-1.11,-0.26,0.14,0.37,-0.11,-0.2,0.15,-0.09,1,0,-25.00
1998-03-02T17:00:00,0.44,-1.09,-0.06,0.33,0.51,0.36,-0.25,0.02,-0.11,1,0,-25.00
1998-03-02T18:00:00,0.45,-1.07,-0.28,0.37,0.16,-0.24,-0.33,-0.13,-0.14,1,0,-30.00
1998-03-02T19:00:00,0.3,-0.95,-0.59,0.25,0.68,-0.81,-0.37,-0.2,-0.15,1,0,-36.00
1998-03-02T20:00:00,0.54,-0.85,-0.33,0.4,0.63,-0.14,-0.27,-0.08,-0.12,1,0,-36.00
1998-03-02T21:00:00,0.58,-0.7,-0.17,0.54,0.7,0.02,-0.23,-0.01,-0.07,1,0,-35.00
1998-03-02T22:00:00,-0.58,-0.65,-0.22,0.09,1.23,0.28,-0.24,-0.06,-0.08,1,0,-31.00
1998-03-02T23:00:00,0.03,-0.77,-0.47,0.31,0.75,-0.37,-0.17,-0.1,-0.09,1,0,-30.00
1998-03-03T00:00:00,0.84,-0.78,0.06,0.55,0.74,0.54,-0.22,-0.17,-0.13,1,0,-25.00
1998-03-03T01:00:00,0.78,-0.62,-0.15,0.61,0.82,0.16,-0.21,-0.14,-0.11,0,0,-25.00
1998-03-03T02:00:00,0.86,-0.51,-0.19,0.65,1.01,-0.11,-0.21,-0.19,-0.12,0,0,-32.00
1998-03-03T03:00:00,0.76,-0.68,-0.13,0.6,0.73,0.05,-0.27,-0.23,-0.13,0,0,-29.00
1998-03-03T04:00:00,0.27,-0.66,-0.04,0.53,0.41,0.15,-0.28,-0.19,-0.06,0,0,-25.00
1998-03-03T05:00:00,0.33,-0.42,0.02,0.67,0.46,0.02,-0.25,-0.17,0.09,0,0,-22.00
1998-03-03T06:00:00,0.51,-0.72,-0.11,0.63,0.2,0.14,-0.38,-0.43,-0.15,0,0,-22.00
1998-03-03T07:00:00,0.43,-0.64,0.13,0.64,0.13,0.31,-0.35,-0.37,-0.13,0,0,-23.00
1998-03-03T08:00:00,0.14,-0.77,0.27,0.59,-0.29,0.51,-0.39,-0.45,-0.15,0,0,-22.00
1998-03-03T09:00:00,0.01,-0.73,0.4,0.66,-0.64,0.39,-0.37,-0.5,-0.16,0,0,-18.00
1998-03-03T10:00:00,-0.13,-0.49,0.56,0.62,-0.01,0.6,-0.37,-0.5,-0.16,0,0,-15.00
1998-03-03T11:00:00,-0.18,-0.56,0.53,0.63,-0.14,0.55,-0.33,-0.54,-0.17,0,0,-13.00
1998-03-03T12:00:00,-0.19,-0.77,0.37,0.66,-0.38,0.36,-0.37,-0.55,-0.18,0,0,-11.00
1998-03-03T13:00:00,-0.25,-0.78,0.33,0.68,-0.43,0.41,-0.39,-0.54,-0.17,0,0,-9.00
1998-03-03T14:00:00,-0.11,-0.83,0.2,0.76,-0.48,0.29,-0.37,-0.53,-0.17,0,0,-11.00
1998-03-03T15:00:00,-0.17,-0.82,0.14,0.76,-0.55,0.17,-0.38,-0.51,-0.17,0,0,-14.00
1998-03-03T16:00:00,-0.02,-0.82,-0.0,0.82,-0.52,0.0,-0.39,-0.53,-0.17,0,0,-17.00
1998-03-03T17:00:00,0.03,-0.77,-0.12,0.84,-0.54,-0.14,-0.4,-0.51,-0.17,0,0,-17.00
1998-03-03T18:00:00,0.08,-0.77,-0.03,0.86,-0.57,0.02,-0.39,-0.52,-0.17,0,0,-18.00
1998-03-03T19:00:00,0.21,-0.63,-0.11,0.9,-0.44,-0.06,-0.37,-0.49,-0.15,0,0,-21.00
1998-03-03T20:00:00,0.26,-0.66,-0.13,0.9,-0.52,-0.09,-0.34,-0.49,-0.15,0,0,-20.00
1998-03-03T21:00:00,0.38,-0.41,-0.35,0.99,-0.2,-0.4,-0.34,-0.49,-0.15,0,0,-18.00
1998-03-03T22:00:00,0.27,-0.5,-0.25,0.96,-0.19,-0.18,-0.3,-0.48,-0.14,0,0,-16.00
1998-03-03T23:00:00,0.23,-0.56,-0.14,0.95,-0.33,0.08,-0.28,-0.46,-0.12,0,0,-14.00
1998-03-04T00:00:00,0.09,-0.39,-0.32,0.9,-0.13,-0.22,-0.29,-0.45,-0.11,0,0,-16.00
1998-03-04T01:00:00,0.3,-0.15,-0.41,1.0,0.19,-0.39,-0.28,-0.42,-0.11,0,0,-18.00
1998-03-04T02:00:00,0.11,-0.52,-0.09,0.95,-0.29,0.16,-0.27,-0.44,-0.09,0,0,-20.00
1998-03-04T03:00:00,0.26,-0.42,-0.05,1.03,-0.25,0.28,-0.19,-0.41,-0.03,0,0,-22.00
1998-03-04T04:00:00,0.28,-0.36,-0.14,1.06,-0.24,0.07,-0.19,-0.41,-0.04,0,0,-23.00
1998-03-04T05:00:00,0.22,-0.14,-0.38,1.05,0.16,-0.26,-0.23,-0.46,-0.1,0,0,-18.00
1998-03-04T06:00:00,0.29,-0.0,-0.28,1.09,0.2,-0.17,-0.18,-0.43,-0.04,0,0,-14.00
1998-03-04T07:00:00,0.39,-0.42,0.09,1.13,-0.27,0.3,-0.13,-0.4,-0.05,0,0,-12.00
1998-03-04T08:00:00,0.39,-0.33,-0.17,1.16,-0.15,-0.14,-0.12,-0.43,-0.07,0,0,-13.00
1998-03-04T09:00:00,0.43,-0.29,-0.16,1.19,-0.07,0.01,-0.12,-0.44,-0.07,0,0,-15.00
1998-03-04T10:00:00,0.38,-0.09,-0.22,1.18,0.16,-0.14,-0.1,-0.43,-0.04,0,0,-10.00
1998-03-04T11:00:00,0.48,-0.2,-0.56,0.89,0.09,-0.69,0.53,-0.36,-0.08,0,0,-6.00
1998-03-04T12:00:00,0.45,-0.55,-0.82,0.84,-0.46,-1.17,0.67,-0.42,-0.14,0,0,-5.00
1998-03-04T13:00:00,0.39,-0.73,-0.89,0.87,-0.96,-1.67,1.33,-0.49,-0.15,0,0,-3.00
1998-03-04T14:00:00,0.42,0.16,-1.0,0.88,-0.52,-1.3,1.85,-0.54,-0.16,0,0,-14.00
1998-03-04T15:00:00,0.12,1.58,-0.57,0.84,-0.39,-0.51,1.56,-0.58,-0.18,0,1,-22.00
1998-03-04T16:00:00,0.02,1.68,-0.37,0.88,-0.49,-0.58,1.64,-0.58,-0.18,0,1,-28.00
1998-03-04T17:00:00,-0.2,1.74,0.28,0.97,-0.73,-0.94,1.44,-0.58,-0.18,0,1,-35.00
1998-03-04T18:00:00,-0.25,1.67,0.03,1.0,-0.66,-0.75,1.66,-0.58,-0.18,0,1,-36.00
1998-03-04T19:00:00,-0.29,1.69,-0.16,1.02,-0.32,-0.28,1.11,-0.58,-0.18,0,1,-32.00
1998-03-04T20:00:00,-0.34,1.68,0.05,1.07,-0.28,-0.35,1.05,-0.56,-0.18,0,1,-27.00
1998-03-04T21:00:00,-0.3,1.58,0.59,1.08,-0.26,-0.96,0.93,-0.55,-0.18,0,1,-27.00
1998-03-04T22:00:00,-0.38,1.47,0.67,1.09,-0.21,-0.88,1.36,-0.51,-0.17,0,1,-29.00
1998-03-04T23:00:00,-0.38,1.7,0.51,1.08,-0.48,-0.23,1.2,-0.52,-0.17,0,1,-26.00
1998-03-05T00:00:00,-0.41,1.62,0.58,1.03,-0.47,0.21,1.33,-0.51,-0.17,0,1,-17.00
1998-03-05T01:00:00,-0.55,1.73,0.49,1.06,-0.53,0.2,1.09,-0.56,-0.18,0,1,-12.00
1998-03-05T02:00:00,-0.43,1.82,0.57,1.07,-0.62,0.09,1.12,-0.58,-0.19,0,1,-12.00
1998-03-05T03:00:00,-0.39,1.88,0.44,1.07,-0.72,0.02,1.25,-0.58,-0.19,0,1,-14.00
1998-03-05T04:00:00,-0.5,1.91,0.38,1.12,-0.68,0.11,1.45,-0.58,-0.19,0,1,-12.00
1998-03-05T05:00:00,-0.54,1.9,0.17,1.15,-0.46,0.08,1.87,-0.59,-0.18,0,1,-9.00
1998-03-05T06:00:00,-0.63,1.83,0.43,1.18,-0.41,-0.08,2.23,-0.59,-0.18,0,1,-9.00
1998-03-05T07:00:00,-0.46,1.84,0.07,1.15,-0.22,0.05,2.17,-0.58,-0.18,0,1,-10.00
1998-03-05T08:00:00,-0.71,1.83,0.78,1.18,0.03,-0.24,1.51,-0.59,-0.19,0,1,-8.00
1998-03-05T09:00:00,-0.87,1.85,0.73,1.22,-0.08,0.02,1.36,-0.6,-0.19,0,1,-6.00
1998-03-05T10:00:00,-0.88,1.79,0.84,1.23,-0.1,-0.06,1.22,-0.6,-0.19,0,1,-5.00
1998-03-05T11:00:00,-0.98,1.67,1.02,1.26,-0.13,-0.02,0.78,-0.6,-0.19,0,1,-1.00
1998-03-05T12:00:00,-1.04,1.37,1.32,1.3,-0.26,0.11,0.31,-0.6,-0.19,0,1,2.00
1998-03-05T13:00:00,-1.1,1.36,1.28,1.31,-0.3,0.07,0.01,-0.6,-0.19,0,1,3.00
1998-03-05T14:00:00,-1.24,0.97,1.38,1.34,-0.37,0.07,0.08,-0.6,-0.19,0,1,-2.00
1998-03-05T15:00:00,-1.07,0.69,1.57,1.31,-0.47,-0.02,-0.17,-0.6,-0.19,0,1,-7.00
1998-03-05T16:00:00,-0.99,0.56,1.59,1.32,-0.59,-0.02,-0.22,-0.6,-0.19,0,1,-8.00
1998-03-05T17:00:00,-0.94,0.48,1.57,1.38,-0.5,-0.09,-0.04,-0.6,-0.19,0,1,-8.00
1998-03-05T18:00:00,-0.88,0.49,1.55,1.41,-0.35,-0.16,-0.02,-0.6,-0.19,0,1,-7.00
1998-03-05T19:00:00,-0.88,0.25,1.47,1.42,-0.2,-0.24,0.79,-0.59,-0.19,0,1,-6.00
1998-03-05T20:00:00,-0.65,-0.25,1.35,1.44,-0.28,-0.22,4.35,-0.6,-0.17,0,1,-6.00
1998-03-05T21:00:00,-0.41,-0.71,1.35,1.43,-0.1,-0.23,4.95,-0.59,-0.17,0,0,-2.00
1998-03-05T22:00:00,-0.4,-0.78,1.26,1.43,-0.16,-0.14,3.63,-0.58,-0.17,0,0,8.00
1998-03-05T23:00:00,-0.47,-0.75,1.22,1.45,-0.01,-0.09,4.83,-0.59,-0.17,0,0,24.00
1998-03-06T00:00:00,-0.63,-0.63,1.28,1.48,-0.25,-0.03,2.69,-0.58,-0.18,0,0,20.00
1998-03-06T01:00:00,-0.57,-0.39,1.21,1.51,-0.33,-0.07,4.09,-0.58,-0.17,0,0,22.00
1998-03-06T02:00:00,-0.39,-0.57,0.99,1.54,-0.41,-0.11,3.64,-0.58,-0.15,0,0,12.00
1998-03-06T03:00:00,-0.13,-0.78,0.89,1.42,-0.08,0.38,2.08,-0.55,-0.15,0,0,9.00
1998-03-06T04:00:00,-0.49,-0.4,1.07,1.37,0.26,0.44,1.51,-0.54,-0.16,0,0,18.00
1998-03-06T05:00:00,-0.5,-0.31,1.16,1.38,0.43,0.25,1.54,-0.54,-0.16,0,0,7.00
1998-03-06T06:00:00,-0.55,0.17,0.58,1.32,0.67,0.44,3.73,-0.56,-0.08,0,0,8.00
1998-03-06T07:00:00,-0.52,0.15,0.21,1.32,0.62,0.22,4.15,-0.56,0.09,0,0,7.00
1998-03-06T08:00:00,-0.47,0.11,0.0,1.33,0.5,0.08,3.89,-0.54,0.24,0,0,19.00
1998-03-06T09:00:00,-0.29,0.14,-0.17,1.35,0.46,0.23,3.47,-0.53,0.36,0,0,21.00
1998-03-06T10:00:00,-0.02,-0.25,-0.16,1.35,0.37,0.24,3.19,-0.51,0.71,0,0,17.00
1998-03-06T11:00:00,0.15,-0.85,-0.1,1.31,0.07,0.02,2.51,-0.49,-0.04,0,0,12.00
1998-03-06T12:00:00,0.32,-1.14,0.32,1.39,-0.42,0.4,1.13,-0.52,-0.15,0,0,10.00
1998-03-06T13:00:00,0.11,-0.96,0.62,1.29,-0.41,0.76,1.1,-0.52,-0.15,0,0,7.00
1998-03-06T14:00:00,0.39,-0.78,0.32,1.39,-0.16,0.44,1.28,-0.5,-0.11,0,0,5.00
1998-03-06T15:00:00,-0.2,-0.72,0.6,1.33,-0.04,0.28,1.39,-0.54,-0.14,0,0,1.00
1998-03-06T16:00:00,-0.45,-0.47,0.67,1.3,-0.05,0.31,1.9,-0.58,-0.15,0,0,3.00
1998-03-06T17:00:00,-0.42,-0.16,0.67,1.3,-0.14,0.35,1.58,-0.56,-0.13,0,0,5.00
1998-03-06T18:00:00,-0.43,0.32,0.59,1.33,-0.36,0.31,0.89,-0.46,-0.08,0,0,10.00
1998-03-06T19:00:00,-0.28,0.61,0.34,1.33,-0.45,0.49,0.81,-0.47,-0.08,0,0,9.00
1998-03-06T20:00:00,-0.3,0.64,0.38,1.33,-0.45,0.32,0.69,-0.49,-0.11,0,0,4.00
1998-03-06T21:00:00,-0.47,0.69,0.18,1.33,-0.39,0.3,0.7,-0.5,-0.12,0,0,4.00
1998-03-06T22:00:00,-0.71,0.67,0.02,1.33,-0.23,0.36,0.94,-0.53,-0.15,0,0,4.00
1998-03-06T23:00:00,-0.91,0.54,-0.25,1.36,-0.18,0.59,1.47,-0.57,-0.16,0,1,5.00
1998-03-07T00:00:00,-0.82,0.11,-0.54,1.37,-0.16,0.56,1.3,-0.56,-0.16,0,1,5.00
1998-03-07T01:00:00,-0.84,-0.15,-0.59,1.43,-0.33,0.47,1.18,-0.57,-0.17,0,1,8.00
1998-03-07T02:00:00,-0.91,-0.26,-0.59,1.42,-0.33,0.46,0.84,-0.58,-0.18,0,1,4.00
1998-03-07T03:00:00,-0.93,-0.56,-0.56,1.39,-0.22,0.43,0.55,-0.58,-0.18,0,1,-3.00
1998-03-07T04:00:00,-0.9,-0.76,-0.36,1.39,-0.14,0.43,0.61,-0.58,-0.18,0,1,-11.00
1998-03-07T05:00:00,-0.69,-0.92,-0.18,1.38,-0.08,0.36,0.61,-0.58,-0.17,0,1,-15.00
1998-03-07T06:00:00,-0.36,-0.86,-0.08,1.46,-0.12,0.41,0.85,-0.57,-0.16,0,1,-16.00
1998-03-07T07:00:00,-0.18,-0.92,-0.16,1.43,-0.07,0.35,0.63,-0.58,-0.17,0,1,-12.00
1998-03-07T08:00:00,0.12,-1.14,0.06,1.43,-0.36,0.37,0.05,-0.58,-0.18,0,1,-9.00
1998-03-07T09:00:00,0.11,-0.98,0.07,1.42,-0.16,0.24,0.31,-0.57,-0.17,0,1,-7.00
1998-03-07T10:00:00,0.38,-0.94,0.32,1.49,-0.17,0.44,0.02,-0.58,-0.18,0,0,-12.00
1998-03-07T11:00:00,0.42,-0.78,0.2,1.5,0.03,0.3,0.56,-0.6,-0.17,0,0,-12.00
1998-03-07T12:00:00,0.36,-0.42,0.29,1.5,0.02,0.39,1.36,-0.58,-0.12,0,0,-10.00
1998-03-07T13:00:00,0.38,-0.33,0.36,1.59,-0.24,0.45,1.61,-0.59,-0.11,0,0,-7.00
1998-03-07T14:00:00,0.56,-0.29,0.32,1.52,-0.34,0.23,1.32,-0.58,-0.13,0,0,-3.00
1998-03-07T15:00:00,0.61,-0.25,0.23,1.49,-0.29,0.23,1.3,-0.58,-0.13,0,0,-3.00
1998-03-07T16:00:00,0.51,-0.01,0.22,1.51,0.03,0.35,3.61,-0.59,-0.01,0,0,-2.00
1998-03-07T17:00:00,0.25,0.19,0.16,1.55,-0.28,0.3,2.11,-0.59,0.09,0,0,-2.00
1998-03-07T18:00:00,0.21,-0.02,0.24,1.58,-0.25,0.33,2.11,-0.58,0.25,0,0,-2.00
1998-03-07T19:00:00,0.17,0.04,0.2,1.55,-0.11,0.25,2.13,-0.59,0.48,0,0,0.00
1998-03-07T20:00:00,0.41,-0.03,0.22,1.56,-0.11,0.3,1.96,-0.59,-0.02,0,0,3.00
1998-03-07T21:00:00,-0.12,0.09,0.17,1.61,-0.16,0.3,1.85,-0.58,0.61,0,0,5.00
1998-03-07T22:00:00,-0.23,0.16,0.03,1.61,-0.21,0.31,2.19,-0.58,0.31,0,0,8.00
1998-03-07T23:00:00,0.35,-0.09,0.17,1.52,-0.01,0.16,3.01,-0.56,0.33,0,0,9.00
1998-03-08T00:00:00,0.11,0.05,0.15,1.57,-0.04,0.17,2.46,-0.55,2.53,0,0,11.00
1998-03-08T01:00:00,-0.12,0.27,0.21,1.59,-0.14,-0.06,2.41,-0.57,0.23,0,0,15.00
1998-03-08T02:00:00,0.28,0.21,0.25,1.59,-0.28,-0.26,2.43,-0.57,0.14,0,0,11.00
1998-03-08T03:00:00,0.12,0.39,0.32,1.61,-0.08,-0.19,2.16,-0.58,-0.04,0,0,10.00
1998-03-08T04:00:00,0.16,0.4,0.36,1.67,-0.19,-0.19,1.72,-0.58,-0.07,0,0,10.00
1998-03-08T05:00:00,0.21,0.13,0.22,1.66,-0.13,-0.19,1.72,-0.57,0.24,0,0,10.00
1998-03-08T06:00:00,0.39,0.02,0.02,1.65,-0.13,-0.02,1.72,-0.58,0.08,0,0,8.00
1998-03-08T07:00:00,-0.08,0.41,0.32,1.75,-0.3,-0.13,1.24,-0.58,-0.08,0,0,7.00
1998-03-08T08:00:00,-0.12,0.33,0.36,1.78,-0.26,-0.13,1.27,-0.58,-0.07,0,0,10.00
1998-03-08T09:00:00,0.08,0.33,0.39,1.75,-0.29,-0.26,1.18,-0.58,-0.1,0,0,12.00
1998-03-08T10:00:00,0.11,0.41,0.43,1.75,-0.32,-0.27,1.08,-0.59,-0.13,0,0,11.00
1998-03-08T11:00:00,0.09,0.44,0.53,1.75,-0.3,-0.26,1.06,-0.58,-0.15,0,0,9.00
1998-03-08T12:00:00,0.1,0.58,0.58,1.7,-0.32,-0.11,1.87,-0.57,-0.13,0,0,9.00
1998-03-08T13:00:00,0.28,0.76,0.6,1.65,-0.3,0.16,1.98,-0.57,-0.15,0,0,9.00
1998-03-08T14:00:00,0.52,0.08,0.92,1.63,-0.21,-0.04,2.07,-0.57,-0.15,0,0,12.00
1998-03-08T15:00:00,0.15,0.25,0.85,1.72,-0.21,0.05,2.51,-0.55,-0.12,0,0,12.00
1998-03-08T16:00:00,0.09,-0.15,0.88,1.74,-0.07,0.04,1.72,-0.54,-0.13,0,0,13.00
1998-03-08T17:00:00,0.42,-0.64,0.6,1.72,0.17,0.08,1.75,-0.52,-0.12,0,0,15.00
1998-03-08T18:00:00,0.25,0.11,0.5,1.68,-0.01,0.07,2.23,-0.52,0.05,0,0,14.00
1998-03-08T19:00:00,0.09,0.66,0.47,1.7,-0.22,-0.04,1.69,-0.53,-0.1,0,0,12.00
1998-03-08T20:00:00,-0.01,0.39,0.56,1.74,-0.14,0.03,2.21,-0.51,-0.02,0,0,13.00
1998-03-08T21:00:00,0.1,0.49,0.6,1.69,-0.22,-0.1,1.85,-0.54,-0.1,0,0,12.00
1998-03-08T22:00:00,0.08,0.61,0.61,1.69,-0.21,-0.24,1.68,-0.55,-0.13,0,0,11.00
1998-03-08T23:00:00,-0.05,0.63,0.58,1.73,-0.34,-0.29,1.91,-0.54,-0.11,0,0,12.00
1998-03-09T00:00:00,0.22,0.01,0.86,1.69,-0.25,-0.27,3.05,-0.55,-0.11,0,0,12.00
1998-03-09T01:00:00,-0.08,0.53,0.87,1.71,-0.31,-0.3,2.74,-0.54,-0.12,0,0,11.00
1998-03-09T02:00:00,-0.37,0.52,0.55,1.75,-0.31,-0.23,3.0,-0.55,-0.09,0,0,12.00
1998-03-09T03:00:00,-0.27,0.37,0.7,1.76,-0.29,-0.23,3.06,-0.56,-0.1,0,0,14.00
1998-03-09T04:00:00,-0.1,0.11,0.69,1.74,-0.18,-0.23,3.15,-0.58,-0.09,0,0,15.00
1998-03-09T05:00:00,-0.21,0.4,0.32,1.76,-0.37,-0.1,2.28,-0.56,-0.02,0,0,15.00
1998-03-09T06:00:00,-0.77,0.69,-0.31,1.79,-0.51,-0.11,1.76,-0.52,-0.14,0,0,18.00
1998-03-09T07:00:00,-0.8,0.69,-0.17,1.79,-0.42,-0.02,1.97,-0.51,-0.13,0,0,19.00
1998-03-09T08:00:00,-0.53,0.77,-0.32,1.75,-0.36,0.27,2.68,-0.53,-0.12,0,0,14.00
1998-03-09T09:00:00,-0.3,0.77,-0.37,1.73,-0.43,0.16,3.02,-0.54,-0.11,0,0,11.00
1998-03-09T10:00:00,-0.49,0.97,-0.19,1.75,-0.5,0.09,1.95,-0.52,-0.13,0,0,10.00
1998-03-09T11:00:00,-0.44,0.96,-0.18,1.78,-0.42,-0.02,1.76,-0.53,-0.14,0,0,10.00
1998-03-09T12:00:00,-0.52,0.89,0.1,1.81,-0.48,-0.05,1.64,-0.52,-0.13,0,0,6.00
1998-03-09T13:00:00,-0.32,0.98,-0.01,1.86,-0.49,-0.05,1.35,-0.52,-0.14,0,0,5.00
1998-03-09T14:00:00,-0.23,0.96,-0.21,1.89,-0.48,-0.18,1.29,-0.53,-0.14,0,0,1.00
1998-03-09T15:00:00,-0.69,0.79,0.16,1.93,-0.38,-0.06,1.45,-0.54,-0.14,0,0,-2.00
1998-03-09T16:00:00,-0.45,0.81,0.03,1.93,-0.49,-0.02,1.4,-0.54,-0.14,0,0,-3.00
1998-03-09T17:00:00,-0.42,0.6,0.49,1.95,-0.45,-0.1,1.21,-0.56,-0.14,0,0,-3.00
1998-03-09T18:00:00,-0.39,0.55,0.54,1.95,-0.28,-0.28,1.15,-0.56,-0.15,0,0,-3.00
1998-03-09T19:00:00,-0.41,0.71,0.41,1.95,-0.29,-0.24,1.11,-0.56,-0.15,0,0,-6.00
1998-03-09T20:00:00,-0.31,0.88,0.28,1.95,-0.41,-0.24,1.11,-0.56,-0.16,0,0,-6.00
1998-03-09T21:00:00,-0.27,0.95,0.29,1.9,-0.43,-0.41,1.64,-0.55,-0.15,1,0,-6.00
1998-03-09T22:00:00,-0.31,0.81,0.28,1.87,-0.27,-0.12,2.19,-0.54,-0.11,1,0,-5.00
1998-03-09T23:00:00,-0.34,0.48,0.08,1.86,-0.1,0.05,3.72,-0.55,0.06,1,0,-3.00
1998-03-10T00:00:00,-0.05,0.31,0.5,1.82,-0.41,-0.2,4.61,-0.57,0.04,1,0,-1.00
1998-03-10T01:00:00,-0.28,0.41,0.28,1.77,-0.43,-0.18,5.32,-0.56,0.14,1,0,4.00
1998-03-10T02:00:00,-0.02,-0.1,-0.22,1.67,-0.41,-0.25,6.43,-0.55,0.95,1,0,7.00
1998-03-10T03:00:00,0.28,-0.6,-0.3,1.59,-0.23,-0.87,5.46,-0.54,0.04,1,0,11.00
1998-03-10T04:00:00,0.04,-0.43,-0.64,1.55,-0.27,-0.89,5.71,-0.52,0.0,1,0,16.00
1998-03-10T05:00:00,-0.38,1.53,-0.51,1.48,-0.38,-1.45,4.45,-0.49,-0.14,1,0,15.00
1998-03-10T06:00:00,-0.61,1.89,-0.32,1.42,-0.59,-0.66,3.12,-0.46,-0.15,1,0,14.00
1998-03-10T07:00:00,-0.8,2.14,-0.84,1.31,-0.8,-0.12,2.51,-0.46,-0.17,1,0,7.00
1998-03-10T08:00:00,-1.67,3.08,0.68,1.03,-1.14,0.08,5.83,-0.51,-0.18,1,0,-7.00
1998-03-10T09:00:00,-0.18,-0.03,-0.71,0.94,-1.14,-0.4,7.03,-0.43,0.21,1,0,-14.00
1998-03-10T10:00:00,1.81,-3.25,0.33,0.87,-1.21,-1.54,4.68,-0.34,-0.17,1,0,4.00
1998-03-10T11:00:00,1.87,-3.07,0.37,0.98,-1.25,-1.49,4.29,-0.36,-0.17,1,0,15.00
1998-03-10T12:00:00,0.26,-2.16,0.43,0.4,-0.08,0.06,1.64,0.94,-0.01,1,0,-2.00
1998-03-10T13:00:00,0.9,-3.72,-0.42,0.39,-0.33,-0.08,1.43,0.31,-0.16,1,0,-5.00
1998-03-10T14:00:00,1.07,-1.84,-0.51,0.11,0.23,0.48,1.7,1.03,0.0,1,0,-6.00
1998-03-10T15:00:00,0.9,-0.19,-2.3,-0.37,1.8,1.32,1.22,1.72,-0.06,1,0,-10.00
1998-03-10T16:00:00,1.31,-1.2,-2.03,-0.19,2.18,1.19,0.88,1.85,-0.08,1,0,-20.00
1998-03-10T17:00:00,1.33,-0.87,-1.6,-0.21,1.63,1.47,0.75,1.53,-0.06,1,0,-53.00
1998-03-10T18:00:00,1.2,-1.12,-1.06,-0.3,2.18,2.63,0.62,1.32,-0.04,1,0,-92.00
1998-03-10T19:00:00,0.9,-0.86,-1.04,-0.5,1.6,1.53,0.78,1.22,0.03,1,0,-106.00
1998-03-10T20:00:00,1.26,-1.05,-0.43,-0.31,0.85,2.78,0.73,1.49,0.07,1,0,-107.00
1998-03-10T22:00:00,1.73,-0.88,-1.18,-0.11,1.93,1.76,0.23,0.45,-0.14,1,0,-115.00
1998-03-10T23:00:00,1.56,-1.04,-0.41,-0.4,2.2,2.57,0.29,0.49,-0.11,1,0,-114.00
1998-03-11T00:00:00,1.31,-0.83,-0.13,-0.52,1.77,2.07,0.01,0.22,-0.11,1,0,-114.00
1998-03-11T01:00:00,0.59,-0.66,0.16,-0.41,1.11,1.59,-0.06,0.27,0.05,1,0,-107.00
1998-03-11T02:00:00,-0.43,0.01,0.09,-0.48,0.61,0.7,0.19,0.1,0.81,1,0,-99.00
1998-03-11T03:00:00,-0.97,0.3,-0.17,-0.73,0.55,-0.23,0.09,-0.32,-0.12,1,0,-89.00
1998-03-11T04:00:00,-0.31,-0.02,-0.27,-0.53,0.11,-0.58,0.06,-0.17,0.22,1,0,-86.00
1998-03-11T05:00:00,0.97,-0.5,0.15,-0.33,-0.25,-0.37,-0.06,0.09,-0.06,0,0,-85.00
1998-03-11T06:00:00,0.89,0.02,-0.17,-0.27,0.06,-0.57,0.33,0.2,0.09,0,0,-85.00
1998-03-11T07:00:00,-0.19,0.54,-0.49,-0.52,0.12,-0.73,-0.0,-0.06,-0.04,0,0,-76.00
1998-03-11T08:00:00,0.12,-0.58,0.04,-0.5,-0.49,-0.42,-0.15,-0.0,0.16,0,0,-66.00
1998-03-11T09:00:00,0.25,-0.51,-0.27,-0.52,-0.39,-0.78,-0.22,0.08,0.07,0,0,-67.00
1998-03-11T10:00:00,0.71,-0.66,0.37,-0.35,-0.55,0.24,-0.19,0.12,-0.06,0,0,-60.00
1998-03-11T11:00:00,0.67,-0.55,-0.07,-0.42,-0.44,-0.35,-0.11,0.2,0.03,0,0,-61.00
1998-03-11T12:00:00,0.2,-0.2,-0.18,-0.62,0.01,-0.28,-0.17,0.39,0.98,0,0,-60.00
1998-03-11T13:00:00,0.52,-0.43,-0.06,-0.57,-0.23,-0.42,-0.16,0.5,0.26,0,0,-58.00
1998-03-11T14:00:00,0.16,-0.44,-0.35,-0.72,0.05,-1.02,-0.18,0.46,0.24,0,0,-56.00
1998-03-11T15:00:00,0.67,-0.4,-0.3,-0.47,0.36,-0.69,-0.12,0.45,0.08,0,0,-60.00
1998-03-11T16:00:00,0.73,-0.62,-0.05,-0.41,0.15,-0.35,-0.08,0.42,0.04,0,0,-61.00
1998-03-11T17:00:00,0.77,-0.55,0.39,-0.35,0.1,0.33,-0.11,0.23,-0.02,0,0,-60.00
1998-03-11T18:00:00,0.83,-0.17,0.44,-0.38,0.72,0.31,-0.16,0.21,-0.01,0,0,-56.00
1998-03-11T19:00:00,0.77,-0.08,0.71,-0.5,0.98,0.81,-0.2,0.28,-0.05,0,0,-54.00
1998-03-11T20:00:00,0.93,-0.28,0.13,-0.39,0.83,-0.34,-0.16,0.33,0.0,0,0,-49.00
1998-03-11T21:00:00,0.45,-0.16,-0.57,-0.6,1.26,-1.79,-0.13,0.29,0.03,0,0,-50.00
1998-03-11T22:00:00,0.72,-0.47,-0.22,-0.42,0.68,-0.92,-0.18,0.27,0.0,0,0,-50.00
1998-03-11T23:00:00,0.85,-0.6,-0.05,-0.27,0.72,-0.49,-0.18,0.1,-0.07,0,0,-58.00
1998-03-12T00:00:00,0.81,-0.61,-0.04,-0.21,0.57,-0.1,-0.13,0.21,-0.03,0,0,-57.00
1998-03-12T01:00:00,0.67,-0.69,-0.21,-0.26,0.54,-0.32,-0.14,0.18,-0.04,0,0,-55.00
1998-03-12T02:00:00,0.07,-0.78,-0.6,-0.46,0.56,-0.87,-0.29,0.11,-0.1,0,0,-52.00
1998-03-12T03:00:00,0.26,-0.83,-0.42,-0.39,0.37,-0.93,-0.29,0.04,-0.1,0,0,-55.00
1998-03-12T04:00:00,0.03,-0.37,-0.45,-0.43,0.4,-0.8,-0.27,0.04,0.02,0,0,-58.00
1998-03-12T05:00:00,0.02,-0.44,-0.28,-0.5,-0.15,-0.5,-0.24,0.11,0.15,0,0,-60.00
1998-03-12T06:00:00,-0.03,0.21,-0.12,-0.61,0.39,-0.16,-0.28,0.08,0.88,0,0,-60.00
1998-03-12T07:00:00,-0.14,-0.71,0.1,-0.66,-0.71,0.01,-0.33,0.06,0.01,0,0,-62.00
1998-03-12T08:00:00,0.1,-0.5,0.29,-0.56,-0.33,0.32,-0.34,0.06,0.12,0,0,-62.00
1998-03-12T09:00:00,-0.15,-0.65,-0.06,-0.64,-0.4,-0.39,-0.32,0.08,0.04,0,0,-53.00
1998-03-12T10:00:00,-0.07,-0.67,-0.24,-0.63,-0.11,-0.69,-0.32,-0.02,-0.03,0,0,-44.00
1998-03-12T11:00:00,0.49,0.09,0.08,-0.41,0.84,0.02,-0.2,0.2,0.41,0,0,-39.00
1998-03-12T12:00:00,0.55,0.11,-0.14,-0.4,0.89,-0.49,-0.19,0.1,0.16,0,0,-38.00
1998-03-12T13:00:00,0.76,0.08,0.22,-0.32,0.71,-0.01,-0.08,0.07,0.04,0,0,-41.00
1998-03-12T14:00:00,0.37,-0.26,0.15,-0.38,0.18,0.03,-0.27,0.09,0.38,0,0,-39.00
1998-03-12T15:00:00,-0.25,-0.56,0.03,-0.58,-0.18,-0.16,-0.31,-0.0,0.07,0,0,-39.00
1998-03-12T16:00:00,0.06,-0.51,-0.19,-0.46,-0.12,-0.51,-0.3,-0.03,0.08,0,0,-40.00
1998-03-12T17:00:00,0.02,-0.56,-0.07,-0.48,-0.21,-0.3,-0.25,-0.06,0.1,0,0,-38.00
1998-03-12T18:00:00,0.56,-0.26,0.1,-0.26,-0.02,-0.03,-0.13,-0.01,0.14,0,0,-37.00
1998-03-12T19:00:00,0.3,-0.45,0.05,-0.32,-0.2,-0.05,-0.14,-0.14,0.15,0,0,-36.00
1998-03-12T20:00:00,-0.32,-0.59,-0.25,-0.44,-0.14,-0.22,-0.17,-0.19,-0.06,0,0,-35.00
1998-03-12T21:00:00,-0.5,-0.6,-0.21,-0.46,-0.22,-0.14,-0.16,-0.27,-0.1,0,0,-34.00
1998-03-12T22:00:00,-0.49,-0.58,-0.16,-0.41,-0.24,-0.1,-0.13,-0.26,-0.08,0,0,-33.00
1998-03-12T23:00:00,-0.33,-0.6,-0.19,-0.31,-0.23,-0.36,-0.15,-0.23,-0.06,0,0,-39.00
1998-03-13T00:00:00,-0.28,-0.62,-0.18,-0.3,-0.39,-0.35,-0.19,-0.24,-0.06,0,0,-44.00
1998-03-13T01:00:00,-0.36,-0.5,-0.04,-0.31,-0.17,-0.14,-0.21,-0.2,0.01,0,0,-45.00
1998-03-13T02:00:00,-0.16,-0.23,-0.26,-0.24,0.01,-0.49,-0.19,-0.11,0.21,0,0,-43.00
1998-03-13T03:00:00,0.08,-0.35,-0.06,-0.18,-0.19,0.05,-0.22,-0.11,0.43,0,0,-43.00
1998-03-13T04:00:00,-0.32,-0.66,-0.14,-0.29,-0.49,-0.17,-0.28,-0.16,-0.06,0,0,-43.00
1998-03-13T05:00:00,0.41,-0.27,-0.16,-0.06,-0.21,-0.27,-0.16,-0.04,0.17,0,0,-44.00
1998-03-13T06:00:00,0.54,0.32,0.09,-0.05,0.35,-0.1,-0.16,0.02,0.1,0,0,-41.00
1998-03-13T07:00:00,0.35,-0.29,-0.13,-0.12,-0.37,-0.61,-0.3,-0.04,0.18,0,0,-42.00
1998-03-13T08:00:00,0.24,-0.63,-0.34,-0.2,-1.01,-0.87,-0.38,-0.13,-0.09,0,0,-39.00
1998-03-13T09:00:00,0.27,-0.53,-0.14,-0.15,-0.51,-0.64,-0.37,-0.15,-0.03,0,0,-38.00
1998-03-13T10:00:00,0.29,-0.67,-0.18,-0.12,-0.66,-0.8,-0.34,-0.16,-0.08,0,0,-40.00
1998-03-13T11:00:00,0.19,-0.59,-0.18,-0.14,-0.51,-0.87,-0.32,-0.25,-0.07,0,0,-38.00
1998-03-13T12:00:00,0.14,-0.59,-0.29,-0.09,-0.82,-1.26,-0.33,-0.28,-0.1,0,0,-38.00
1998-03-13T13:00:00,-0.17,-0.2,-0.32,-0.1,-0.57,-1.36,-0.22,-0.24,0.05,0,0,-35.00
1998-03-13T14:00:00,0.47,-0.58,-0.24,-0.1,-0.2,-0.74,-0.35,-0.1,-0.08,0,0,-36.00
1998-03-13T15:00:00,0.38,-0.49,-0.38,-0.12,0.12,-0.86,-0.41,-0.07,-0.08,0,0,-40.00
1998-03-13T16:00:00,0.63,-0.5,-0.03,0.04,0.22,-0.1,-0.38,-0.04,-0.07,0,0,-44.00
1998-03-13T17:00:00,0.61,-0.69,-0.18,0.01,-0.03,-0.5,-0.41,-0.02,-0.1,0,0,-42.00
1998-03-13T18:00:00,0.85,-0.49,-0.21,0.17,0.03,-0.56,-0.37,-0.12,-0.12,0,0,-43.00
1998-03-13T19:00:00,0.75,-0.17,-0.32,0.16,0.45,-0.62,-0.4,-0.17,-0.11,0,0,-39.00
1998-03-13T20:00:00,0.86,-0.03,-0.48,0.16,0.74,-1.02,-0.5,-0.37,-0.17,0,0,-38.00
1998-03-13T21:00:00,0.92,-0.45,-0.21,0.23,0.26,-0.6,-0.49,-0.36,-0.16,0,0,-40.00
1998-03-13T22:00:00,1.03,-0.41,-0.11,0.29,0.16,-0.47,-0.52,-0.42,-0.17,0,0,-41.00
1998-03-13T23:00:00,1.06,-0.23,-0.13,0.34,0.38,-0.57,-0.47,-0.42,-0.17,0,0,-46.00
1998-03-14T00:00:00,1.07,-0.27,-0.02,0.35,0.2,-0.24,-0.56,-0.45,-0.18,0,0,-40.00
1998-03-14T01:00:00,1.0,-0.25,-0.11,0.33,0.12,-0.33,-0.45,-0.3,-0.15,0,0,-37.00
1998-03-14T02:00:00,0.98,-0.33,-0.08,0.34,0.09,-0.42,-0.45,-0.29,-0.15,0,0,-39.00
1998-03-14T03:00:00,1.02,-0.19,-0.1,0.39,0.04,-0.55,-0.51,-0.39,-0.17,0,0,-40.00
1998-03-14T04:00:00,0.99,-0.03,-0.17,0.39,0.27,-0.66,-0.42,-0.32,-0.15,0,0,-42.00
1998-03-14T05:00:00,0.89,-0.24,-0.14,0.41,0.05,-0.56,-0.42,-0.41,-0.16,0,0,-40.00
1998-03-14T06:00:00,0.86,-0.31,-0.14,0.38,-0.02,-0.69,-0.25,-0.3,-0.13,0,0,-38.00
1998-03-14T07:00:00,0.74,-0.24,-0.07,0.4,0.3,-0.38,0.0,-0.2,-0.03,0,0,-38.00
1998-03-14T08:00:00,0.72,-0.24,-0.1,0.41,0.04,-0.5,-0.02,-0.12,-0.0,0,0,-33.00
1998-03-14T09:00:00,0.8,-0.23,0.13,0.43,0.11,-0.28,0.09,-0.21,-0.04,0,0,-31.00
1998-03-14T10:00:00,0.69,-0.09,-0.24,0.39,0.27,-0.51,0.0,-0.29,-0.07,0,0,-31.00
1998-03-14T11:00:00,0.52,-0.06,-0.18,0.41,0.46,-0.45,-0.03,-0.37,-0.03,0,0,-29.00
1998-03-14T12:00:00,0.19,-0.85,0.12,0.36,0.25,-0.19,-0.1,-0.51,-0.16,0,0,-22.00
1998-03-14T13:00:00,0.43,-0.63,-0.31,0.39,0.32,-0.39,0.02,-0.5,-0.15,0,0,-21.00
1998-03-14T14:00:00,0.28,-0.55,-0.53,0.43,0.25,-0.52,0.01,-0.5,-0.15,0,0,-23.00
1998-03-14T15:00:00,0.63,-0.29,-0.41,0.5,0.33,-0.07,0.23,-0.44,-0.12,0,0,-23.00
1998-03-14T16:00:00,0.26,-0.55,-0.39,0.5,0.24,0.02,0.07,-0.44,-0.12,0,0,-24.00
1998-03-14T17:00:00,0.69,-0.12,-0.59,0.59,0.43,-0.26,-0.01,-0.5,-0.16,0,0,-27.00
1998-03-14T18:00:00,0.88,0.37,-0.47,0.63,0.55,-0.44,-0.1,-0.52,-0.17,0,0,-29.00
1998-03-14T19:00:00,0.72,0.12,-0.69,0.61,0.71,-0.36,-0.08,-0.52,-0.17,0,0,-35.00
1998-03-14T20:00:00,0.79,0.44,-0.63,0.6,0.84,-0.13,0.08,-0.54,-0.18,0,0,-41.00
1998-03-14T21:00:00,0.99,0.62,-0.18,0.62,0.71,0.06,0.35,-0.51,-0.17,0,0,-41.00
1998-03-14T22:00:00,-0.01,0.2,-0.66,0.53,0.54,-0.17,0.42,-0.47,-0.13,0,0,-42.00
1998-03-14T23:00:00,-0.32,0.04,-0.75,0.49,0.41,-0.24,0.58,-0.43,-0.13,0,0,-40.00
1998-03-15T00:00:00,-0.26,-0.15,-0.76,0.51,0.22,-0.32,0.63,-0.44,-0.13,0,0,-32.00
1998-03-15T01:00:00,-0.31,-0.2,-0.83,0.53,0.18,-0.48,0.75,-0.42,-0.13,0,0,-35.00
1998-03-15T02:00:00,-0.12,-0.37,-0.7,0.58,0.06,-0.37,0.89,-0.4,-0.09,0,0,-46.00
1998-03-15T03:00:00,-0.02,-0.28,-0.83,0.6,0.23,-0.54,0.81,-0.43,-0.13,0,0,-46.00
1998-03-15T04:00:00,0.13,-0.67,-0.77,0.66,-0.07,-0.79,0.65,-0.47,-0.15,0,0,-49.00
1998-03-15T05:00:00,0.28,-0.81,-0.38,0.7,-0.14,-0.23,0.77,-0.4,-0.1,0,0,-52.00
1998-03-15T06:00:00,0.03,-0.84,-0.73,0.65,-0.13,-0.64,0.44,-0.45,-0.15,0,0,-58.00
1998-03-15T07:00:00,-0.03,-0.9,-0.67,0.69,-0.19,-0.49,0.39,-0.43,-0.15,0,0,-53.00
1998-03-15T08:00:00,0.2,-0.59,-0.74,0.75,0.05,-0.47,0.48,-0.4,-0.13,0,0,-45.00
1998-03-15T09:00:00,0.3,-0.68,-0.61,0.77,-0.08,-0.26,0.53,-0.36,-0.12,0,0,-45.00
1998-03-15T10:00:00,0.43,-0.38,-0.67,0.81,0.09,-0.33,0.51,-0.33,-0.1,0,0,-48.00
1998-03-15T11:00:00,0.57,-0.1,-0.77,0.86,0.23,-0.47,0.49,-0.33,-0.11,0,0,-49.00
1998-03-15T12:00:00,0.8,0.28,-0.57,0.93,0.41,-0.44,0.48,-0.31,-0.11,0,0,-47.00
1998-03-15T13:00:00,1.06,0.53,0.02,1.01,0.53,0.07,0.45,-0.33,-0.12,0,0,-48.00
1998-03-15T14:00:00,0.93,0.68,0.28,1.0,0.55,0.2,0.52,-0.33,-0.12,0,0,-51.00
1998-03-15T15:00:00,0.99,0.27,0.03,1.04,0.04,-0.08,0.75,-0.27,-0.06,0,0,-50.00
1998-03-15T16:00:00,0.95,0.54,0.08,1.04,0.12,-0.11,0.72,-0.28,-0.08,0,0,-43.00
1998-03-15T17:00:00,0.99,0.47,0.32,1.09,0.08,0.21,0.84,-0.25,-0.07,0,0,-38.00
1998-03-15T18:00:00,1.07,-0.15,0.27,1.1,-0.3,0.26,0.89,-0.26,-0.06,0,0,-35.00
1998-03-15T19:00:00,0.86,-0.63,-0.05,1.04,-0.66,-0.11,0.9,-0.23,-0.04,0,0,-34.00
1998-03-15T20:00:00,0.28,-0.81,-0.53,0.92,-0.7,-0.54,0.89,-0.35,-0.1,0,0,-33.00
1998-03-15T21:00:00,0.41,-0.84,-0.59,0.98,-0.7,-0.64,0.83,-0.36,-0.12,0,0,-29.00
1998-03-15T22:00:00,0.54,-0.41,-0.8,1.05,-0.39,-0.98,0.78,-0.36,-0.12,0,0,-28.00
1998-03-15T23:00:00,0.57,-0.73,-0.3,1.07,-0.7,-0.33,0.9,-0.36,-0.08,0,0,-32.00
1998-03-17T00:00:00,0.23,-0.64,-0.22,1.28,-0.53,-1.01,0.77,-0.28,0.05,0,0,-29.00
1998-03-17T01:00:00,0.85,-0.51,-0.4,1.38,-0.33,-1.03,0.78,-0.34,-0.1,0,0,-26.00
1998-03-17T02:00:00,0.68,-0.07,-0.6,1.39,-0.11,-1.22,0.79,-0.27,-0.06,0,0,-29.00
1998-03-17T03:00:00,0.92,-0.14,-0.36,1.51,0.06,-1.1,0.56,-0.3,-0.09,0,0,-32.00
1998-03-17T04:00:00,0.75,0.15,0.53,1.51,0.2,0.11,0.52,-0.28,-0.06,0,0,-35.00
1998-03-17T05:00:00,0.41,-0.42,0.46,1.45,-0.67,-0.13,0.4,-0.31,-0.01,0,0,-37.00
1998-03-17T06:00:00,0.37,-0.72,0.57,1.38,-0.47,-0.04,0.23,-0.37,-0.12,0,0,-33.00
1998-03-17T07:00:00,0.71,-0.7,0.22,1.44,-0.54,-0.16,0.31,-0.32,-0.1,0,0,-30.00
1998-03-17T08:00:00,0.55,-0.81,-0.23,1.39,-0.68,-0.42,0.5,-0.32,-0.1,0,0,-24.00
1998-03-17T09:00:00,0.55,-0.63,-0.37,1.32,-0.5,-0.39,0.64,-0.33,-0.08,0,0,-18.00
1998-03-17T10:00:00,0.69,-0.78,-0.12,1.31,-0.45,0.01,0.84,-0.31,-0.07,0,0,-14.00
1998-03-17T11:00:00,0.67,-0.72,0.15,1.32,-0.61,-0.01,0.81,-0.33,-0.06,0,0,-15.00
1998-03-17T12:00:00,0.5,-0.47,0.6,1.3,-0.47,0.06,0.8,-0.34,-0.06,0,0,-12.00
1998-03-17T13:00:00,0.11,0.3,0.54,1.21,0.05,0.13,0.6,-0.38,0.02,0,0,-11.00
1998-03-17T14:00:00,0.18,0.39,0.83,1.24,0.04,0.46,0.46,-0.42,-0.13,0,0,-11.00
1998-03-17T15:00:00,0.43,0.39,0.95,1.28,0.07,0.29,0.18,-0.47,-0.16,0,0,-10.00
1998-03-17T16:00:00,0.31,0.43,0.81,1.3,0.21,0.39,0.22,-0.45,-0.15,0,0,-10.00
1998-03-17T17:00:00,0.49,0.17,0.82,1.33,0.0,0.36,0.02,-0.48,-0.16,0,0,-12.00
1998-03-17T18:00:00,0.72,-0.21,0.61,1.41,-0.34,0.12,-0.46,-0.57,-0.18,0,0,-13.00
1998-03-17T19:00:00,0.4,-0.5,-0.13,1.15,-0.13,-0.51,-0.4,-0.54,-0.16,0,0,-15.00
1998-03-17T20:00:00,-0.25,-0.35,-0.75,0.86,0.37,-1.05,-0.45,-0.54,-0.18,0,0,-19.00
1998-03-17T21:00:00,0.02,-0.77,-0.52,0.99,-0.18,-0.78,-0.47,-0.51,-0.18,0,0,-16.00
1998-03-17T22:00:00,0.12,-0.92,-0.29,1.02,-0.45,-0.33,-0.5,-0.51,-0.18,0,0,-16.00
1998-03-17T23:00:00,-0.16,-0.96,-0.16,0.95,-0.53,-0.27,-0.53,-0.54,-0.18,0,0,-22.00
1998-03-18T00:00:00,-0.16,-0.99,-0.22,0.98,-0.57,-0.27,-0.49,-0.56,-0.18,0,0,-23.00
1998-03-18T01:00:00,-0.34,-0.91,-0.27,0.86,-0.53,-0.46,-0.48,-0.56,-0.18,0,0,-22.00
1998-03-18T02:00:00,0.06,-1.01,-0.07,1.06,-0.66,-0.1,-0.5,-0.56,-0.18,0,0,-22.00
1998-03-18T03:00:00,0.12,-0.99,-0.02,1.17,-0.63,-0.21,-0.5,-0.57,-0.18,0,0,-25.00
1998-03-18T04:00:00,0.37,-0.91,-0.05,1.29,-0.64,-0.37,-0.48,-0.56,-0.18,0,0,-28.00
1998-03-18T05:00:00,0.6,-0.76,-0.15,1.38,-0.6,-0.69,-0.46,-0.55,-0.18,0,0,-28.00
1998-03-18T06:00:00,0.69,-0.61,-0.18,1.42,-0.4,-0.73,-0.35,-0.49,-0.17,0,0,-25.00
1998-03-18T07:00:00,0.34,-0.78,0.04,1.27,-0.58,-0.36,-0.27,-0.48,-0.15,0,0,-21.00
1998-03-18T08:00:00,0.19,-0.82,0.08,1.18,-0.53,-0.22,-0.14,-0.44,-0.14,0,0,-19.00
1998-03-18T09:00:00,0.56,-0.57,-0.14,1.28,-0.46,-0.46,-0.05,-0.33,-0.1,0,0,-17.00
1998-03-18T10:00:00,0.68,-0.4,-0.03,1.34,-0.14,-0.42,0.0,-0.34,-0.08,0,0,-15.00
1998-03-18T11:00:00,0.63,-0.51,0.15,1.34,-0.33,-0.14,-0.04,-0.32,-0.09,0,0,-14.00
1998-03-18T12:00:00,0.19,-0.77,0.23,1.19,-0.6,-0.06,-0.1,-0.45,-0.14,0,0,-13.00
1998-03-18T13:00:00,0.17,-0.89,0.11,1.22,-0.75,-0.28,-0.2,-0.51,-0.16,0,0,-13.00
1998-03-18T14:00:00,0.11,-0.89,-0.06,1.22,-0.8,-0.45,-0.2,-0.51,-0.16,0,0,-14.00
1998-03-18T15:00:00,0.17,-0.82,-0.01,1.29,-0.64,-0.33,-0.12,-0.49,-0.15,0,0,-15.00
1998-03-18T16:00:00,0.46,-0.77,-0.01,1.37,-0.5,-0.41,-0.09,-0.49,-0.15,0,0,-16.00
1998-03-18T17:00:00,0.47,-0.81,0.03,1.38,-0.52,-0.3,-0.13,-0.5,-0.16,0,0,-16.00
1998-03-18T18:00:00,0.5,-0.73,-0.04,1.41,-0.5,-0.33,-0.08,-0.49,-0.15,0,0,-17.00
1998-03-18T19:00:00,0.28,-0.85,-0.16,1.32,-0.45,-0.58,-0.18,-0.52,-0.17,0,0,-16.00
1998-03-18T20:00:00,0.34,-0.65,-0.02,1.33,-0.27,-0.48,-0.09,-0.47,-0.13,0,0,-17.00
1998-03-18T21:00:00,-0.14,-0.89,-0.28,1.26,-0.51,-0.84,-0.04,-0.5,-0.16,0,0,-17.00
1998-03-18T22:00:00,0.09,-0.55,-0.3,1.36,-0.1,-0.79,-0.01,-0.51,-0.13,0,0,-18.00
1998-03-18T23:00:00,0.11,-0.67,0.58,1.34,-0.21,0.28,0.02,-0.51,-0.16,0,0,-19.00
1998-03-19T00:00:00,0.51,-0.83,0.38,1.49,-0.43,0.1,-0.13,-0.53,-0.17,0,0,-21.00
1998-03-19T01:00:00,0.8,-0.74,-0.09,1.57,-0.37,-0.44,-0.1,-0.51,-0.17,0,0,-23.00
1998-03-19T02:00:00,0.84,-0.52,-0.07,1.63,-0.35,-0.48,0.01,-0.45,-0.15,0,0,-22.00
1998-03-19T03:00:00,0.98,-0.5,0.07,1.69,-0.41,-0.25,-0.06,-0.48,-0.16,0,0,-20.00
1998-03-19T04:00:00,0.96,-0.48,-0.02,1.71,-0.52,-0.47,-0.12,-0.49,-0.17,0,0,-20.00
1998-03-19T05:00:00,0.98,-0.38,-0.0,1.75,-0.35,-0.43,-0.13,-0.48,-0.16,0,0,-20.00
1998-03-19T06:00:00,1.02,-0.07,0.12,1.76,-0.02,-0.23,-0.1,-0.48,-0.16,0,0,-18.00
1998-03-19T07:00:00,0.79,-0.06,-0.3,1.66,-0.27,-0.92,0.08,-0.42,-0.13,0,0,-16.00
1998-03-19T08:00:00,0.29,-0.82,-0.07,1.58,-0.46,-0.71,0.05,-0.52,-0.15,0,0,-15.00
1998-03-19T09:00:00,0.47,-0.77,-0.19,1.64,-0.55,-0.74,-0.04,-0.58,-0.18,0,0,-12.00
1998-03-19T10:00:00,0.45,-0.83,-0.09,1.64,-0.64,-0.72,0.01,-0.58,-0.18,0,0,-12.00
1998-03-19T11:00:00,0.54,-0.58,0.04,1.62,-0.21,-0.71,0.42,-0.5,-0.12,0,0,-12.00
1998-03-19T12:00:00,0.59,-0.38,-0.02,1.6,-0.16,-0.57,0.58,-0.5,-0.09,0,0,-12.00
1998-03-19T13:00:00,0.61,-0.23,-0.25,1.6,-0.12,-0.66,0.64,-0.47,-0.08,0,0,-11.00
1998-03-19T14:00:00,0.62,-0.11,-0.14,1.63,-0.15,-0.68,0.74,-0.43,-0.02,0,0,-11.00
1998-03-19T15:00:00,0.6,0.26,-0.13,1.6,0.1,-0.59,0.68,-0.45,-0.05,0,0,-12.00
1998-03-19T16:00:00,0.63,-0.28,-0.06,1.59,-0.31,-0.55,0.71,-0.41,-0.01,0,0,-12.00
1998-03-19T17:00:00,0.15,-0.05,-0.17,1.52,0.08,-0.7,0.63,-0.49,0.32,0,0,-9.00
1998-03-19T18:00:00,-0.29,-0.57,0.15,1.45,-0.08,-0.54,0.76,-0.53,-0.09,0,0,-8.00
1998-03-19T19:00:00,0.0,-0.43,-0.2,1.46,-0.16,-0.74,1.0,-0.51,0.01,0,0,-5.00
1998-03-19T20:00:00,-0.11,-0.7,-0.03,1.43,-0.16,-0.53,1.13,-0.51,-0.07,1,0,-5.00
1998-03-19T21:00:00,0.18,-0.67,-0.03,1.39,-0.17,-0.55,1.39,-0.49,-0.02,1,0,-5.00
1998-03-19T22:00:00,0.78,-0.38,-0.57,1.49,0.05,-0.8,1.11,-0.49,-0.14,1,0,-3.00
1998-03-19T23:00:00,0.3,-1.02,-0.32,1.41,-0.57,-0.55,1.13,-0.53,-0.15,1,0,0.00
1998-03-20T00:00:00,0.26,-1.08,-0.04,1.41,-0.7,-0.3,1.11,-0.53,-0.15,1,0,-4.00
1998-03-20T01:00:00,0.09,-0.32,0.47,1.4,-0.21,0.1,1.59,-0.49,0.07,1,0,-8.00
1998-03-20T02:00:00,0.27,-0.05,0.4,1.43,-0.1,0.2,1.84,-0.49,0.21,1,0,-13.00
1998-03-20T03:00:00,0.68,-0.05,0.59,1.48,-0.24,0.15,1.81,-0.49,-0.08,1,0,-13.00
1998-03-20T04:00:00,0.56,-0.55,-0.08,1.45,-0.57,-0.42,2.13,-0.48,-0.02,1,0,-8.00
1998-03-20T05:00:00,0.72,-0.85,-0.29,1.5,-0.82,-0.47,1.9,-0.52,-0.14,1,0,-5.00
1998-03-20T06:00:00,1.1,-0.81,-0.38,1.56,-0.91,-0.35,1.59,-0.56,-0.17,1,0,-3.00
1998-03-20T07:00:00,0.86,-0.8,-0.57,1.59,-0.93,-0.33,1.93,-0.55,-0.16,1,0,-2.00
1998-03-20T08:00:00,0.69,-0.88,-0.54,1.48,-0.79,-0.05,1.97,-0.56,-0.16,1,0,-7.00
1998-03-20T09:00:00,0.72,-1.15,-0.81,1.36,-0.38,0.37,0.05,-0.57,-0.19,1,0,-4.00
1998-03-20T10:00:00,0.61,-1.48,-0.62,1.33,-0.23,0.27,0.2,-0.58,-0.19,1,0,-4.00
1998-03-20T11:00:00,0.87,-1.44,-0.42,1.37,-0.3,0.39,0.4,-0.56,-0.18,1,0,-12.00
1998-03-20T12:00:00,0.69,-1.4,-0.39,1.35,-0.42,0.21,0.64,-0.55,-0.18,1,0,-11.00
1998-03-20T13:00:00,0.5,-1.52,-0.21,1.3,-0.64,0.4,1.67,-0.54,-0.17,1,0,-10.00
1998-03-20T14:00:00,1.14,-0.77,-0.92,1.37,-0.72,-0.02,0.5,-0.55,-0.18,1,0,-11.00
1998-03-20T15:00:00,0.87,-1.35,-0.66,1.41,-0.28,-0.74,1.2,-0.52,-0.18,1,0,-12.00
1998-03-20T16:00:00,0.7,-1.59,0.15,1.41,-0.47,-0.53,1.32,-0.53,-0.17,1,0,-16.00
1998-03-20T17:00:00,0.38,-1.32,0.19,1.37,-0.36,-0.29,1.11,-0.54,-0.17,1,0,-15.00
1998-03-20T18:00:00,1.19,-0.36,-0.97,1.22,0.2,0.19,0.36,-0.58,-0.19,1,0,-16.00
1998-03-20T19:00:00,1.03,-0.92,-0.83,1.19,0.24,0.27,0.15,-0.58,-0.19,1,0,-15.00
1998-03-20T20:00:00,0.82,-1.38,-0.62,1.16,0.46,0.23,0.25,-0.57,-0.19,1,0,-16.00
1998-03-20T21:00:00,1.11,-0.88,-0.91,1.16,0.31,0.1,0.08,-0.55,-0.19,1,0,-22.00
1998-03-20T22:00:00,0.98,-0.94,-0.77,1.23,0.29,-0.14,0.61,-0.55,-0.18,1,0,-28.00
1998-03-20T23:00:00,0.69,-1.02,-0.54,1.36,0.07,-0.78,1.28,-0.54,-0.17,1,0,-32.00
1998-03-21T00:00:00,0.17,-1.44,-0.11,1.47,-0.17,-1.07,1.02,-0.55,-0.17,1,0,-32.00
1998-03-21T01:00:00,0.44,-1.25,-0.09,1.52,-0.03,-1.11,1.56,-0.55,-0.16,1,0,-33.00
1998-03-21T02:00:00,0.22,-1.39,0.31,1.52,-0.24,-1.3,2.31,-0.54,-0.16,1,0,-35.00
1998-03-21T03:00:00,-0.55,-0.98,0.99,1.33,-0.09,-1.45,3.14,-0.5,-0.14,1,0,-32.00
1998-03-21T04:00:00,-1.27,0.17,1.09,1.24,-0.06,-1.06,2.16,-0.49,-0.16,1,0,-26.00
1998-03-21T05:00:00,-0.85,1.28,0.26,1.01,0.15,-0.75,0.81,-0.2,-0.12,1,0,-15.00
1998-03-21T06:00:00,-0.67,1.44,0.28,0.76,0.37,-0.46,0.96,0.06,-0.08,1,0,-13.00
1998-03-21T07:00:00,-0.78,1.98,-0.18,0.65,-0.28,-0.35,0.97,-0.24,-0.16,1,0,-13.00
1998-03-21T08:00:00,-0.7,2.03,-0.46,0.6,-0.74,-0.23,1.9,-0.18,-0.14,1,0,-12.00
1998-03-21T09:00:00,0.04,0.96,-1.22,0.67,-1.28,0.14,3.7,-0.28,-0.08,1,0,-9.00
1998-03-21T10:00:00,0.41,-1.62,-0.18,0.84,-1.07,-0.84,3.66,-0.27,-0.07,1,0,-9.00
1998-03-21T11:00:00,1.52,-0.98,-1.39,0.75,-0.77,-0.12,2.28,-0.29,-0.15,1,0,-19.00
1998-03-21T12:00:00,1.47,0.77,-1.86,0.66,-0.71,-0.04,1.17,-0.15,-0.16,1,0,-34.00
1998-03-21T13:00:00,1.29,0.96,-1.86,0.58,-0.57,-0.06,0.76,0.16,-0.15,1,0,-32.00
1998-03-21T14:00:00,0.9,0.8,-1.0,0.46,-0.52,0.31,1.23,0.21,-0.06,1,0,-46.00
1998-03-21T15:00:00,-0.83,1.62,0.27,0.42,0.11,0.28,0.81,0.34,-0.08,1,0,-71.00
1998-03-21T16:00:00,-0.93,1.84,0.21,0.59,0.09,0.05,0.8,0.34,-0.11,1,0,-85.00
1998-03-21T17:00:00,0.38,1.63,-0.95,0.31,-0.14,1.0,1.49,0.29,-0.08,1,0,-82.00
1998-03-21T18:00:00,0.27,1.43,-0.45,0.06,-0.31,0.99,1.28,0.34,-0.01,1,0,-65.00
1998-03-21T19:00:00,-1.33,0.78,1.41,-0.47,0.35,2.21,0.76,0.99,-0.07,1,0,-52.00
1998-03-21T20:00:00,-0.72,0.84,1.09,-0.81,0.34,1.88,0.5,1.2,0.02,1,0,-68.00
