1998-06-18T10:00:00,0.13,-0.93,-0.22,1.36,-0.58,-0.6,0.42,-0.58,-0.17,0,0,12.00
1998-06-18T11:00:00,-0.02,-0.96,-0.16,1.43,-0.54,-0.53,0.69,-0.57,-0.16,0,0,8.00
1998-06-18T12:00:00,0.16,-0.86,-0.16,1.46,-0.42,-0.4,1.29,-0.55,-0.14,0,0,6.00
1998-06-18T13:00:00,0.43,-0.79,-0.13,1.51,-0.22,-0.32,1.39,-0.54,-0.13,0,0,8.00
1998-06-18T14:00:00,0.4,-0.78,-0.25,1.52,-0.37,-0.38,1.24,-0.55,-0.14,0,0,6.00
1998-06-18T15:00:00,0.62,-0.42,-0.29,1.54,-0.36,-0.33,1.35,-0.55,-0.13,0,0,6.00
1998-06-18T16:00:00,0.65,-0.08,-0.24,1.55,-0.48,-0.31,1.78,-0.57,-0.11,0,0,7.00
1998-06-18T17:00:00,0.74,0.07,-0.18,1.58,-0.46,-0.31,1.63,-0.57,-0.13,0,0,10.00
1998-06-18T18:00:00,0.82,-0.05,-0.1,1.59,-0.28,-0.36,1.59,-0.57,-0.14,1,0,9.00
1998-06-18T19:00:00,0.85,-0.04,-0.06,1.6,-0.3,-0.28,1.97,-0.57,-0.12,1,0,8.00
1998-06-18T20:00:00,1.26,0.02,0.08,1.57,-0.4,-0.01,4.08,-0.54,-0.12,1,0,9.00
1998-06-18T21:00:00,1.0,-1.5,0.06,1.34,-1.26,0.57,6.02,-0.46,-0.11,1,0,10.00
1998-06-18T22:00:00,0.66,-1.29,0.38,1.22,-1.03,0.42,3.55,-0.45,-0.11,1,0,20.00
1998-06-18T23:00:00,0.8,-0.44,0.98,1.21,-1.65,0.38,3.12,-0.36,-0.07,1,0,28.00
1998-06-19T00:00:00,1.39,-1.86,0.04,0.97,-0.96,0.28,1.01,-0.44,-0.18,1,0,18.00
1998-06-19T01:00:00,1.38,-0.99,1.18,0.84,-0.81,0.28,1.47,-0.14,-0.13,1,0,20.00
1998-06-19T02:00:00,1.81,-1.12,0.53,0.91,-0.9,0.34,1.56,-0.05,-0.12,1,0,18.00
1998-06-19T03:00:00,1.75,-1.28,0.02,1.06,-0.87,0.57,1.3,-0.07,-0.13,1,0,19.00
1998-06-19T04:00:00,1.02,-1.02,-0.35,0.9,-0.49,-0.25,1.27,0.28,0.0,1,0,17.00
1998-06-19T05:00:00,1.17,-0.81,-0.77,0.76,-0.62,-0.92,1.18,0.11,-0.07,1,0,13.00
1998-06-19T06:00:00,0.46,-0.76,-0.28,0.46,-0.29,0.08,1.48,0.22,0.29,1,0,8.00
1998-06-19T07:00:00,-0.83,-0.14,-1.09,0.17,-0.19,0.24,1.83,-0.06,-0.06,1,0,4.00
1998-06-19T08:00:00,1.53,-0.6,0.03,0.26,0.18,-0.97,0.94,0.57,0.0,1,0,-3.00
1998-06-19T09:00:00,1.39,-1.74,0.37,0.2,-0.28,-0.92,0.71,0.47,-0.11,1,0,-13.00
1998-06-19T10:00:00,1.24,-1.67,0.82,0.12,-0.32,0.05,0.78,0.45,-0.11,1,0,-15.00
1998-06-19T11:00:00,0.23,0.0,0.74,-0.27,1.11,-2.54,1.0,1.24,0.98,1,0,-16.00
1998-06-19T12:00:00,0.21,1.36,1.17,-0.21,1.6,-2.18,2.96,0.91,0.16,1,0,-10.00
1998-06-19T13:00:00,0.48,-1.09,1.26,-0.06,1.0,-1.97,1.34,1.32,0.1,1,0,3.00
1998-06-19T14:00:00,0.02,0.68,0.98,-0.05,1.76,-1.25,1.13,1.13,0.29,1,0,5.00
1998-06-19T15:00:00,-0.57,-0.15,0.85,-0.19,1.71,-0.36,1.42,0.95,0.49,1,0,2.00
1998-06-19T16:00:00,-0.83,0.54,1.03,-0.17,2.1,-0.02,1.61,0.48,0.08,1,0,3.00
1998-06-19T17:00:00,-1.05,-0.88,1.14,-0.26,1.41,0.82,1.96,0.43,0.0,1,0,5.00
1998-06-19T18:00:00,0.03,0.26,0.12,0.12,2.18,-0.9,2.15,0.84,11.84,1,0,5.00
1998-06-19T19:00:00,0.32,1.4,1.29,0.3,2.41,-0.32,2.02,0.3,-0.05,1,0,3.00
1998-06-19T20:00:00,0.07,1.29,1.72,0.34,2.39,0.45,1.53,0.4,-0.09,1,0,1.00
1998-06-19T21:00:00,-0.59,-0.14,2.0,0.3,1.27,1.24,1.67,0.48,-0.08,1,0,0.00
1998-06-19T22:00:00,-0.42,-0.44,1.86,0.33,0.62,1.28,1.16,0.51,-0.08,1,0,0.00
1998-06-19T23:00:00,-1.27,-0.78,1.22,0.2,0.23,1.17,0.84,0.27,-0.1,1,0,2.00
1998-06-20T00:00:00,-1.43,-0.43,1.26,0.19,0.46,0.75,0.74,0.0,-0.13,1,0,2.00
1998-06-20T01:00:00,-1.16,-1.45,0.32,0.32,-0.36,-0.76,0.78,0.16,-0.1,1,0,1.00
1998-06-20T02:00:00,-0.35,-1.76,0.12,0.47,-0.2,-0.71,0.73,0.18,-0.1,1,0,2.00
1998-06-20T03:00:00,-0.19,-0.66,0.69,0.51,0.19,-0.43,1.33,-0.03,0.11,1,0,1.00
1998-06-20T04:00:00,1.26,-1.16,-0.35,0.55,0.59,-1.07,0.78,0.1,-0.1,1,0,1.00
1998-06-20T05:00:00,0.91,-1.24,-0.42,0.58,0.78,-0.85,0.7,-0.03,-0.11,1,0,2.00
1998-06-20T06:00:00,1.23,-1.08,0.03,0.61,0.65,-0.37,0.44,-0.02,-0.12,1,0,3.00
1998-06-20T07:00:00,0.7,-1.2,-0.07,0.52,-0.16,-0.12,0.36,-0.04,-0.1,1,0,-1.00
1998-06-20T08:00:00,0.72,-1.24,-0.1,0.51,-0.21,-0.3,0.26,-0.15,-0.13,1,0,-9.00
1998-06-20T09:00:00,-0.38,-1.38,-0.26,0.26,-0.49,-0.71,0.46,-0.29,-0.14,1,0,-9.00
1998-06-20T10:00:00,-0.06,-1.42,0.07,0.48,-0.69,-0.41,0.45,-0.33,-0.14,1,0,-5.00
1998-06-20T11:00:00,0.57,-1.18,0.07,0.57,-0.54,-0.12,0.49,-0.24,-0.12,1,0,-4.00
1998-06-20T12:00:00,0.36,-1.15,0.25,0.52,-0.58,0.32,0.47,-0.22,-0.1,1,0,-3.00
1998-06-20T13:00:00,0.26,-1.27,0.19,0.47,-0.52,0.32,0.42,-0.24,-0.12,0,0,-2.00
1998-06-20T14:00:00,0.79,-0.97,-0.46,0.47,0.33,-0.1,0.13,-0.01,-0.11,0,0,-1.00
1998-06-20T15:00:00,0.71,-0.93,-0.15,0.46,0.52,0.65,0.2,0.17,-0.04,0,0,-2.00
1998-06-20T16:00:00,0.71,-1.07,-0.29,0.46,0.22,0.38,0.21,0.14,-0.08,0,0,-3.00
1998-06-20T17:00:00,0.74,-1.23,-0.3,0.51,0.39,1.42,1.07,-0.12,-0.09,0,0,-6.00
1998-06-20T18:00:00,0.53,-1.37,0.05,0.54,-0.34,0.8,0.19,-0.19,-0.14,0,0,-7.00
1998-06-20T19:00:00,0.51,-0.97,-0.12,0.54,0.19,0.81,0.56,-0.03,-0.02,0,0,-12.00
1998-06-20T20:00:00,0.22,-1.09,-0.43,0.48,0.09,0.09,0.56,0.07,-0.04,0,0,-12.00
1998-06-20T21:00:00,0.32,-0.89,-0.74,0.45,0.04,0.24,0.37,-0.08,-0.1,0,0,-10.00
1998-06-20T22:00:00,0.41,-0.93,-0.67,0.48,-0.05,0.31,0.37,-0.09,-0.1,0,0,-17.00
1998-06-20T23:00:00,0.21,-1.09,-0.63,0.44,-0.14,0.41,0.41,-0.1,-0.11,0,0,-27.00
1998-06-21T00:00:00,0.52,-1.1,-0.08,0.55,-0.14,1.06,0.55,-0.07,-0.06,0,0,-27.00
1998-06-21T01:00:00,0.82,-0.86,-0.29,0.68,0.07,0.56,0.54,-0.09,-0.07,0,0,-21.00
1998-06-21T02:00:00,0.32,-1.16,-0.33,0.52,-0.27,0.42,0.43,-0.09,-0.09,0,0,-21.00
1998-06-21T03:00:00,0.42,-0.9,-0.48,0.45,0.08,0.56,0.5,0.17,-0.0,0,0,-16.00
1998-06-21T04:00:00,0.98,-0.77,-0.34,0.54,-0.02,0.86,0.71,0.39,0.03,0,0,-18.00
1998-06-21T05:00:00,0.15,-0.9,-0.27,0.37,0.2,0.95,0.58,0.45,0.19,0,0,-20.00
1998-06-21T06:00:00,0.34,-0.89,0.36,0.47,0.3,1.79,0.52,0.28,0.1,0,0,-19.00
1998-06-21T07:00:00,-0.8,-0.32,-0.77,0.06,0.8,-0.56,0.32,0.07,-0.07,0,0,-23.00
1998-06-21T08:00:00,0.39,-0.59,-0.19,0.55,0.4,0.47,0.35,0.13,0.2,0,0,-20.00
1998-06-21T09:00:00,0.75,-0.26,-0.36,0.68,0.72,0.08,0.35,0.12,0.06,0,0,-23.00
1998-06-21T10:00:00,0.29,-0.79,-0.34,0.58,-0.02,0.2,0.31,0.15,0.05,0,0,-30.00
1998-06-21T11:00:00,0.14,-0.93,0.12,0.57,-0.35,0.75,0.2,0.06,0.01,0,0,-22.00
1998-06-21T12:00:00,-0.08,-0.76,-0.44,0.51,-0.19,-0.23,0.07,0.04,-0.03,0,0,-15.00
1998-06-21T13:00:00,0.33,-0.86,0.2,0.66,-0.49,0.88,0.08,-0.09,-0.04,0,0,-16.00
1998-06-21T14:00:00,0.71,-0.58,0.34,0.7,-0.28,1.08,0.0,-0.2,-0.09,0,0,-19.00
1998-06-21T15:00:00,0.55,-0.74,0.3,0.62,-0.51,0.89,0.03,-0.21,-0.08,0,0,-20.00
1998-06-21T16:00:00,0.58,-0.68,0.41,0.66,-0.66,0.93,0.02,-0.26,-0.1,0,0,-17.00
1998-06-21T17:00:00,0.26,-0.79,-0.24,0.63,-0.85,0.2,0.08,-0.27,-0.09,0,0,-14.00
1998-06-21T18:00:00,0.34,-0.36,-0.33,0.68,-0.43,0.09,0.12,-0.21,0.03,0,0,-16.00
1998-06-21T19:00:00,-0.16,-0.28,-0.65,0.52,-0.33,-0.45,0.03,-0.34,-0.11,0,0,-21.00
1998-06-21T20:00:00,-0.65,-0.43,-0.61,0.41,-0.53,-0.32,-0.08,-0.43,-0.16,0,0,-29.00
1998-06-21T21:00:00,-0.67,0.04,-0.43,0.43,-0.05,-0.17,-0.01,-0.37,-0.12,0,0,-34.00
1998-06-21T22:00:00,-0.12,-0.49,-0.5,0.53,-0.51,-0.18,-0.02,-0.25,-0.07,0,0,-37.00
1998-06-21T23:00:00,0.48,-0.72,-0.13,0.66,-0.63,0.15,0.04,-0.22,-0.07,0,0,-36.00
1998-06-22T00:00:00,0.36,-0.85,-0.15,0.64,-0.69,0.12,-0.02,-0.27,-0.1,0,0,-34.00
1998-06-22T01:00:00,0.39,-0.88,-0.25,0.58,-0.54,-0.08,-0.12,-0.35,-0.14,0,0,-31.00
1998-06-22T02:00:00,0.63,-0.85,0.2,0.68,-0.6,0.23,-0.14,-0.39,-0.15,0,0,-29.00
1998-06-22T03:00:00,0.38,-0.84,-0.01,0.71,-0.83,0.16,-0.09,-0.43,-0.14,0,0,-29.00
1998-06-22T04:00:00,-0.12,-0.78,-0.45,0.69,-1.01,-0.1,-0.12,-0.44,-0.15,0,0,-27.00
1998-06-22T05:00:00,0.52,-0.87,0.07,0.71,-0.55,0.27,-0.24,-0.43,-0.16,0,0,-24.00
1998-06-22T06:00:00,0.62,-0.74,0.32,0.71,-0.56,0.32,-0.18,-0.42,-0.15,0,0,-24.00
1998-06-22T07:00:00,0.76,-0.6,0.41,0.81,-0.31,0.59,0.06,-0.35,-0.13,0,0,-25.00
1998-06-22T08:00:00,0.44,-0.83,-0.11,0.77,-0.35,0.24,-0.1,-0.43,-0.15,0,0,-19.00
1998-06-22T09:00:00,0.2,-0.8,-0.11,0.74,-0.45,0.2,-0.05,-0.43,-0.13,0,0,-15.00
1998-06-22T10:00:00,0.43,-0.79,0.03,0.8,-0.38,0.44,0.01,-0.41,-0.13,0,0,-12.00
1998-06-22T11:00:00,-0.08,-0.47,-0.11,0.61,0.13,0.15,0.08,-0.29,0.12,0,0,-13.00
1998-06-22T12:00:00,-0.52,-0.34,-0.22,0.53,0.18,0.06,0.13,-0.28,-0.02,0,0,-11.00
1998-06-22T13:00:00,-0.21,-0.61,-0.24,0.61,-0.14,-0.09,0.07,-0.42,-0.1,0,0,-14.00
1998-06-22T14:00:00,-0.13,-0.68,-0.29,0.6,-0.16,-0.12,0.11,-0.4,-0.1,0,0,-14.00
1998-06-22T15:00:00,0.38,-0.99,-0.17,0.7,-0.41,0.18,0.2,-0.31,-0.12,0,0,-11.00
1998-06-22T16:00:00,0.17,-1.42,-0.52,0.49,-0.74,-0.17,0.43,-0.35,-0.16,0,0,-11.00
1998-06-22T17:00:00,0.08,-1.29,-0.79,0.47,-0.68,-0.78,0.59,-0.38,-0.16,0,0,-10.00
1998-06-22T18:00:00,0.6,-1.54,-0.33,0.66,-0.67,-0.14,0.59,-0.42,-0.17,0,0,-16.00
1998-06-22T19:00:00,0.02,-1.27,-0.83,0.57,-0.33,-0.34,0.71,-0.45,-0.17,0,0,-26.00
1998-06-22T20:00:00,1.11,-1.4,-0.15,0.77,-0.12,0.26,0.82,-0.35,-0.16,0,0,-28.00
1998-06-22T21:00:00,1.43,-1.22,0.32,0.84,-0.26,0.38,0.58,-0.33,-0.16,0,0,-33.00
1998-06-22T22:00:00,1.39,-1.22,0.29,0.76,-0.42,-0.1,0.3,-0.32,-0.16,0,0,-44.00
1998-06-22T23:00:00,1.1,-1.34,0.0,0.67,-0.81,-0.48,0.43,-0.27,-0.15,0,0,-40.00
1998-06-23T00:00:00,1.24,-1.22,0.02,0.77,-0.86,-0.54,0.16,-0.33,-0.16,0,0,-31.00
1998-06-23T01:00:00,1.05,-1.29,0.21,0.73,-0.77,-0.4,0.7,-0.39,-0.16,0,0,-25.00
1998-06-23T02:00:00,1.03,-1.27,0.24,0.82,-1.0,-0.41,0.75,-0.42,-0.16,0,0,-24.00
1998-06-23T03:00:00,0.92,-1.37,0.26,0.81,-1.11,-0.42,0.66,-0.46,-0.17,0,0,-22.00
1998-06-23T04:00:00,0.95,-1.29,0.45,0.84,-1.25,-0.66,0.63,-0.48,-0.17,0,0,-20.00
1998-06-23T05:00:00,0.72,-1.25,0.27,0.8,-1.04,-0.96,0.51,-0.45,-0.16,0,0,-17.00
1998-06-23T06:00:00,0.09,-1.72,-0.3,0.81,-0.73,-0.63,0.21,-0.48,-0.18,0,0,-12.00
1998-06-23T07:00:00,0.49,-1.59,0.36,0.9,-0.61,-0.29,0.32,-0.47,-0.18,0,0,-7.00
1998-06-23T08:00:00,0.86,-0.74,0.58,0.83,-0.03,-0.66,1.11,-0.33,-0.11,0,0,-9.00
1998-06-23T09:00:00,0.77,-0.81,0.5,0.84,-0.36,-0.76,1.25,-0.29,-0.08,0,0,-13.00
1998-06-23T10:00:00,0.61,-0.45,0.3,0.86,-0.15,-1.07,1.34,-0.14,0.21,0,0,-7.00
1998-06-23T11:00:00,0.5,-0.56,0.36,0.83,-0.07,-1.33,1.37,-0.14,0.2,0,0,-3.00
1998-06-23T12:00:00,0.25,-0.75,0.27,0.8,-0.09,-1.25,1.43,-0.23,0.13,0,0,-1.00
1998-06-23T13:00:00,0.6,-0.6,0.63,0.84,0.23,-1.22,1.76,-0.16,0.06,0,0,2.00
1998-06-23T14:00:00,0.37,-0.4,0.69,0.79,0.01,-1.29,1.28,-0.22,0.06,0,0,-1.00
1998-06-23T15:00:00,0.91,-1.0,0.31,1.01,-0.73,-1.23,0.67,-0.24,-0.11,0,0,-2.00
1998-06-23T16:00:00,0.67,-1.23,-0.3,0.88,-0.76,-1.64,0.87,-0.34,-0.13,0,0,0.00
1998-06-23T17:00:00,0.89,-0.81,-0.36,1.01,-0.4,-1.16,0.89,-0.33,-0.12,0,0,-3.00
1998-06-23T18:00:00,0.53,-1.3,-0.16,0.94,-0.8,-1.69,0.97,-0.37,-0.14,0,0,-5.00
1998-06-23T19:00:00,0.84,-0.74,-0.48,0.99,-0.36,-1.67,1.13,-0.33,-0.11,0,0,-13.00
1998-06-23T20:00:00,0.56,0.14,-0.89,0.91,0.23,-2.01,1.68,-0.38,-0.1,0,0,-12.00
1998-06-23T21:00:00,0.52,-0.34,-0.89,0.89,0.01,-1.89,1.92,-0.39,-0.1,0,0,-10.00
1998-06-23T22:00:00,0.71,-0.41,-0.87,0.83,-0.39,-1.54,1.71,-0.28,-0.08,0,0,-15.00
1998-06-23T23:00:00,-0.86,0.21,1.03,0.89,-0.62,-1.95,1.55,-0.27,-0.1,0,0,-24.00
1998-06-24T00:00:00,-1.19,0.71,0.69,1.0,-0.71,-2.02,1.56,-0.24,-0.1,0,0,-36.00
1998-06-24T01:00:00,-1.02,0.37,0.46,1.04,-0.69,-1.78,1.4,-0.26,-0.05,0,0,-29.00
1998-06-24T02:00:00,-0.35,0.69,-0.07,0.92,-0.51,-1.35,1.1,-0.27,0.06,0,0,-18.00
1998-06-24T03:00:00,-0.63,1.02,-0.17,0.97,-0.57,-1.27,1.23,-0.25,-0.07,0,0,-16.00
1998-06-24T04:00:00,-0.28,0.9,-0.26,0.81,-0.55,-1.55,1.5,-0.23,0.01,0,0,-15.00
1998-06-24T05:00:00,-1.1,1.07,-0.64,0.97,-0.57,-1.49,1.4,-0.15,-0.11,0,0,-15.00
1998-06-24T06:00:00,-1.11,1.04,-0.34,0.89,-0.56,-1.54,1.06,-0.16,-0.11,0,0,-14.00
1998-06-24T07:00:00,-1.31,1.24,-0.21,0.7,-0.72,-1.46,0.81,-0.16,-0.14,0,0,-9.00
1998-06-24T08:00:00,-1.36,0.8,-0.07,0.7,-0.4,-1.5,1.12,0.12,-0.06,0,0,-11.00
1998-06-24T09:00:00,0.0,0.42,-0.47,0.26,0.51,-1.08,1.22,0.31,0.54,0,0,-6.00
1998-06-24T10:00:00,0.62,0.83,-0.32,-0.22,0.6,-0.51,0.35,0.14,-0.02,0,0,0.00
1998-06-24T11:00:00,0.55,0.12,-0.17,-0.44,0.6,0.0,0.68,0.3,0.69,0,0,-8.00
1998-06-24T12:00:00,0.34,0.57,-0.41,-0.4,0.14,0.78,0.52,0.25,0.17,0,0,-3.00
1998-06-24T13:00:00,0.03,0.81,-0.55,-0.35,-0.48,1.1,0.53,-0.22,-0.08,0,0,-1.00
1998-06-24T14:00:00,0.63,1.31,-0.78,-0.47,-0.3,0.93,1.03,-0.25,-0.14,0,1,-4.00
1998-06-24T15:00:00,0.6,1.43,-0.73,-0.45,-0.3,1.03,1.07,-0.21,-0.14,0,1,-9.00
1998-06-24T16:00:00,-0.03,1.43,-0.33,-0.4,-0.11,0.7,1.95,-0.35,-0.11,0,1,-13.00
1998-06-24T17:00:00,-0.51,1.4,-0.15,-0.5,-0.01,0.67,2.52,-0.47,-0.14,0,1,-12.00
1998-06-24T18:00:00,-0.53,1.46,-0.0,-0.39,0.06,0.54,3.08,-0.5,-0.14,0,1,-8.00
1998-06-24T19:00:00,-1.01,1.44,0.11,-0.31,-0.28,0.7,2.13,-0.4,-0.14,0,1,-5.00
1998-06-24T20:00:00,-1.12,1.72,0.06,-0.23,-0.35,0.74,1.15,-0.38,-0.16,0,1,-7.00
1998-06-24T21:00:00,-1.18,1.88,0.11,-0.21,-0.41,0.49,1.19,-0.38,-0.17,0,1,-19.00
1998-06-24T22:00:00,-1.31,1.45,0.41,-0.16,-0.34,0.35,2.63,-0.4,-0.15,0,1,-23.00
1998-06-24T23:00:00,-1.71,1.39,0.48,-0.06,-0.52,0.28,0.6,-0.19,-0.16,0,0,-22.00
1998-06-25T00:00:00,-2.01,1.12,0.9,-0.0,-0.33,0.29,-0.06,-0.14,-0.18,0,0,-24.00
1998-06-25T01:00:00,-2.11,0.79,1.08,-0.01,-0.18,0.67,-0.26,-0.19,-0.18,0,0,-25.00
1998-06-25T02:00:00,-2.14,0.83,0.93,0.04,0.22,0.97,-0.26,-0.33,-0.18,0,0,-23.00
1998-06-25T03:00:00,-1.75,1.15,1.08,0.06,-0.23,0.8,0.07,-0.46,-0.19,0,0,-21.00
1998-06-25T04:00:00,-1.67,1.08,1.09,0.18,-0.34,0.67,1.4,-0.55,-0.18,0,1,-17.00
1998-06-25T05:00:00,-1.58,1.35,1.08,0.22,-0.26,0.75,1.31,-0.56,-0.19,0,1,-9.00
1998-06-25T06:00:00,-1.58,1.34,1.03,0.26,-0.37,0.66,1.62,-0.55,-0.18,0,1,-3.00
1998-06-25T07:00:00,-1.4,1.23,1.03,0.31,-0.4,0.57,2.49,-0.57,-0.18,0,1,-1.00
1998-06-25T08:00:00,-1.42,1.02,1.15,0.35,-0.31,0.37,2.16,-0.58,-0.18,0,1,8.00
1998-06-25T09:00:00,-0.85,1.27,1.33,0.39,-0.34,0.21,2.41,-0.57,-0.18,0,1,14.00
1998-06-25T10:00:00,-0.92,1.16,1.42,0.44,-0.26,0.12,1.83,-0.58,-0.18,0,1,13.00
1998-06-25T11:00:00,-1.0,1.14,1.42,0.46,-0.24,-0.02,1.21,-0.58,-0.19,0,1,15.00
1998-06-25T12:00:00,-1.26,0.78,1.42,0.52,-0.15,-0.11,1.27,-0.59,-0.19,0,1,18.00
1998-06-25T13:00:00,-0.76,0.63,1.61,0.58,-0.15,-0.13,1.64,-0.58,-0.18,0,1,20.00
1998-06-25T14:00:00,-0.9,0.21,1.58,0.65,-0.23,-0.1,1.54,-0.59,-0.19,0,1,16.00
1998-06-25T15:00:00,-0.67,-0.17,1.6,0.72,-0.28,-0.15,1.56,-0.58,-0.18,0,1,17.00
1998-06-25T16:00:00,-0.91,-0.45,2.16,0.43,-0.69,-0.38,2.25,-0.55,-0.18,0,1,16.00
1998-06-25T17:00:00,-0.22,-1.23,2.48,0.22,-0.37,-0.34,2.1,-0.54,-0.19,0,1,21.00
1998-06-25T18:00:00,-0.26,-0.98,2.41,0.1,-0.03,0.12,1.49,-0.49,-0.18,0,1,28.00
1998-06-25T19:00:00,0.62,-1.53,2.18,0.2,-0.03,0.52,0.34,-0.4,-0.18,0,1,28.00
1998-06-25T20:00:00,0.64,-1.99,1.84,0.23,-0.15,1.0,0.17,-0.45,-0.19,0,1,19.00
1998-06-25T21:00:00,0.89,-2.31,1.34,-0.0,0.57,2.63,0.14,-0.43,-0.19,0,1,11.00
1998-06-25T22:00:00,1.01,-2.31,0.25,0.11,0.31,1.47,1.08,-0.2,-0.16,0,1,9.00
1998-06-25T23:00:00,0.01,0.29,-0.91,0.16,0.48,1.92,1.64,-0.25,-0.04,0,0,10.00
1998-06-26T00:00:00,0.7,0.14,-1.93,0.12,0.76,2.11,1.63,-0.4,-0.17,0,0,9.00
1998-06-26T01:00:00,-0.27,0.53,-1.94,0.13,0.7,2.12,0.87,-0.39,-0.18,0,0,-9.00
1998-06-26T02:00:00,-0.49,0.8,-1.85,0.12,0.91,2.11,0.39,-0.35,-0.18,0,0,-43.00
1998-06-26T03:00:00,-0.75,1.26,-1.61,0.09,0.46,1.78,0.1,-0.45,-0.18,0,0,-67.00
1998-06-26T04:00:00,-1.03,1.73,-0.87,0.06,-0.18,0.66,0.3,-0.3,-0.17,0,0,-85.00
1998-06-26T05:00:00,-0.97,1.66,-0.43,0.02,0.35,0.04,0.57,-0.23,-0.16,0,0,-101.00
1998-06-26T06:00:00,-0.8,1.79,0.13,-0.01,0.34,-0.33,0.81,-0.36,-0.16,0,0,-92.00
1998-06-26T07:00:00,-0.5,1.62,0.19,-0.06,0.5,-0.27,1.83,-0.42,-0.15,0,0,-77.00
1998-06-26T08:00:00,0.51,1.47,1.28,-0.26,0.61,-1.64,1.52,-0.49,-0.17,0,1,-66.00
1998-06-26T09:00:00,0.02,2.01,0.83,-0.11,0.21,-1.32,1.53,-0.49,-0.18,0,1,-56.00
1998-06-26T10:00:00,-0.37,1.75,0.26,-0.02,0.64,-1.11,4.15,-0.4,-0.11,0,1,-41.00
1998-06-26T11:00:00,-0.28,1.71,0.15,0.02,0.59,-1.27,3.11,-0.35,-0.11,0,1,-27.00
1998-06-26T12:00:00,0.14,1.88,0.02,0.1,0.17,-0.95,2.71,-0.51,-0.16,0,1,-22.00
1998-06-26T13:00:00,0.14,1.88,-0.08,0.06,-0.04,-0.97,2.14,-0.57,-0.18,0,1,-18.00
1998-06-26T14:00:00,0.06,1.51,-0.17,0.13,0.01,-1.05,3.17,-0.56,-0.16,0,1,-20.00
1998-06-26T15:00:00,0.61,1.47,-0.27,0.12,0.11,-0.86,1.97,-0.57,-0.18,0,1,-16.00
1998-06-26T16:00:00,0.65,1.48,-0.33,0.1,0.02,-0.54,0.77,-0.58,-0.18,0,1,-22.00
1998-06-26T17:00:00,0.56,1.49,-0.25,0.1,-0.05,-0.45,0.68,-0.59,-0.19,0,1,-30.00
1998-06-26T18:00:00,0.64,1.37,-0.24,0.12,-0.02,-0.32,1.14,-0.58,-0.18,0,1,-33.00
1998-06-26T19:00:00,-0.16,1.09,0.16,0.19,0.34,-0.38,1.0,-0.4,-0.11,0,1,-31.00
1998-06-26T20:00:00,-0.97,0.09,0.78,0.38,1.17,-0.84,0.04,-0.2,-0.13,0,0,-29.00
1998-06-26T21:00:00,-0.07,1.01,0.26,0.17,0.28,-0.08,0.23,-0.28,-0.11,0,0,-41.00
1998-06-26T22:00:00,0.03,1.06,0.4,0.16,0.34,-0.05,0.48,-0.2,-0.09,0,0,-37.00
1998-06-26T23:00:00,-0.16,0.67,0.55,0.23,0.5,0.03,0.67,-0.17,0.01,0,0,-35.00
1998-06-27T00:00:00,-0.29,0.69,0.58,0.29,0.29,0.11,0.76,-0.2,-0.02,0,0,-33.00
1998-06-27T01:00:00,-0.64,-0.02,0.83,0.37,0.86,-0.35,0.83,-0.25,-0.07,0,0,-29.00
1998-06-27T02:00:00,-0.43,1.01,0.55,0.33,0.14,0.26,0.45,-0.25,-0.11,0,0,-24.00
1998-06-27T03:00:00,-0.35,1.44,0.33,0.4,-0.22,0.02,-0.18,-0.25,-0.16,0,0,-25.00
1998-06-27T04:00:00,-0.41,1.1,0.75,0.44,0.35,-0.74,-0.08,-0.18,-0.15,0,0,-27.00
1998-06-27T05:00:00,-0.05,1.08,0.67,0.31,0.45,-0.94,0.12,-0.22,-0.13,0,0,-27.00
1998-06-27T06:00:00,0.48,1.05,0.23,0.13,0.21,-0.38,0.39,-0.22,-0.1,0,0,-21.00
1998-06-27T07:00:00,0.4,0.92,-0.03,0.1,0.28,-0.07,0.52,-0.28,-0.08,0,0,-18.00
1998-06-27T08:00:00,-0.32,0.75,0.22,0.18,0.37,-0.26,0.73,-0.13,0.06,0,0,-18.00
1998-06-27T09:00:00,0.61,0.77,0.0,0.09,0.4,-0.37,0.68,-0.3,-0.07,0,0,-18.00
1998-06-27T10:00:00,0.82,0.78,0.12,0.06,0.28,-0.44,0.46,-0.4,-0.13,0,0,-14.00
1998-06-27T11:00:00,0.64,0.87,0.2,0.14,0.19,-0.61,0.45,-0.38,-0.13,0,0,-13.00
1998-06-27T12:00:00,0.57,0.64,0.29,0.17,0.28,-0.69,0.55,-0.34,-0.07,0,0,-14.00
1998-06-27T13:00:00,0.29,0.74,-0.02,0.23,0.11,-0.58,0.67,-0.27,0.0,0,0,-12.00
1998-06-27T14:00:00,0.78,0.47,0.13,0.15,0.08,-0.36,0.42,-0.36,-0.09,0,0,-11.00
1998-06-27T15:00:00,0.85,0.57,0.43,0.13,0.03,-0.53,0.42,-0.38,-0.13,0,0,-12.00
1998-06-27T16:00:00,0.59,0.76,0.46,0.22,0.0,-0.66,0.45,-0.33,-0.11,0,0,-9.00
1998-06-27T17:00:00,0.44,0.92,0.42,0.25,-0.18,-0.73,0.5,-0.32,-0.11,0,0,-6.00
1998-06-27T18:00:00,0.26,1.01,0.31,0.34,-0.25,-0.48,0.56,-0.3,-0.1,0,0,-6.00
1998-06-27T19:00:00,0.38,0.97,0.35,0.39,-0.28,-0.4,0.56,-0.32,-0.1,0,0,-8.00
1998-06-27T20:00:00,0.57,0.75,0.5,0.37,-0.21,-0.43,0.48,-0.33,-0.11,0,0,-7.00
1998-06-27T21:00:00,0.85,0.56,0.3,0.36,-0.11,-0.11,0.37,-0.35,-0.11,0,0,-7.00
1998-06-27T22:00:00,1.01,0.49,0.2,0.37,-0.21,0.11,0.1,-0.36,-0.14,0,0,-10.00
1998-06-27T23:00:00,0.99,0.54,0.32,0.45,-0.22,0.23,0.0,-0.42,-0.16,0,0,-14.00
1998-06-28T00:00:00,0.79,0.67,0.22,0.55,-0.46,0.34,0.05,-0.42,-0.15,0,0,-14.00
1998-06-28T01:00:00,0.86,0.5,0.14,0.55,-0.39,0.34,0.01,-0.46,-0.15,0,0,-13.00
1998-06-28T02:00:00,0.65,0.66,0.23,0.67,-0.53,0.22,-0.01,-0.42,-0.14,0,0,-14.00
1998-06-28T03:00:00,0.71,0.64,0.25,0.66,-0.49,0.18,-0.04,-0.42,-0.14,0,0,-14.00
1998-06-28T04:00:00,0.7,0.66,0.05,0.71,-0.42,0.38,-0.02,-0.42,-0.14,0,0,-15.00
1998-06-28T05:00:00,0.61,0.55,-0.06,0.72,-0.23,0.5,0.04,-0.42,-0.12,0,0,-15.00
1998-06-28T06:00:00,0.51,0.55,-0.09,0.75,-0.29,0.54,-0.04,-0.42,-0.12,0,0,-16.00
1998-06-28T07:00:00,0.64,0.45,-0.02,0.76,-0.19,0.43,-0.08,-0.44,-0.13,0,0,-16.00
1998-06-28T08:00:00,0.49,0.54,-0.15,0.79,-0.26,0.48,-0.06,-0.43,-0.12,0,0,-18.00
1998-06-28T09:00:00,0.57,0.65,0.01,0.78,-0.2,0.24,-0.08,-0.47,-0.15,0,0,-18.00
1998-06-28T10:00:00,0.41,0.58,0.03,0.76,-0.0,0.39,0.03,-0.41,-0.09,0,0,-17.00
1998-06-28T11:00:00,0.08,0.73,0.3,0.8,-0.06,0.1,0.16,-0.41,-0.1,0,0,-14.00
1998-06-28T12:00:00,0.71,0.4,-0.23,0.72,0.01,0.39,0.13,-0.48,-0.14,0,0,-11.00
1998-06-28T13:00:00,0.77,0.29,0.0,0.75,-0.07,0.17,0.08,-0.47,-0.13,0,0,-10.00
1998-06-28T14:00:00,0.44,0.62,0.04,0.82,-0.16,0.26,0.1,-0.46,-0.12,0,0,-10.00
1998-06-28T15:00:00,0.48,0.42,0.02,0.84,-0.05,0.4,0.24,-0.4,-0.03,0,0,-9.00
1998-06-28T16:00:00,0.31,0.47,0.13,0.88,-0.1,0.42,0.19,-0.38,0.0,0,0,-8.00
1998-06-28T17:00:00,0.17,0.41,0.08,0.9,-0.0,0.49,0.26,-0.36,0.16,0,0,-9.00
1998-06-28T18:00:00,0.3,0.46,0.03,0.92,-0.03,0.35,0.28,-0.36,0.05,0,0,-8.00
1998-06-28T19:00:00,0.21,0.55,0.23,0.92,-0.21,0.24,0.17,-0.36,-0.02,0,0,-7.00
1998-06-28T20:00:00,0.32,0.54,0.14,0.94,-0.27,0.29,0.15,-0.35,-0.02,0,0,-7.00
1998-06-28T21:00:00,0.37,0.49,0.01,0.95,-0.18,0.38,0.21,-0.34,0.01,0,0,-8.00
1998-06-28T22:00:00,0.27,0.55,0.09,0.98,-0.26,0.17,0.2,-0.33,0.01,0,0,-13.00
1998-06-28T23:00:00,-0.27,0.55,0.19,1.05,-0.39,0.06,0.21,-0.36,-0.02,0,0,-20.00
1998-06-29T00:00:00,0.26,0.67,0.08,0.98,-0.35,0.12,0.1,-0.38,-0.08,0,0,-23.00
1998-06-29T01:00:00,0.27,0.56,0.15,0.96,-0.15,0.13,0.24,-0.39,-0.04,0,0,-22.00
1998-06-29T02:00:00,0.1,0.55,0.25,1.01,-0.19,-0.02,0.27,-0.43,-0.04,0,0,-16.00
1998-06-29T03:00:00,-0.07,0.49,0.28,1.05,-0.16,-0.1,0.33,-0.42,-0.0,0,0,-11.00
1998-06-29T04:00:00,-0.58,0.09,0.34,1.06,-0.03,-0.14,0.16,-0.3,-0.0,0,0,-7.00
1998-06-29T05:00:00,-0.19,0.36,0.33,0.99,-0.36,-0.12,0.19,-0.42,0.01,0,0,-5.00
1998-06-29T06:00:00,0.25,0.36,-0.04,1.04,-0.29,-0.27,0.15,-0.46,0.01,0,0,-2.00
1998-06-29T07:00:00,-0.5,0.24,0.24,0.9,-0.11,0.05,0.24,-0.36,0.01,0,0,-3.00
1998-06-29T08:00:00,-0.39,-0.36,0.12,0.89,0.18,0.07,0.16,-0.43,-0.01,0,0,-5.00
1998-06-29T09:00:00,-0.49,-0.37,0.08,0.95,-0.03,-0.08,0.05,-0.41,-0.05,0,0,-5.00
1998-06-29T10:00:00,-0.64,-0.27,0.15,0.88,-0.21,0.04,-0.14,-0.38,-0.09,0,0,-5.00
1998-06-29T11:00:00,-0.6,0.05,0.33,0.91,-0.26,0.24,-0.15,-0.4,-0.1,0,0,-6.00
1998-06-29T12:00:00,0.05,-0.36,-0.1,0.72,-0.22,0.44,-0.05,-0.4,0.11,0,0,-4.00
1998-06-29T13:00:00,0.4,0.03,-0.23,0.7,-0.49,0.4,-0.06,-0.42,-0.03,0,0,-1.00
1998-06-29T14:00:00,0.47,0.3,0.12,0.75,-0.63,0.22,-0.16,-0.46,-0.09,0,0,-4.00
1998-06-29T15:00:00,-0.3,0.26,0.02,0.82,-0.75,0.64,0.44,-0.41,0.21,0,0,-6.00
1998-06-29T16:00:00,-0.47,0.1,0.32,0.93,-0.37,-0.12,-0.11,-0.44,-0.08,0,0,-6.00
1998-06-29T17:00:00,-0.45,0.37,0.05,0.87,0.05,0.31,0.05,-0.45,-0.07,0,0,-7.00
1998-06-29T18:00:00,-0.37,0.37,0.15,0.94,-0.51,-0.32,-0.09,-0.46,-0.07,0,0,-8.00
1998-06-29T19:00:00,-0.47,0.34,0.24,0.97,-0.43,-0.39,-0.08,-0.47,-0.11,0,0,-5.00
1998-06-29T20:00:00,-0.37,0.49,0.16,0.94,-0.53,-0.32,-0.07,-0.49,-0.12,0,0,-3.00
1998-06-29T21:00:00,-0.08,0.54,0.17,0.96,-0.12,0.13,-0.08,-0.5,-0.11,0,0,-3.00
1998-06-29T22:00:00,-0.31,0.42,0.11,0.99,-0.54,-0.29,0.1,-0.48,-0.06,0,0,-6.00
1998-06-29T23:00:00,-0.44,0.39,0.09,1.04,-0.44,-0.29,0.13,-0.47,-0.08,0,0,-8.00
1998-06-30T00:00:00,-0.22,0.26,0.05,1.0,-0.28,-0.42,0.1,-0.44,0.16,0,0,-8.00
1998-06-30T01:00:00,0.5,0.16,-0.32,0.86,-0.16,-0.19,0.05,-0.5,-0.13,0,0,-5.00
1998-06-30T02:00:00,0.5,0.34,0.0,0.88,-0.26,-0.42,0.1,-0.48,-0.09,0,0,-3.00
1998-06-30T03:00:00,-0.59,-0.03,0.04,1.08,-0.06,-0.38,0.88,-0.42,0.06,0,0,-4.00
1998-06-30T04:00:00,-0.66,0.15,0.01,1.09,-0.75,-0.79,0.94,-0.43,-0.01,0,0,-5.00
1998-06-30T05:00:00,-0.54,0.16,0.01,1.13,-0.37,-0.33,0.23,-0.43,-0.03,0,0,-4.00
1998-06-30T06:00:00,-0.68,0.23,0.08,1.12,-0.4,-0.19,0.4,-0.44,-0.07,0,0,-2.00
1998-06-30T07:00:00,-0.73,0.14,0.07,1.19,-0.47,-0.06,0.52,-0.44,-0.07,0,0,-1.00
1998-06-30T08:00:00,-0.96,-0.02,0.17,1.18,-0.16,-0.04,0.39,-0.48,-0.14,0,0,-4.00
1998-06-30T09:00:00,-0.82,-0.01,0.33,1.2,-0.3,0.04,0.28,-0.48,-0.13,0,0,-3.00
1998-06-30T10:00:00,-0.7,-0.03,0.54,1.22,-0.18,-0.24,0.13,-0.48,-0.14,0,0,-3.00
1998-06-30T11:00:00,-0.72,0.32,0.3,1.2,-0.35,0.02,0.1,-0.47,-0.14,0,0,0.00
1998-06-30T12:00:00,0.34,0.46,-0.19,0.94,0.04,0.29,0.43,-0.46,-0.07,0,0,-1.00
1998-06-30T13:00:00,0.15,0.33,-0.25,0.97,0.17,0.66,1.37,-0.47,0.11,0,0,4.00
1998-06-30T14:00:00,-0.09,0.67,-0.02,1.05,0.1,0.25,0.14,-0.46,-0.1,0,0,3.00
1998-06-30T15:00:00,-0.26,0.63,-0.09,1.08,0.09,0.29,0.14,-0.44,-0.1,0,0,-1.00
1998-06-30T16:00:00,-0.54,0.41,0.07,1.17,0.19,0.3,0.14,-0.42,-0.08,0,0,-1.00
1998-06-30T17:00:00,-0.69,0.44,0.22,1.21,-0.07,0.34,0.08,-0.46,-0.13,0,0,-1.00
1998-06-30T18:00:00,-0.68,0.4,0.17,1.25,-0.14,0.35,0.06,-0.44,-0.12,0,0,-2.00
1998-06-30T19:00:00,-0.67,-0.0,0.44,1.27,0.3,0.14,0.15,-0.39,-0.1,0,0,-2.00
1998-06-30T20:00:00,-0.75,0.1,0.35,1.33,0.32,0.27,0.19,-0.33,-0.08,0,0,-3.00
1998-06-30T21:00:00,-0.52,0.52,0.14,1.29,0.03,0.48,0.1,-0.39,-0.09,0,0,-3.00
1998-06-30T22:00:00,-0.49,0.36,0.27,1.34,0.13,0.24,-0.05,-0.42,-0.09,0,0,-2.00
1998-06-30T23:00:00,-0.65,0.19,0.24,1.4,0.15,0.08,-0.1,-0.43,-0.11,0,0,-6.00
1998-07-01T00:00:00,-0.57,0.31,0.33,1.39,0.07,0.1,-0.09,-0.47,-0.13,0,0,---
1998-07-01T01:00:00,-0.46,0.46,0.2,1.41,-0.05,0.16,-0.21,-0.5,-0.14,0,0,-11.00
1998-07-01T02:00:00,-0.55,0.52,0.2,1.44,-0.32,0.19,-0.25,-0.51,-0.16,0,0,-10.00
1998-07-01T03:00:00,-0.44,0.7,0.18,1.41,-0.46,0.27,-0.25,-0.54,-0.17,0,0,-6.00
1998-07-01T04:00:00,-0.49,0.77,0.25,1.4,-0.41,0.25,-0.16,-0.54,-0.17,0,0,-2.00
1998-07-01T05:00:00,-0.47,0.75,0.13,1.35,-0.14,0.48,0.38,-0.51,-0.15,0,0,0.00
1998-07-01T06:00:00,-0.5,0.63,-0.06,1.42,-0.19,0.63,0.46,-0.52,-0.14,0,0,4.00
1998-07-01T07:00:00,-0.43,0.5,-0.08,1.51,-0.29,0.74,0.73,-0.53,-0.11,0,0,6.00
1998-07-01T08:00:00,-0.39,0.43,-0.07,1.51,-0.33,0.71,1.01,-0.55,-0.09,0,0,4.00
1998-07-01T09:00:00,-0.23,0.36,-0.15,1.51,-0.34,0.71,1.31,-0.55,-0.02,0,0,5.00
1998-07-01T10:00:00,-0.02,0.2,-0.09,1.49,-0.19,0.86,1.94,-0.56,0.39,0,0,7.00
1998-07-01T11:00:00,-0.07,0.41,-0.02,1.52,-0.3,1.04,2.21,-0.57,0.06,0,0,10.00
1998-07-01T12:00:00,-0.21,0.38,-0.02,1.52,-0.53,1.23,2.75,-0.58,0.02,0,0,10.00
1998-07-01T13:00:00,-0.13,0.29,0.16,1.55,-0.54,1.24,2.91,-0.58,0.23,0,0,10.00
1998-07-01T14:00:00,-0.06,0.38,0.11,1.53,-0.5,1.39,3.85,-0.57,0.25,0,0,9.00
1998-07-01T15:00:00,0.67,0.74,0.31,1.5,-0.57,1.41,3.02,-0.51,-0.09,0,0,12.00
1998-07-01T16:00:00,0.64,-0.63,0.31,1.54,-1.09,1.64,3.46,-0.53,-0.07,0,0,13.00
1998-07-01T17:00:00,0.44,-1.0,0.17,1.55,-1.18,1.69,3.0,-0.54,-0.12,0,0,15.00
1998-07-01T18:00:00,1.22,-1.87,-1.49,1.94,-0.55,0.84,4.21,-0.4,-0.16,0,0,13.00
1998-07-01T19:00:00,1.77,-2.23,-1.94,2.34,0.94,-0.2,4.97,-0.18,-0.15,0,0,7.00
1998-07-01T20:00:00,2.3,-2.27,-1.41,2.56,1.25,0.24,4.7,-0.07,-0.14,0,0,0.00
1998-07-01T21:00:00,2.47,-2.26,1.34,2.62,0.81,1.16,6.23,0.16,-0.1,0,0,-7.00
1998-07-01T22:00:00,2.13,-2.14,1.77,2.45,-0.06,1.95,6.01,0.51,-0.06,0,0,-4.00
1998-07-01T23:00:00,1.16,-1.26,-1.5,2.43,-1.01,0.27,5.61,0.73,0.11,0,0,3.00
1998-07-02T00:00:00,1.0,-1.17,-2.96,2.24,0.81,-1.43,3.07,1.23,-0.09,0,0,6.00
1998-07-02T01:00:00,2.76,-1.8,0.02,2.54,-2.36,0.65,-0.35,0.45,-0.18,0,0,-6.00
1998-07-02T04:00:00,-0.29,0.49,1.07,4.83,-2.62,-7.9,13.04,-0.6,-0.13,0,0,-16.00
1998-07-02T16:00:00,-7.89,-0.57,1.38,4.14,5.67,0.23,-0.94,0.5,-0.19,0,0,-11.00
1998-07-02T22:00:00,-0.64,-2.27,2.04,2.63,1.4,-6.59,-0.95,33.22,-0.15,0,0,-4.00
1998-07-02T23:00:00,0.58,-1.23,2.75,1.84,4.5,9.91,-0.92,51.03,-0.11,0,0,-2.00
1998-07-03T00:00:00,1.52,0.24,2.35,3.26,1.78,2.84,-0.92,31.54,-0.13,0,0,2.00
1998-07-03T01:00:00,-0.77,-0.62,-0.0,1.62,1.0,-1.14,-0.36,0.41,-0.04,0,0,-5.00
1998-07-03T03:00:00,-0.45,-0.4,1.71,3.12,0.54,-1.43,-0.86,0.63,-0.18,0,0,-21.00
1998-07-03T04:00:00,-1.8,-1.47,1.42,1.73,0.66,-2.91,-0.52,1.9,-0.16,0,0,-12.00
1998-07-03T05:00:00,-0.9,0.29,4.11,0.28,9.84,-4.88,-0.57,2.71,-0.18,0,0,-7.00
1998-07-03T06:00:00,0.33,1.29,2.9,1.77,3.71,-6.79,-0.88,0.8,-0.19,0,0,-7.00
1998-07-03T07:00:00,0.48,1.47,2.6,1.65,4.06,-6.31,-0.91,1.23,-0.19,0,0,-8.00
1998-07-03T08:00:00,-1.15,-3.24,-1.32,2.49,-0.88,2.7,-0.88,0.49,-0.19,0,0,-10.00
1998-07-03T09:00:00,-0.78,-2.12,1.52,2.02,1.63,-1.08,-0.83,0.81,-0.19,0,0,-10.00
1998-07-03T10:00:00,-0.11,-0.5,3.29,1.95,4.4,-3.65,-0.74,0.96,-0.19,0,0,-11.00
1998-07-03T11:00:00,0.48,-1.24,1.32,1.46,-2.04,0.23,0.25,0.35,-0.12,0,0,-9.00
1998-07-03T12:00:00,0.6,-1.87,0.02,0.9,-0.5,0.54,-0.67,0.02,-0.18,0,0,-6.00
1998-07-03T13:00:00,1.17,0.55,0.77,0.61,0.76,0.34,-0.17,-0.24,-0.16,0,0,-5.00
1998-07-03T14:00:00,1.11,0.71,0.61,0.53,0.91,0.1,-0.18,-0.12,-0.15,0,0,-3.00
1998-07-03T15:00:00,0.93,0.91,0.69,0.5,0.79,0.21,-0.39,-0.25,-0.17,0,0,-4.00
1998-07-03T16:00:00,0.82,0.87,0.76,0.47,0.99,0.47,-0.39,-0.15,-0.16,0,0,-5.00
1998-07-03T17:00:00,1.01,0.67,0.43,0.62,0.91,-0.06,-0.43,-0.13,-0.15,0,0,-4.00
1998-07-03T18:00:00,1.1,0.71,0.33,0.75,0.96,-0.15,-0.5,-0.21,-0.17,0,0,-3.00
1998-07-03T19:00:00,0.54,-0.13,-0.19,0.54,0.32,-0.7,-0.57,-0.21,-0.08,0,0,-1.00
1998-07-03T20:00:00,0.17,-0.6,-0.72,0.42,-0.02,-1.02,-0.58,-0.01,-0.15,0,0,-1.00
1998-07-03T21:00:00,0.9,0.16,-0.24,0.74,0.86,-0.48,-0.64,0.14,-0.13,0,0,-7.00
1998-07-03T22:00:00,0.45,-0.0,-0.59,0.53,0.31,-0.77,-0.61,0.26,-0.1,0,0,-20.00
1998-07-03T23:00:00,0.57,-0.02,-0.59,0.64,0.43,-0.77,-0.61,0.37,-0.1,0,0,-22.00
1998-07-04T00:00:00,0.59,0.43,-0.45,0.56,1.06,-0.15,-0.59,0.65,-0.07,0,0,-24.00
1998-07-04T01:00:00,0.46,0.02,-0.43,0.58,0.53,-0.07,-0.55,0.73,0.05,0,0,-17.00
1998-07-04T02:00:00,0.45,0.1,-0.5,0.5,0.64,-0.24,-0.51,0.71,0.03,0,0,-16.00
1998-07-04T03:00:00,0.53,0.01,-0.53,0.58,0.59,-0.55,-0.46,0.51,-0.02,0,0,-16.00
1998-07-04T04:00:00,0.48,0.01,-0.6,0.61,0.67,-0.55,-0.42,0.24,-0.07,0,0,-18.00
1998-07-04T05:00:00,0.47,-0.18,-0.58,0.66,0.65,-0.7,-0.45,0.21,-0.07,0,0,-20.00
1998-07-04T06:00:00,0.43,-0.12,-0.64,0.61,0.78,-1.05,-0.46,0.15,-0.09,0,0,-21.00
1998-07-04T07:00:00,0.61,-0.33,-0.59,0.58,0.81,-0.16,-0.53,0.22,-0.11,0,0,-20.00
1998-07-04T08:00:00,0.58,-0.86,0.04,0.71,0.17,0.42,-0.49,0.16,-0.11,0,0,-25.00
1998-07-04T09:00:00,0.5,-0.83,0.24,0.67,0.35,0.44,-0.57,0.11,-0.12,0,0,-28.00
1998-07-04T10:00:00,0.18,-0.6,0.51,0.65,0.03,0.92,-0.65,-0.05,-0.12,0,0,-26.00
1998-07-04T11:00:00,0.34,-0.56,-0.01,0.67,-0.3,0.58,-0.51,0.05,-0.02,0,0,-22.00
1998-07-04T12:00:00,0.14,-0.49,-0.22,0.66,-0.48,0.24,-0.51,-0.11,-0.04,0,0,-20.00
1998-07-04T13:00:00,-0.1,-0.31,-0.3,0.61,-0.08,0.01,-0.32,-0.35,-0.05,0,0,-22.00
1998-07-04T14:00:00,-0.33,0.1,-0.5,0.61,0.36,-0.03,-0.19,-0.51,-0.15,0,0,-21.00
1998-07-04T15:00:00,-0.34,0.02,-0.54,0.6,0.18,-0.01,-0.11,-0.52,-0.16,0,0,-21.00
1998-07-04T16:00:00,-0.25,-0.71,-0.47,0.58,-0.69,-0.37,-0.2,-0.47,-0.16,0,0,-18.00
1998-07-04T17:00:00,-0.22,-0.37,-0.69,0.61,-0.23,-0.41,-0.23,-0.42,-0.16,0,0,-20.00
1998-07-04T18:00:00,-0.08,-0.56,-0.63,0.64,-0.38,-0.33,-0.19,-0.42,-0.15,1,0,-19.00
1998-07-04T19:00:00,0.16,-0.98,-0.21,0.71,-0.76,-0.32,-0.14,-0.42,-0.15,1,0,-22.00
1998-07-04T20:00:00,-0.27,-0.79,-0.41,0.64,-0.62,-0.35,-0.1,-0.34,-0.13,1,0,-24.00
1998-07-04T21:00:00,0.44,-0.81,0.2,0.67,-0.87,-0.14,-0.04,-0.3,-0.11,1,0,-25.00
1998-07-04T22:00:00,0.9,-0.75,0.67,0.55,-0.42,-0.1,-0.32,-0.24,-0.16,1,0,-30.00
1998-07-04T23:00:00,0.83,-0.93,-0.32,0.56,-0.48,-0.4,-0.11,-0.1,-0.13,1,0,-30.00
1998-07-05T00:00:00,0.64,-0.45,-0.94,0.56,-0.81,-0.63,-0.06,-0.29,-0.16,1,0,-25.00
1998-07-05T01:00:00,0.47,-0.56,-0.59,0.57,-1.17,-0.83,0.9,-0.45,-0.12,1,0,-25.00
1998-07-05T02:00:00,0.29,-0.57,0.25,0.47,-1.13,-0.69,0.95,-0.08,0.35,1,0,-29.00
1998-07-05T03:00:00,0.59,-0.71,0.05,0.17,-0.15,-1.01,0.32,0.64,0.24,1,0,-31.00
1998-07-05T04:00:00,1.38,0.76,-0.11,-0.03,0.01,0.13,1.21,1.49,0.21,1,0,-24.00
1998-07-05T05:00:00,1.26,0.39,0.23,0.17,-0.16,0.85,1.0,1.16,0.25,1,0,-8.00
1998-07-05T06:00:00,1.21,-1.36,0.75,0.23,-0.22,1.41,0.73,0.12,-0.12,1,0,-14.00
1998-07-05T07:00:00,0.76,-1.86,0.98,0.16,-0.57,1.4,0.65,0.05,-0.14,1,0,-11.00
1998-07-05T08:00:00,0.6,-0.69,0.92,0.07,-0.56,1.36,1.1,0.73,0.14,1,0,-6.00
1998-07-05T09:00:00,0.52,-1.28,0.36,-0.01,-1.11,0.97,0.92,0.87,0.12,1,0,1.00
1998-07-05T10:00:00,0.71,-1.1,0.64,-0.11,-0.41,0.98,0.63,0.81,0.04,1,0,4.00
1998-07-05T11:00:00,0.59,-1.12,0.61,-0.2,-0.36,0.27,0.5,0.77,0.04,1,0,1.00
1998-07-05T12:00:00,1.3,-0.2,0.93,0.06,-0.37,0.59,0.28,1.08,-0.02,1,0,0.00
1998-07-05T13:00:00,0.98,-0.75,0.39,-0.05,-0.32,0.24,0.24,0.8,0.05,1,0,-6.00
1998-07-05T14:00:00,1.42,-0.32,0.36,0.09,0.06,0.28,0.05,0.45,-0.08,1,0,-6.00
1998-07-05T15:00:00,1.24,-0.2,0.6,0.1,0.37,0.46,-0.02,0.54,-0.06,1,0,-9.00
1998-07-05T16:00:00,0.86,-0.18,0.74,-0.12,0.49,0.28,-0.11,0.91,0.03,1,0,-8.00
1998-07-05T17:00:00,0.41,-0.4,-0.33,-0.28,0.61,-1.55,-0.14,0.76,0.29,1,0,-7.00
1998-07-05T18:00:00,0.9,-0.91,-0.91,-0.2,0.32,-2.07,-0.28,0.58,-0.13,1,0,-4.00
1998-07-05T19:00:00,0.98,-1.15,-0.41,-0.04,-0.14,-2.04,-0.18,0.6,-0.11,1,0,-12.00
1998-07-05T20:00:00,1.22,-0.93,-0.01,-0.05,0.32,-1.38,-0.28,0.52,-0.11,1,0,-24.00
1998-07-05T21:00:00,1.04,-0.86,0.31,-0.33,0.8,-0.13,-0.28,1.39,-0.02,1,0,-23.00
1998-07-05T22:00:00,0.99,-0.5,0.5,-0.33,2.08,0.46,-0.29,1.85,0.07,1,0,-22.00
1998-07-05T23:00:00,0.71,-0.1,-0.11,-0.37,2.64,0.4,-0.26,1.33,0.4,1,0,-21.00
1998-07-06T00:00:00,0.83,-0.26,-0.1,-0.41,1.76,-0.61,-0.32,1.18,0.16,1,0,-19.00
1998-07-06T01:00:00,1.02,-0.37,-0.29,-0.46,1.53,-1.71,-0.28,0.8,-0.02,1,0,-24.00
1998-07-06T02:00:00,1.13,-0.09,-0.61,-0.59,1.9,-2.18,-0.16,0.51,-0.08,1,0,-24.00
1998-07-06T03:00:00,0.25,0.76,-0.22,-0.91,2.13,-1.37,-0.14,0.87,0.15,1,0,-24.00
1998-07-06T04:00:00,0.24,0.25,-0.09,-1.13,1.15,-1.36,-0.18,1.16,1.74,1,0,-30.00
1998-07-06T05:00:00,-0.13,1.18,-0.06,-1.5,2.07,-2.37,-0.22,1.19,0.01,1,0,-29.00
1998-07-06T06:00:00,-0.58,0.7,-0.02,-1.4,0.99,-1.65,0.61,0.48,0.25,1,0,-25.00
1998-07-06T07:00:00,0.01,0.4,-0.09,-1.31,0.68,-1.24,1.24,0.16,1.57,1,0,-15.00
1998-07-06T08:00:00,0.51,0.26,0.13,-1.47,0.43,-1.21,1.14,-0.22,0.4,1,0,-6.00
1998-07-06T09:00:00,1.06,0.0,-0.13,-1.51,0.41,-1.18,0.74,-0.45,-0.13,0,0,-1.00
1998-07-06T10:00:00,1.17,-0.21,-0.17,-1.44,0.2,-1.09,0.83,-0.5,-0.15,0,0,-3.00
1998-07-06T11:00:00,1.02,-0.01,-0.13,-1.4,-0.25,-0.82,0.62,-0.52,-0.15,0,0,-5.00
1998-07-06T12:00:00,0.71,-0.11,-0.06,-1.28,-0.09,-0.7,0.12,-0.51,-0.13,0,0,-5.00
1998-07-06T13:00:00,0.56,-0.05,-0.22,-1.16,-0.23,-0.48,0.31,-0.5,-0.1,0,0,-11.00
1998-07-06T14:00:00,0.58,0.1,-0.27,-1.06,-0.36,-0.45,0.1,-0.5,-0.13,0,0,-13.00
1998-07-06T15:00:00,0.54,0.3,-0.2,-0.99,-0.34,-0.55,0.13,-0.5,-0.12,0,0,-16.00
1998-07-06T16:00:00,0.57,0.22,0.06,-0.88,-0.22,-0.62,-0.1,-0.51,-0.12,0,0,-20.00
1998-07-06T17:00:00,0.64,0.1,0.21,-0.8,0.08,-0.88,-0.23,-0.51,-0.14,0,0,-23.00
1998-07-06T18:00:00,0.69,-0.01,0.39,-0.77,0.1,-1.06,-0.18,-0.53,-0.16,0,0,-23.00
1998-07-06T19:00:00,0.59,-0.06,0.47,-0.71,-0.18,-1.14,0.05,-0.55,-0.15,0,0,-23.00
1998-07-06T20:00:00,0.45,-0.16,0.28,-0.78,-0.31,-0.8,-0.26,-0.53,-0.12,0,0,-20.00
1998-07-06T21:00:00,0.54,-0.23,0.32,-0.67,-0.17,-0.56,-0.49,-0.49,-0.15,0,0,-19.00
1998-07-06T22:00:00,0.47,-0.58,0.28,-0.65,-0.29,-0.56,-0.59,-0.5,-0.17,0,1,-25.00
1998-07-06T23:00:00,0.23,-0.78,0.21,-0.67,-0.85,-0.57,-0.75,-0.48,-0.18,0,1,-23.00
1998-07-07T00:00:00,0.08,-0.84,0.17,-0.59,-1.39,-0.46,-0.76,-0.5,-0.18,0,1,-21.00
1998-07-07T01:00:00,0.11,-0.85,0.19,-0.46,-1.23,-0.17,-0.7,-0.52,-0.18,0,1,-21.00
1998-07-07T02:00:00,-0.11,-0.89,0.04,-0.34,-0.71,0.1,-0.59,-0.56,-0.18,0,1,-22.00
1998-07-07T03:00:00,-0.05,-0.92,0.08,-0.26,-0.75,-0.11,-0.53,-0.58,-0.18,0,1,-19.00
1998-07-07T04:00:00,0.1,-0.91,0.26,-0.18,-0.74,0.19,-0.62,-0.58,-0.19,0,1,-19.00
1998-07-07T05:00:00,0.17,-0.83,0.38,-0.07,-0.72,0.59,-0.54,-0.58,-0.18,0,1,-20.00
1998-07-07T06:00:00,0.11,-0.9,0.29,-0.06,-0.55,0.3,-0.53,-0.58,-0.18,0,1,-17.00
1998-07-07T07:00:00,-0.11,-0.84,0.12,-0.01,-0.4,0.09,-0.57,-0.58,-0.18,0,1,-13.00
1998-07-07T08:00:00,-0.52,-0.75,-0.02,0.08,-0.07,0.37,-0.56,-0.59,-0.19,0,1,-15.00
1998-07-07T09:00:00,-0.47,-0.74,0.0,0.11,-0.06,0.21,-0.57,-0.58,-0.19,0,1,-16.00
1998-07-07T10:00:00,-0.44,-0.78,0.03,0.12,-0.3,-0.1,-0.72,-0.58,-0.19,0,1,-15.00
1998-07-07T11:00:00,-0.49,-0.76,-0.05,0.13,-0.28,-0.32,-0.73,-0.59,-0.19,0,1,-16.00
1998-07-07T12:00:00,-0.45,-0.84,0.12,0.22,-0.04,0.12,-0.83,-0.59,-0.19,0,1,-16.00
1998-07-07T13:00:00,-0.46,-0.84,0.15,0.33,-0.23,0.46,-0.81,-0.58,-0.19,0,1,-18.00
1998-07-07T14:00:00,0.26,-0.23,0.49,0.36,-0.06,0.22,-0.57,-0.43,-0.14,0,1,-20.00
1998-07-07T15:00:00,0.45,-0.09,0.62,0.35,-0.29,0.14,-0.42,-0.56,-0.17,0,0,-18.00
1998-07-07T16:00:00,0.4,-0.28,0.61,0.4,-0.38,0.01,-0.56,-0.55,-0.18,0,1,-15.00
1998-07-07T17:00:00,0.39,-0.34,0.57,0.42,-0.34,-0.09,-0.57,-0.56,-0.18,0,1,-11.00
1998-07-07T18:00:00,0.17,-0.43,0.55,0.47,-0.32,-0.13,-0.45,-0.57,-0.17,0,1,-9.00
1998-07-07T19:00:00,0.08,-0.45,0.58,0.49,-0.35,-0.22,-0.54,-0.58,-0.18,0,1,-6.00
1998-07-07T20:00:00,0.23,-0.33,0.61,0.54,-0.33,-0.17,-0.55,-0.57,-0.18,0,1,-9.00
1998-07-07T21:00:00,0.2,-0.34,0.6,0.58,-0.4,-0.05,-0.56,-0.58,-0.18,0,1,-12.00
1998-07-07T22:00:00,0.25,-0.22,0.57,0.61,-0.38,-0.14,-0.51,-0.58,-0.18,0,1,-17.00
1998-07-07T23:00:00,0.28,-0.39,0.4,0.61,-0.27,-0.39,-0.46,-0.58,-0.17,0,1,-19.00
1998-07-08T00:00:00,0.26,-0.32,0.4,0.63,-0.13,-0.28,-0.38,-0.58,-0.16,0,1,-17.00
1998-07-08T01:00:00,0.28,-0.29,0.39,0.68,-0.12,-0.08,-0.33,-0.59,-0.17,0,1,-13.00
1998-07-08T02:00:00,0.39,-0.34,0.19,0.67,0.01,-0.03,-0.5,-0.55,-0.15,0,1,-7.00
1998-07-08T03:00:00,0.31,-0.57,-0.12,0.73,-0.02,0.1,-0.51,-0.52,-0.16,0,1,-6.00
1998-07-08T04:00:00,0.36,-0.55,-0.08,0.72,-0.06,0.05,-0.34,-0.54,-0.16,0,1,-7.00
1998-07-08T05:00:00,0.38,-0.13,0.53,0.71,-0.15,-0.15,-0.2,-0.57,-0.16,0,1,-7.00
1998-07-08T06:00:00,0.46,-0.32,0.5,0.74,-0.23,-0.27,-0.38,-0.58,-0.18,0,1,-5.00
1998-07-08T07:00:00,0.42,-0.28,0.5,0.78,-0.22,-0.39,-0.26,-0.58,-0.17,0,1,-8.00
1998-07-08T08:00:00,0.54,-0.26,0.58,0.73,-0.28,-0.02,-0.18,-0.58,-0.18,0,1,-7.00
1998-07-08T09:00:00,0.6,-0.27,0.51,0.78,-0.35,-0.02,-0.29,-0.56,-0.17,0,1,-4.00
1998-07-08T10:00:00,0.65,-0.14,0.51,0.8,-0.22,-0.06,-0.28,-0.55,-0.17,0,1,-3.00
1998-07-08T11:00:00,0.69,-0.13,0.52,0.82,-0.18,0.02,-0.31,-0.55,-0.17,0,1,-1.00
1998-07-08T12:00:00,0.71,-0.12,0.52,0.84,-0.12,0.22,-0.38,-0.54,-0.17,0,1,-3.00
1998-07-08T13:00:00,0.74,-0.15,0.49,0.88,-0.21,0.12,-0.4,-0.53,-0.17,0,1,-6.00
1998-07-08T14:00:00,0.7,-0.11,0.48,0.89,-0.19,-0.12,-0.28,-0.55,-0.17,0,1,-6.00
1998-07-08T15:00:00,0.69,-0.23,0.35,0.83,-0.0,-0.34,-0.18,-0.56,-0.17,0,1,-4.00
1998-07-08T16:00:00,0.71,-0.31,0.21,0.86,0.08,-0.43,-0.2,-0.55,-0.17,0,1,-3.00
1998-07-08T17:00:00,0.67,-0.35,0.12,0.86,0.05,-0.27,-0.14,-0.53,-0.16,0,1,-1.00
1998-07-08T18:00:00,0.53,-0.27,0.12,0.91,-0.09,-0.18,0.15,-0.54,-0.12,0,1,0.00
1998-07-08T19:00:00,0.52,-0.28,0.18,0.93,-0.2,-0.11,0.1,-0.54,-0.12,0,1,3.00
1998-07-08T20:00:00,0.6,-0.25,0.23,0.96,-0.36,-0.14,0.02,-0.55,-0.15,0,1,4.00
1998-07-08T21:00:00,0.56,-0.21,0.16,0.97,-0.46,-0.16,0.17,-0.55,-0.12,0,1,1.00
1998-07-08T22:00:00,0.56,-0.22,0.22,1.02,-0.51,-0.24,0.09,-0.56,-0.14,0,1,-3.00
1998-07-08T23:00:00,0.58,-0.36,0.26,1.08,-0.55,-0.15,-0.16,-0.54,-0.16,0,1,-7.00
1998-07-09T00:00:00,0.3,-0.58,0.22,1.21,-0.35,-0.1,-0.08,-0.51,-0.13,0,1,-10.00
1998-07-09T01:00:00,0.33,-0.59,0.13,1.22,-0.55,-0.1,-0.06,-0.51,-0.13,0,1,-7.00
1998-07-09T02:00:00,0.37,-0.62,0.14,1.27,-0.58,-0.06,-0.18,-0.52,-0.15,0,1,-3.00
1998-07-09T03:00:00,0.38,-0.68,0.08,1.35,-0.62,0.04,-0.27,-0.51,-0.16,0,1,-1.00
1998-07-09T04:00:00,0.36,-0.71,0.04,1.34,-0.59,0.11,-0.27,-0.49,-0.15,0,1,-2.00
1998-07-09T05:00:00,0.27,-0.68,-0.03,1.28,-0.48,0.03,-0.08,-0.5,-0.14,0,1,0.00
1998-07-09T06:00:00,0.21,-0.43,0.03,1.17,-0.04,0.15,0.58,-0.46,0.1,0,0,1.00
1998-07-09T07:00:00,-0.08,-0.32,-0.04,1.18,-0.24,0.2,1.01,-0.44,0.55,0,0,1.00
1998-07-09T08:00:00,0.46,-0.93,0.24,1.2,-0.64,0.25,0.24,-0.53,-0.16,0,0,5.00
1998-07-09T09:00:00,0.7,-0.83,-0.28,1.25,-0.54,-0.11,0.24,-0.55,-0.17,0,0,2.00
1998-07-09T10:00:00,0.64,-0.46,-0.55,1.23,-0.38,-0.34,0.71,-0.51,-0.15,0,0,3.00
1998-07-09T11:00:00,0.52,-0.2,-0.72,1.24,-0.24,-0.37,0.9,-0.5,-0.14,0,0,4.00
1998-07-09T12:00:00,0.25,-0.23,-0.8,1.19,-0.38,-0.22,1.07,-0.48,-0.13,0,0,4.00
1998-07-09T13:00:00,-0.1,-0.51,-0.84,1.2,-0.31,-0.19,1.49,-0.47,-0.13,0,0,0.00
1998-07-09T14:00:00,0.04,-0.23,-1.29,1.19,-0.38,0.07,1.08,-0.5,-0.17,0,0,-3.00
1998-07-09T15:00:00,0.2,0.55,-0.83,1.22,-0.27,-0.07,2.33,-0.47,-0.11,0,0,-8.00
1998-07-09T16:00:00,0.04,0.34,-0.77,1.3,-0.07,0.23,2.69,-0.46,-0.06,0,0,-8.00
1998-07-09T17:00:00,-0.08,0.6,-0.91,1.3,-0.23,0.17,2.76,-0.55,-0.15,0,0,-10.00
1998-07-09T18:00:00,-0.02,0.62,-0.96,1.28,-0.49,0.38,2.29,-0.54,-0.15,0,0,-5.00
1998-07-09T19:00:00,-0.22,0.59,-0.91,1.33,-0.63,0.28,2.5,-0.55,-0.15,0,0,-10.00
1998-07-09T20:00:00,-0.09,0.67,-0.35,1.33,-0.43,0.35,3.74,-0.5,-0.01,0,0,-9.00
1998-07-09T21:00:00,-0.1,0.6,-0.95,1.33,-0.69,0.42,2.36,-0.51,-0.14,0,0,-14.00
1998-07-09T22:00:00,-0.18,0.65,0.01,1.31,-0.74,0.3,2.64,-0.46,0.09,0,0,-23.00
1998-07-09T23:00:00,-0.12,0.72,-0.37,1.29,-0.8,0.39,2.74,-0.45,-0.01,0,0,-29.00
1998-07-10T00:00:00,-0.25,0.76,0.91,1.3,-0.59,0.65,2.75,-0.4,-0.08,0,0,-28.00
