1998-09-11T01:00:00,0.68,-0.15,0.32,1.3,0.02,-0.19,0.91,-0.53,-0.11,0,0,-7.00
1998-09-11T02:00:00,0.57,0.18,0.47,1.27,0.03,-0.08,0.95,-0.5,-0.09,1,0,-6.00
1998-09-11T03:00:00,0.45,0.32,0.46,1.24,0.07,-0.15,1.13,-0.5,-0.07,1,0,-5.00
1998-09-11T04:00:00,0.34,0.57,0.44,1.26,0.03,-0.17,1.01,-0.52,-0.11,1,0,-1.00
1998-09-11T05:00:00,0.11,0.69,0.38,1.22,0.01,-0.15,1.33,-0.51,-0.09,1,0,4.00
1998-09-11T06:00:00,0.22,0.64,0.39,1.19,-0.02,-0.16,1.57,-0.48,-0.05,1,0,7.00
1998-09-11T07:00:00,0.11,0.24,0.32,1.17,-0.18,-0.1,2.6,-0.46,0.68,1,0,10.00
1998-09-11T08:00:00,0.4,0.04,0.31,1.16,-0.18,0.07,2.67,-0.46,0.4,1,0,12.00
1998-09-11T09:00:00,0.54,0.08,0.31,1.15,-0.25,0.21,2.5,-0.46,0.18,1,0,15.00
1998-09-11T10:00:00,0.55,0.15,0.25,1.17,-0.21,0.28,2.57,-0.45,0.21,1,0,18.00
1998-09-11T11:00:00,0.5,0.1,0.23,1.18,-0.14,0.21,2.7,-0.42,0.4,1,0,19.00
1998-09-11T12:00:00,0.49,0.19,0.37,1.15,-0.16,0.17,2.42,-0.35,0.34,1,0,18.00
1998-09-11T13:00:00,0.07,0.97,0.34,1.22,-0.67,0.35,1.21,-0.4,-0.09,1,0,19.00
1998-09-11T14:00:00,-0.77,1.18,-0.14,1.3,-0.79,0.62,0.55,-0.41,-0.15,1,0,19.00
1998-09-11T15:00:00,-1.01,0.86,-0.43,1.28,-0.73,0.73,0.67,-0.41,-0.15,1,0,15.00
1998-09-11T16:00:00,-1.09,0.66,-0.23,1.27,-0.56,0.7,0.66,-0.35,-0.13,1,0,12.00
1998-09-11T17:00:00,-0.26,-0.12,0.22,1.2,-0.66,0.47,0.69,-0.41,0.55,1,0,10.00
1998-09-11T18:00:00,0.86,-1.07,0.48,1.26,-0.44,0.18,0.89,-0.46,-0.16,1,0,7.00
1998-09-11T19:00:00,0.91,-1.27,0.43,1.14,-0.57,0.28,0.98,-0.41,-0.15,1,0,4.00
1998-09-11T20:00:00,0.39,-0.99,-0.14,0.99,-0.6,0.14,1.42,-0.31,-0.05,1,0,2.00
1998-09-11T21:00:00,-0.86,-0.14,-0.54,1.09,-0.68,0.24,1.02,-0.13,-0.02,1,0,2.00
1998-09-11T22:00:00,-0.66,0.29,-0.26,1.04,-0.57,-0.29,1.59,0.12,0.42,1,0,2.00
1998-09-11T23:00:00,-0.61,0.49,-0.09,1.12,-0.69,0.16,1.21,-0.1,0.19,1,0,-6.00
1998-09-12T00:00:00,-0.5,0.4,0.05,1.03,-0.91,-0.41,0.84,0.04,0.42,1,0,-11.00
1998-09-12T01:00:00,-0.06,0.41,0.36,0.88,-0.54,-0.73,0.54,0.04,0.54,1,0,-14.00
1998-09-12T02:00:00,-0.68,0.95,0.1,0.82,-0.29,-0.93,0.33,-0.08,-0.08,1,0,-14.00
1998-09-12T03:00:00,-0.1,0.97,-0.07,0.71,-0.48,-0.82,0.27,0.04,-0.01,1,0,-12.00
1998-09-12T04:00:00,0.22,0.98,0.21,0.62,-0.52,-1.37,0.18,0.04,-0.03,1,0,-10.00
1998-09-12T05:00:00,-0.84,0.23,-0.53,0.52,-0.04,-0.68,0.04,0.32,-0.02,1,0,-10.00
1998-09-12T06:00:00,-1.04,0.63,-0.2,0.52,-0.31,-1.09,-0.02,0.14,-0.09,1,0,-10.00
1998-09-12T07:00:00,-1.13,-0.13,-0.64,0.61,0.47,-0.68,-0.07,0.09,-0.12,1,0,-10.00
1998-09-12T08:00:00,-1.22,0.0,-0.65,0.65,0.57,-0.65,0.0,0.1,-0.12,1,0,-14.00
1998-09-12T09:00:00,-1.17,0.44,-0.61,0.62,-0.16,-1.08,-0.08,0.06,-0.13,1,0,-15.00
1998-09-12T10:00:00,-1.15,0.31,-0.82,0.59,-0.15,-0.61,-0.27,0.08,-0.15,1,0,-20.00
1998-09-12T11:00:00,-1.14,0.42,-0.81,0.61,-0.2,-0.94,-0.19,0.2,-0.14,1,0,-23.00
1998-09-12T12:00:00,-1.13,-0.39,-0.73,0.75,1.14,-1.2,-0.02,0.27,-0.11,1,0,-23.00
1998-09-12T13:00:00,-0.63,-0.97,-0.79,0.57,1.24,-1.49,0.05,0.56,-0.08,1,0,-24.00
1998-09-12T14:00:00,-0.87,0.07,-0.63,0.58,0.65,-1.8,0.01,1.01,0.05,1,0,-26.00
1998-09-12T15:00:00,-0.72,0.83,-0.65,0.59,0.56,-1.27,-0.02,1.16,-0.0,1,0,-29.00
1998-09-12T16:00:00,-0.8,0.68,-0.52,0.56,1.21,-1.38,-0.04,0.92,0.01,1,0,-31.00
1998-09-12T17:00:00,-0.84,0.93,-0.05,0.59,0.96,-1.87,0.02,0.98,0.03,1,0,-29.00
1998-09-12T18:00:00,-0.41,0.89,0.27,0.16,0.79,-2.24,-0.23,0.61,0.0,1,0,-30.00
1998-09-12T19:00:00,-0.89,0.21,0.05,0.31,1.64,-1.36,-0.44,0.1,-0.08,1,0,-32.00
1998-09-12T20:00:00,-0.87,0.22,0.23,0.28,1.68,-1.87,-0.4,0.19,-0.07,1,0,-33.00
1998-09-12T21:00:00,-0.44,0.72,-0.17,0.2,1.41,-0.71,-0.4,0.35,-0.04,1,0,-32.00
1998-09-12T22:00:00,-0.21,0.82,0.03,0.11,0.9,-1.02,-0.39,0.28,-0.03,1,0,-28.00
1998-09-12T23:00:00,-0.5,0.65,-0.29,0.27,0.8,-0.1,-0.43,0.2,-0.08,1,0,-26.00
1998-09-13T00:00:00,-1.07,0.6,-0.1,0.59,0.83,-0.61,-0.38,0.03,-0.14,1,0,-29.00
1998-09-13T01:00:00,-0.13,0.96,0.1,0.19,0.43,-0.92,-0.37,0.1,-0.09,1,0,-34.00
1998-09-13T02:00:00,0.11,1.1,0.46,0.15,0.05,-1.82,-0.38,0.04,-0.13,1,0,-32.00
1998-09-13T03:00:00,-0.4,0.97,0.36,0.34,0.27,-1.59,-0.37,0.08,-0.11,1,0,-27.00
1998-09-13T04:00:00,-0.91,0.49,-0.47,0.43,0.86,-0.17,-0.41,-0.03,-0.14,1,0,-23.00
1998-09-13T05:00:00,-0.79,0.82,0.29,0.49,0.4,-1.12,-0.4,-0.06,-0.14,1,0,-19.00
1998-09-13T06:00:00,-0.94,0.54,-0.13,0.45,0.5,-0.45,-0.55,-0.25,-0.16,1,0,-17.00
1998-09-13T07:00:00,-0.86,0.22,-0.28,0.38,0.47,0.41,-0.66,-0.34,-0.17,1,0,-18.00
1998-09-13T08:00:00,-0.78,0.37,-0.3,0.3,0.06,0.42,-0.65,-0.29,-0.16,1,0,-19.00
1998-09-13T09:00:00,-0.76,0.48,-0.25,0.35,-0.12,0.09,-0.66,-0.3,-0.17,0,0,-21.00
1998-09-13T10:00:00,-0.85,0.48,0.11,0.41,-0.09,-0.59,-0.64,-0.21,-0.16,0,0,-20.00
1998-09-13T11:00:00,-0.84,0.41,-0.22,0.38,-0.0,0.16,-0.66,-0.24,-0.16,0,0,-18.00
1998-09-13T12:00:00,-0.81,0.43,-0.26,0.4,-0.03,0.26,-0.67,-0.24,-0.16,0,0,-14.00
1998-09-13T13:00:00,-0.89,0.33,-0.24,0.49,0.1,0.28,-0.67,-0.37,-0.17,0,0,-12.00
1998-09-13T14:00:00,-0.89,0.4,-0.18,0.51,-0.05,0.25,-0.65,-0.38,-0.17,0,0,-16.00
1998-09-13T15:00:00,-0.96,0.35,-0.11,0.55,0.06,0.17,-0.66,-0.4,-0.18,0,0,-20.00
1998-09-13T16:00:00,-0.72,0.68,-0.08,0.45,-0.46,0.19,-0.66,-0.36,-0.17,0,0,-23.00
1998-09-13T17:00:00,-0.66,0.78,-0.14,0.48,-0.75,0.44,-0.66,-0.34,-0.17,0,0,-23.00
1998-09-13T18:00:00,-0.86,0.57,-0.15,0.59,-0.43,0.5,-0.68,-0.38,-0.18,0,0,-23.00
1998-09-13T19:00:00,-0.94,0.47,0.07,0.67,-0.17,-0.19,-0.66,-0.37,-0.17,0,0,-25.00
1998-09-13T20:00:00,-0.98,0.4,-0.15,0.68,-0.03,0.52,-0.67,-0.4,-0.18,0,0,-23.00
1998-09-13T21:00:00,-0.94,0.56,-0.02,0.68,-0.28,0.2,-0.68,-0.41,-0.18,0,0,-19.00
1998-09-13T22:00:00,-0.95,0.48,0.01,0.69,-0.05,0.01,-0.67,-0.41,-0.18,0,0,-16.00
1998-09-13T23:00:00,-0.98,0.48,-0.07,0.7,-0.1,0.29,-0.66,-0.43,-0.18,0,0,-18.00
1998-09-14T00:00:00,-0.99,0.49,0.01,0.73,-0.24,-0.06,-0.68,-0.43,-0.18,0,0,-18.00
1998-09-14T01:00:00,-1.01,0.45,0.03,0.79,-0.24,-0.12,-0.68,-0.43,-0.18,0,0,-17.00
1998-09-14T02:00:00,-1.06,0.34,-0.01,0.84,-0.01,-0.1,-0.68,-0.43,-0.18,0,0,-18.00
1998-09-14T03:00:00,-0.98,0.41,-0.18,0.81,-0.25,0.25,-0.68,-0.44,-0.18,0,0,-19.00
1998-09-14T04:00:00,-0.9,0.5,-0.22,0.77,-0.55,0.22,-0.68,-0.44,-0.18,0,0,-19.00
1998-09-14T05:00:00,-0.9,0.42,-0.27,0.79,-0.27,0.35,-0.67,-0.42,-0.18,0,0,-18.00
1998-09-14T06:00:00,-0.91,0.42,-0.23,0.83,-0.16,0.16,-0.67,-0.41,-0.18,0,0,-18.00
1998-09-14T07:00:00,-0.9,0.37,-0.2,0.8,-0.06,-0.02,-0.63,-0.3,-0.17,0,0,-19.00
1998-09-14T08:00:00,-0.83,0.53,-0.15,0.76,-0.22,0.13,-0.64,-0.17,-0.16,0,0,-18.00
1998-09-14T09:00:00,-0.9,0.42,-0.14,0.78,-0.06,-0.02,-0.62,-0.1,-0.15,0,0,-17.00
1998-09-14T10:00:00,-0.93,0.47,-0.08,0.79,-0.07,-0.16,-0.62,-0.07,-0.15,0,0,-15.00
1998-09-14T11:00:00,-0.99,0.32,-0.13,0.79,-0.01,-0.1,-0.62,-0.11,-0.15,0,0,-15.00
1998-09-14T12:00:00,-0.97,0.3,-0.15,0.7,0.39,-0.12,-0.68,-0.08,-0.16,0,0,-17.00
1998-09-14T13:00:00,-0.86,0.6,-0.07,0.81,0.27,0.0,-0.71,-0.31,-0.17,0,0,-15.00
1998-09-14T14:00:00,-0.9,0.54,-0.03,0.73,0.38,0.05,-0.75,-0.28,-0.17,0,0,-16.00
1998-09-14T15:00:00,-0.92,0.56,-0.06,0.73,0.32,0.22,-0.66,-0.3,-0.17,0,0,-17.00
1998-09-14T16:00:00,-0.83,0.6,-0.06,0.97,-0.16,0.32,-0.51,-0.37,-0.17,0,0,-19.00
1998-09-14T17:00:00,-0.49,0.55,-0.34,1.21,-0.73,0.38,-0.24,-0.43,-0.15,0,0,-18.00
1998-09-14T18:00:00,-0.65,0.68,-0.2,1.28,-0.95,0.51,-0.29,-0.45,-0.16,0,0,-16.00
1998-09-14T19:00:00,-0.52,0.39,-0.43,1.27,-0.69,0.63,-0.24,-0.49,-0.16,0,0,-12.00
1998-09-14T20:00:00,-0.76,0.49,-0.23,1.39,-0.81,0.49,-0.26,-0.52,-0.17,0,0,-13.00
1998-09-14T21:00:00,-0.84,0.6,-0.01,1.36,-0.79,0.22,-0.32,-0.42,-0.16,0,0,-12.00
1998-09-14T22:00:00,-0.81,0.63,0.09,1.38,-0.85,0.03,-0.43,-0.48,-0.17,0,0,-12.00
1998-09-14T23:00:00,-0.8,0.53,0.02,1.45,-0.87,0.28,-0.38,-0.51,-0.17,0,0,-14.00
1998-09-15T00:00:00,-0.58,0.47,-0.1,1.41,-0.62,-0.02,-0.07,-0.49,-0.14,0,0,-15.00
1998-09-15T01:00:00,-0.4,0.48,-0.18,1.42,-0.63,-0.09,-0.04,-0.52,-0.14,0,0,-12.00
1998-09-15T02:00:00,0.1,0.32,-0.67,1.34,-0.63,0.4,0.03,-0.57,-0.17,0,0,-10.00
1998-09-15T03:00:00,-0.45,0.45,-0.3,1.45,-0.76,0.29,-0.04,-0.54,-0.16,0,0,-12.00
1998-09-15T04:00:00,-0.61,0.61,-0.18,1.52,-0.95,0.3,-0.16,-0.55,-0.17,0,0,-14.00
1998-09-15T05:00:00,-0.25,0.67,-0.41,1.46,-0.9,0.48,-0.09,-0.54,-0.17,0,0,-20.00
1998-09-15T06:00:00,-0.29,0.5,-0.48,1.45,-0.85,0.62,-0.05,-0.53,-0.16,0,0,-21.00
1998-09-15T07:00:00,-0.54,0.59,-0.21,1.5,-0.95,0.31,0.06,-0.49,-0.15,0,0,-16.00
1998-09-15T08:00:00,-0.58,0.53,0.05,1.5,-0.91,-0.1,0.06,-0.5,-0.14,0,0,-14.00
1998-09-15T09:00:00,-0.52,0.4,-0.4,1.49,-0.69,0.66,0.11,-0.49,-0.14,0,0,-16.00
1998-09-15T10:00:00,-0.67,0.58,0.07,1.54,-1.05,0.02,0.07,-0.5,-0.15,0,0,-13.00
1998-09-15T11:00:00,-0.66,0.62,0.01,1.56,-1.04,0.03,0.08,-0.5,-0.15,0,0,-10.00
1998-09-15T12:00:00,-0.68,0.49,-0.23,1.59,-0.95,0.39,-0.03,-0.52,-0.16,0,0,-10.00
1998-09-15T13:00:00,-0.32,0.47,-0.65,1.45,-0.73,0.5,-0.2,-0.54,-0.18,0,0,-9.00
1998-09-15T14:00:00,-0.28,0.5,-0.64,1.44,-0.76,0.33,-0.25,-0.55,-0.18,0,0,-8.00
1998-09-15T15:00:00,-0.15,0.49,-0.71,1.41,-0.72,0.35,-0.19,-0.54,-0.18,0,0,-10.00
1998-09-15T16:00:00,-0.32,0.74,-0.5,1.47,-0.99,0.14,-0.18,-0.53,-0.17,0,0,-16.00
1998-09-15T17:00:00,-0.62,0.6,-0.3,1.57,-0.87,0.09,-0.18,-0.51,-0.17,0,0,-20.00
1998-09-15T18:00:00,-0.69,0.62,-0.34,1.63,-0.94,-0.03,-0.22,-0.53,-0.17,0,0,-23.00
1998-09-15T19:00:00,-0.66,0.7,-0.24,1.65,-0.98,-0.2,-0.18,-0.52,-0.17,0,0,-24.00
1998-09-15T20:00:00,-0.98,0.17,-0.05,1.79,-0.11,-0.59,-0.03,-0.45,-0.15,0,0,-22.00
1998-09-15T21:00:00,-0.85,0.5,-0.06,1.75,-0.58,-0.37,-0.2,-0.52,-0.17,0,0,-16.00
1998-09-15T22:00:00,-0.77,0.54,-0.22,1.72,-0.57,0.05,-0.15,-0.52,-0.17,0,0,-15.00
1998-09-15T23:00:00,-0.47,0.85,-0.07,1.62,-0.93,-0.09,-0.11,-0.52,-0.17,0,0,-16.00
1998-09-16T00:00:00,-0.67,0.72,0.06,1.72,-0.86,-0.23,-0.15,-0.52,-0.17,0,0,-15.00
1998-09-16T01:00:00,-0.45,0.79,0.3,1.67,-0.9,-0.56,-0.16,-0.53,-0.17,0,0,-15.00
1998-09-16T02:00:00,-0.66,0.63,0.17,1.77,-0.83,-0.3,-0.22,-0.53,-0.17,0,0,-15.00
1998-09-16T03:00:00,-0.7,0.72,0.01,1.69,-0.92,-0.09,-0.08,-0.51,-0.17,0,0,-13.00
1998-09-16T04:00:00,-0.54,0.86,-0.19,1.62,-0.84,0.22,0.03,-0.5,-0.16,0,0,-10.00
1998-09-16T05:00:00,-0.37,0.77,-0.47,1.57,-0.65,0.41,0.08,-0.52,-0.17,0,0,-8.00
1998-09-16T06:00:00,-0.16,0.61,-0.6,1.53,-0.51,0.52,0.12,-0.53,-0.17,0,0,-8.00
1998-09-16T07:00:00,-0.53,0.78,-0.31,1.69,-0.69,0.22,0.05,-0.52,-0.17,0,0,-10.00
1998-09-16T08:00:00,-0.66,0.61,-0.32,1.75,-0.52,0.29,-0.02,-0.53,-0.17,0,0,-13.00
1998-09-16T09:00:00,-0.56,0.78,-0.33,1.7,-0.67,0.46,0.02,-0.53,-0.17,0,0,-18.00
1998-09-16T10:00:00,0.01,0.77,-0.48,1.51,-0.56,0.68,0.18,-0.53,-0.16,0,0,-18.00
1998-09-16T11:00:00,-0.08,0.67,-0.43,1.59,-0.42,0.6,0.17,-0.52,-0.16,0,0,-17.00
1998-09-16T12:00:00,-0.61,0.62,-0.33,1.76,-0.48,0.56,0.08,-0.51,-0.16,0,0,-15.00
1998-09-16T13:00:00,-0.56,0.79,-0.22,1.73,-0.56,0.4,0.19,-0.51,-0.16,0,0,-15.00
1998-09-16T14:00:00,-0.62,0.96,-0.16,1.68,-0.54,0.29,0.52,-0.5,-0.16,0,0,-15.00
1998-09-16T15:00:00,-0.0,0.97,-0.21,1.62,-0.58,0.37,0.83,-0.53,-0.15,0,0,-12.00
1998-09-16T16:00:00,-0.05,1.05,0.01,1.64,-0.62,0.28,0.85,-0.53,-0.16,0,0,-10.00
1998-09-16T17:00:00,0.41,1.01,-0.03,1.53,-0.46,0.56,1.44,-0.53,-0.14,0,0,-10.00
1998-09-16T18:00:00,0.39,1.19,-0.02,1.56,-0.48,0.7,1.43,-0.53,-0.16,0,0,-12.00
1998-09-16T19:00:00,-0.26,1.08,0.16,1.7,-0.62,0.55,1.16,-0.52,-0.15,0,0,-9.00
1998-09-16T20:00:00,0.56,0.66,-0.08,1.52,-0.18,0.93,1.78,-0.5,-0.09,0,0,-11.00
1998-09-16T21:00:00,-0.47,1.16,-0.06,1.74,-0.73,0.97,1.19,-0.53,-0.16,0,0,-14.00
1998-09-16T22:00:00,-0.26,1.37,0.09,1.7,-0.81,0.89,1.62,-0.54,-0.16,0,0,-11.00
1998-09-16T23:00:00,-0.2,1.34,0.03,1.65,-0.66,0.67,1.71,-0.55,-0.16,0,0,-12.00
1998-09-17T00:00:00,-0.46,1.3,-0.32,1.65,-0.4,0.75,1.61,-0.55,-0.17,0,0,-8.00
1998-09-17T01:00:00,-0.2,1.43,-0.16,1.63,-0.69,0.72,1.48,-0.56,-0.17,0,0,-5.00
1998-09-17T02:00:00,-0.12,1.5,0.18,1.63,-0.67,0.8,1.54,-0.54,-0.17,0,0,-7.00
1998-09-17T03:00:00,0.1,0.24,0.3,1.54,-0.48,0.24,1.39,-0.51,0.24,0,0,-12.00
1998-09-17T04:00:00,0.12,-0.52,0.56,1.47,-0.11,0.37,2.09,-0.4,0.07,0,0,-12.00
1998-09-17T05:00:00,0.21,-0.52,0.17,1.53,0.27,0.18,2.16,-0.33,0.48,0,0,-9.00
1998-09-17T06:00:00,0.69,0.05,0.49,1.6,0.62,0.5,2.08,-0.3,0.12,0,0,-2.00
1998-09-17T07:00:00,0.84,0.25,0.91,1.56,0.67,0.21,0.93,-0.38,-0.13,0,0,1.00
1998-09-17T08:00:00,0.89,0.35,0.84,1.54,0.59,0.15,0.81,-0.35,-0.13,0,0,-1.00
1998-09-17T09:00:00,0.71,0.45,0.77,1.5,0.53,0.01,0.81,-0.32,-0.1,0,0,-3.00
1998-09-17T10:00:00,0.56,0.12,0.7,1.44,0.01,0.14,0.77,-0.31,-0.05,0,0,-3.00
1998-09-17T11:00:00,0.44,-0.11,0.94,1.43,-0.37,0.4,0.76,-0.35,-0.11,0,0,-2.00
1998-09-17T12:00:00,0.29,0.28,0.87,1.43,-0.18,0.36,0.76,-0.38,-0.1,1,0,1.00
1998-09-17T13:00:00,0.52,0.42,0.46,1.44,-0.11,0.04,0.83,-0.33,-0.01,1,0,3.00
1998-09-17T14:00:00,0.58,0.62,0.27,1.46,0.0,-0.01,1.1,-0.38,-0.05,1,0,5.00
1998-09-17T15:00:00,0.68,-0.15,0.65,1.5,-0.24,0.24,1.35,-0.47,-0.1,1,0,4.00
1998-09-17T16:00:00,0.82,-0.48,0.82,1.53,-0.38,0.37,1.48,-0.53,-0.16,1,0,3.00
1998-09-17T17:00:00,1.1,-0.04,0.28,1.6,0.01,-0.24,1.75,-0.5,-0.12,1,0,1.00
1998-09-17T18:00:00,1.13,-0.22,0.55,1.59,-0.12,0.21,1.64,-0.51,-0.15,1,0,0.00
1998-09-17T19:00:00,0.94,-0.78,0.14,1.52,-0.53,-0.27,1.97,-0.5,-0.13,1,0,-1.00
1998-09-17T20:00:00,0.96,-0.76,-0.15,1.48,-0.55,-0.39,2.1,-0.51,-0.14,1,0,0.00
1998-09-17T21:00:00,1.25,-0.88,0.66,1.48,-0.58,0.3,1.79,-0.54,-0.17,1,0,5.00
1998-09-17T22:00:00,1.16,-1.05,0.56,1.36,-0.77,0.3,2.32,-0.44,-0.14,1,0,6.00
1998-09-17T23:00:00,1.45,-0.86,-0.06,1.34,-0.51,0.02,2.04,-0.31,-0.11,1,0,2.00
1998-09-18T00:00:00,1.28,-1.0,0.07,1.32,-0.52,0.27,1.66,-0.28,-0.11,1,0,11.00
1998-09-18T01:00:00,1.1,-1.23,-0.22,1.28,-0.77,0.14,1.76,-0.3,-0.12,1,0,12.00
1998-09-18T02:00:00,1.0,-1.33,-0.23,1.28,-0.78,0.19,1.9,-0.29,-0.12,1,0,9.00
1998-09-18T03:00:00,1.08,-0.42,0.29,1.29,-0.34,0.65,2.09,-0.22,0.01,1,0,7.00
1998-09-18T04:00:00,0.96,-1.1,0.52,1.18,-0.8,0.35,2.59,-0.23,-0.06,1,0,7.00
1998-09-18T05:00:00,0.82,-1.23,0.49,1.12,-0.79,0.12,3.08,-0.16,-0.02,1,0,2.00
1998-09-18T06:00:00,0.29,-1.3,0.64,1.0,-0.95,0.32,3.5,-0.11,0.04,1,0,6.00
1998-09-18T07:00:00,0.25,-1.39,0.97,1.0,-1.22,0.43,3.69,-0.08,-0.01,1,0,11.00
1998-09-18T08:00:00,0.99,-0.96,-0.66,1.12,-1.15,-0.32,3.71,0.01,0.06,1,0,14.00
1998-09-18T09:00:00,0.56,-0.78,-1.25,1.03,-1.16,-0.31,3.9,-0.02,0.0,1,0,13.00
1998-09-18T10:00:00,0.59,-0.75,0.02,1.07,-1.25,0.62,3.36,-0.1,0.38,1,0,11.00
1998-09-18T11:00:00,0.44,-0.59,-1.83,1.03,-0.6,-0.13,3.09,-0.3,-0.14,1,0,-3.00
1998-09-18T12:00:00,-1.85,1.9,-1.02,0.4,0.7,-2.63,1.03,0.35,-0.14,1,0,-21.00
1998-09-18T13:00:00,-1.22,1.94,-0.9,0.28,0.86,-3.03,1.12,1.19,-0.07,1,0,-24.00
1998-09-18T14:00:00,-1.17,1.44,-1.34,0.38,0.68,-2.94,1.44,0.71,-0.08,1,0,-51.00
1998-09-18T15:00:00,-1.27,1.4,-1.28,0.31,0.91,-2.38,0.94,0.23,-0.13,1,0,-36.00
1998-09-18T16:00:00,-1.61,1.19,-0.86,0.14,1.44,-1.8,0.49,0.12,-0.15,1,0,-33.00
1998-09-18T17:00:00,-1.28,1.35,-0.66,0.15,1.16,-0.9,0.38,0.08,-0.14,1,0,-38.00
1998-09-18T18:00:00,-1.21,1.08,-0.54,0.45,0.84,-1.11,0.77,-0.05,-0.12,1,0,-48.00
1998-09-18T19:00:00,-0.97,0.97,-0.27,0.6,-0.08,-0.68,1.17,-0.06,-0.07,1,0,-48.00
1998-09-18T20:00:00,-0.99,0.94,-0.27,0.59,-0.31,-0.39,1.13,-0.17,-0.09,1,0,-43.00
1998-09-18T21:00:00,-0.72,1.09,-0.31,0.73,-0.25,-0.65,1.26,-0.2,-0.09,1,0,-49.00
1998-09-18T22:00:00,-1.14,0.95,-0.46,0.75,-0.23,-0.73,1.19,-0.2,-0.11,1,0,-46.00
1998-09-18T23:00:00,-1.63,0.82,-0.18,0.72,0.08,-1.03,0.93,-0.33,-0.15,1,0,-40.00
1998-09-19T00:00:00,-1.42,0.99,-0.16,0.76,0.0,-0.74,1.24,-0.28,-0.14,1,0,-38.00
1998-09-19T01:00:00,-1.35,1.03,-0.28,0.8,-0.21,-0.93,1.54,-0.2,-0.11,1,0,-35.00
1998-09-19T02:00:00,-1.35,0.8,-0.09,0.79,-0.3,-0.94,1.27,-0.21,-0.11,1,0,-30.00
1998-09-19T03:00:00,-1.67,0.29,0.05,0.66,-0.01,-0.62,0.43,-0.32,-0.16,1,0,-32.00
1998-09-19T04:00:00,-1.64,0.29,0.02,0.64,0.18,-0.4,0.25,-0.36,-0.16,1,0,-35.00
1998-09-19T05:00:00,-1.46,0.24,0.22,0.72,0.01,-0.45,0.25,-0.34,-0.15,1,0,-33.00
1998-09-19T06:00:00,-1.43,0.34,0.23,0.69,0.05,-0.16,-0.03,-0.38,-0.17,1,0,-29.00
1998-09-19T07:00:00,-0.94,0.43,-0.02,0.59,0.0,0.27,0.37,-0.12,-0.05,1,0,-25.00
1998-09-19T08:00:00,-0.77,0.01,0.49,0.69,0.36,-0.42,0.59,-0.26,-0.04,1,0,-22.00
1998-09-19T09:00:00,-0.27,0.35,0.28,0.52,0.23,-0.25,0.48,-0.25,0.26,0,0,-16.00
1998-09-19T10:00:00,0.38,0.48,-0.34,0.57,0.11,0.04,0.27,-0.19,-0.0,0,0,-13.00
1998-09-19T11:00:00,0.08,0.42,-0.24,0.65,0.35,0.22,0.08,-0.08,0.19,0,0,-8.00
1998-09-19T12:00:00,0.2,-0.57,-0.17,0.39,0.34,-0.01,-0.03,-0.04,0.1,0,0,-13.00
1998-09-19T13:00:00,-0.1,-0.24,-0.05,0.42,0.18,-0.01,0.06,0.12,1.91,0,0,-15.00
1998-09-19T14:00:00,-0.31,-0.24,0.23,0.4,0.48,0.08,-0.05,0.06,0.59,0,0,-18.00
1998-09-19T15:00:00,-0.65,-0.23,0.31,0.38,0.5,0.34,-0.12,-0.12,-0.01,0,0,-20.00
1998-09-19T16:00:00,-0.32,-0.63,-0.04,0.45,0.6,0.17,-0.18,-0.22,-0.04,0,0,-20.00
1998-09-19T17:00:00,-0.26,-0.42,-0.2,0.6,0.77,-0.55,-0.13,-0.15,0.08,0,0,-19.00
1998-09-19T18:00:00,-0.78,-0.14,0.01,0.47,1.13,-0.04,-0.35,0.03,-0.04,0,0,-21.00
1998-09-19T19:00:00,-0.55,-0.03,-0.15,0.5,1.14,-0.14,-0.37,-0.14,-0.01,0,0,-26.00
1998-09-19T20:00:00,-0.15,0.02,-0.33,0.64,1.13,0.07,-0.03,-0.29,0.1,0,0,-27.00
1998-09-19T21:00:00,-0.45,0.26,-0.29,0.53,1.17,-0.07,-0.41,-0.22,-0.08,0,0,-28.00
1998-09-19T22:00:00,-0.49,0.26,-0.16,0.53,1.1,0.14,-0.43,-0.18,-0.05,0,0,-26.00
1998-09-19T23:00:00,-0.39,0.33,-0.08,0.59,1.1,0.31,-0.44,-0.25,-0.04,0,0,-29.00
1998-09-20T00:00:00,-0.56,0.28,-0.03,0.58,1.04,0.23,-0.5,-0.19,-0.08,0,0,-31.00
1998-09-20T01:00:00,-0.41,0.21,-0.17,0.7,0.77,-0.05,-0.46,-0.12,0.01,0,0,-28.00
1998-09-20T02:00:00,-0.47,0.25,0.01,0.76,0.85,0.28,-0.46,-0.03,0.04,0,0,-25.00
1998-09-20T03:00:00,-0.41,0.3,0.24,0.8,0.6,0.29,-0.42,-0.17,-0.0,0,0,-23.00
1998-09-20T04:00:00,-0.46,0.18,0.03,0.93,0.33,0.08,-0.29,-0.18,0.08,0,0,-23.00
1998-09-20T05:00:00,-0.26,0.14,-0.22,0.93,0.25,0.16,-0.28,-0.3,0.05,0,0,-22.00
1998-09-20T06:00:00,-0.21,0.31,-0.26,0.93,0.19,0.02,-0.36,-0.4,-0.09,0,0,-17.00
1998-09-20T07:00:00,-0.26,0.1,-0.27,0.94,0.0,0.03,-0.29,-0.38,-0.03,0,0,-14.00
1998-09-20T08:00:00,-0.46,0.3,0.03,0.92,0.01,-0.08,-0.25,-0.35,-0.05,0,0,-14.00
1998-09-20T09:00:00,-0.54,0.14,-0.04,0.94,-0.11,-0.15,-0.22,-0.3,-0.02,0,0,-16.00
1998-09-20T10:00:00,0.08,-0.26,0.1,1.03,-0.22,-0.06,-0.01,-0.47,0.37,0,0,-15.00
1998-09-20T11:00:00,0.21,0.04,-0.02,1.02,-0.31,0.18,-0.08,-0.43,0.54,0,0,-12.00
1998-09-20T12:00:00,-0.48,0.21,-0.1,1.03,-0.28,0.21,-0.09,-0.4,-0.05,0,0,-9.00
1998-09-20T13:00:00,-0.5,0.14,-0.02,1.05,-0.29,0.28,-0.04,-0.37,-0.0,0,0,-8.00
1998-09-20T14:00:00,-0.41,0.2,-0.1,1.06,-0.2,0.3,-0.1,-0.44,-0.04,0,0,-7.00
1998-09-20T15:00:00,-0.55,0.31,-0.07,1.09,-0.17,0.33,-0.12,-0.49,-0.13,0,0,-9.00
1998-09-20T16:00:00,-0.49,0.3,-0.07,1.1,-0.17,0.32,0.03,-0.49,-0.1,0,0,-11.00
1998-09-20T17:00:00,-0.54,0.28,-0.02,1.14,-0.15,0.29,0.12,-0.48,-0.09,0,0,-12.00
1998-09-20T18:00:00,-0.45,0.39,-0.13,1.14,-0.11,0.43,0.14,-0.49,-0.1,0,0,-10.00
1998-09-20T19:00:00,-0.4,0.39,-0.16,1.27,-0.52,0.21,0.37,-0.52,-0.11,0,0,-12.00
1998-09-20T20:00:00,-0.58,0.42,0.06,1.25,-0.33,0.21,0.55,-0.5,-0.11,0,0,-14.00
1998-09-20T21:00:00,-0.61,0.26,0.29,1.31,-0.34,0.02,0.63,-0.49,-0.09,0,0,-15.00
1998-09-20T22:00:00,0.14,0.35,-0.41,1.24,-0.28,0.32,0.71,-0.54,-0.11,0,0,-16.00
1998-09-20T23:00:00,0.28,0.44,-0.34,1.19,-0.39,0.26,0.98,-0.52,-0.1,0,0,-13.00
1998-09-21T00:00:00,0.31,0.3,-0.3,1.16,-0.46,0.11,1.47,-0.5,0.01,0,0,-12.00
1998-09-21T01:00:00,-0.14,0.7,-0.11,1.12,-0.6,0.02,1.79,-0.48,-0.03,0,0,-16.00
1998-09-21T02:00:00,-0.57,1.21,0.18,1.17,-0.84,-0.33,1.18,-0.48,-0.15,0,0,-16.00
1998-09-21T03:00:00,-0.1,0.82,-0.64,1.14,-0.5,-0.51,1.29,-0.44,-0.12,0,0,-11.00
1998-09-21T04:00:00,0.11,0.6,-0.77,1.08,-0.37,-0.24,0.97,-0.4,-0.12,0,0,-9.00
1998-09-21T05:00:00,-0.22,0.13,-0.42,1.09,-0.36,-0.03,0.8,-0.25,0.17,0,0,-6.00
1998-09-21T06:00:00,-0.78,1.12,0.3,0.95,-0.13,-0.07,0.46,-0.27,-0.13,0,0,-16.00
1998-09-21T07:00:00,-0.34,1.2,-0.36,0.84,-0.12,-0.09,0.49,-0.12,-0.1,0,0,-29.00
1998-09-21T08:00:00,-0.47,1.06,-0.03,0.97,-0.25,-1.01,0.48,-0.08,-0.07,0,0,-30.00
1998-09-21T09:00:00,0.17,0.41,-0.3,0.75,0.31,-0.36,0.63,-0.0,0.36,0,0,-21.00
1998-09-21T10:00:00,0.11,0.45,-0.19,0.82,0.05,-0.44,0.59,-0.08,0.38,0,0,-21.00
1998-09-21T11:00:00,-0.06,-0.09,-0.61,0.91,0.36,0.01,0.47,-0.11,0.06,0,0,-18.00
1998-09-21T12:00:00,-0.43,0.42,-0.06,0.97,0.05,-0.19,0.43,-0.07,0.23,0,0,-16.00
1998-09-21T13:00:00,-0.51,0.69,-0.07,0.99,-0.14,0.05,0.23,-0.19,-0.04,0,0,-13.00
1998-09-21T14:00:00,-0.62,0.69,-0.17,1.01,-0.35,0.09,0.18,-0.26,-0.09,0,0,-13.00
1998-09-21T17:00:00,-0.56,0.63,0.08,1.0,-0.49,0.16,0.1,-0.25,-0.07,0,0,-17.00
1998-09-21T18:00:00,-0.73,0.5,0.19,0.95,-0.47,0.06,0.18,-0.23,-0.07,0,0,-16.00
1998-09-21T19:00:00,-0.91,0.29,0.27,1.01,-0.41,-0.07,0.21,-0.23,-0.08,0,0,-19.00
1998-09-21T20:00:00,-0.93,-0.0,0.43,1.01,-0.32,-0.34,0.22,-0.27,-0.1,0,0,-21.00
1998-09-21T21:00:00,-0.87,0.12,0.43,1.0,-0.42,-0.35,0.17,-0.27,-0.09,0,0,-20.00
1998-09-21T22:00:00,-0.82,-0.07,0.42,1.01,-0.33,-0.3,0.14,-0.23,-0.07,0,0,-16.00
1998-09-21T23:00:00,-0.69,0.15,0.4,0.98,-0.45,-0.3,0.12,-0.25,-0.05,0,0,-13.00
1998-09-22T00:00:00,-0.38,0.54,-0.07,0.85,-0.33,0.12,0.01,-0.23,-0.01,0,0,-12.00
1998-09-22T01:00:00,-0.41,0.37,0.08,0.8,-0.05,0.05,-0.04,-0.15,0.12,0,0,-12.00
1998-09-22T02:00:00,-0.63,-0.14,0.2,0.76,0.57,-0.17,-0.08,-0.02,0.09,0,0,-14.00
1998-09-22T03:00:00,-0.61,-0.07,0.0,0.76,0.21,0.17,-0.12,-0.11,0.07,0,0,-18.00
1998-09-22T04:00:00,-0.29,0.56,-0.19,0.74,-0.17,0.24,-0.1,-0.28,-0.06,0,0,-15.00
1998-09-22T05:00:00,-0.25,0.62,-0.23,0.76,-0.36,0.23,-0.01,-0.32,-0.08,0,0,-11.00
1998-09-22T06:00:00,-0.3,0.54,-0.31,0.79,-0.37,0.41,0.06,-0.33,-0.07,0,0,-9.00
1998-09-22T07:00:00,-0.38,0.45,-0.2,0.79,-0.27,0.22,0.22,-0.19,0.06,0,0,-13.00
1998-09-22T08:00:00,-0.18,0.62,-0.38,0.78,-0.55,0.18,0.27,-0.28,-0.06,0,0,-12.00
1998-09-22T09:00:00,-0.57,0.32,-0.24,0.81,-0.3,0.09,0.41,-0.14,0.07,0,0,-12.00
1998-09-22T10:00:00,-0.73,0.29,0.16,0.83,-0.42,0.17,0.38,-0.14,0.04,0,0,-10.00
1998-09-22T11:00:00,-0.52,0.01,0.55,0.77,-0.23,-0.03,0.3,-0.19,0.02,0,0,-10.00
1998-09-22T12:00:00,-0.69,0.21,0.44,0.72,-0.08,-0.09,0.21,-0.21,-0.04,0,0,-7.00
1998-09-22T13:00:00,-0.84,0.46,0.11,0.78,-0.15,0.35,0.2,-0.16,-0.06,0,0,-2.00
1998-09-22T14:00:00,-0.7,0.34,0.08,0.76,-0.2,0.51,0.14,-0.17,-0.01,0,0,-2.00
1998-09-22T15:00:00,-0.97,0.17,0.4,0.89,0.16,-0.03,0.0,-0.23,-0.11,0,0,-4.00
1998-09-22T16:00:00,-0.91,0.25,0.37,0.83,-0.02,0.2,-0.09,-0.16,-0.1,0,0,-4.00
1998-09-22T17:00:00,-0.35,0.95,-0.4,0.59,-0.18,1.18,-0.34,-0.21,-0.15,0,0,-5.00
1998-09-22T18:00:00,0.31,0.95,-0.58,0.62,-0.11,1.14,-0.4,-0.29,-0.16,0,0,-3.00
1998-09-22T19:00:00,0.25,0.65,-0.45,0.63,0.58,0.71,-0.15,-0.08,-0.08,0,0,-4.00
1998-09-22T20:00:00,0.14,0.52,-0.35,0.64,0.57,0.76,-0.16,-0.12,-0.02,0,0,-13.00
1998-09-22T21:00:00,0.14,1.06,-0.22,0.69,0.12,0.71,-0.43,-0.32,-0.16,0,0,-15.00
1998-09-22T22:00:00,-0.05,0.95,-0.06,0.68,0.27,0.68,-0.43,-0.28,-0.15,0,0,-18.00
1998-09-22T23:00:00,0.26,0.83,-0.06,0.51,0.05,0.71,-0.35,-0.32,-0.14,0,0,-19.00
1998-09-23T00:00:00,0.23,0.96,-0.2,0.56,0.02,0.63,-0.35,-0.29,-0.15,0,0,-21.00
1998-09-23T01:00:00,-0.63,0.75,-0.05,0.44,-0.22,0.39,0.1,0.06,-0.03,0,0,-24.00
1998-09-23T02:00:00,-0.99,0.68,0.3,0.28,0.05,0.65,0.44,-0.0,-0.07,0,0,-25.00
1998-09-23T03:00:00,-0.81,0.81,0.35,0.26,-0.38,0.59,0.29,-0.09,-0.09,0,0,-22.00
1998-09-23T04:00:00,-1.04,0.99,-0.17,-0.03,0.33,1.4,0.03,-0.12,-0.14,0,0,-13.00
1998-09-23T05:00:00,-1.15,1.11,0.07,-0.04,0.8,1.48,-0.03,-0.38,-0.17,0,1,-11.00
1998-09-23T06:00:00,-1.12,1.02,0.03,0.05,0.42,1.31,0.09,-0.49,-0.18,0,1,-9.00
1998-09-23T07:00:00,-1.08,0.84,-0.14,0.25,0.23,1.13,0.26,-0.5,-0.17,0,1,-15.00
1998-09-23T08:00:00,-1.02,0.71,-0.29,0.46,-0.02,1.25,0.29,-0.48,-0.17,0,1,-11.00
1998-09-23T09:00:00,-0.88,0.58,-0.38,0.52,-0.1,0.96,0.38,-0.51,-0.16,0,1,-11.00
1998-09-23T10:00:00,-0.78,0.58,-0.37,0.61,0.07,1.73,0.29,-0.53,-0.17,0,1,-14.00
1998-09-23T11:00:00,-0.69,0.61,-0.26,0.77,-0.35,1.85,0.19,-0.53,-0.16,0,1,-17.00
1998-09-23T12:00:00,-0.67,0.36,-0.44,0.84,-0.68,1.96,0.18,-0.57,-0.17,0,1,-19.00
1998-09-23T13:00:00,-0.51,0.35,-0.42,0.89,-0.68,1.84,0.29,-0.56,-0.16,0,1,-12.00
1998-09-23T14:00:00,-0.3,-0.06,-0.52,0.94,-0.88,1.79,0.34,-0.55,-0.15,0,1,-11.00
1998-09-23T15:00:00,0.01,-0.75,-0.41,1.17,-1.68,2.12,0.02,-0.56,-0.17,0,1,-13.00
1998-09-23T16:00:00,-0.15,-0.54,-0.47,1.24,-1.63,1.95,0.29,-0.58,-0.17,0,1,-18.00
1998-09-23T17:00:00,-0.19,-0.33,-0.49,1.07,-1.35,1.71,0.26,-0.53,-0.14,0,1,-25.00
1998-09-23T18:00:00,-0.02,0.92,0.43,0.85,-0.09,1.65,-0.31,-0.37,-0.15,0,0,-27.00
1998-09-23T19:00:00,0.51,-0.54,0.19,0.8,-1.38,1.2,-0.02,-0.45,-0.12,0,0,-30.00
1998-09-23T20:00:00,-0.3,0.39,-0.04,0.65,-1.44,1.09,0.67,-0.45,0.06,0,0,-33.00
1998-09-23T21:00:00,-0.91,1.11,-0.28,0.75,-1.17,0.73,0.23,-0.51,-0.18,0,0,-28.00
1998-09-23T22:00:00,-0.85,1.0,-0.58,0.6,-1.39,-0.04,0.25,-0.42,-0.17,0,0,-24.00
1998-09-23T23:00:00,-0.4,-0.0,-0.83,0.31,-1.22,-2.14,-0.18,0.36,-0.06,0,0,-27.00
1998-09-24T00:00:00,0.24,-0.68,-0.21,0.27,-0.68,-1.59,0.08,0.35,0.18,0,0,-28.00
1998-09-24T01:00:00,0.26,-0.65,-0.53,0.34,-0.79,-0.58,0.02,0.19,-0.01,0,0,-38.00
1998-09-24T02:00:00,0.3,-0.1,-0.84,0.25,-0.47,-0.04,-0.02,0.23,-0.05,0,0,-37.00
1998-09-24T03:00:00,-0.52,0.43,-0.93,0.03,-0.42,0.1,-0.04,0.04,-0.12,0,0,-31.00
1998-09-24T04:00:00,-0.98,0.56,-0.86,-0.14,-0.19,0.41,-0.21,-0.05,-0.15,0,0,-28.00
1998-09-24T05:00:00,-1.08,0.34,-0.55,-0.24,0.08,0.76,-0.25,0.18,-0.12,0,0,-32.00
1998-09-24T06:00:00,-1.09,0.47,-0.38,-0.26,-0.1,1.07,-0.2,0.3,-0.1,0,0,-44.00
1998-09-24T07:00:00,-1.17,0.68,-0.27,-0.26,-0.29,0.68,-0.24,0.2,-0.12,0,0,-52.00
1998-09-24T08:00:00,-0.99,0.69,-0.3,-0.2,0.07,0.25,-0.15,0.36,-0.08,0,0,-55.00
1998-09-24T09:00:00,-1.5,0.52,-0.14,0.09,0.29,0.61,-0.23,0.0,-0.15,0,0,-46.00
1998-09-24T10:00:00,-1.33,0.86,-0.09,0.07,-0.19,0.51,-0.09,0.16,-0.13,0,0,-41.00
1998-09-24T11:00:00,-1.48,1.0,-0.12,0.08,-0.17,0.71,-0.11,0.18,-0.14,0,0,-35.00
1998-09-24T12:00:00,-1.36,0.97,-0.13,0.07,0.31,1.02,-0.17,0.49,-0.12,0,0,-30.00
1998-09-24T13:00:00,-1.3,0.99,-0.12,-0.04,0.79,0.93,-0.19,0.82,-0.1,0,0,-25.00
1998-09-24T14:00:00,-1.63,0.93,-0.17,0.15,1.27,0.99,-0.22,0.35,-0.15,0,0,-23.00
1998-09-24T15:00:00,-1.49,1.14,-0.15,0.12,0.83,1.12,-0.03,0.62,-0.12,0,0,-25.00
1998-09-24T16:00:00,-1.64,1.17,-0.29,0.12,1.18,1.2,-0.03,0.48,-0.14,0,0,-28.00
1998-09-24T17:00:00,-1.73,1.27,-0.17,0.18,1.62,1.16,-0.09,0.28,-0.15,0,0,-26.00
1998-09-24T18:00:00,-1.57,1.34,-0.15,0.17,1.5,0.36,0.04,0.47,-0.14,0,0,-27.00
1998-09-24T19:00:00,-0.97,1.19,-0.53,0.03,1.92,0.64,0.31,0.95,-0.04,0,0,-35.00
1998-09-24T20:00:00,-0.82,1.04,-0.51,0.1,2.0,0.41,0.58,1.01,0.05,0,0,-37.00
1998-09-24T21:00:00,-0.6,1.27,-0.65,0.15,1.65,0.98,0.72,0.7,-0.01,0,0,-36.00
1998-09-24T22:00:00,-0.96,1.93,-0.27,0.34,0.9,0.93,0.56,0.38,-0.12,0,0,-38.00
1998-09-24T23:00:00,-1.88,4.34,0.5,-0.74,-1.03,-0.38,2.16,2.65,-0.1,0,0,-43.00
1998-09-25T00:00:00,-1.06,3.5,0.48,-1.72,-1.2,-1.53,1.65,6.34,0.09,0,0,-37.00
1998-09-25T01:00:00,0.53,0.56,-2.52,-2.48,-2.02,0.0,1.13,1.71,-0.09,0,0,-4.00
1998-09-25T02:00:00,0.53,0.56,-2.33,-2.66,-2.25,1.04,0.06,3.24,-0.09,0,0,-20.00
1998-09-25T03:00:00,-0.46,2.29,-1.75,-2.92,-1.06,1.5,-0.12,2.86,-0.13,0,0,-85.00
1998-09-25T04:00:00,-0.31,1.72,-1.98,-3.12,-2.11,1.56,-0.12,1.44,-0.15,0,0,-152.00
1998-09-25T05:00:00,-0.2,1.79,-1.84,-3.12,-0.54,-0.36,0.02,0.43,-0.16,0,0,-170.00
1998-09-25T06:00:00,-1.26,2.27,-0.95,-3.26,1.13,-0.39,0.66,-0.42,-0.18,0,0,-166.00
1998-09-25T07:00:00,-0.96,2.35,-1.46,-3.33,1.69,2.45,-0.13,-0.41,-0.19,0,1,-169.00
1998-09-25T08:00:00,-0.79,2.38,-1.95,-3.09,1.85,1.73,-0.6,-0.48,-0.19,0,1,-202.00
1998-09-25T09:00:00,-0.41,2.33,-2.06,-2.77,1.67,1.17,-0.62,-0.5,-0.19,0,1,-196.00
1998-09-25T10:00:00,-1.05,2.43,-1.63,-2.4,1.19,-0.32,-0.56,-0.51,-0.19,0,1,-207.00
1998-09-25T11:00:00,-0.85,2.58,-1.73,-2.37,0.84,-1.03,-0.6,-0.5,-0.19,0,1,-193.00
1998-09-25T12:00:00,-1.02,2.86,-1.31,-2.25,1.2,-0.13,-0.74,-0.49,-0.19,0,1,-172.00
1998-09-25T13:00:00,-0.97,2.72,-1.27,-1.76,1.96,-0.25,-0.63,-0.5,-0.19,0,1,-147.00
1998-09-25T14:00:00,-1.3,2.74,-0.64,-1.75,2.06,0.55,-0.65,-0.52,-0.19,0,1,-134.00
1998-09-25T15:00:00,-2.23,2.1,0.24,-1.95,2.18,1.41,-0.51,-0.51,-0.19,0,1,-124.00
1998-09-25T16:00:00,-2.43,1.82,0.53,-1.97,2.13,1.35,-0.35,-0.54,-0.19,0,1,-121.00
1998-09-25T17:00:00,-2.37,1.8,0.46,-1.83,2.23,0.79,-0.07,-0.55,-0.19,0,1,-98.00
1998-09-25T18:00:00,-2.27,1.61,0.78,-1.83,1.98,1.23,0.7,-0.56,-0.19,0,1,-85.00
1998-09-25T19:00:00,-2.48,0.97,0.82,-1.83,1.3,1.38,0.68,-0.57,-0.19,0,1,-72.00
1998-09-25T20:00:00,-2.43,0.59,1.0,-1.69,1.5,1.53,0.26,-0.56,-0.19,0,1,-66.00
1998-09-25T21:00:00,-2.09,0.53,0.9,-1.68,1.4,1.24,-0.17,-0.56,-0.19,0,1,-66.00
1998-09-25T22:00:00,-1.95,0.35,0.59,-1.63,1.1,0.86,-0.12,-0.56,-0.19,0,1,-66.00
1998-09-25T23:00:00,-1.98,0.13,0.42,-1.54,0.72,0.94,-0.04,-0.57,-0.19,0,1,-66.00
1998-09-26T00:00:00,-1.98,-0.08,0.37,-1.51,0.89,1.04,0.21,-0.58,-0.19,0,1,-58.00
1998-09-26T01:00:00,-1.96,-0.26,0.37,-1.48,0.63,0.75,0.04,-0.57,-0.19,0,1,-55.00
1998-09-26T02:00:00,-1.89,-0.24,0.39,-1.4,1.22,0.42,-0.02,-0.56,-0.19,0,1,-47.00
1998-09-26T03:00:00,-1.8,-0.32,0.37,-1.35,1.27,0.86,-0.07,-0.57,-0.19,0,1,-46.00
1998-09-26T04:00:00,-1.67,-0.35,0.47,-1.26,0.91,0.51,-0.12,-0.57,-0.19,0,1,-48.00
1998-09-26T05:00:00,-1.55,-0.51,0.46,-1.18,1.07,0.55,-0.3,-0.57,-0.19,0,1,-48.00
1998-09-26T06:00:00,-1.47,-0.66,0.36,-1.15,1.25,0.84,-0.42,-0.58,-0.19,0,1,-46.00
1998-09-26T07:00:00,-1.41,-0.71,0.37,-1.08,1.26,1.05,-0.42,-0.57,-0.19,0,1,-48.00
1998-09-26T08:00:00,-1.39,-0.67,0.43,-0.99,1.16,1.04,-0.28,-0.58,-0.19,0,1,-52.00
1998-09-26T09:00:00,-1.32,-0.85,0.4,-0.98,1.1,0.96,-0.07,-0.58,-0.19,0,1,-50.00
1998-09-26T10:00:00,-1.29,-0.71,0.47,-1.01,1.53,1.81,-0.65,-0.52,-0.19,0,1,-47.00
1998-09-26T11:00:00,-0.98,-0.96,0.17,-1.03,1.38,1.65,-0.6,-0.53,-0.19,0,1,-46.00
1998-09-26T12:00:00,-0.72,-1.24,-0.31,-1.01,0.79,1.2,-0.72,-0.51,-0.19,0,1,-49.00
1998-09-26T13:00:00,-0.39,-1.17,-0.6,-0.83,0.98,0.57,-0.83,-0.39,-0.19,0,1,-49.00
1998-09-26T14:00:00,0.1,-1.02,-0.9,-0.7,1.08,0.05,-0.9,-0.4,-0.19,0,1,-55.00
1998-09-26T15:00:00,-0.07,-1.06,-0.75,-0.56,0.39,-0.55,-0.87,-0.26,-0.19,0,1,-62.00
1998-09-26T16:00:00,-0.54,-0.61,-0.12,-0.56,-0.04,-0.96,-0.81,-0.01,-0.15,0,1,-68.00
1998-09-26T17:00:00,-0.69,-0.68,0.15,-0.66,0.09,-0.02,-0.72,0.53,-0.11,0,0,-72.00
1998-09-26T18:00:00,-0.29,-1.1,-0.12,-0.85,0.49,0.76,-0.68,0.12,-0.15,0,0,-75.00
1998-09-26T19:00:00,-0.62,-0.67,0.37,-0.71,0.19,-0.18,-0.65,0.35,-0.11,0,0,-71.00
1998-09-26T20:00:00,-0.1,-0.02,0.11,-1.11,-0.92,0.79,-0.51,0.57,10.38,0,0,-66.00
1998-09-26T21:00:00,0.01,0.38,-0.01,-1.14,-1.26,0.77,-0.52,0.38,0.42,0,0,-55.00
1998-09-26T22:00:00,0.02,0.59,0.21,-1.1,-1.52,0.64,-0.49,0.24,0.05,0,0,-51.00
1998-09-26T23:00:00,-0.25,-0.34,-0.26,-0.95,-0.29,1.18,-0.51,0.08,0.04,0,0,-49.00
1998-09-27T00:00:00,-0.35,-0.67,0.23,-0.83,0.76,0.27,-0.57,0.23,-0.05,0,0,-48.00
1998-09-27T01:00:00,-0.54,-0.59,0.26,-0.72,0.98,0.21,-0.63,0.26,-0.08,0,0,-54.00
1998-09-27T02:00:00,-0.41,-0.61,0.39,-0.81,0.41,-0.15,-0.65,0.3,-0.08,0,0,-57.00
1998-09-27T03:00:00,-0.76,-0.52,-0.12,-0.7,0.75,0.91,-0.6,0.02,-0.13,0,0,-56.00
1998-09-27T04:00:00,-0.59,-0.6,0.54,-0.67,1.2,-0.59,-0.64,0.32,-0.12,0,0,-54.00
1998-09-27T05:00:00,-0.67,0.05,0.32,-0.66,0.06,0.11,-0.58,0.22,-0.04,0,0,-52.00
1998-09-27T06:00:00,-0.56,0.17,0.08,-0.69,-0.02,0.39,-0.56,0.35,0.08,0,0,-46.00
1998-09-27T07:00:00,-0.39,-0.27,0.02,-0.8,0.56,0.54,-0.58,0.52,0.27,0,0,-41.00
1998-09-27T08:00:00,-0.53,0.01,0.49,-0.67,0.06,-0.64,-0.56,0.39,-0.01,0,0,-43.00
1998-09-27T09:00:00,-0.12,0.54,-0.42,-0.89,-0.98,1.78,-0.57,0.35,-0.06,0,0,-44.00
1998-09-27T10:00:00,-0.32,0.41,-0.13,-0.81,-0.35,1.69,-0.44,0.14,0.08,0,0,-43.00
1998-09-27T11:00:00,-0.53,0.48,0.07,-0.6,-0.79,0.38,-0.62,0.07,-0.08,0,0,-45.00
1998-09-27T12:00:00,-0.45,0.48,0.01,-0.53,-0.83,0.71,-0.66,0.03,-0.08,0,0,-51.00
1998-09-27T13:00:00,-0.61,0.54,0.24,-0.41,-1.08,-0.1,-0.69,0.11,-0.12,0,0,-50.00
1998-09-27T14:00:00,-0.69,0.59,0.19,-0.32,-1.36,0.09,-0.68,0.1,-0.13,0,0,-41.00
1998-09-27T15:00:00,-0.62,0.45,0.29,-0.34,-1.0,-0.05,-0.7,0.05,-0.12,0,0,-40.00
1998-09-27T16:00:00,-0.59,0.21,0.47,-0.32,-0.34,-0.68,-0.72,0.14,-0.12,0,0,-41.00
1998-09-27T17:00:00,-0.8,0.28,0.11,-0.15,-0.63,0.61,-0.74,0.15,-0.13,0,0,-42.00
1998-09-27T18:00:00,-0.61,-0.13,0.39,-0.35,0.64,-0.31,-0.7,0.27,-0.08,0,0,-41.00
1998-09-27T19:00:00,-0.36,0.2,0.7,-0.5,-0.22,-0.98,-0.71,0.21,-0.12,0,0,-38.00
1998-09-27T20:00:00,-0.85,0.13,0.31,-0.21,-0.23,-0.15,-0.67,0.2,-0.12,0,0,-36.00
1998-09-27T21:00:00,-0.5,0.49,0.59,-0.49,-0.99,-0.69,-0.69,0.04,-0.14,0,0,-34.00
1998-09-27T22:00:00,-0.37,-0.58,0.7,-0.57,1.33,-1.01,-0.69,-0.18,-0.16,0,0,-34.00
1998-09-27T23:00:00,-0.16,-0.1,0.72,-0.68,0.24,-0.96,-0.67,-0.16,-0.14,0,0,-36.00
1998-09-28T00:00:00,-0.99,-0.38,0.53,-0.44,0.43,-0.28,-0.54,-0.3,-0.17,0,0,-37.00
1998-09-28T01:00:00,-0.11,0.05,0.64,-0.75,-0.11,-0.03,-0.53,-0.27,-0.11,0,0,-35.00
1998-09-28T02:00:00,-0.3,-0.25,0.77,-0.72,0.19,-0.27,-0.51,-0.39,-0.16,0,0,-35.00
1998-09-28T03:00:00,0.17,-0.29,0.54,-0.75,-0.01,-0.09,-0.39,-0.3,-0.08,0,0,-34.00
1998-09-28T04:00:00,0.05,-0.54,0.65,-0.76,0.21,-0.52,-0.48,-0.4,-0.16,0,0,-33.00
1998-09-28T05:00:00,0.0,-0.25,0.84,-0.74,0.05,-0.94,-0.57,-0.39,-0.17,0,0,-27.00
1998-09-28T06:00:00,0.51,-0.03,0.7,-1.01,-0.49,-0.7,-0.54,-0.39,-0.16,0,0,-22.00
1998-09-28T07:00:00,0.35,0.4,0.55,-0.9,-1.24,-0.29,-0.44,-0.34,-0.13,0,0,-18.00
1998-09-28T08:00:00,-0.33,0.08,0.72,-0.46,-0.64,-0.77,-0.46,-0.33,-0.14,0,0,-18.00
1998-09-28T09:00:00,-0.45,-0.3,0.58,-0.34,-0.07,-0.31,-0.34,-0.25,-0.11,0,0,-20.00
1998-09-28T10:00:00,-0.78,-0.16,0.4,-0.1,-0.23,-0.13,-0.32,-0.15,-0.1,0,0,-22.00
1998-09-28T11:00:00,-1.04,-0.03,0.08,0.15,0.11,0.35,-0.42,-0.25,-0.15,0,0,-19.00
1998-09-28T12:00:00,-0.88,-0.13,0.4,0.13,0.32,-0.6,-0.49,-0.11,-0.13,0,0,-21.00
1998-09-28T13:00:00,-0.85,-0.29,0.41,0.03,0.17,-0.26,-0.55,-0.32,-0.16,0,0,-21.00
1998-09-28T14:00:00,-0.88,-0.18,0.34,0.12,-0.13,-0.29,-0.59,-0.25,-0.15,0,0,-21.00
1998-09-28T15:00:00,-0.86,-0.13,0.25,0.14,-0.06,-0.18,-0.57,-0.19,-0.14,0,0,-23.00
1998-09-28T16:00:00,-0.74,-0.13,0.34,0.12,0.05,-0.43,-0.54,-0.28,-0.14,0,0,-25.00
1998-09-28T17:00:00,-0.65,-0.21,0.19,0.11,0.4,-0.13,-0.46,-0.37,-0.13,0,0,-25.00
1998-09-28T18:00:00,-0.81,-0.22,0.02,0.23,0.39,0.17,-0.49,-0.47,-0.16,0,0,-24.00
1998-09-28T19:00:00,-0.7,-0.22,-0.14,0.18,0.21,0.27,-0.31,-0.33,-0.11,0,0,-23.00
1998-09-28T20:00:00,-0.67,0.21,0.09,0.2,-0.37,0.25,-0.34,-0.39,-0.12,0,0,-24.00
1998-09-28T21:00:00,-0.63,0.07,0.35,0.17,-0.02,-0.26,-0.42,-0.37,-0.13,0,0,-24.00
1998-09-28T22:00:00,-0.62,0.02,0.28,0.14,0.26,-0.2,-0.31,-0.35,-0.1,0,0,-23.00
1998-09-28T23:00:00,-0.61,-0.33,0.41,0.19,0.57,-0.5,-0.38,-0.42,-0.14,0,0,-20.00
1998-09-29T00:00:00,-0.68,-0.27,0.38,0.32,0.51,-0.67,-0.45,-0.45,-0.16,0,0,-20.00
1998-09-29T01:00:00,-0.69,0.27,0.13,0.41,-0.26,-0.42,-0.46,-0.37,-0.14,0,0,-22.00
1998-09-29T02:00:00,-0.43,0.61,-0.2,0.3,-0.76,0.16,-0.37,-0.5,-0.16,0,0,-24.00
1998-09-29T03:00:00,-0.47,0.51,-0.24,0.29,-0.52,0.26,-0.34,-0.5,-0.16,0,0,-27.00
1998-09-29T04:00:00,-0.6,0.45,-0.14,0.39,-0.48,0.08,-0.46,-0.52,-0.17,0,0,-27.00
1998-09-29T05:00:00,-0.52,0.55,-0.11,0.36,-0.41,-0.02,-0.39,-0.57,-0.18,0,0,-28.00
1998-09-29T06:00:00,-0.31,0.75,-0.12,0.32,-0.57,0.1,-0.35,-0.58,-0.18,0,0,-26.00
1998-09-29T07:00:00,-0.21,0.65,-0.14,0.31,-0.53,0.06,-0.39,-0.56,-0.17,0,0,-24.00
1998-09-29T08:00:00,-0.66,0.37,0.25,0.48,-0.64,-0.5,0.49,-0.55,-0.15,0,0,-21.00
1998-09-29T09:00:00,-0.41,0.55,-0.24,0.45,-0.59,0.34,-0.47,-0.54,-0.17,0,0,-21.00
1998-09-29T10:00:00,-0.68,0.3,-0.03,0.63,-0.24,-0.02,-0.52,-0.55,-0.18,0,0,-21.00
1998-09-29T11:00:00,-0.78,0.14,0.23,0.69,-0.0,-0.55,-0.52,-0.53,-0.17,0,0,-18.00
1998-09-29T12:00:00,-0.81,0.31,0.05,0.73,-0.31,-0.18,-0.57,-0.53,-0.18,0,0,-19.00
1998-09-29T13:00:00,-0.72,0.24,-0.2,0.73,-0.34,0.48,-0.57,-0.54,-0.18,0,0,-17.00
1998-09-29T14:00:00,-0.75,0.21,-0.22,0.74,-0.26,0.5,-0.59,-0.54,-0.18,0,0,-15.00
1998-09-29T15:00:00,-0.74,0.04,-0.37,0.74,0.01,0.86,-0.51,-0.51,-0.18,0,0,-19.00
1998-09-29T16:00:00,-0.82,-0.25,-0.12,0.8,0.39,0.54,-0.52,-0.53,-0.18,0,0,-21.00
1998-09-29T17:00:00,-0.79,-0.3,0.25,0.78,0.39,-0.33,-0.43,-0.45,-0.16,0,0,-21.00
1998-09-29T18:00:00,-0.71,0.07,-0.39,0.74,-0.07,1.03,-0.42,-0.5,-0.17,0,0,-21.00
1998-09-29T19:00:00,-0.56,0.54,-0.42,0.63,-0.57,0.59,-0.32,-0.53,-0.18,0,0,-20.00
1998-09-29T20:00:00,-0.67,0.7,-0.18,0.67,-0.88,0.15,-0.3,-0.51,-0.17,0,0,-23.00
1998-09-29T21:00:00,-0.99,0.58,0.2,0.76,-0.72,-0.31,-0.14,-0.51,-0.17,0,0,-25.00
1998-09-29T22:00:00,-0.79,0.21,0.48,0.76,-0.4,-0.38,-0.04,-0.46,-0.15,0,0,-24.00
1998-09-29T23:00:00,-0.47,0.54,0.54,0.7,-0.87,-0.54,-0.19,-0.5,-0.16,0,0,-22.00
1998-09-30T00:00:00,-0.51,0.76,0.07,0.7,-1.09,-0.03,-0.09,-0.5,-0.16,0,0,-18.00
1998-09-30T01:00:00,-0.59,0.68,0.05,0.69,-0.96,-0.04,0.16,-0.48,-0.15,0,0,-16.00
1998-09-30T02:00:00,0.21,-0.45,0.46,0.47,-0.3,0.03,0.51,-0.41,-0.03,0,0,-19.00
1998-09-30T03:00:00,0.04,-0.47,0.55,0.32,0.2,-0.21,-0.1,-0.23,-0.04,0,0,-22.00
1998-09-30T04:00:00,0.13,-0.79,0.51,0.18,-0.2,-0.28,0.06,-0.2,-0.08,0,0,-21.00
1998-09-30T05:00:00,0.06,-0.45,0.73,-0.01,0.07,0.19,0.35,-0.04,0.02,0,0,-17.00
1998-09-30T06:00:00,-0.07,-0.63,0.65,-0.03,-0.04,0.34,0.43,-0.15,-0.02,0,0,-7.00
1998-09-30T07:00:00,0.03,-0.4,0.42,-0.01,0.28,0.57,0.64,-0.1,0.41,0,0,-4.00
1998-09-30T08:00:00,0.14,-0.28,0.49,0.09,0.31,0.92,0.49,0.04,0.45,0,0,-4.00
1998-09-30T09:00:00,0.28,-0.58,0.29,0.13,0.14,0.69,0.59,0.07,0.33,0,0,-4.00
1998-09-30T10:00:00,0.32,-0.41,0.48,0.19,0.49,0.89,0.77,-0.11,0.22,0,0,-8.00
1998-09-30T11:00:00,0.31,0.62,0.86,0.39,-0.06,1.11,0.32,-0.42,-0.15,0,0,-5.00
1998-09-30T12:00:00,0.22,1.05,0.58,0.38,0.25,0.78,0.33,-0.45,-0.16,0,0,-1.00
1998-09-30T13:00:00,0.8,0.85,0.3,0.53,0.24,0.26,0.73,-0.35,-0.12,0,0,0.00
1998-09-30T14:00:00,0.73,0.98,-0.02,0.53,0.23,0.15,0.63,-0.35,-0.13,0,0,4.00
1998-09-30T15:00:00,0.44,1.1,0.33,0.53,0.39,0.38,0.63,-0.4,-0.14,0,0,1.00
1998-09-30T16:00:00,0.42,0.82,-0.19,0.52,0.19,0.14,0.76,-0.34,-0.08,0,0,-2.00
1998-09-30T17:00:00,0.21,0.57,0.24,0.45,0.46,0.52,1.4,-0.28,0.23,0,0,-2.00
1998-09-30T18:00:00,0.05,-0.24,0.48,0.36,-0.33,0.86,0.92,-0.02,0.69,0,0,-2.00
1998-09-30T19:00:00,0.19,-0.12,0.7,0.41,-0.14,0.53,0.69,0.09,0.25,0,0,-11.00
1998-09-30T20:00:00,0.53,0.05,-0.35,0.48,0.2,-0.62,0.81,0.38,0.55,0,0,-14.00
1998-09-30T21:00:00,0.3,-0.4,-0.77,0.29,-0.45,-0.49,0.4,0.59,0.11,0,0,-15.00
1998-09-30T22:00:00,0.28,-0.02,-1.13,0.21,-0.74,-0.02,0.1,0.77,-0.03,0,0,-19.00
1998-09-30T23:00:00,0.25,-0.69,-1.26,0.17,-0.6,0.16,-0.01,0.65,-0.1,0,0,-31.00
1998-10-01T00:00:00,0.22,-1.22,-0.79,0.06,0.22,0.92,0.11,0.91,-0.05,0,0,---
1998-10-01T01:00:00,0.11,-1.47,-0.44,0.14,-0.25,1.17,0.24,0.82,-0.04,0,0,-53.00
1998-10-01T02:00:00,0.3,-1.4,-0.43,0.22,-0.46,0.64,0.39,0.59,-0.04,0,0,-58.00
1998-10-01T03:00:00,-0.11,-1.64,-0.41,0.29,-0.7,0.66,0.27,0.43,-0.1,0,0,-55.00
1998-10-01T04:00:00,-0.25,-1.5,-0.84,0.3,-0.84,0.34,0.08,0.36,-0.12,0,0,-57.00
1998-10-01T05:00:00,-0.07,-1.78,-0.67,0.23,-0.9,0.35,-0.04,0.16,-0.15,0,0,-54.00
1998-10-01T06:00:00,0.15,-1.85,-0.47,0.17,-0.53,0.25,-0.14,0.17,-0.15,0,0,-53.00
1998-10-01T07:00:00,0.4,-1.59,0.01,-0.05,-0.0,0.25,0.19,0.1,-0.12,0,0,-58.00
1998-10-01T08:00:00,1.0,-0.75,0.18,-0.06,0.74,0.64,0.18,0.16,-0.06,0,0,-56.00
1998-10-01T09:00:00,1.33,0.32,0.08,-0.17,1.42,-0.04,0.33,0.28,-0.05,0,0,-49.00
1998-10-01T10:00:00,1.33,0.43,0.11,-0.35,1.79,-0.45,0.53,0.1,-0.07,0,0,-44.00
1998-10-01T11:00:00,0.94,-0.1,0.3,-0.34,0.9,-0.94,0.41,0.28,0.11,0,0,-35.00
1998-10-01T12:00:00,0.62,-1.04,0.18,-0.59,0.52,-1.69,0.11,0.63,0.02,0,0,-35.00
1998-10-01T13:00:00,-0.35,-0.86,-0.03,-0.84,0.29,-1.81,0.09,0.53,0.12,0,0,-31.00
1998-10-01T14:00:00,-0.1,-0.46,-0.6,-0.81,0.55,-3.04,0.22,0.46,0.15,0,0,-24.00
1998-10-01T15:00:00,0.72,-1.09,0.23,-0.56,0.38,-1.45,0.02,0.43,-0.05,0,0,-26.00
1998-10-01T16:00:00,1.12,-0.84,0.18,-0.49,0.88,-1.73,0.18,0.36,-0.06,0,0,-34.00
1998-10-01T17:00:00,0.94,-0.53,0.88,-0.59,0.97,-0.68,0.04,0.4,-0.08,0,0,-48.00
1998-10-01T18:00:00,0.86,-0.02,0.71,-0.83,1.09,0.25,-0.31,0.04,-0.11,0,0,-45.00
1998-10-01T19:00:00,0.57,-0.69,-0.09,-0.95,0.1,-0.81,-0.24,0.44,0.03,0,0,-45.00
1998-10-01T20:00:00,0.23,-0.77,-0.01,-1.01,0.07,-0.34,-0.25,0.38,0.07,0,0,-42.00
1998-10-01T21:00:00,0.85,-0.37,0.52,-0.77,0.36,0.52,-0.19,0.51,-0.01,0,0,-40.00
1998-10-01T22:00:00,1.05,-0.52,-0.03,-0.69,0.35,-0.15,-0.1,0.31,-0.05,0,0,-43.00
