1999-10-09T16:00:00,0.18,-0.52,0.21,0.74,-0.34,0.81,0.52,-0.18,0.28,1,0,0.00
1999-10-09T17:00:00,-0.01,-0.52,0.22,0.68,-0.81,0.62,1.31,-0.27,0.45,1,0,3.00
1999-10-09T18:00:00,0.12,-0.73,0.68,0.69,-1.46,0.61,1.83,-0.39,-0.05,1,0,9.00
1999-10-09T19:00:00,0.14,-0.52,0.17,0.7,-1.69,0.52,4.22,-0.53,0.25,1,0,11.00
1999-10-09T20:00:00,-0.53,0.92,0.33,0.66,-1.59,0.68,3.05,-0.4,-0.03,1,0,21.00
1999-10-09T21:00:00,-1.2,0.24,-0.16,0.63,-0.94,0.58,1.85,0.06,0.08,1,0,18.00
1999-10-09T22:00:00,-1.59,0.05,-0.11,0.65,-1.34,0.68,2.08,0.18,0.02,1,0,12.00
1999-10-09T23:00:00,-1.67,-0.07,0.45,0.71,-1.26,0.46,1.97,0.12,-0.03,1,0,14.00
1999-10-10T00:00:00,-1.88,1.59,0.18,0.46,-0.31,0.38,0.6,0.04,-0.15,1,0,14.00
1999-10-10T01:00:00,-2.13,2.18,0.01,0.11,0.37,0.48,-0.24,-0.09,-0.18,1,0,14.00
1999-10-10T02:00:00,-2.28,2.0,0.11,0.01,0.3,0.05,-0.38,-0.02,-0.18,1,0,2.00
1999-10-10T03:00:00,-2.58,1.41,-0.1,0.04,0.8,-0.03,-0.37,-0.06,-0.18,1,0,-8.00
1999-10-10T04:00:00,-2.01,1.18,-0.66,-0.06,0.61,0.07,0.02,0.54,-0.15,1,0,-10.00
1999-10-10T05:00:00,-0.9,0.78,-1.19,-0.22,1.03,1.19,0.66,1.29,-0.01,1,0,-4.00
1999-10-10T06:00:00,-1.66,1.91,-0.7,0.07,0.01,0.37,0.31,0.51,-0.15,1,0,-12.00
1999-10-10T07:00:00,-1.59,2.37,-0.65,0.03,-0.12,0.4,0.36,0.42,-0.16,1,0,-37.00
1999-10-10T08:00:00,-1.26,2.66,-0.24,-0.12,-0.11,-0.28,0.31,0.27,-0.16,1,0,-35.00
1999-10-10T09:00:00,-1.07,1.22,-0.71,-0.17,0.6,0.04,0.53,0.94,-0.04,1,0,-34.00
1999-10-10T10:00:00,-0.53,-2.35,-0.75,-0.51,1.22,-0.15,0.48,0.83,-0.12,1,0,-32.00
1999-10-10T11:00:00,-0.29,-1.72,-0.87,-0.6,1.78,-0.23,0.8,1.35,-0.01,1,0,-38.00
1999-10-10T12:00:00,0.33,-1.62,-0.41,-0.77,1.71,-0.34,0.9,1.66,0.11,1,0,-38.00
1999-10-10T13:00:00,-0.49,-1.65,-0.92,-0.53,1.78,0.83,1.09,1.99,0.08,1,0,-42.00
1999-10-10T14:00:00,-1.13,-0.89,-0.85,-0.35,1.76,0.97,1.02,1.57,0.1,1,0,-45.00
1999-10-10T15:00:00,-1.11,0.82,-1.52,-0.26,0.94,1.69,0.83,1.53,-0.04,1,0,-62.00
1999-10-10T16:00:00,-1.3,1.73,-0.78,-0.28,0.13,1.16,0.63,1.42,-0.07,1,0,-59.00
1999-10-10T17:00:00,-1.16,1.86,-0.46,-0.31,0.27,1.29,0.41,1.4,-0.07,1,0,-63.00
1999-10-10T18:00:00,-1.31,1.44,0.33,-0.27,0.64,0.37,0.27,1.52,-0.04,1,0,-65.00
1999-10-10T19:00:00,-1.35,1.77,-0.05,-0.37,0.55,0.94,0.22,1.51,-0.08,1,0,-67.00
1999-10-10T20:00:00,-0.8,2.01,0.3,-0.74,0.9,0.05,-0.16,2.15,-0.09,1,0,-60.00
1999-10-10T21:00:00,-0.88,1.86,0.25,-0.84,0.97,-0.05,-0.3,1.76,-0.11,1,0,-58.00
1999-10-10T22:00:00,-1.13,1.67,0.18,-0.97,1.03,-0.17,-0.38,1.44,-0.13,1,0,-54.00
1999-10-10T23:00:00,-0.99,1.33,0.09,-1.25,1.01,-0.24,-0.41,1.5,-0.09,1,0,-52.00
1999-10-11T00:00:00,-0.69,0.82,0.36,-1.47,2.22,-1.6,-0.41,2.51,0.11,1,0,-50.00
1999-10-11T01:00:00,-0.7,0.93,-0.43,-1.47,1.94,1.33,-0.46,2.46,0.01,1,0,-50.00
1999-10-11T02:00:00,-0.84,1.14,0.12,-1.39,1.52,-0.51,-0.46,2.43,-0.02,1,0,-49.00
1999-10-11T03:00:00,-0.7,1.02,0.25,-1.37,2.36,-2.46,-0.49,2.64,0.03,1,0,-46.00
1999-10-11T04:00:00,-1.12,0.48,0.06,-1.08,2.44,-1.26,-0.55,2.0,-0.02,1,0,-39.00
1999-10-11T05:00:00,-1.24,0.68,0.1,-1.14,1.4,-1.37,-0.58,1.5,-0.1,1,0,-40.00
1999-10-11T06:00:00,-0.74,0.51,-0.78,-1.44,1.47,0.75,-0.62,1.38,-0.1,1,0,-37.00
1999-10-11T07:00:00,-1.11,0.46,-0.38,-1.15,1.58,-0.44,-0.65,1.09,-0.12,1,0,-43.00
1999-10-11T08:00:00,-1.05,0.48,-0.32,-1.06,1.43,-0.23,-0.64,1.05,-0.11,0,0,-52.00
1999-10-11T09:00:00,-1.34,0.51,-0.44,-0.92,1.3,-0.5,-0.57,0.97,-0.13,0,0,-48.00
1999-10-11T10:00:00,-1.0,0.68,-0.27,-0.62,0.54,0.21,-0.41,0.62,-0.09,0,0,-40.00
1999-10-11T11:00:00,-1.21,0.45,-0.51,-0.42,0.83,0.89,-0.32,0.21,-0.13,0,0,-34.00
1999-10-11T12:00:00,-1.18,0.45,-0.05,-0.34,0.58,-0.0,-0.26,0.09,-0.12,0,0,-41.00
1999-10-11T13:00:00,-1.1,0.56,0.12,-0.36,0.33,-0.14,-0.29,0.17,-0.11,0,0,-45.00
1999-10-11T14:00:00,-0.95,0.67,0.02,-0.46,-0.05,0.43,-0.35,0.16,-0.11,0,0,-42.00
1999-10-11T15:00:00,-1.15,0.5,-0.56,-0.38,-0.03,1.36,-0.4,-0.12,-0.16,0,0,-36.00
1999-10-11T16:00:00,-0.74,0.68,0.22,-0.47,-0.51,0.36,-0.29,0.22,-0.07,0,0,-34.00
1999-10-11T17:00:00,-0.57,0.82,0.23,-0.6,-0.65,0.24,-0.04,0.3,-0.01,0,0,-34.00
1999-10-11T18:00:00,-0.64,0.15,0.15,-0.64,0.01,0.16,0.06,0.28,0.27,0,0,-26.00
1999-10-11T19:00:00,-0.92,0.32,0.21,-0.5,-0.36,-0.12,0.14,0.23,0.02,0,0,-18.00
1999-10-11T20:00:00,-0.78,0.62,-0.17,-0.59,-0.81,0.36,0.2,0.16,-0.0,0,0,-22.00
1999-10-11T21:00:00,-0.97,0.57,-0.47,-0.52,-0.78,0.88,0.08,-0.13,-0.12,0,0,-18.00
1999-10-11T22:00:00,-0.95,0.37,-0.44,-0.55,-0.55,0.71,0.26,-0.1,-0.09,0,0,-24.00
1999-10-11T23:00:00,-0.59,0.54,-0.36,-0.68,-0.85,0.66,0.22,-0.0,-0.02,0,0,-35.00
1999-10-14T00:00:00,-3.4,2.54,1.36,0.54,1.5,-0.09,-0.73,1.5,-0.19,0,0,-37.00
1999-10-14T01:00:00,-3.06,2.65,3.87,0.32,0.1,-1.83,-0.83,0.92,-0.19,0,0,-38.00
1999-10-14T18:00:00,-6.14,-1.09,-0.77,-0.55,4.06,5.99,3.6,-0.55,-0.19,0,0,-29.00
1999-10-14T19:00:00,-5.99,-0.97,-0.86,-0.78,1.21,3.62,5.91,-0.58,-0.19,0,0,-26.00
1999-10-14T20:00:00,-6.78,-1.2,-0.92,-1.25,4.49,16.55,8.44,-0.58,-0.19,0,0,-27.00
1999-10-14T21:00:00,-6.07,-0.59,-0.41,3.19,-3.13,12.12,8.62,-0.59,-0.19,0,0,-34.00
1999-10-14T22:00:00,-5.19,-1.03,-0.35,1.06,19.84,-7.14,-1.0,-0.47,-0.19,0,0,-36.00
1999-10-14T23:00:00,-5.22,-0.95,-0.62,2.08,11.41,-2.91,15.69,-0.59,-0.19,0,0,-34.00
1999-10-15T00:00:00,-5.52,-0.42,0.44,0.38,-4.21,1.9,20.59,-0.62,-0.19,0,0,-33.00
1999-10-15T01:00:00,-6.16,-0.85,0.16,1.49,7.49,-7.12,2.42,-0.58,-0.19,0,0,-48.00
1999-10-15T02:00:00,-4.73,-1.93,0.32,-0.96,1.25,1.99,9.76,-0.6,-0.19,0,0,-61.00
1999-10-15T04:00:00,-4.74,-0.87,0.1,0.44,7.68,-1.86,3.54,-0.56,-0.19,0,0,-52.00
1999-10-15T06:00:00,-3.45,-1.25,-0.64,-0.45,-3.99,-1.84,-0.44,3.89,-0.15,0,0,-67.00
1999-10-15T07:00:00,-1.34,-0.33,0.4,-0.52,-3.89,-0.73,-0.49,3.81,0.05,0,0,-61.00
1999-10-15T08:00:00,0.4,0.24,-0.76,-0.72,-3.68,-0.14,-0.55,5.14,0.27,0,0,-50.00
1999-10-15T09:00:00,-0.28,0.25,1.29,-1.28,-3.34,-0.54,-0.58,6.45,0.1,0,0,-48.00
1999-10-15T10:00:00,0.47,0.39,0.08,-1.07,-2.24,-2.16,-0.57,5.72,1.38,0,0,-49.00
1999-10-15T11:00:00,-0.37,0.16,1.29,-0.88,-6.09,0.44,-0.5,5.86,0.12,0,0,-47.00
1999-10-15T12:00:00,0.19,0.52,0.66,-0.91,-4.63,-0.6,-0.5,4.85,0.52,0,0,-48.00
1999-10-15T13:00:00,-0.8,-0.06,-1.14,-0.61,-6.92,-0.18,-0.42,4.6,0.05,0,0,-44.00
1999-10-15T14:00:00,-1.38,-0.36,-0.65,-0.87,-5.5,-1.14,-0.3,3.38,0.03,0,0,-45.00
1999-10-15T15:00:00,-0.36,0.37,-0.69,-0.76,-2.0,-3.4,-0.32,5.5,0.63,0,0,-44.00
1999-10-15T16:00:00,0.18,0.53,0.42,-0.71,-3.65,0.14,-0.45,3.41,0.73,0,0,-46.00
1999-10-15T17:00:00,-0.75,0.06,-0.52,-1.53,-1.06,-3.22,-0.24,4.14,0.55,0,0,-42.00
1999-10-15T18:00:00,-0.55,-0.22,0.97,-1.15,-3.52,-1.62,-0.08,4.02,0.43,0,0,-37.00
1999-10-15T19:00:00,-0.72,0.11,0.68,-1.43,-3.23,-0.83,-0.2,3.16,0.43,0,0,-37.00
1999-10-15T20:00:00,0.06,0.62,0.31,-0.93,-2.02,-2.92,-0.24,3.81,1.26,0,0,-40.00
1999-10-15T21:00:00,-0.47,0.27,1.02,-1.17,-3.2,-0.3,-0.41,1.9,0.01,0,0,-39.00
1999-10-15T22:00:00,-0.67,0.09,0.52,-1.84,-0.14,-0.62,-0.61,0.43,-0.07,0,0,-36.00
1999-10-15T23:00:00,-0.63,0.46,0.1,-1.85,-0.5,0.03,-0.6,0.55,-0.03,0,0,-31.00
1999-10-16T00:00:00,-0.57,0.38,-0.21,-1.84,-0.06,0.2,-0.61,0.47,-0.03,0,0,-28.00
1999-10-16T01:00:00,-0.54,0.37,-0.03,-1.8,-0.49,0.06,-0.63,0.41,-0.01,0,0,-30.00
1999-10-16T02:00:00,-0.65,0.43,0.03,-1.7,-0.5,0.07,-0.63,0.07,-0.1,0,0,-33.00
1999-10-16T03:00:00,-0.35,0.17,-0.55,-1.94,0.21,1.53,-0.61,0.25,-0.08,0,0,-29.00
1999-10-16T04:00:00,-0.4,0.24,-0.27,-1.72,-0.39,0.85,-0.65,0.09,-0.05,0,0,-31.00
1999-10-16T05:00:00,-0.85,0.09,-0.19,-1.47,0.04,0.53,-0.64,-0.13,-0.14,0,0,-31.00
1999-10-16T06:00:00,-0.49,0.18,0.08,-1.56,-0.06,-0.18,-0.61,0.3,0.09,0,0,-33.00
1999-10-16T07:00:00,0.36,0.24,0.44,-1.97,-0.19,-1.16,-0.59,0.25,0.01,0,0,-30.00
1999-10-16T08:00:00,-0.57,0.27,-0.02,-1.16,-0.69,0.2,-0.64,-0.08,-0.09,0,0,-25.00
1999-10-16T09:00:00,-0.75,0.42,-0.3,-1.03,-0.92,0.61,-0.62,-0.14,-0.15,0,0,-29.00
1999-10-16T10:00:00,-0.99,0.1,-0.04,-0.84,-0.25,0.04,-0.62,-0.33,-0.17,0,0,-28.00
1999-10-16T11:00:00,-0.74,0.31,-0.21,-1.02,-0.48,0.29,-0.57,-0.13,-0.13,0,0,-32.00
1999-10-16T12:00:00,-0.58,0.35,-0.39,-1.23,-0.37,0.54,-0.5,-0.03,-0.1,0,0,-25.00
1999-10-16T13:00:00,-0.6,-0.09,-0.49,-1.21,0.32,0.69,-0.48,-0.06,-0.11,0,0,-27.00
1999-10-16T14:00:00,-0.45,0.46,-0.24,-1.25,-0.57,-0.15,-0.4,0.07,-0.03,0,0,-43.00
1999-10-16T15:00:00,-0.48,0.44,-0.16,-1.21,-0.57,-0.33,-0.41,0.02,-0.03,0,0,-47.00
1999-10-16T16:00:00,-0.55,-0.1,0.13,-1.16,0.61,-0.89,-0.38,0.09,0.12,0,0,-38.00
1999-10-16T17:00:00,-0.26,0.41,-0.28,-1.26,-0.54,-0.05,-0.4,0.1,0.03,0,0,-34.00
1999-10-16T18:00:00,-0.11,0.53,-0.34,-1.34,-0.4,0.03,-0.37,0.06,-0.02,0,0,-32.00
1999-10-16T19:00:00,0.28,0.61,-0.3,-1.49,0.3,-0.11,-0.38,-0.01,-0.07,0,0,-35.00
1999-10-16T20:00:00,-0.35,0.38,0.06,-1.22,0.03,-0.84,-0.26,0.21,0.28,0,0,-41.00
1999-10-16T21:00:00,-0.47,0.56,0.24,-1.15,-0.37,-0.85,-0.28,0.12,0.0,0,0,-37.00
1999-10-16T22:00:00,-0.37,0.67,0.34,-1.08,-0.54,-1.08,-0.34,0.04,-0.06,0,0,-38.00
1999-10-16T23:00:00,-0.06,0.3,-0.54,-1.19,-0.44,0.77,-0.4,0.04,-0.05,0,0,-34.00
1999-10-17T00:00:00,-0.23,0.76,-0.05,-1.05,-1.12,-0.3,-0.38,0.03,-0.06,0,0,-31.00
1999-10-17T01:00:00,-0.08,0.85,-0.13,-1.06,-1.08,0.07,-0.44,-0.03,-0.1,0,0,-34.00
1999-10-17T02:00:00,-0.22,0.54,-0.24,-0.93,-0.35,0.08,-0.46,-0.12,-0.07,0,0,-32.00
1999-10-17T03:00:00,-0.22,0.75,-0.24,-0.85,-0.75,-0.09,-0.48,-0.24,-0.14,0,0,-35.00
1999-10-17T04:00:00,-0.06,0.72,-0.31,-0.86,-1.04,0.26,-0.39,-0.3,-0.13,0,0,-30.00
1999-10-17T05:00:00,-0.2,0.6,-0.47,-0.75,-0.94,0.52,-0.4,-0.31,-0.14,0,0,-27.00
1999-10-17T06:00:00,-0.52,0.5,-0.36,-0.59,-0.63,0.15,-0.4,-0.31,-0.14,0,0,-33.00
1999-10-17T07:00:00,-0.5,0.35,-0.37,-0.56,-0.56,0.32,-0.33,-0.31,-0.12,0,0,-35.00
1999-10-17T08:00:00,-0.34,-0.13,-0.65,-0.6,0.11,0.73,-0.33,-0.29,-0.13,0,0,-33.00
1999-10-17T09:00:00,-0.17,0.32,-0.35,-0.63,-0.4,0.16,-0.31,-0.27,-0.05,0,0,-38.00
1999-10-17T10:00:00,-0.28,0.35,-0.49,-0.53,-0.7,0.41,-0.27,-0.3,-0.11,0,0,-36.00
1999-10-17T11:00:00,-0.23,0.35,-0.58,-0.51,-0.6,0.67,-0.28,-0.27,-0.12,0,0,-36.00
1999-10-17T12:00:00,-0.14,0.09,-0.54,-0.5,-0.15,0.46,-0.24,-0.24,-0.07,0,0,-46.00
1999-10-17T13:00:00,-0.18,0.26,-0.31,-0.45,-0.34,0.19,-0.22,-0.27,-0.0,0,0,-54.00
1999-10-17T14:00:00,-0.51,0.13,-0.41,-0.31,-0.2,0.46,-0.1,-0.29,-0.08,0,0,-48.00
1999-10-17T15:00:00,-0.56,0.52,0.23,-0.27,-0.62,-0.04,-0.03,-0.26,-0.07,0,0,-39.00
1999-10-17T16:00:00,-0.34,0.54,0.05,-0.26,-0.73,-0.06,-0.11,-0.34,-0.06,0,0,-31.00
1999-10-17T17:00:00,-0.68,-0.04,-0.13,-0.04,-0.24,0.25,-0.03,-0.33,-0.07,0,0,-26.00
1999-10-17T18:00:00,-0.72,0.27,0.09,0.02,-0.61,0.23,-0.18,-0.39,-0.12,0,0,-32.00
1999-10-17T19:00:00,-0.64,0.47,0.1,-0.01,-0.7,0.14,-0.06,-0.38,-0.11,0,0,-32.00
1999-10-17T20:00:00,-0.43,0.64,0.23,-0.02,-0.7,0.13,-0.01,-0.39,-0.11,0,0,-30.00
1999-10-17T21:00:00,-0.52,0.46,0.28,0.05,-0.59,0.13,0.06,-0.35,-0.07,0,0,-28.00
1999-10-17T22:00:00,-0.37,0.7,0.14,0.04,-0.78,0.26,0.07,-0.36,-0.1,0,0,-24.00
1999-10-17T23:00:00,-0.28,0.6,0.12,0.05,-0.64,0.25,0.13,-0.37,-0.06,0,0,-22.00
1999-10-18T00:00:00,-0.53,0.16,0.17,0.15,0.02,0.09,0.13,-0.36,0.02,0,0,-20.00
1999-10-18T01:00:00,-0.63,0.45,0.19,0.21,-0.21,0.27,0.05,-0.35,-0.09,0,0,-18.00
1999-10-18T02:00:00,-0.56,0.5,0.12,0.24,-0.21,0.39,-0.01,-0.38,-0.1,0,0,-14.00
1999-10-18T03:00:00,-0.52,0.52,0.1,0.22,-0.19,0.21,-0.03,-0.38,-0.1,0,0,-11.00
1999-10-18T04:00:00,-0.52,0.35,0.27,0.23,-0.03,0.15,0.01,-0.4,-0.08,0,0,-9.00
1999-10-18T05:00:00,-0.86,-0.23,0.27,0.36,0.34,-0.13,-0.17,-0.44,-0.15,0,0,-10.00
1999-10-18T06:00:00,-0.87,-0.06,0.33,0.38,0.26,-0.26,-0.3,-0.45,-0.16,0,0,-12.00
1999-10-18T07:00:00,-0.88,-0.13,0.46,0.46,0.26,-0.46,-0.34,-0.47,-0.17,0,0,-10.00
1999-10-18T08:00:00,-0.9,0.33,0.43,0.48,-0.16,-0.49,-0.32,-0.46,-0.17,0,0,-10.00
1999-10-18T09:00:00,-0.9,0.46,0.52,0.49,-0.16,-0.73,-0.25,-0.46,-0.17,0,0,-12.00
1999-10-18T10:00:00,-0.57,0.62,0.24,0.31,-0.39,-0.15,-0.08,-0.32,-0.11,0,0,-13.00
1999-10-18T11:00:00,-0.36,0.47,-0.05,0.26,-0.18,0.23,-0.02,-0.35,-0.04,0,0,-11.00
1999-10-18T12:00:00,-0.23,0.3,-0.03,0.28,0.1,0.16,-0.11,-0.23,0.25,0,0,-12.00
1999-10-18T13:00:00,0.01,0.73,0.12,0.2,-0.63,-0.04,-0.29,-0.36,-0.12,0,0,-15.00
1999-10-18T14:00:00,-0.22,0.6,-0.1,0.34,-0.59,0.4,-0.26,-0.32,-0.09,0,0,-14.00
1999-10-18T15:00:00,-0.34,0.41,-0.13,0.42,-0.32,0.44,-0.18,-0.24,0.0,0,0,-11.00
1999-10-18T16:00:00,-0.33,0.29,-0.1,0.48,-0.28,0.42,-0.24,-0.28,0.04,0,0,-18.00
1999-10-18T17:00:00,-0.5,0.33,-0.11,0.56,-0.43,0.46,-0.27,-0.29,-0.06,0,0,-23.00
1999-10-18T18:00:00,-0.45,0.33,-0.16,0.54,-0.39,0.54,-0.21,-0.34,-0.07,0,0,-21.00
1999-10-18T19:00:00,-0.73,0.12,-0.15,0.62,-0.2,0.22,-0.02,-0.36,-0.1,0,0,-18.00
1999-10-18T20:00:00,-0.48,0.28,-0.29,0.62,-0.47,0.34,-0.13,-0.38,-0.1,0,0,-21.00
1999-10-18T21:00:00,-0.59,0.29,0.08,0.68,-0.56,-0.12,-0.05,-0.37,-0.07,0,0,-19.00
1999-10-18T22:00:00,-0.53,0.09,0.41,0.69,-0.49,-0.5,-0.15,-0.4,-0.1,0,0,-23.00
1999-10-18T23:00:00,-0.59,-0.13,-0.15,0.72,-0.3,0.17,-0.05,-0.36,-0.06,0,0,-24.00
1999-10-19T00:00:00,-0.25,0.45,0.06,0.68,-0.82,-0.39,-0.21,-0.48,-0.09,0,0,-23.00
1999-10-19T01:00:00,-0.33,0.55,-0.07,0.74,-0.84,-0.12,-0.16,-0.47,-0.13,0,0,-23.00
1999-10-19T02:00:00,-0.46,0.48,0.07,0.81,-0.75,-0.32,-0.04,-0.45,-0.11,0,0,-22.00
1999-10-19T03:00:00,-0.43,0.38,0.13,0.85,-0.67,-0.22,-0.03,-0.51,-0.12,0,0,-17.00
1999-10-19T04:00:00,-0.42,0.12,-0.24,0.91,-0.57,0.14,0.12,-0.53,-0.11,0,0,-11.00
1999-10-19T05:00:00,-0.69,0.0,-0.35,1.09,-0.53,0.09,0.31,-0.52,-0.15,0,0,-11.00
1999-10-19T06:00:00,-0.56,-0.2,-0.41,1.09,-0.3,0.1,0.17,-0.52,-0.15,0,0,-16.00
1999-10-19T07:00:00,-0.5,-0.11,-0.28,1.05,-0.45,-0.03,0.2,-0.51,-0.11,0,0,-25.00
1999-10-19T08:00:00,-0.73,-0.1,-0.14,1.04,-0.46,0.23,0.1,-0.54,-0.15,0,0,-26.00
1999-10-19T09:00:00,-0.76,-0.11,0.07,1.07,-0.58,-0.16,0.15,-0.54,-0.15,0,0,-26.00
1999-10-19T10:00:00,-0.55,0.27,0.47,0.93,-0.71,-0.17,0.19,-0.56,-0.16,0,0,-22.00
1999-10-19T11:00:00,-0.62,0.23,0.38,0.97,-0.74,-0.18,0.22,-0.57,-0.16,0,0,-18.00
1999-10-19T12:00:00,-0.72,0.08,0.32,0.98,-0.43,-0.03,0.11,-0.56,-0.16,0,0,-17.00
1999-10-19T13:00:00,-0.77,0.13,0.39,0.98,-0.53,-0.02,0.01,-0.58,-0.17,0,0,-18.00
1999-10-19T14:00:00,-0.68,0.22,0.5,0.94,-0.64,-0.01,-0.07,-0.58,-0.18,0,0,-16.00
1999-10-19T15:00:00,-0.75,0.04,0.43,0.99,-0.28,0.23,-0.09,-0.58,-0.17,0,0,-12.00
1999-10-19T16:00:00,-0.63,-0.14,0.58,0.95,-0.0,-0.06,-0.11,-0.58,-0.18,0,0,-10.00
1999-10-19T17:00:00,-0.8,-0.18,0.36,1.05,-0.08,0.28,-0.13,-0.58,-0.18,0,0,-11.00
1999-10-19T18:00:00,-0.8,-0.26,0.31,1.05,0.01,0.26,0.02,-0.56,-0.17,0,0,-9.00
1999-10-19T19:00:00,-0.56,-0.6,0.16,1.04,0.31,0.3,0.14,-0.52,-0.15,0,0,-5.00
1999-10-19T20:00:00,-0.58,0.41,0.27,1.0,-0.17,0.36,0.53,-0.54,-0.13,0,0,-5.00
1999-10-19T21:00:00,-0.75,-0.52,0.41,1.03,0.55,0.1,0.44,-0.56,-0.17,0,0,-6.00
1999-10-19T22:00:00,-0.68,0.07,0.47,1.01,-0.11,0.17,0.59,-0.52,-0.13,0,0,-7.00
1999-10-19T23:00:00,-0.56,0.35,0.48,1.01,-0.28,0.22,0.46,-0.53,-0.14,0,0,-7.00
1999-10-20T00:00:00,-0.3,0.58,0.61,1.01,-0.32,0.06,0.43,-0.55,-0.16,0,0,-6.00
1999-10-20T01:00:00,-0.22,0.85,0.53,0.97,-0.17,0.2,0.09,-0.53,-0.17,0,0,-3.00
1999-10-20T02:00:00,-0.02,1.07,0.3,0.94,-0.13,0.27,0.03,-0.5,-0.17,0,0,-3.00
1999-10-20T03:00:00,-0.14,1.02,0.37,0.98,-0.22,0.28,0.08,-0.52,-0.17,0,0,-3.00
1999-10-20T04:00:00,-0.4,1.07,0.28,1.07,-0.27,0.3,0.27,-0.57,-0.18,0,0,-1.00
1999-10-20T05:00:00,-0.17,1.14,0.48,1.11,-0.36,0.14,0.28,-0.58,-0.18,0,0,1.00
1999-10-20T06:00:00,-0.3,1.1,0.57,1.11,-0.34,0.31,0.35,-0.57,-0.18,0,0,3.00
1999-10-20T07:00:00,-0.5,1.01,0.65,1.11,-0.36,0.39,0.22,-0.56,-0.18,0,0,6.00
1999-10-20T08:00:00,-0.69,0.69,0.9,1.11,-0.3,0.28,-0.11,-0.54,-0.18,0,0,8.00
1999-10-20T09:00:00,-0.29,0.64,0.83,1.16,-0.47,-0.2,0.83,-0.58,-0.17,0,0,7.00
1999-10-20T10:00:00,-0.21,0.37,0.81,1.14,-0.18,0.04,0.57,-0.56,-0.16,0,0,10.00
1999-10-20T11:00:00,-0.14,1.2,0.5,1.13,-0.4,0.73,0.11,-0.53,-0.18,0,0,7.00
1999-10-20T12:00:00,-0.33,1.07,0.56,1.24,-0.17,0.58,0.27,-0.5,-0.17,0,0,1.00
1999-10-20T13:00:00,0.1,1.25,0.21,1.18,-0.28,0.75,0.25,-0.5,-0.17,0,0,-2.00
1999-10-20T14:00:00,-0.03,1.15,-0.01,1.2,-0.33,0.68,0.24,-0.5,-0.17,0,0,-1.00
1999-10-20T15:00:00,-0.42,1.09,0.45,1.27,-0.39,0.31,0.23,-0.51,-0.17,0,0,3.00
1999-10-20T16:00:00,-0.24,1.13,0.38,1.24,-0.43,0.42,0.25,-0.54,-0.17,0,0,1.00
1999-10-20T17:00:00,-0.34,1.17,0.15,1.29,-0.55,0.52,0.21,-0.54,-0.18,0,0,2.00
1999-10-20T18:00:00,-0.32,1.05,0.05,1.33,-0.45,0.7,0.26,-0.53,-0.17,0,0,2.00
1999-10-20T19:00:00,-0.23,0.95,0.05,1.32,-0.26,0.66,0.47,-0.52,-0.15,0,0,1.00
1999-10-20T20:00:00,-0.17,0.79,0.59,1.31,-0.21,0.38,0.49,-0.52,-0.15,0,0,-1.00
1999-10-20T21:00:00,-0.2,0.79,0.54,1.29,-0.32,0.47,0.7,-0.5,-0.14,0,0,-4.00
1999-10-20T22:00:00,-0.02,0.85,0.54,1.25,-0.24,0.25,1.02,-0.5,-0.14,0,0,0.00
1999-10-20T23:00:00,-0.29,0.94,0.36,1.31,-0.39,0.24,0.93,-0.5,-0.14,0,0,3.00
1999-10-21T00:00:00,-0.24,1.27,-0.15,1.21,-0.56,0.31,1.71,-0.51,-0.15,0,0,2.00
1999-10-21T01:00:00,-0.38,1.41,0.18,1.21,-0.75,0.49,1.64,-0.51,-0.16,0,0,4.00
1999-10-21T02:00:00,-0.62,3.12,-0.15,0.71,-0.95,1.22,4.1,-0.35,-0.16,0,0,4.00
1999-10-21T03:00:00,-0.31,1.89,0.72,0.41,-0.18,1.1,7.03,-0.06,0.03,1,0,19.00
1999-10-21T04:00:00,0.5,-0.46,1.37,0.38,0.68,0.59,6.04,0.27,0.29,1,0,23.00
1999-10-21T05:00:00,0.74,-2.23,3.24,0.4,-0.09,1.77,1.14,0.28,-0.17,1,0,21.00
1999-10-21T06:00:00,0.89,-2.32,2.79,0.48,-0.18,1.64,1.31,0.35,-0.16,1,0,15.00
1999-10-21T07:00:00,1.74,-2.32,1.91,0.61,-0.13,1.2,1.5,0.31,-0.15,1,0,17.00
1999-10-21T08:00:00,1.05,-2.44,1.28,0.54,-0.58,0.49,1.13,0.29,-0.15,1,0,12.00
1999-10-21T09:00:00,0.93,-2.44,1.47,0.73,-0.75,0.88,1.18,-0.04,-0.16,1,0,11.00
1999-10-21T10:00:00,1.04,-3.07,1.55,0.62,-0.85,0.77,0.25,-0.21,-0.18,1,1,8.00
1999-10-21T11:00:00,1.26,-3.14,1.19,0.45,-1.37,-0.13,0.54,0.04,-0.17,1,1,7.00
1999-10-21T12:00:00,0.72,-3.13,0.85,0.19,-1.54,-0.95,0.59,0.08,-0.17,1,1,10.00
1999-10-21T13:00:00,0.76,-2.82,1.25,0.21,-1.49,-0.0,0.48,-0.28,-0.18,1,1,9.00
1999-10-21T14:00:00,0.59,-2.73,1.04,0.09,-1.82,-0.45,0.2,-0.35,-0.18,1,1,7.00
1999-10-21T15:00:00,0.55,-2.92,0.85,0.02,-1.91,-0.71,0.21,-0.27,-0.18,1,1,8.00
1999-10-21T16:00:00,0.75,-3.51,0.35,-0.23,-2.21,-1.07,0.45,-0.15,-0.18,1,1,9.00
1999-10-21T17:00:00,0.43,-3.27,-0.49,-0.13,-1.59,-0.84,0.58,-0.17,-0.18,1,1,16.00
1999-10-21T18:00:00,0.96,-2.97,-0.04,-0.07,-0.78,-0.81,1.12,-0.16,-0.17,1,1,13.00
1999-10-21T19:00:00,1.3,-2.93,0.56,-0.03,-0.78,-0.49,1.38,-0.35,-0.18,1,1,2.00
1999-10-21T20:00:00,1.94,-2.78,0.58,0.11,-0.76,-0.35,2.71,-0.44,-0.18,1,1,-5.00
1999-10-21T21:00:00,1.42,-1.85,2.38,0.13,-0.38,-0.21,1.73,-0.45,-0.18,1,1,-2.00
1999-10-21T22:00:00,0.95,-1.09,2.96,0.14,-0.28,0.17,0.34,-0.44,-0.19,1,1,-3.00
1999-10-21T23:00:00,2.46,-1.47,1.61,0.05,0.06,-0.13,1.91,-0.4,-0.18,1,1,-4.00
1999-10-22T00:00:00,1.66,-1.44,-2.78,0.01,0.12,-1.33,4.76,-0.55,-0.19,1,1,20.00
1999-10-22T01:00:00,2.22,-1.97,-2.47,-0.01,0.03,-1.8,2.7,-0.56,-0.19,1,1,-23.00
1999-10-22T02:00:00,2.72,-2.46,-2.09,-0.04,-0.57,-1.87,0.95,-0.54,-0.19,1,1,-77.00
1999-10-22T03:00:00,2.63,-1.81,-3.28,-0.38,-0.73,-2.28,0.52,-0.29,-0.19,1,1,-96.00
1999-10-22T04:00:00,2.71,-1.23,-4.31,-0.51,-0.81,-1.68,0.35,-0.08,-0.19,1,1,-109.00
1999-10-22T05:00:00,3.32,-0.54,-4.65,-0.53,-0.47,-1.54,0.63,-0.44,-0.19,1,1,-155.00
1999-10-22T06:00:00,2.44,2.49,-3.11,-0.77,-0.12,-0.79,3.11,0.15,-0.17,1,1,-205.00
1999-10-22T07:00:00,0.63,1.2,-0.54,-1.35,1.26,0.78,6.39,0.99,0.87,1,0,-237.00
1999-10-22T08:00:00,1.36,-0.82,0.7,-1.68,1.71,0.13,1.8,0.54,0.05,1,0,-228.00
1999-10-22T09:00:00,-0.25,-0.05,0.02,-1.86,1.54,0.79,0.49,0.48,5.07,1,0,-206.00
1999-10-22T10:00:00,-0.57,0.72,-0.45,-1.75,-0.03,1.28,0.13,0.9,0.1,1,0,-184.00
1999-10-22T11:00:00,-0.06,1.41,-0.3,-1.96,-1.04,0.98,-0.22,0.81,-0.08,1,0,-183.00
1999-10-22T12:00:00,-0.16,0.98,0.17,-1.92,0.03,-0.24,-0.27,1.33,0.1,1,0,-179.00
1999-10-22T13:00:00,-0.61,0.64,0.25,-1.7,-0.67,-0.01,-0.09,2.0,0.41,1,0,-166.00
1999-10-22T14:00:00,-0.17,1.34,0.07,-1.98,-0.92,-0.11,-0.35,0.99,-0.07,0,0,-142.00
1999-10-22T15:00:00,-1.05,0.0,0.24,-1.57,0.93,-0.83,-0.16,0.87,0.05,0,0,-123.00
1999-10-22T16:00:00,-1.04,0.34,0.02,-1.55,0.15,-0.48,-0.17,0.66,0.0,0,0,-114.00
1999-10-22T17:00:00,-0.76,0.95,0.17,-1.74,-0.38,-0.7,-0.28,0.85,-0.04,0,0,-115.00
1999-10-22T18:00:00,-0.64,0.36,-0.34,-1.96,-0.41,0.2,-0.36,0.81,0.06,0,0,-112.00
1999-10-22T19:00:00,-0.9,0.75,0.31,-1.92,-1.09,0.15,-0.34,0.68,-0.07,0,0,-112.00
1999-10-22T20:00:00,-1.13,0.25,0.16,-1.82,-0.66,1.05,-0.3,0.67,-0.04,0,0,-101.00
1999-10-22T21:00:00,-0.57,0.25,0.13,-1.83,-0.34,0.43,-0.23,0.97,0.47,0,0,-98.00
1999-10-22T22:00:00,-0.75,0.5,0.24,-1.74,-1.25,0.19,-0.2,0.88,0.11,0,0,-87.00
1999-10-22T23:00:00,-1.24,0.72,0.33,-1.5,-1.03,0.39,-0.26,0.36,-0.12,0,0,-80.00
1999-10-23T00:00:00,-0.69,0.26,0.19,-1.15,-1.26,0.47,0.2,0.62,0.37,0,0,-75.00
1999-10-23T01:00:00,-1.08,0.9,0.2,-1.38,-0.64,0.92,-0.28,0.2,-0.13,0,0,-69.00
1999-10-23T02:00:00,-0.61,0.94,-0.34,-1.5,-0.83,1.37,-0.32,0.2,-0.11,0,0,-67.00
1999-10-23T03:00:00,-0.86,0.71,-0.17,-1.69,-0.71,0.57,-0.38,0.3,-0.1,0,0,-69.00
1999-10-23T04:00:00,-0.99,0.3,0.31,-1.62,0.16,-0.33,-0.38,0.26,-0.09,0,0,-76.00
1999-10-23T05:00:00,-1.16,0.1,-0.0,-1.49,0.25,0.4,-0.36,0.16,-0.11,0,0,-76.00
1999-10-23T06:00:00,-1.12,0.02,0.05,-1.38,0.36,0.21,-0.38,0.11,-0.11,0,0,-70.00
1999-10-23T07:00:00,-1.14,-0.25,0.1,-1.38,0.72,0.09,-0.42,-0.0,-0.13,0,0,-69.00
1999-10-23T08:00:00,-1.29,-0.03,0.18,-1.35,0.23,0.82,-0.46,-0.14,-0.16,0,0,-69.00
1999-10-23T09:00:00,-1.09,-0.0,0.23,-1.43,0.69,0.57,-0.55,0.02,-0.14,0,0,-65.00
1999-10-23T10:00:00,-1.28,0.3,0.04,-1.33,0.57,0.84,-0.54,-0.11,-0.16,0,0,-59.00
1999-10-23T11:00:00,-1.02,0.24,-0.09,-1.58,1.3,0.6,-0.46,0.64,-0.06,0,0,-57.00
1999-10-23T12:00:00,-1.05,0.09,-0.02,-1.54,1.62,0.24,-0.39,0.67,-0.04,0,0,-56.00
1999-10-23T13:00:00,-0.59,0.64,-0.38,-1.64,0.94,0.55,-0.38,0.98,0.01,0,0,-55.00
1999-10-23T14:00:00,-0.18,0.66,-0.58,-1.71,1.08,1.03,-0.31,0.94,0.02,0,0,-52.00
1999-10-23T15:00:00,-0.42,0.83,-0.47,-1.49,0.93,0.97,-0.31,0.85,-0.03,0,0,-50.00
1999-10-23T16:00:00,-1.0,0.56,-0.17,-1.23,1.14,0.52,-0.35,0.59,-0.07,0,0,-56.00
1999-10-23T17:00:00,-0.97,0.54,-0.07,-1.18,0.95,0.33,-0.33,0.49,-0.06,0,0,-67.00
1999-10-23T18:00:00,-1.17,0.36,0.2,-1.02,1.31,0.35,-0.32,0.28,-0.1,0,0,-70.00
1999-10-23T19:00:00,-1.11,0.49,0.05,-1.02,1.05,0.75,-0.45,0.33,-0.11,0,0,-69.00
1999-10-23T20:00:00,-0.94,0.69,-0.01,-1.05,0.93,0.69,-0.42,0.54,-0.09,0,0,-64.00
1999-10-23T21:00:00,-0.4,1.1,-0.38,-1.23,0.45,1.29,-0.41,0.67,-0.09,0,0,-61.00
1999-10-23T22:00:00,-0.92,0.85,0.05,-1.19,1.56,1.41,0.08,0.47,-0.03,0,0,-66.00
1999-10-23T23:00:00,-0.61,0.7,-0.05,-1.05,0.97,0.97,-0.22,0.61,0.03,0,0,-74.00
1999-10-24T00:00:00,-0.07,1.02,0.11,-1.22,0.61,0.68,-0.18,0.78,0.03,0,0,-72.00
1999-10-24T01:00:00,-0.57,1.03,0.06,-0.82,0.66,0.85,-0.17,0.65,-0.03,0,0,-64.00
1999-10-24T02:00:00,-0.61,0.7,-0.15,-0.82,1.0,1.26,-0.09,0.59,0.05,0,0,-60.00
1999-10-24T03:00:00,-0.73,0.32,-0.05,-0.89,0.03,0.03,-0.58,-0.18,-0.13,0,0,-64.00
1999-10-24T04:00:00,-0.65,0.2,-0.2,-0.98,0.04,0.22,-0.54,-0.16,-0.11,0,0,-71.00
1999-10-24T05:00:00,-0.4,0.4,-0.2,-1.05,-0.4,0.08,-0.55,-0.04,-0.06,0,0,-67.00
1999-10-24T06:00:00,-0.07,0.53,-0.5,-1.23,-0.81,0.89,-0.58,-0.04,-0.12,0,0,-68.00
1999-10-24T07:00:00,-0.53,0.29,-0.33,-0.93,-0.53,0.47,-0.56,-0.15,-0.11,0,0,-71.00
1999-10-24T08:00:00,-0.53,0.22,-0.28,-0.95,-0.16,0.58,-0.56,-0.2,-0.11,0,0,-66.00
1999-10-24T09:00:00,-0.56,0.42,-0.21,-0.93,-0.32,-0.61,-0.32,-0.13,-0.07,0,0,-70.00
1999-10-24T10:00:00,-0.52,0.26,-0.42,-0.92,-0.34,0.94,-0.48,-0.12,-0.11,0,0,-63.00
1999-10-24T11:00:00,-0.48,0.42,-0.45,-0.93,-0.55,0.97,-0.45,-0.14,-0.12,0,0,-56.00
1999-10-24T12:00:00,-0.62,0.34,-0.0,-0.85,-0.29,-0.19,-0.37,-0.12,-0.06,0,0,-57.00
1999-10-24T13:00:00,-0.25,0.5,-0.3,-0.99,-0.71,0.49,-0.39,-0.05,-0.05,0,0,-62.00
1999-10-24T14:00:00,-0.56,0.29,0.34,-0.81,-0.37,-0.98,-0.36,-0.12,-0.05,0,0,-60.00
1999-10-24T15:00:00,-0.74,0.35,-0.04,-0.69,-0.45,-0.01,-0.33,-0.18,-0.1,0,0,-54.00
1999-10-24T16:00:00,-0.53,0.23,0.48,-0.82,-0.36,-1.25,-0.3,-0.03,-0.03,0,0,-52.00
1999-10-24T17:00:00,-0.61,-0.26,0.36,-0.8,0.33,-0.82,-0.24,-0.06,-0.02,0,0,-53.00
1999-10-24T18:00:00,-0.48,0.16,0.63,-0.81,-0.18,-1.29,-0.27,-0.12,-0.08,0,0,-48.00
1999-10-24T19:00:00,-0.95,0.31,0.36,-0.59,-0.37,-0.95,-0.22,-0.23,-0.13,0,0,-45.00
1999-10-24T20:00:00,-0.73,0.65,-0.19,-0.64,-0.9,0.19,-0.27,-0.17,-0.12,0,0,-39.00
1999-10-24T21:00:00,-0.43,0.8,-0.36,-0.71,-0.77,0.45,-0.36,-0.13,-0.13,0,0,-39.00
1999-10-24T22:00:00,-0.19,0.73,-0.13,-0.84,-0.61,0.15,-0.34,0.04,-0.05,0,0,-48.00
1999-10-24T23:00:00,-0.34,0.65,-0.17,-0.83,-1.13,0.56,-0.29,0.36,0.04,0,0,-54.00
1999-10-25T00:00:00,-0.17,0.62,-0.26,-0.85,-0.36,0.39,-0.33,0.18,0.0,0,0,-53.00
1999-10-25T01:00:00,-0.12,0.11,-0.43,-0.93,0.2,0.79,-0.32,0.28,0.15,0,0,-52.00
1999-10-25T02:00:00,-0.12,0.62,-0.16,-0.93,-0.5,0.22,-0.33,0.32,0.08,0,0,-46.00
1999-10-25T03:00:00,-0.61,0.23,0.25,-0.69,0.08,-0.37,-0.34,0.3,0.08,0,0,-51.00
1999-10-25T04:00:00,-0.53,0.31,0.21,-0.7,-0.25,-0.35,-0.35,0.17,0.08,0,0,-53.00
1999-10-25T05:00:00,-0.43,0.22,0.2,-0.83,-0.18,-0.45,-0.32,0.23,0.29,0,0,-46.00
1999-10-25T06:00:00,-0.4,0.54,-0.12,-0.84,-0.66,0.13,-0.35,0.23,0.04,0,0,-42.00
1999-10-25T07:00:00,-0.5,0.17,0.01,-0.81,-0.2,-0.24,-0.34,0.29,0.26,0,0,-43.00
1999-10-25T08:00:00,-0.19,0.47,-0.21,-1.02,-0.48,-0.03,-0.39,0.2,0.08,0,0,-43.00
1999-10-25T09:00:00,-0.4,0.11,-0.24,-0.91,-0.07,0.14,-0.44,0.09,0.1,0,0,-40.00
1999-10-25T10:00:00,-0.35,0.19,-0.3,-0.94,-0.19,0.32,-0.46,0.0,0.02,0,0,-40.00
1999-10-25T11:00:00,-0.33,-0.16,-0.35,-0.93,0.31,0.48,-0.51,-0.02,-0.02,0,0,-44.00
1999-10-25T12:00:00,-0.22,0.19,-0.32,-0.93,-0.16,0.38,-0.52,-0.02,0.02,0,0,-39.00
1999-10-25T13:00:00,-0.28,0.1,-0.09,-0.95,0.23,0.04,-0.57,0.02,0.28,0,0,-46.00
1999-10-25T14:00:00,-0.25,0.13,-0.26,-0.99,-0.14,0.4,-0.56,-0.01,0.06,0,0,-49.00
1999-10-25T15:00:00,-0.17,-0.44,-0.18,-1.05,0.92,0.11,-0.63,-0.11,-0.05,0,0,-45.00
1999-10-25T16:00:00,-0.44,-0.33,-0.22,-0.82,0.66,0.14,-0.64,-0.11,-0.09,0,0,-44.00
1999-10-25T17:00:00,-0.63,0.02,-0.06,-0.63,-0.13,0.12,-0.58,-0.24,-0.11,0,0,-52.00
1999-10-25T18:00:00,-0.4,0.38,0.24,-0.73,-0.44,-0.5,-0.61,-0.2,-0.09,0,0,-51.00
1999-10-25T19:00:00,-0.48,0.12,0.44,-0.69,0.08,-0.91,-0.58,-0.22,-0.11,0,0,-47.00
1999-10-25T20:00:00,-0.48,0.04,0.34,-0.71,0.17,-0.57,-0.48,-0.23,-0.05,0,0,-42.00
1999-10-25T21:00:00,-0.44,-0.15,0.44,-0.69,0.34,-0.74,-0.54,-0.11,-0.06,0,0,-42.00
1999-10-25T22:00:00,-0.6,0.09,0.28,-0.58,-0.15,-0.23,-0.51,-0.18,-0.08,0,0,-42.00
1999-10-25T23:00:00,-0.53,0.24,0.41,-0.63,-0.53,-0.25,-0.53,-0.19,-0.1,0,0,-42.00
1999-10-26T00:00:00,-0.75,0.01,0.2,-0.47,-0.24,0.06,-0.51,-0.17,-0.11,0,0,-38.00
1999-10-26T01:00:00,-0.83,-0.17,0.14,-0.35,0.39,0.11,-0.55,-0.18,-0.13,0,0,-36.00
1999-10-26T02:00:00,-0.64,0.23,-0.09,-0.44,-0.14,0.6,-0.56,-0.24,-0.11,0,0,-34.00
1999-10-26T03:00:00,-0.79,0.07,0.13,-0.32,0.41,0.15,-0.45,-0.31,-0.13,0,0,-30.00
1999-10-26T04:00:00,-0.72,0.23,0.22,-0.3,0.29,-0.02,-0.4,-0.24,-0.11,0,0,-31.00
1999-10-26T05:00:00,-0.61,0.29,0.45,-0.31,0.39,-0.56,-0.39,-0.15,-0.1,0,0,-26.00
1999-10-26T06:00:00,-0.49,0.63,-0.01,-0.32,-0.03,0.29,-0.39,-0.14,-0.09,0,0,-24.00
1999-10-26T07:00:00,-0.27,0.55,0.12,-0.31,0.28,0.01,-0.35,-0.12,-0.01,0,0,-24.00
1999-10-26T08:00:00,-0.51,0.48,-0.28,-0.14,0.44,0.95,-0.32,-0.17,-0.09,0,0,-26.00
1999-10-26T09:00:00,-0.54,0.28,-0.39,-0.01,0.7,1.14,-0.28,-0.2,-0.09,0,0,-24.00
1999-10-26T10:00:00,-0.46,0.34,-0.47,0.04,0.57,0.97,-0.2,-0.12,-0.07,0,0,-23.00
1999-10-26T11:00:00,-0.25,0.57,-0.34,0.0,0.31,0.94,-0.2,-0.13,-0.06,0,0,-24.00
1999-10-26T12:00:00,-0.37,0.35,-0.34,0.06,0.42,1.12,-0.19,-0.13,-0.02,0,0,-30.00
1999-10-26T13:00:00,-0.37,0.46,-0.36,0.17,0.17,0.84,-0.11,-0.09,-0.03,0,0,-33.00
1999-10-26T14:00:00,-0.06,0.56,-0.46,0.24,0.11,0.89,-0.11,-0.21,-0.08,0,0,-34.00
1999-10-26T15:00:00,-0.41,0.45,-0.03,0.45,0.16,0.28,-0.07,-0.19,0.03,0,0,-34.00
1999-10-26T16:00:00,-0.75,0.04,0.35,0.62,0.53,-0.3,0.02,-0.1,-0.02,0,0,-36.00
1999-10-26T17:00:00,-0.65,0.34,0.23,0.65,0.1,-0.06,0.05,-0.07,0.03,0,0,-38.00
1999-10-26T18:00:00,-0.64,0.46,-0.01,0.66,-0.11,0.36,0.12,-0.09,0.01,0,0,-30.00
1999-10-26T19:00:00,0.18,0.57,-0.36,0.45,-0.1,0.72,0.09,-0.19,-0.03,0,0,-24.00
1999-10-26T20:00:00,0.48,0.78,-0.11,0.44,-0.24,0.49,0.01,-0.23,-0.09,0,0,-22.00
1999-10-26T21:00:00,0.32,0.66,-0.12,0.45,-0.29,0.52,0.12,-0.18,-0.01,0,0,-26.00
1999-10-26T22:00:00,-0.13,0.39,0.28,0.57,-0.11,-0.89,4.9,-0.2,2.02,0,0,-27.00
1999-10-26T23:00:00,0.67,0.15,-0.35,0.31,1.45,0.14,6.03,-0.35,0.44,0,0,-28.00
1999-10-27T00:00:00,-0.15,0.41,0.02,0.53,-1.11,0.19,2.01,-0.25,0.99,0,0,-28.00
1999-10-27T01:00:00,-0.51,0.5,-0.02,0.75,-0.5,-0.06,0.16,-0.19,0.02,0,0,-31.00
1999-10-27T02:00:00,-0.33,0.55,-0.48,0.68,0.22,-0.05,2.02,-0.29,0.07,0,0,-30.00
1999-10-27T03:00:00,-0.37,0.17,-0.67,0.74,-0.22,0.79,0.11,-0.23,-0.09,0,0,-26.00
1999-10-27T04:00:00,-0.54,-0.09,-0.61,0.83,-0.01,0.81,0.11,-0.19,-0.08,0,0,-27.00
1999-10-27T05:00:00,0.25,0.74,-0.32,0.66,-0.48,0.48,-0.09,-0.35,-0.12,0,0,-34.00
1999-10-27T06:00:00,0.27,0.45,-0.62,0.67,-0.25,0.77,-0.14,-0.37,-0.14,0,0,-38.00
1999-10-27T07:00:00,-0.12,0.48,-0.64,0.77,-0.34,0.74,-0.18,-0.38,-0.14,0,0,-41.00
1999-10-27T08:00:00,-0.56,0.64,-0.4,0.9,-0.6,0.65,-0.07,-0.26,-0.12,0,0,-49.00
1999-10-27T09:00:00,-0.24,0.54,-0.56,0.83,-0.53,0.68,-0.16,-0.39,-0.14,0,0,-54.00
1999-10-27T10:00:00,-0.35,0.51,-0.5,0.93,-0.59,0.61,-0.11,-0.38,-0.14,0,0,-55.00
1999-10-27T11:00:00,-0.19,0.27,-0.78,0.86,-0.31,1.04,-0.13,-0.39,-0.15,0,0,-45.00
1999-10-27T12:00:00,-0.03,0.05,-0.87,0.72,-0.02,1.17,-0.05,-0.37,-0.15,0,0,-42.00
1999-10-27T13:00:00,-0.17,0.17,-0.92,0.66,-0.02,1.36,0.01,-0.33,-0.14,0,0,-48.00
1999-10-27T14:00:00,-0.33,0.49,-0.9,0.7,-0.11,1.41,0.0,-0.36,-0.16,0,0,-54.00
1999-10-27T15:00:00,-0.77,0.27,-0.54,0.91,0.04,1.18,0.06,-0.18,-0.1,0,0,-57.00
1999-10-27T16:00:00,-0.38,0.05,-0.66,0.79,0.14,1.14,-0.06,-0.29,-0.11,0,0,-60.00
1999-10-27T17:00:00,-0.34,-0.39,-0.72,0.81,0.55,1.4,0.04,-0.33,-0.13,0,0,-61.00
1999-10-27T18:00:00,-0.81,0.08,-0.73,0.86,0.28,1.45,0.14,-0.26,-0.13,0,0,-55.00
1999-10-27T19:00:00,-1.04,0.54,-0.35,0.96,-0.29,1.3,0.14,-0.36,-0.15,0,0,-45.00
1999-10-27T20:00:00,-0.79,0.82,-0.35,0.94,-0.55,1.28,0.12,-0.35,-0.15,0,0,-54.00
1999-10-27T21:00:00,-0.78,0.65,-0.23,0.96,-0.34,1.11,0.16,-0.33,-0.13,0,0,-57.00
1999-10-27T22:00:00,-0.89,0.69,-0.06,1.01,-0.42,0.68,0.15,-0.33,-0.13,0,0,-56.00
1999-10-27T23:00:00,-0.47,0.77,-0.22,0.84,-0.36,1.04,0.12,-0.33,-0.11,0,0,-57.00
1999-10-28T00:00:00,-0.87,0.83,0.33,0.98,-0.59,0.19,0.17,-0.34,-0.14,0,0,-54.00
1999-10-28T01:00:00,-0.45,0.26,0.72,0.79,0.13,-0.33,0.14,-0.33,-0.11,0,0,-52.00
1999-10-28T02:00:00,-0.53,0.09,0.78,0.83,0.42,-0.34,0.19,-0.35,-0.12,0,0,-44.00
1999-10-28T03:00:00,-0.94,0.17,0.11,1.01,0.45,0.66,0.19,-0.3,-0.1,0,0,-37.00
1999-10-28T04:00:00,-0.73,0.68,0.01,0.94,-0.06,0.63,0.21,-0.24,-0.09,0,0,-36.00
1999-10-28T05:00:00,-0.47,0.69,-0.07,0.81,0.04,0.65,0.21,-0.26,-0.06,0,0,-37.00
1999-10-28T06:00:00,-0.49,0.57,-0.16,0.84,0.09,0.74,0.14,-0.24,-0.04,0,0,-35.00
1999-10-28T07:00:00,-0.58,0.57,0.3,0.91,0.08,0.11,0.14,-0.22,-0.06,0,0,-36.00
1999-10-28T08:00:00,-0.77,0.17,0.05,1.02,0.63,0.38,0.08,-0.27,-0.05,0,0,-40.00
1999-10-28T09:00:00,-0.87,0.31,-0.08,1.1,0.39,0.74,0.02,-0.29,-0.11,0,0,-39.00
1999-10-28T10:00:00,-0.59,0.82,0.42,0.96,-0.19,-0.26,0.03,-0.33,-0.14,0,0,-36.00
1999-10-28T11:00:00,-0.47,0.79,0.12,0.96,-0.14,0.16,0.0,-0.37,-0.13,0,0,-31.00
1999-10-28T12:00:00,-0.48,0.81,0.71,0.65,0.07,0.19,0.64,-0.24,-0.1,0,0,-31.00
1999-10-28T13:00:00,-0.77,0.89,-1.36,0.55,1.04,2.13,0.3,-0.37,-0.17,0,0,-24.00
1999-10-28T14:00:00,-0.5,1.17,-0.96,0.54,0.45,1.99,0.59,-0.27,-0.15,0,0,-22.00
1999-10-28T15:00:00,-1.04,0.32,-1.1,0.72,1.04,2.23,0.69,-0.29,-0.15,0,0,-37.00
1999-10-28T16:00:00,-0.69,0.55,-0.95,0.63,0.49,2.04,0.7,-0.24,-0.13,0,0,-50.00
1999-10-28T17:00:00,-0.71,0.49,-0.76,0.67,0.31,1.86,0.59,-0.24,-0.11,0,0,-61.00
1999-10-28T18:00:00,-0.77,1.12,-0.07,0.76,-0.25,1.35,0.7,-0.14,-0.1,0,0,-66.00
1999-10-28T19:00:00,-0.71,0.67,-0.73,0.77,-0.0,1.97,0.57,-0.18,-0.11,0,0,-59.00
1999-10-28T20:00:00,-0.29,1.28,0.33,0.7,-0.75,0.61,0.41,-0.27,-0.13,0,0,-56.00
1999-10-28T21:00:00,-0.35,1.01,-0.13,0.75,-0.38,1.16,0.33,-0.2,-0.09,0,0,-64.00
1999-10-28T22:00:00,-0.59,1.08,-0.2,0.71,-0.43,0.83,0.18,-0.27,-0.14,0,0,-65.00
1999-10-28T23:00:00,-0.99,0.67,-0.46,0.72,-0.17,0.73,0.06,-0.31,-0.15,0,0,-61.00
1999-10-29T00:00:00,-1.02,0.65,-0.21,0.84,-0.08,0.73,0.24,-0.15,-0.11,0,0,-59.00
1999-10-29T01:00:00,-0.31,1.1,0.35,0.7,-0.4,0.11,0.41,-0.26,-0.11,0,0,-59.00
1999-10-29T02:00:00,-0.39,0.92,0.16,0.78,-0.43,0.18,0.38,-0.27,-0.09,0,0,-52.00
1999-10-29T03:00:00,-0.64,0.87,-0.08,0.9,-0.66,0.58,0.5,-0.32,-0.11,0,0,-48.00
1999-10-29T04:00:00,-0.6,0.83,-0.32,1.0,-0.51,1.02,0.71,-0.37,-0.12,0,0,-43.00
1999-10-29T05:00:00,-0.55,0.68,-0.44,1.0,-0.43,1.05,0.71,-0.38,-0.11,0,0,-42.00
1999-10-29T06:00:00,-0.89,0.39,-0.27,1.02,-0.25,0.93,0.69,-0.34,-0.09,0,0,-44.00
1999-10-29T07:00:00,-1.2,0.16,-0.21,1.04,-0.01,0.82,0.59,-0.37,-0.13,0,0,-45.00
1999-10-29T08:00:00,-1.19,0.06,-0.15,1.13,0.06,0.7,0.41,-0.41,-0.14,0,0,-48.00
1999-10-29T09:00:00,-1.06,0.12,-0.51,1.11,-0.38,1.02,0.36,-0.43,-0.15,0,0,-46.00
1999-10-29T10:00:00,-0.68,0.02,-0.57,1.1,-0.26,0.84,0.58,-0.4,-0.11,0,0,-39.00
1999-10-29T11:00:00,-0.68,-0.3,-0.62,1.05,0.01,0.86,0.81,-0.36,-0.1,0,0,-30.00
1999-10-29T12:00:00,-0.1,1.03,-0.44,1.04,-0.71,1.13,1.05,-0.39,-0.12,0,0,-30.00
1999-10-29T13:00:00,1.06,0.67,0.64,0.85,-0.88,0.32,1.27,-0.43,-0.14,0,0,-32.00
1999-10-29T14:00:00,1.2,-0.05,0.85,0.71,-0.98,0.01,1.33,-0.49,-0.16,0,0,-29.00
1999-10-29T15:00:00,1.03,-0.09,0.98,0.79,-0.8,0.01,1.5,-0.44,-0.14,0,0,-21.00
1999-10-29T16:00:00,0.89,-0.36,0.72,0.86,-0.83,0.24,1.96,-0.37,-0.07,0,0,-19.00
1999-10-29T17:00:00,1.35,-1.03,0.2,1.03,-0.83,0.06,1.61,-0.39,-0.14,0,0,-19.00
1999-10-29T18:00:00,0.91,-1.14,-0.35,0.88,-0.93,-0.09,1.76,-0.4,-0.13,0,0,-18.00
1999-10-29T19:00:00,1.02,-1.62,-0.37,0.95,-0.31,0.07,2.24,-0.22,-0.12,0,0,-17.00
1999-10-29T20:00:00,0.98,-1.14,3.11,1.58,-1.73,1.98,4.38,1.33,-0.04,0,0,-19.00
1999-10-29T21:00:00,1.76,-1.66,1.72,1.72,-3.93,1.49,4.59,2.28,0.17,0,0,-23.00
1999-10-29T22:00:00,2.64,-1.89,0.84,1.78,-0.47,-0.49,1.35,1.33,-0.1,0,0,-20.00
1999-10-29T23:00:00,-2.71,2.71,3.05,1.96,-4.61,1.24,-0.67,1.44,-0.19,0,0,-22.00
1999-10-31T00:00:00,-4.75,-0.42,-0.3,1.69,-2.57,5.31,14.99,-0.61,-0.19,1,0,-23.00
1999-10-31T01:00:00,-4.87,-0.58,-0.01,1.56,0.17,-1.17,13.32,-0.58,-0.18,1,0,-25.00
1999-10-31T02:00:00,-4.51,-0.64,0.08,0.12,-9.35,-1.8,8.46,-0.58,-0.19,1,0,-26.00
1999-10-31T03:00:00,-3.59,-0.9,0.1,0.67,4.66,9.02,3.86,-0.56,-0.19,1,0,-24.00
1999-10-31T04:00:00,-2.77,-0.98,0.39,-0.28,3.92,-1.32,13.35,-0.58,-0.17,1,0,-22.00
1999-10-31T05:00:00,-3.83,-0.88,0.29,0.46,7.78,-4.83,16.52,-0.6,-0.18,1,0,-17.00
1999-10-31T06:00:00,-2.63,-0.8,0.43,3.26,-9.49,-2.21,22.14,-0.61,-0.17,1,0,-14.00
1999-10-31T07:00:00,-0.91,0.01,0.2,0.7,-0.07,6.73,12.35,-0.57,0.07,1,0,-12.00
1999-10-31T08:00:00,-3.46,-1.21,0.83,-2.11,-3.39,-5.96,7.75,-0.55,-0.18,1,0,-6.00
1999-10-31T09:00:00,-0.36,-0.23,1.08,1.53,-2.21,1.39,6.49,0.03,0.46,1,0,-10.00
1999-10-31T10:00:00,2.0,0.15,2.1,1.42,-1.66,0.11,1.69,1.18,-0.08,1,0,-15.00
1999-10-31T11:00:00,1.99,0.7,0.64,1.68,-1.86,0.26,2.27,0.85,0.02,1,0,-4.00
1999-10-31T12:00:00,2.44,0.42,2.12,1.44,-1.93,0.08,2.21,0.65,-0.12,1,0,1.00
1999-10-31T13:00:00,0.76,-0.56,2.88,1.17,-1.88,-1.06,2.21,1.06,-0.1,1,0,-4.00
1999-10-31T14:00:00,0.0,-0.77,2.32,0.98,-1.2,-3.0,1.18,2.3,-0.01,1,0,-2.00
1999-10-31T15:00:00,-0.72,-0.52,-0.09,1.15,-1.87,-0.42,1.91,2.3,2.04,1,0,-1.00
1999-10-31T16:00:00,-0.08,-1.3,1.7,1.26,-1.04,-2.18,2.2,2.04,0.14,1,0,-1.00
1999-10-31T17:00:00,0.48,-1.18,1.13,1.06,-2.02,-1.71,3.86,1.64,0.55,1,0,-5.00
1999-10-31T18:00:00,0.97,-1.18,2.01,1.08,-2.23,-2.08,3.44,1.16,0.03,1,0,2.00
1999-10-31T19:00:00,2.02,-0.51,2.24,1.12,-2.94,-1.07,3.09,0.99,-0.06,1,0,-1.00
1999-10-31T20:00:00,0.42,-1.16,0.82,1.13,-2.46,-1.85,3.04,1.24,0.51,1,0,-2.00
1999-10-31T21:00:00,0.22,-1.67,2.22,1.09,-1.7,-2.6,2.63,1.55,-0.01,1,0,-3.00
1999-10-31T22:00:00,-0.06,-1.09,-0.73,0.86,-2.13,-2.36,3.23,1.24,0.62,1,0,-8.00
1999-10-31T23:00:00,0.06,-0.56,0.55,0.96,-2.19,-1.0,2.46,1.93,2.81,1,0,-6.00
1999-11-01T00:00:00,1.56,-0.69,0.1,0.4,-0.99,-2.34,2.01,0.37,0.04,1,0,---
1999-11-01T01:00:00,-0.57,-1.69,0.66,0.83,-0.03,-2.23,2.27,1.32,0.18,1,0,-16.00
1999-11-01T02:00:00,-1.24,-2.06,-0.22,1.09,-1.6,-1.99,2.03,1.3,0.02,1,0,-14.00
1999-11-01T03:00:00,0.14,-1.46,0.16,0.61,-0.11,-1.27,1.29,0.35,0.03,1,0,-8.00
1999-11-01T04:00:00,0.66,-1.48,0.84,0.73,-1.76,-1.04,1.57,0.31,-0.04,1,0,-6.00
1999-11-01T05:00:00,1.43,-0.57,1.28,0.8,-1.61,-0.52,1.82,0.57,-0.02,1,0,-6.00
1999-11-01T06:00:00,0.49,-1.11,1.56,0.71,-1.2,-0.59,1.71,0.41,-0.06,1,0,-5.00
1999-11-01T07:00:00,1.34,0.08,1.76,0.63,-2.12,-0.02,1.65,0.47,-0.08,1,0,-8.00
1999-11-01T08:00:00,0.78,0.17,-0.29,0.2,0.46,-0.8,0.2,-0.2,-0.05,1,0,-12.00
1999-11-01T09:00:00,0.2,0.0,-0.84,0.05,0.37,-1.66,0.11,-0.25,-0.11,1,0,-17.00
1999-11-01T10:00:00,0.47,-0.33,-0.21,0.16,-0.2,-0.65,0.14,-0.09,0.13,0,0,-23.00
1999-11-01T11:00:00,0.31,-0.28,-0.09,0.14,0.02,-0.58,0.14,-0.06,0.53,0,0,-25.00
1999-11-01T12:00:00,0.41,-0.75,0.02,0.21,-0.87,-0.5,0.06,-0.04,0.0,0,0,-19.00
1999-11-01T13:00:00,0.31,-0.79,0.58,0.2,-0.6,0.22,0.14,-0.13,-0.07,0,0,-19.00
1999-11-01T14:00:00,0.74,-0.1,-0.06,0.33,0.12,-0.61,0.15,-0.13,0.03,0,0,-16.00
1999-11-01T15:00:00,0.38,-0.62,0.49,0.25,-0.31,0.23,0.11,-0.18,-0.05,0,0,-16.00
1999-11-01T16:00:00,0.37,-0.68,0.58,0.25,-0.29,0.24,0.07,-0.23,-0.09,0,0,-19.00
1999-11-01T17:00:00,0.65,-0.18,0.21,0.36,0.3,-0.36,0.12,-0.24,0.02,0,0,-16.00
1999-11-01T18:00:00,0.74,-0.25,-0.25,0.41,0.15,-0.97,0.08,-0.19,-0.05,0,0,-14.00
1999-11-01T19:00:00,0.89,-0.41,0.07,0.44,-0.09,-0.28,0.11,-0.19,-0.07,0,0,-12.00
1999-11-01T20:00:00,0.51,-0.6,0.15,0.32,-0.14,-0.02,0.04,-0.19,-0.03,0,0,-17.00
1999-11-01T21:00:00,0.04,-0.67,0.52,0.16,-0.17,0.57,-0.0,-0.27,-0.08,0,0,-16.00
1999-11-01T22:00:00,0.49,-0.87,0.24,0.33,-0.6,0.23,-0.02,-0.29,-0.12,0,0,-16.00
1999-11-01T23:00:00,0.75,-0.6,-0.06,0.49,-0.37,0.0,-0.01,-0.28,-0.11,0,0,-16.00
1999-11-02T00:00:00,0.73,-0.61,-0.24,0.47,-0.33,-0.38,0.06,-0.31,-0.12,0,0,-19.00
1999-11-02T01:00:00,0.62,-0.48,-0.41,0.39,-0.13,-0.76,0.03,-0.33,-0.12,0,0,-22.00
1999-11-02T02:00:00,0.69,0.12,-0.47,0.4,0.71,-0.85,0.08,-0.27,-0.1,0,0,-19.00
1999-11-02T03:00:00,0.87,-0.42,0.22,0.53,-0.04,0.3,0.11,-0.25,-0.09,0,0,-17.00
1999-11-02T04:00:00,0.95,-0.4,0.2,0.58,0.06,0.24,0.14,-0.28,-0.11,0,0,-16.00
1999-11-02T05:00:00,0.6,-0.53,0.12,0.46,-0.11,0.07,0.06,-0.26,-0.05,0,0,-15.00
1999-11-02T06:00:00,0.22,-0.71,-0.25,0.32,-0.14,-0.67,-0.02,-0.31,-0.09,0,0,-15.00
1999-11-02T07:00:00,0.38,-0.62,-0.43,0.41,-0.01,-1.08,0.04,-0.26,-0.09,0,0,-15.00
1999-11-02T08:00:00,0.59,-0.79,-0.13,0.54,-0.23,-0.62,0.04,-0.22,-0.1,0,0,-21.00
1999-11-02T09:00:00,0.71,-0.05,-0.35,0.56,0.5,-1.02,0.11,-0.19,-0.05,0,0,-23.00
1999-11-02T10:00:00,0.7,-0.4,0.09,0.6,0.09,-0.06,0.05,-0.21,-0.03,0,0,-20.00
1999-11-02T11:00:00,-0.11,-0.99,0.2,0.39,-0.31,-0.18,0.0,-0.36,-0.13,0,0,-15.00
1999-11-02T12:00:00,0.24,-0.77,0.46,0.48,-0.19,0.18,0.11,-0.31,-0.1,0,0,-9.00
1999-11-02T13:00:00,0.29,-0.44,0.82,0.51,0.11,0.66,0.04,-0.34,-0.13,0,0,-10.00
1999-11-02T14:00:00,0.29,-0.2,0.78,0.56,0.41,0.76,0.03,-0.36,-0.12,0,0,-10.00
1999-11-02T15:00:00,0.21,-0.43,0.58,0.55,0.18,0.51,-0.02,-0.39,-0.1,0,0,-11.00
1999-11-02T16:00:00,0.28,-0.79,-0.29,0.58,-0.27,-0.71,-0.03,-0.36,-0.12,0,0,-13.00
1999-11-02T17:00:00,0.7,-0.43,0.49,0.77,0.16,0.55,0.07,-0.33,-0.11,0,0,-16.00
1999-11-02T18:00:00,0.53,-0.21,0.18,0.71,0.5,0.1,0.07,-0.33,0.03,0,0,-13.00
1999-11-02T19:00:00,0.43,-0.82,0.01,0.74,-0.2,-0.02,0.0,-0.38,-0.12,0,0,-10.00
1999-11-02T20:00:00,0.72,-0.44,-0.27,0.84,0.01,-0.4,-0.02,-0.39,-0.13,0,0,-10.00
1999-11-02T21:00:00,0.83,-0.41,-0.24,0.93,-0.03,-0.37,-0.16,-0.46,-0.16,0,0,-15.00
1999-11-02T22:00:00,0.76,-0.43,-0.44,0.89,0.07,-0.77,-0.17,-0.46,-0.16,0,0,-17.00
1999-11-02T23:00:00,0.78,-0.26,-0.45,0.9,0.25,-0.76,-0.15,-0.46,-0.16,0,0,-21.00
1999-11-03T00:00:00,0.47,-0.75,0.01,0.82,-0.34,0.08,-0.14,-0.46,-0.15,0,0,-26.00
1999-11-03T01:00:00,0.11,-1.03,0.05,0.72,-0.67,0.07,-0.18,-0.49,-0.17,0,0,-22.00
1999-11-03T02:00:00,0.43,-0.61,0.04,0.79,-0.09,0.06,-0.0,-0.44,-0.11,0,0,-16.00
1999-11-03T03:00:00,1.09,-0.03,-0.04,1.03,0.6,-0.16,-0.11,-0.48,-0.17,0,0,-16.00
1999-11-03T04:00:00,1.05,0.14,0.02,1.02,0.81,-0.14,0.08,-0.4,-0.14,0,0,-18.00
1999-11-03T05:00:00,1.01,0.17,-0.02,1.04,0.88,-0.31,-0.02,-0.44,-0.15,0,0,-16.00
