2000-03-16T09:00:00,0.0,0.45,0.14,1.9,-0.66,0.16,1.21,-0.57,-0.05,0,0,8.00
2000-03-16T10:00:00,-0.03,0.42,0.23,1.89,-0.67,0.12,1.21,-0.57,-0.04,0,0,9.00
2000-03-16T11:00:00,0.14,0.74,0.03,1.85,-0.55,0.15,1.0,-0.57,-0.14,1,0,9.00
2000-03-16T12:00:00,0.06,0.78,0.17,1.85,-0.62,0.11,1.16,-0.57,-0.14,1,0,11.00
2000-03-16T13:00:00,-0.01,0.72,0.3,1.83,-0.7,0.08,1.47,-0.56,-0.12,1,0,11.00
2000-03-16T14:00:00,0.17,0.91,-0.05,1.8,-0.59,0.01,1.76,-0.55,-0.13,1,0,11.00
2000-03-16T15:00:00,-0.45,0.36,0.39,1.76,-0.78,-0.15,2.43,-0.47,0.06,1,0,12.00
2000-03-16T16:00:00,-0.83,0.05,0.44,1.79,-0.75,-0.22,3.03,-0.41,0.03,1,0,17.00
2000-03-16T17:00:00,-0.56,-0.03,0.66,1.79,-0.79,-0.36,3.12,-0.42,0.05,1,0,19.00
2000-03-16T18:00:00,-0.75,0.48,0.66,1.74,-0.96,-0.25,3.2,-0.46,-0.07,1,0,17.00
2000-03-16T19:00:00,-0.84,0.65,0.34,1.75,-1.23,-0.23,3.54,-0.45,-0.04,1,0,17.00
2000-03-16T20:00:00,-0.72,0.51,0.72,1.77,-1.04,-0.54,3.48,-0.45,-0.06,1,0,19.00
2000-03-16T21:00:00,-0.34,-0.37,1.08,1.72,-1.04,-0.12,3.65,-0.53,-0.13,1,0,19.00
2000-03-16T22:00:00,0.03,-1.19,1.12,1.65,-0.41,-0.13,2.39,-0.54,-0.17,1,0,17.00
2000-03-16T23:00:00,0.14,-1.29,1.02,1.59,-0.3,-0.11,2.92,-0.53,-0.16,1,0,17.00
2000-03-17T00:00:00,-0.89,1.0,1.23,1.61,-0.27,0.23,1.09,-0.46,-0.17,1,0,14.00
2000-03-17T01:00:00,-1.12,1.26,0.89,1.57,-0.15,0.34,1.06,-0.39,-0.16,1,0,17.00
2000-03-17T02:00:00,-1.3,1.45,0.7,1.6,-0.45,0.28,1.04,-0.29,-0.16,1,0,13.00
2000-03-17T03:00:00,-1.38,1.29,0.62,1.67,-0.28,0.12,1.01,-0.22,-0.15,1,0,14.00
2000-03-17T04:00:00,-1.41,1.12,0.37,1.73,-0.12,0.29,1.25,-0.08,-0.11,1,0,15.00
2000-03-17T05:00:00,-0.85,0.44,-0.07,1.67,-0.02,0.27,1.78,-0.15,0.11,1,0,17.00
2000-03-17T06:00:00,-0.1,-0.01,-0.12,1.67,0.09,0.54,2.1,-0.29,3.57,1,0,19.00
2000-03-17T07:00:00,-0.18,1.66,0.25,1.69,-0.42,0.43,1.15,-0.26,-0.13,1,0,20.00
2000-03-17T08:00:00,-0.51,1.36,-0.33,1.7,-0.37,0.53,1.38,-0.18,-0.1,1,0,22.00
2000-03-17T09:00:00,-0.36,1.78,0.16,1.7,-0.24,0.37,0.73,-0.21,-0.15,1,0,18.00
2000-03-17T10:00:00,-0.31,1.36,0.34,1.75,-0.68,0.03,1.02,-0.07,-0.08,1,0,16.00
2000-03-17T11:00:00,-0.44,0.53,0.24,1.78,-0.31,-0.0,1.3,0.28,0.64,1,0,13.00
2000-03-17T12:00:00,-0.34,0.07,-0.7,1.8,0.16,0.07,0.82,0.31,0.19,1,0,14.00
2000-03-17T13:00:00,-0.39,0.55,0.94,1.62,0.46,0.6,0.37,0.34,-0.0,1,0,14.00
2000-03-17T14:00:00,-0.53,0.88,1.17,1.61,0.19,0.3,-0.01,0.47,-0.11,1,0,12.00
2000-03-17T15:00:00,-0.39,1.07,0.85,1.56,0.25,0.65,-0.03,0.51,-0.08,1,0,7.00
2000-03-17T16:00:00,-0.05,0.82,1.13,1.47,0.5,0.65,0.05,0.42,-0.09,1,0,6.00
2000-03-17T17:00:00,-0.36,0.99,1.04,1.51,0.4,0.72,0.04,0.31,-0.11,1,0,9.00
2000-03-17T18:00:00,-0.41,0.77,1.09,1.49,0.73,0.74,0.02,0.23,-0.11,1,0,11.00
2000-03-17T19:00:00,-0.71,0.68,1.01,1.48,0.96,0.9,0.08,0.11,-0.11,1,0,11.00
2000-03-17T20:00:00,-0.72,0.74,0.92,1.42,0.7,1.19,0.02,0.05,-0.12,1,0,11.00
2000-03-17T21:00:00,-0.63,0.74,0.99,1.41,0.53,0.77,-0.02,-0.04,-0.13,1,0,9.00
2000-03-17T22:00:00,-1.02,0.59,0.75,1.49,0.64,0.65,0.07,-0.04,-0.12,1,0,6.00
2000-03-17T23:00:00,-0.81,0.73,0.79,1.5,0.67,0.71,-0.05,-0.12,-0.14,1,0,4.00
2000-03-18T00:00:00,-0.17,0.3,0.6,1.54,0.55,0.07,0.43,-0.12,0.1,1,0,1.00
2000-03-18T01:00:00,-0.08,0.07,0.74,1.57,0.74,-0.33,0.5,-0.11,0.07,0,0,1.00
2000-03-18T02:00:00,-0.46,0.81,0.5,1.59,0.56,-0.14,0.39,-0.17,-0.07,0,0,5.00
2000-03-18T03:00:00,-0.28,0.58,0.57,1.6,0.53,-0.58,0.56,-0.21,-0.02,0,0,8.00
2000-03-18T04:00:00,-0.4,0.58,0.69,1.62,0.23,-0.68,0.51,-0.35,-0.1,0,0,9.00
2000-03-18T05:00:00,0.03,0.54,0.55,1.58,-0.06,-0.86,0.78,-0.44,-0.07,0,0,10.00
2000-03-18T06:00:00,-0.16,-0.41,0.73,1.6,0.35,-0.37,0.79,-0.46,-0.1,0,0,11.00
2000-03-18T07:00:00,-0.37,-0.36,0.26,1.64,0.3,-0.0,1.01,-0.3,0.28,0,0,14.00
2000-03-18T08:00:00,-0.45,-0.63,0.39,1.62,0.47,-0.14,0.87,-0.37,-0.04,0,0,13.00
2000-03-18T09:00:00,-0.43,-0.52,0.43,1.61,0.35,-0.27,0.88,-0.36,-0.01,0,0,13.00
2000-03-18T10:00:00,-0.56,0.34,0.3,1.61,-0.15,-0.42,0.79,-0.16,0.16,0,0,13.00
2000-03-18T11:00:00,-0.59,-0.24,-0.09,1.61,0.3,0.12,0.78,-0.2,0.19,0,0,14.00
2000-03-18T12:00:00,-0.47,-0.53,0.01,1.6,0.5,-0.2,0.75,-0.29,0.07,0,0,13.00
2000-03-18T13:00:00,-0.24,-0.77,0.11,1.49,0.57,-0.03,0.8,-0.35,-0.02,0,0,13.00
2000-03-18T14:00:00,-0.38,-0.81,-0.03,1.49,0.66,0.04,1.0,-0.3,-0.01,0,0,12.00
2000-03-18T15:00:00,-0.5,-0.87,-0.19,1.44,0.67,0.43,0.99,-0.29,-0.05,0,0,14.00
2000-03-18T16:00:00,0.32,-0.78,0.63,1.2,0.6,-0.29,0.93,-0.3,-0.07,0,0,18.00
2000-03-18T17:00:00,0.0,-0.65,0.41,1.25,0.37,-0.02,1.01,-0.28,0.08,0,0,15.00
2000-03-18T18:00:00,-0.49,-0.55,-0.21,1.33,0.5,0.52,1.22,-0.1,0.21,0,0,15.00
2000-03-18T19:00:00,0.08,-1.06,0.09,1.09,0.89,0.15,1.12,-0.13,0.02,0,0,14.00
2000-03-18T20:00:00,0.06,-0.76,-0.01,1.15,0.88,0.38,1.11,-0.16,0.19,0,0,7.00
2000-03-18T21:00:00,-0.04,-0.31,0.29,1.13,0.33,-0.12,1.03,-0.01,1.51,0,0,2.00
2000-03-18T22:00:00,-0.9,1.06,0.12,1.28,-0.58,0.21,0.65,0.0,-0.08,0,0,0.00
2000-03-18T23:00:00,-0.68,1.23,0.25,1.14,-0.8,0.15,0.61,0.12,-0.07,0,0,-3.00
2000-03-19T00:00:00,-1.02,1.39,0.2,1.15,-0.88,0.12,0.53,-0.03,-0.13,0,0,-2.00
2000-03-19T01:00:00,-1.09,1.56,-0.11,1.12,-0.5,0.51,0.69,-0.14,-0.14,0,0,-2.00
2000-03-19T02:00:00,-0.1,1.71,0.7,0.95,-0.56,-0.29,0.35,-0.43,-0.18,0,0,-2.00
2000-03-19T03:00:00,-0.6,1.64,0.05,0.96,-0.14,0.07,0.79,-0.53,-0.18,0,0,1.00
2000-03-19T04:00:00,-1.1,1.34,-0.52,0.86,0.35,-0.36,1.07,-0.56,-0.18,0,0,3.00
2000-03-19T05:00:00,-1.14,1.33,-0.41,0.84,0.28,-0.47,0.85,-0.55,-0.18,0,0,9.00
2000-03-19T06:00:00,-1.2,1.22,-0.36,0.8,0.31,-0.43,1.02,-0.55,-0.18,0,0,6.00
2000-03-19T07:00:00,-1.11,1.0,-0.2,0.84,0.23,-0.43,2.2,-0.55,-0.16,0,0,-3.00
2000-03-19T08:00:00,-0.93,0.94,-0.23,0.88,0.08,-0.24,2.68,-0.53,-0.15,0,0,-8.00
2000-03-19T09:00:00,-0.84,0.86,-0.15,0.93,-0.11,-0.15,3.08,-0.5,-0.11,0,0,-8.00
2000-03-19T10:00:00,-0.74,0.58,-0.1,0.96,-0.17,-0.04,3.67,-0.49,-0.03,0,0,-5.00
2000-03-19T11:00:00,-0.6,0.42,-0.21,1.0,-0.18,0.04,3.79,-0.49,0.04,0,0,-1.00
2000-03-19T12:00:00,-0.31,0.04,-0.25,1.1,-0.22,0.25,4.69,-0.5,0.5,0,0,4.00
2000-03-19T13:00:00,-0.25,0.06,-0.1,1.14,-0.18,0.26,5.31,-0.51,1.31,0,0,8.00
2000-03-19T14:00:00,-0.03,0.37,0.1,1.16,-0.09,0.16,4.67,-0.5,0.84,0,0,8.00
2000-03-19T15:00:00,-0.27,0.62,0.08,1.13,-0.27,-0.22,3.81,-0.49,0.12,0,0,6.00
2000-03-19T16:00:00,-0.56,1.11,0.23,1.13,-0.64,-0.19,2.12,-0.44,-0.11,0,0,7.00
2000-03-19T17:00:00,-0.63,0.93,0.29,1.05,-0.67,-0.65,1.16,-0.35,-0.1,0,0,8.00
2000-03-19T18:00:00,1.26,0.43,1.03,1.05,-0.07,-0.25,0.59,-0.52,-0.18,0,1,5.00
2000-03-19T19:00:00,1.09,0.57,1.08,1.1,-0.16,-0.21,1.01,-0.5,-0.17,0,1,6.00
2000-03-19T20:00:00,1.1,0.18,1.21,1.13,0.03,-0.15,0.84,-0.49,-0.17,0,1,5.00
2000-03-19T21:00:00,1.06,0.03,1.16,1.15,0.41,-0.72,1.42,-0.5,-0.17,0,1,4.00
2000-03-19T22:00:00,1.0,-0.08,1.22,1.12,0.16,-0.36,0.68,-0.52,-0.18,0,1,2.00
2000-03-19T23:00:00,1.18,0.01,1.07,0.96,0.39,-0.46,0.03,-0.45,-0.18,0,1,1.00
2000-03-20T00:00:00,1.05,0.47,1.1,0.99,-0.48,-0.36,0.13,-0.5,-0.18,0,0,2.00
2000-03-20T01:00:00,1.02,0.44,1.14,1.0,-0.24,-0.21,0.04,-0.5,-0.18,0,1,-1.00
2000-03-20T02:00:00,0.79,0.29,1.3,1.08,0.1,-0.7,-0.05,-0.51,-0.18,0,1,3.00
2000-03-20T03:00:00,0.62,0.57,1.36,1.13,-0.21,-0.83,-0.12,-0.52,-0.18,0,1,7.00
2000-03-20T04:00:00,0.54,0.61,1.37,1.22,-0.04,-0.71,0.02,-0.52,-0.18,0,1,5.00
2000-03-20T05:00:00,0.16,0.22,1.06,1.31,0.23,-0.38,0.42,-0.47,-0.15,0,1,6.00
2000-03-20T06:00:00,0.19,0.48,0.82,1.29,0.32,-0.29,0.73,-0.31,-0.08,0,0,7.00
2000-03-20T07:00:00,0.08,0.82,0.98,1.29,0.12,-0.14,0.87,-0.28,-0.12,0,0,12.00
2000-03-20T08:00:00,-1.01,-0.07,-0.41,1.34,0.17,0.24,1.21,-0.3,-0.07,0,0,10.00
2000-03-20T09:00:00,-0.97,0.25,-0.63,1.25,0.08,-0.04,1.14,-0.34,-0.11,0,0,11.00
2000-03-20T10:00:00,-0.73,0.4,-0.3,1.24,0.02,-0.11,0.95,-0.36,-0.06,0,0,10.00
2000-03-20T11:00:00,-0.12,0.55,0.43,1.31,0.34,0.13,0.82,-0.24,0.1,0,0,5.00
2000-03-20T12:00:00,-0.12,0.69,0.61,1.21,0.13,-0.33,0.62,-0.26,-0.05,0,0,-2.00
2000-03-20T13:00:00,-0.06,0.69,0.65,1.11,-0.12,-0.4,0.58,-0.22,-0.05,0,0,-3.00
2000-03-20T14:00:00,0.08,0.3,0.87,1.13,-0.2,-0.71,0.6,-0.26,-0.06,0,0,4.00
2000-03-20T15:00:00,0.59,0.27,0.99,1.14,-0.27,-0.97,0.65,-0.33,-0.12,0,0,8.00
2000-03-20T16:00:00,0.04,-0.25,1.12,1.18,-0.06,-1.1,0.66,-0.3,-0.12,0,0,11.00
2000-03-20T17:00:00,0.07,-0.37,0.81,1.22,-0.04,-1.18,1.0,-0.33,-0.04,0,0,12.00
2000-03-20T18:00:00,-0.45,-0.82,0.49,1.28,0.15,-0.68,0.98,-0.31,-0.07,0,0,12.00
2000-03-20T19:00:00,-0.34,0.41,0.73,1.3,-0.24,-0.54,0.91,-0.28,-0.03,0,0,10.00
2000-03-20T20:00:00,-0.13,0.27,0.84,1.2,-0.33,-0.45,1.0,-0.38,-0.07,0,0,9.00
2000-03-20T21:00:00,0.28,0.25,0.93,1.12,-0.35,-0.52,1.09,-0.42,-0.11,0,0,6.00
2000-03-20T22:00:00,0.03,-0.79,0.82,1.14,0.21,-0.57,1.03,-0.35,-0.1,0,0,8.00
2000-03-20T23:00:00,0.22,0.04,1.1,1.1,-0.39,-0.62,1.25,-0.43,-0.13,0,0,8.00
2000-03-21T00:00:00,-0.35,0.6,0.84,1.19,-0.84,-0.39,1.24,-0.42,-0.12,0,0,8.00
2000-03-21T01:00:00,-0.3,0.72,0.75,1.17,-0.86,-0.44,1.18,-0.41,-0.11,0,0,8.00
2000-03-21T02:00:00,-0.92,0.17,0.68,1.36,-0.62,-0.58,1.05,-0.39,-0.11,0,0,11.00
2000-03-21T03:00:00,-1.14,-0.62,0.49,1.43,-0.03,-0.58,1.11,-0.39,-0.13,0,0,13.00
2000-03-21T04:00:00,-1.16,0.32,0.45,1.44,-0.71,-0.49,1.12,-0.39,-0.12,0,0,12.00
2000-03-21T05:00:00,-0.7,0.81,0.74,1.26,-1.03,-0.26,1.28,-0.43,-0.14,0,0,13.00
2000-03-21T06:00:00,-0.38,0.75,1.18,1.21,-0.97,-0.57,1.23,-0.45,-0.15,0,0,14.00
2000-03-21T07:00:00,0.3,0.23,1.47,1.07,-0.53,-0.49,0.83,-0.5,-0.17,0,0,16.00
2000-03-21T08:00:00,-0.19,0.57,1.53,1.18,-0.68,-0.44,0.5,-0.52,-0.18,0,0,16.00
2000-03-21T09:00:00,-0.55,0.64,1.42,1.21,-0.69,-0.52,0.51,-0.45,-0.17,0,0,14.00
2000-03-21T10:00:00,-0.18,0.59,1.27,0.99,-0.48,-0.44,0.74,-0.37,-0.15,0,0,13.00
2000-03-21T11:00:00,0.17,0.58,1.37,0.87,-0.37,-0.68,0.81,-0.38,-0.15,0,0,12.00
2000-03-21T12:00:00,-0.71,0.78,1.1,0.92,-0.42,-0.86,1.04,-0.32,-0.14,0,0,15.00
2000-03-21T13:00:00,-0.33,0.51,1.08,0.81,-0.04,-1.03,0.85,-0.24,-0.11,0,0,18.00
2000-03-21T14:00:00,0.37,0.28,1.28,0.63,0.39,-1.42,0.7,-0.28,-0.13,0,0,20.00
2000-03-21T15:00:00,-0.91,0.7,0.75,1.07,0.06,-0.88,0.83,-0.19,-0.1,0,0,18.00
2000-03-21T16:00:00,-0.57,1.14,0.4,0.94,-0.11,0.03,0.93,-0.09,-0.07,0,0,23.00
2000-03-21T17:00:00,-0.29,0.65,0.42,0.93,0.22,0.28,1.14,-0.04,0.18,0,0,24.00
2000-03-21T18:00:00,1.03,0.43,0.37,0.64,0.32,0.11,1.41,-0.28,-0.06,0,0,23.00
2000-03-21T19:00:00,0.76,0.46,0.55,0.69,0.25,-0.2,1.18,-0.27,-0.04,0,0,21.00
2000-03-21T20:00:00,0.34,0.62,0.55,0.79,0.35,-0.27,1.23,-0.21,0.05,0,0,20.00
2000-03-21T21:00:00,0.39,0.31,0.7,0.79,0.48,-0.6,1.29,-0.19,0.07,0,0,18.00
2000-03-21T22:00:00,0.53,0.07,0.75,0.79,0.58,-0.82,1.27,-0.26,0.0,0,0,18.00
2000-03-21T23:00:00,-0.36,0.63,0.45,0.96,0.43,-0.53,1.2,-0.14,0.11,0,0,16.00
2000-03-22T00:00:00,-1.0,0.79,0.03,1.04,0.18,-0.07,0.95,-0.06,-0.05,0,0,14.00
2000-03-22T01:00:00,-1.09,0.83,0.56,0.94,0.2,-0.88,1.57,-0.07,-0.05,1,0,11.00
2000-03-22T02:00:00,-0.85,1.16,-0.22,0.89,-0.02,-0.31,1.81,-0.07,-0.04,1,0,8.00
2000-03-22T03:00:00,-1.35,1.05,0.12,1.1,-0.23,-0.98,1.96,-0.17,-0.09,1,0,11.00
2000-03-22T04:00:00,-1.52,0.99,0.63,1.13,-0.17,-1.4,2.22,-0.19,-0.11,1,0,10.00
2000-03-22T05:00:00,-1.28,0.27,0.61,1.05,-0.0,-1.72,2.17,-0.15,-0.04,1,0,9.00
2000-03-22T06:00:00,0.3,1.27,-0.06,0.84,-0.59,-1.22,2.74,-0.27,-0.03,1,0,12.00
2000-03-22T07:00:00,-0.45,1.41,0.49,1.01,-0.98,-1.81,2.94,-0.29,-0.08,1,0,18.00
2000-03-22T08:00:00,-0.91,1.02,1.39,1.11,-1.35,-2.01,4.1,-0.46,-0.15,1,0,22.00
2000-03-22T09:00:00,-0.84,1.02,1.62,1.22,-1.52,-2.14,4.77,-0.49,-0.15,1,0,15.00
2000-03-22T10:00:00,-0.78,1.29,1.17,1.22,-1.52,-2.29,7.11,-0.45,-0.11,1,0,24.00
2000-03-22T11:00:00,-1.57,2.06,0.32,0.99,-1.01,-1.66,5.55,-0.24,-0.11,1,0,32.00
2000-03-22T12:00:00,-1.68,2.76,1.07,0.92,-0.85,-2.23,4.07,-0.22,-0.15,1,0,46.00
2000-03-22T13:00:00,-1.89,2.66,0.75,0.96,-0.56,-2.0,4.35,-0.16,-0.14,1,0,45.00
2000-03-22T14:00:00,-0.93,3.26,-0.06,0.45,1.3,-0.51,2.13,0.64,-0.12,1,0,39.00
2000-03-22T15:00:00,-1.0,2.23,1.25,0.01,2.02,0.78,1.91,0.93,-0.07,1,0,46.00
2000-03-22T16:00:00,-1.45,1.92,0.79,0.06,1.36,0.22,1.78,0.93,-0.05,1,0,42.00
2000-03-22T17:00:00,-1.21,1.21,0.62,-0.22,0.99,0.73,1.31,1.04,0.05,1,0,36.00
2000-03-22T18:00:00,-1.27,0.39,0.56,-0.77,0.63,0.41,0.26,0.74,-0.02,1,0,35.00
2000-03-22T19:00:00,-1.16,-0.55,0.52,-0.99,1.97,0.6,-0.0,0.58,-0.05,1,0,27.00
2000-03-22T20:00:00,-0.76,1.01,0.5,-1.13,0.07,0.75,-0.17,0.54,-0.08,0,0,5.00
2000-03-22T21:00:00,-0.67,1.41,0.08,-1.09,-0.37,1.75,-0.22,0.31,-0.13,0,0,1.00
2000-03-22T22:00:00,-1.0,0.74,0.65,-0.96,0.38,0.59,-0.18,0.43,-0.1,0,0,1.00
2000-03-22T23:00:00,-0.74,1.19,0.51,-1.03,-0.16,0.62,-0.25,0.3,-0.13,0,0,-2.00
2000-03-23T00:00:00,-0.69,0.95,0.48,-0.92,-0.09,0.56,-0.18,0.23,-0.1,0,0,-5.00
2000-03-23T01:00:00,-0.49,1.36,0.07,-0.92,-0.4,1.09,-0.24,0.18,-0.13,0,0,0.00
2000-03-23T02:00:00,-0.82,0.86,0.26,-0.9,-0.27,0.04,-0.37,-0.09,-0.14,0,0,6.00
2000-03-23T03:00:00,-0.74,0.66,0.03,-0.99,-0.03,0.46,-0.38,-0.11,-0.12,0,0,7.00
2000-03-23T04:00:00,-1.05,0.37,0.19,-0.8,0.36,0.06,-0.42,-0.29,-0.16,0,0,0.00
2000-03-23T05:00:00,-0.65,0.86,0.3,-1.01,-0.5,-0.16,-0.33,-0.06,-0.13,0,0,-1.00
2000-03-23T06:00:00,-0.61,0.9,0.3,-1.03,-0.5,-0.12,-0.3,-0.02,-0.12,0,0,-2.00
2000-03-23T07:00:00,-0.62,0.87,0.35,-1.03,-0.68,-0.09,-0.34,-0.08,-0.13,0,0,0.00
2000-03-23T08:00:00,-0.82,0.35,0.17,-0.92,0.02,0.37,-0.29,-0.14,-0.1,0,0,-3.00
2000-03-23T09:00:00,-0.27,-0.62,0.47,-1.22,1.64,0.03,-0.21,0.07,-0.01,0,0,-1.00
2000-03-23T10:00:00,-0.57,-0.06,0.32,-1.04,0.77,0.48,-0.18,0.03,0.09,0,0,1.00
2000-03-23T11:00:00,-0.79,0.22,0.2,-0.89,0.39,0.71,-0.15,-0.01,-0.03,0,0,3.00
2000-03-23T12:00:00,-0.58,0.16,0.24,-1.0,0.49,0.76,-0.11,0.16,0.18,0,0,2.00
2000-03-23T13:00:00,-0.71,-0.42,0.11,-0.94,1.3,0.93,-0.13,0.17,0.04,0,0,7.00
2000-03-23T14:00:00,-0.67,0.52,0.24,-0.86,0.29,0.46,-0.13,0.2,0.01,0,0,7.00
2000-03-23T15:00:00,-0.56,0.73,0.12,-0.85,-0.14,0.8,-0.13,0.29,0.0,0,0,3.00
2000-03-23T16:00:00,-0.81,-0.13,0.45,-0.74,0.77,0.37,-0.06,0.2,0.0,0,0,-1.00
2000-03-23T17:00:00,-0.77,0.06,0.53,-0.66,0.49,0.25,-0.11,0.13,-0.03,0,0,7.00
2000-03-23T18:00:00,-0.76,0.09,0.44,-0.58,0.5,0.18,-0.1,0.1,-0.01,0,0,8.00
2000-03-23T19:00:00,-0.56,0.68,0.3,-0.5,-0.17,0.25,-0.1,0.09,-0.03,0,0,6.00
2000-03-23T20:00:00,-0.4,0.71,0.45,-0.53,-0.18,-0.18,-0.21,-0.11,-0.09,0,0,6.00
2000-03-23T21:00:00,-0.55,0.65,0.48,-0.44,-0.08,-0.61,-0.3,-0.06,-0.1,0,0,3.00
2000-03-23T22:00:00,-0.73,0.73,0.14,-0.36,-0.25,0.15,-0.41,0.02,-0.12,1,0,-1.00
2000-03-23T23:00:00,-0.73,0.56,0.23,-0.39,-0.7,-0.46,-0.28,-0.06,-0.09,1,0,-6.00
2000-03-24T00:00:00,-0.79,0.7,0.29,-0.33,-0.24,-0.4,-0.24,0.04,-0.1,1,0,-5.00
2000-03-24T01:00:00,-0.45,0.89,0.25,-0.48,-0.42,-0.37,-0.26,0.06,-0.09,1,0,-4.00
2000-03-24T02:00:00,-0.59,1.2,0.27,-0.65,-0.92,-0.59,-0.32,-0.13,-0.15,1,0,-3.00
2000-03-24T03:00:00,-1.27,0.56,0.57,-0.46,-0.54,-0.89,-0.39,-0.19,-0.17,1,0,1.00
2000-03-24T04:00:00,-1.17,0.56,0.47,-0.81,-0.87,-0.16,-0.49,0.12,-0.15,1,0,2.00
2000-03-24T05:00:00,-0.99,-0.04,0.81,-1.74,0.56,0.35,-0.66,1.08,-0.12,1,0,3.00
2000-03-24T06:00:00,-0.9,-0.35,0.73,-1.95,1.76,0.56,-0.64,1.49,-0.08,1,0,2.00
2000-03-24T07:00:00,-1.04,0.02,0.5,-1.9,1.53,0.34,-0.66,0.88,-0.11,1,0,5.00
2000-03-24T08:00:00,-0.99,0.57,0.21,-2.05,1.33,0.37,-0.73,0.87,-0.13,1,0,8.00
2000-03-24T09:00:00,-0.85,0.48,0.05,-2.17,1.57,1.07,-0.74,1.05,-0.09,1,0,10.00
2000-03-24T10:00:00,-0.66,0.71,-0.16,-2.26,1.11,1.71,-0.75,1.31,-0.09,1,0,8.00
2000-03-24T11:00:00,-0.37,0.71,-0.3,-2.4,1.51,2.4,-0.71,1.44,-0.04,1,0,6.00
2000-03-24T12:00:00,-0.63,0.62,-0.35,-1.98,1.88,2.06,-0.63,1.36,-0.04,1,0,8.00
2000-03-24T13:00:00,-0.62,0.65,-0.01,-2.1,1.28,1.45,-0.66,1.62,0.01,1,0,2.00
2000-03-24T14:00:00,-0.59,0.43,0.39,-2.14,1.25,-0.14,-0.72,1.6,0.01,1,0,-7.00
2000-03-24T15:00:00,-0.53,0.27,0.51,-2.23,1.66,-0.7,-0.72,1.65,0.02,1,0,-10.00
2000-03-24T16:00:00,-0.39,0.58,0.28,-2.28,0.66,0.03,-0.76,1.43,-0.0,1,0,-7.00
2000-03-24T17:00:00,-0.77,0.3,0.59,-1.83,1.27,-1.15,-0.77,0.93,-0.12,0,0,-4.00
2000-03-24T18:00:00,-0.86,0.14,0.31,-1.67,1.57,0.1,-0.76,0.74,-0.1,0,0,-7.00
2000-03-24T19:00:00,-0.87,-0.04,0.07,-1.69,1.8,0.93,-0.77,0.5,-0.11,0,0,-9.00
2000-03-24T20:00:00,-0.78,0.19,0.17,-1.77,0.9,0.13,-0.8,0.41,-0.12,0,0,-11.00
2000-03-24T21:00:00,-0.58,0.35,0.37,-1.85,0.23,-0.75,-0.79,0.72,-0.09,0,0,-13.00
2000-03-24T22:00:00,-0.56,0.54,0.24,-1.86,-0.21,0.06,-0.79,0.67,-0.1,0,0,-15.00
2000-03-24T23:00:00,-0.52,0.49,0.05,-1.84,-0.04,1.0,-0.8,0.69,-0.08,0,0,-17.00
2000-03-25T00:00:00,-0.61,0.49,0.04,-1.7,-0.1,1.37,-0.78,0.65,-0.09,0,0,-17.00
2000-03-25T01:00:00,-0.41,0.64,0.1,-1.82,-1.17,1.13,-0.79,0.79,-0.08,0,0,-18.00
2000-03-25T02:00:00,-0.63,0.17,0.1,-1.54,1.16,1.66,-0.79,0.58,-0.06,0,0,-18.00
2000-03-25T03:00:00,-0.71,0.17,0.03,-1.52,0.89,1.5,-0.8,0.34,-0.11,0,0,-17.00
2000-03-25T04:00:00,-0.53,0.43,0.13,-1.54,0.54,1.0,-0.81,0.45,-0.1,0,0,-18.00
2000-03-25T05:00:00,-0.26,0.49,-0.11,-1.73,0.67,1.79,-0.82,0.54,-0.07,0,0,-13.00
2000-03-25T06:00:00,-0.49,0.52,0.01,-1.57,0.15,1.11,-0.84,0.46,-0.12,0,0,-8.00
2000-03-25T07:00:00,-0.64,0.35,0.1,-1.44,0.82,0.75,-0.87,0.14,-0.15,0,0,-8.00
2000-03-25T08:00:00,-0.63,0.35,0.15,-1.47,0.75,0.56,-0.87,0.07,-0.15,0,0,-12.00
2000-03-25T09:00:00,-0.44,0.5,0.02,-1.58,0.14,1.43,-0.86,0.16,-0.14,0,0,-10.00
2000-03-25T10:00:00,-0.44,0.52,0.06,-1.51,0.17,1.02,-0.87,0.17,-0.14,0,0,-9.00
2000-03-25T11:00:00,-0.67,0.28,0.42,-1.37,1.05,-0.05,-0.87,-0.01,-0.17,0,0,-9.00
2000-03-25T12:00:00,-0.69,0.36,0.34,-1.3,0.5,0.31,-0.88,-0.04,-0.17,0,0,-14.00
2000-03-25T13:00:00,-0.75,0.35,0.09,-1.08,0.3,1.56,-0.87,-0.04,-0.17,0,0,-16.00
2000-03-25T14:00:00,-0.55,0.31,0.26,-1.17,0.22,0.75,-0.85,0.23,-0.13,0,0,-12.00
2000-03-25T15:00:00,-0.57,0.53,0.06,-1.08,-0.53,1.83,-0.84,0.05,-0.15,0,0,-9.00
2000-03-25T16:00:00,-0.68,0.3,0.05,-0.89,0.1,2.06,-0.82,-0.08,-0.15,0,0,-7.00
2000-03-25T17:00:00,-0.82,0.19,0.22,-0.69,0.42,0.95,-0.82,-0.25,-0.17,0,0,-6.00
2000-03-25T18:00:00,-0.52,0.08,0.59,-0.87,-0.33,-0.67,-0.78,0.09,-0.14,0,0,-3.00
2000-03-25T19:00:00,-0.21,-0.3,0.67,-1.09,1.51,-0.94,-0.78,0.18,-0.13,0,0,-11.00
2000-03-25T20:00:00,-0.32,-0.27,0.52,-0.9,1.28,-0.38,-0.77,0.05,-0.11,0,0,-3.00
2000-03-25T21:00:00,-0.44,-0.13,0.58,-0.71,1.09,-0.72,-0.77,0.09,-0.13,0,0,0.00
2000-03-25T22:00:00,-0.66,-0.16,0.46,-0.51,1.19,-0.29,-0.78,-0.15,-0.16,0,0,-1.00
2000-03-25T23:00:00,-0.29,-0.2,0.61,-0.69,1.03,-0.74,-0.77,0.06,-0.12,0,0,-1.00
2000-03-26T00:00:00,-0.1,-0.3,0.57,-0.81,1.07,-0.56,-0.77,0.05,-0.11,0,0,-1.00
2000-03-26T01:00:00,0.23,-0.38,0.68,-0.99,1.22,-0.92,-0.77,0.04,-0.14,0,0,-1.00
2000-03-26T02:00:00,-0.26,-0.09,0.59,-0.55,0.69,-0.39,-0.74,0.21,-0.09,0,0,-2.00
2000-03-26T03:00:00,-0.38,0.34,0.39,-0.39,-0.49,0.28,-0.74,0.17,-0.08,0,0,-3.00
2000-03-26T04:00:00,-0.22,0.09,0.45,-0.56,0.09,-0.11,-0.73,0.18,-0.01,0,0,-3.00
2000-03-26T05:00:00,0.06,-0.04,0.63,-0.74,0.61,-0.4,-0.72,0.25,-0.07,0,0,-3.00
2000-03-26T06:00:00,-0.02,-0.08,0.54,-0.65,0.54,-0.3,-0.72,0.15,-0.04,0,0,-2.00
2000-03-26T07:00:00,-0.06,0.19,0.37,-0.58,0.02,0.18,-0.72,0.3,0.14,0,0,-1.00
2000-03-26T08:00:00,-0.42,0.03,0.57,-0.21,0.46,-0.68,-0.74,0.0,-0.12,0,0,2.00
2000-03-26T09:00:00,-0.53,0.19,0.46,-0.0,-0.16,-0.6,-0.72,-0.13,-0.13,0,0,2.00
2000-03-26T10:00:00,-0.48,0.12,0.49,-0.03,0.04,-0.67,-0.7,-0.09,-0.12,0,0,0.00
2000-03-26T11:00:00,-0.64,-0.01,0.43,0.09,0.43,-0.42,-0.68,-0.14,-0.13,0,0,-1.00
2000-03-26T12:00:00,-0.39,0.4,0.15,-0.01,-0.71,0.44,-0.66,-0.11,-0.07,0,0,-3.00
2000-03-26T13:00:00,-0.37,0.31,0.14,0.05,-0.79,0.41,-0.69,-0.19,-0.07,0,0,-2.00
2000-03-26T14:00:00,0.06,0.64,-0.14,-0.2,-1.11,0.88,-0.63,-0.04,-0.1,0,0,-1.00
2000-03-26T15:00:00,-0.53,0.32,-0.02,0.24,-0.3,0.35,-0.67,-0.22,-0.12,0,0,0.00
2000-03-26T16:00:00,-0.32,0.44,0.27,0.09,-0.37,-0.39,-0.66,-0.09,-0.08,0,0,3.00
2000-03-26T17:00:00,-0.24,0.46,0.37,0.09,-0.38,-0.51,-0.66,-0.06,-0.09,0,0,0.00
2000-03-26T18:00:00,-0.1,0.56,0.08,0.01,-0.53,0.06,-0.67,0.0,-0.06,0,0,0.00
2000-03-26T19:00:00,-0.46,0.24,0.27,0.27,0.05,-0.15,-0.67,-0.11,-0.08,0,0,2.00
2000-03-26T20:00:00,-0.36,0.35,0.2,0.21,-0.17,-0.16,-0.68,-0.16,-0.08,0,0,-1.00
2000-03-26T21:00:00,-0.15,0.62,-0.2,0.09,-0.56,0.79,-0.68,-0.17,-0.13,0,0,-1.00
2000-03-26T22:00:00,-0.23,0.48,0.35,0.17,-0.41,-0.5,-0.68,-0.18,-0.11,0,0,-1.00
2000-03-26T23:00:00,-0.41,0.38,-0.13,0.26,-0.24,0.87,-0.68,-0.19,-0.11,0,0,-2.00
2000-03-27T00:00:00,-0.41,0.34,0.31,0.34,-0.36,-0.1,-0.67,-0.18,-0.1,0,0,-5.00
2000-03-27T01:00:00,-0.29,0.1,0.27,0.26,0.24,0.1,-0.69,-0.19,0.0,0,0,-3.00
2000-03-27T02:00:00,-0.26,-0.0,0.58,0.25,0.57,-0.8,-0.69,-0.23,-0.13,0,0,-4.00
2000-03-27T03:00:00,-0.28,0.12,0.43,0.26,0.27,-0.42,-0.69,-0.2,-0.08,0,0,-2.00
2000-03-27T04:00:00,-0.43,0.0,0.23,0.37,0.57,0.07,-0.69,-0.22,-0.07,0,0,-2.00
2000-03-27T05:00:00,-0.62,0.2,0.04,0.56,0.15,0.74,-0.73,-0.41,-0.16,0,0,-3.00
2000-03-27T06:00:00,-0.46,-0.05,0.41,0.5,0.8,-0.63,-0.71,-0.35,-0.14,0,0,-2.00
2000-03-27T07:00:00,-0.37,0.33,0.19,0.47,-0.01,-0.03,-0.68,-0.37,-0.12,0,0,-2.00
2000-03-27T08:00:00,-0.58,-0.02,0.39,0.59,0.87,-0.66,-0.63,-0.36,-0.15,0,0,-1.00
2000-03-27T09:00:00,-0.32,0.2,0.38,0.44,0.32,-0.49,-0.62,-0.29,-0.09,0,0,0.00
2000-03-27T10:00:00,-0.49,0.12,0.46,0.55,0.41,-0.71,-0.63,-0.32,-0.14,0,0,0.00
2000-03-27T11:00:00,-0.26,0.62,0.07,0.49,-0.51,0.55,-0.62,-0.29,-0.13,0,0,-1.00
2000-03-27T12:00:00,0.07,0.38,0.55,0.27,-0.17,-0.86,-0.61,-0.31,-0.14,0,0,-2.00
2000-03-27T13:00:00,-0.25,0.35,-0.05,0.61,-0.42,-0.2,-0.56,-0.28,-0.04,0,0,-2.00
2000-03-27T14:00:00,-0.68,0.09,0.29,0.87,0.02,-1.16,-0.55,-0.29,-0.13,0,0,-1.00
2000-03-27T15:00:00,0.21,0.65,0.25,0.54,-0.67,-0.87,-0.55,-0.13,-0.1,0,0,0.00
2000-03-27T16:00:00,0.3,0.73,0.12,0.49,-0.76,-0.56,-0.59,-0.1,-0.12,0,0,2.00
2000-03-27T17:00:00,0.39,0.64,0.16,0.37,-0.85,-0.84,-0.57,-0.06,-0.1,0,0,1.00
2000-03-27T18:00:00,0.47,0.72,0.27,0.52,-0.97,-1.07,-0.6,-0.42,-0.17,0,0,2.00
2000-03-27T19:00:00,0.14,0.66,0.45,0.69,-0.75,-1.28,-0.61,-0.26,-0.14,0,0,5.00
2000-03-27T20:00:00,0.34,0.63,0.23,0.61,-0.82,-0.87,-0.59,-0.21,-0.12,0,0,9.00
2000-03-27T21:00:00,-0.27,0.36,0.13,0.83,-0.88,-0.73,-0.62,-0.16,-0.02,0,0,12.00
2000-03-27T22:00:00,-0.86,-0.05,0.1,1.16,-0.05,-0.65,-0.66,-0.24,-0.15,0,0,14.00
2000-03-27T23:00:00,-0.69,0.33,0.04,1.15,-0.4,-0.32,-0.65,-0.12,-0.13,0,0,9.00
2000-03-28T00:00:00,-0.7,0.46,-0.08,1.15,-0.9,-0.22,-0.63,-0.08,-0.13,0,0,6.00
2000-03-28T01:00:00,-0.75,0.4,-0.13,1.18,-0.95,-0.07,-0.64,-0.15,-0.14,0,0,0.00
2000-03-28T02:00:00,-0.75,0.44,-0.11,1.14,-1.22,0.01,-0.62,-0.05,-0.13,0,0,-2.00
2000-03-28T03:00:00,-0.21,0.86,-0.01,0.55,-2.1,-0.42,-0.37,0.64,0.01,0,0,1.00
2000-03-28T04:00:00,0.58,1.2,-0.19,0.37,-1.4,0.35,-0.41,-0.14,-0.16,0,0,6.00
2000-03-28T05:00:00,0.59,1.33,0.12,0.4,-1.85,0.01,-0.43,-0.24,-0.17,0,0,9.00
2000-03-28T06:00:00,0.28,1.42,-0.07,0.62,-2.08,0.47,-0.43,-0.19,-0.17,0,0,5.00
2000-03-28T07:00:00,0.89,1.16,0.29,0.56,-2.37,-0.43,-0.49,-0.24,-0.17,0,0,2.00
2000-03-28T08:00:00,0.99,0.97,0.21,0.5,-2.19,-0.28,-0.48,-0.11,-0.16,0,0,1.00
2000-03-28T09:00:00,-0.09,1.12,0.02,0.95,-2.33,-0.11,-0.42,0.04,-0.13,0,0,2.00
2000-03-28T10:00:00,-0.01,1.15,0.29,0.88,-2.05,-0.34,-0.46,-0.26,-0.16,0,0,2.00
2000-03-28T11:00:00,-0.79,0.9,0.03,1.36,-2.11,0.22,-0.52,-0.34,-0.17,0,0,0.00
2000-03-28T12:00:00,-1.06,0.75,0.01,1.57,-1.91,0.33,-0.57,-0.43,-0.18,0,0,-2.00
2000-03-28T13:00:00,-0.85,0.9,0.03,1.48,-2.13,0.22,-0.54,-0.47,-0.18,0,0,-2.00
2000-03-28T14:00:00,-1.31,0.44,0.03,1.77,-1.39,0.01,-0.57,-0.53,-0.19,0,0,-1.00
2000-03-28T15:00:00,-1.23,0.62,0.12,1.76,-1.7,-0.28,-0.54,-0.54,-0.19,0,0,-1.00
2000-03-28T16:00:00,-1.06,0.89,0.34,1.65,-2.0,-0.56,-0.5,-0.5,-0.18,0,0,-1.00
2000-03-28T17:00:00,-1.29,0.86,0.13,1.67,-2.23,-0.21,-0.46,-0.5,-0.19,0,0,-2.00
2000-03-28T18:00:00,-0.97,1.0,0.6,1.43,-2.42,-1.48,-0.48,-0.43,-0.18,0,0,2.00
2000-03-28T19:00:00,-1.21,0.84,0.64,1.56,-2.21,-1.62,-0.53,-0.43,-0.18,0,0,2.00
2000-03-28T20:00:00,-1.42,0.4,0.55,1.71,-1.15,-1.1,-0.52,-0.39,-0.18,0,0,2.00
2000-03-28T21:00:00,-1.24,0.84,0.64,1.56,-1.86,-1.28,-0.53,-0.4,-0.18,0,0,2.00
2000-03-28T22:00:00,-1.1,0.98,0.49,1.55,-2.33,-1.02,-0.5,-0.41,-0.18,0,0,2.00
2000-03-28T23:00:00,-1.02,0.83,0.76,1.52,-1.89,-1.71,-0.55,-0.36,-0.18,0,0,1.00
2000-03-29T00:00:00,-1.01,0.91,0.7,1.58,-2.21,-1.62,-0.62,-0.43,-0.19,0,0,-2.00
2000-03-29T01:00:00,-1.02,0.59,0.93,1.63,-1.74,-2.28,-0.66,-0.51,-0.19,0,0,-3.00
2000-03-29T02:00:00,-0.67,0.57,1.1,1.37,-1.89,-2.56,-0.69,-0.46,-0.19,0,0,-1.00
2000-03-29T03:00:00,-1.12,0.69,0.71,1.74,-2.02,-1.47,-0.86,-0.39,-0.19,0,0,4.00
2000-03-29T04:00:00,-1.03,0.74,0.81,1.85,-1.92,-0.83,-0.95,-0.42,-0.19,0,0,7.00
2000-03-29T05:00:00,-1.07,0.84,0.67,2.01,-2.82,0.0,-0.96,-0.41,-0.19,0,0,2.00
2000-03-29T06:00:00,-0.98,1.06,0.62,1.86,-3.47,-0.88,-0.97,-0.5,-0.19,0,0,0.00
2000-03-29T07:00:00,-0.69,0.97,1.01,1.2,-2.22,-5.16,-0.97,-0.45,-0.19,0,0,0.00
2000-03-29T08:00:00,-0.62,1.22,0.9,0.86,-3.69,-2.89,-0.96,-0.3,-0.19,0,0,2.00
2000-03-29T09:00:00,-0.59,1.28,0.84,0.65,-4.03,-2.8,-0.94,-0.28,-0.19,0,0,4.00
2000-03-29T10:00:00,-0.43,1.45,0.65,0.26,-4.81,-2.03,-0.95,0.09,-0.19,0,0,7.00
2000-03-29T11:00:00,0.14,1.12,0.93,-0.8,-2.46,-3.56,-0.91,0.29,-0.18,0,0,7.00
2000-03-29T12:00:00,0.07,0.98,1.07,-0.81,-1.1,-5.07,-0.9,0.35,-0.18,0,0,7.00
2000-03-29T13:00:00,0.14,1.03,1.07,-0.74,-0.5,-4.33,-0.83,-0.04,-0.18,0,0,9.00
2000-03-29T14:00:00,0.24,1.05,1.08,-0.72,-0.27,-4.14,-0.79,-0.27,-0.19,0,0,9.00
2000-03-29T15:00:00,0.17,1.1,1.03,-0.6,-0.42,-3.87,-0.77,-0.33,-0.19,0,0,12.00
2000-03-29T16:00:00,0.06,1.23,0.81,-0.39,-0.56,-3.18,-0.72,-0.28,-0.18,0,0,11.00
2000-03-29T17:00:00,0.26,1.35,0.36,-0.41,-0.55,-1.79,-0.61,0.01,-0.17,0,0,11.00
2000-03-29T18:00:00,0.15,1.32,0.15,-0.25,-0.5,-0.12,-0.6,-0.19,-0.17,0,0,12.00
2000-03-29T19:00:00,0.15,0.21,-0.63,-0.27,0.57,0.27,0.4,-0.38,-0.09,0,0,13.00
2000-03-29T20:00:00,0.1,0.15,-0.86,-0.22,0.22,-0.02,-0.08,-0.47,-0.16,0,0,22.00
2000-03-29T21:00:00,0.34,0.05,-0.88,-0.19,0.59,0.63,-0.36,-0.53,-0.18,0,0,15.00
2000-03-29T22:00:00,0.38,0.24,-0.05,-0.23,0.46,0.12,-0.41,-0.53,-0.13,0,0,-6.00
2000-03-29T23:00:00,0.31,0.04,0.18,-0.36,0.28,-0.2,0.98,-0.45,0.54,0,0,-16.00
2000-03-30T00:00:00,0.63,-0.05,0.39,-0.4,0.29,-0.25,-0.08,-0.48,-0.13,0,1,-16.00
2000-03-30T01:00:00,0.59,0.02,0.43,-0.31,0.24,-0.21,0.1,-0.48,-0.12,0,1,-8.00
2000-03-30T02:00:00,0.62,0.18,0.37,-0.13,0.26,0.01,0.16,-0.53,-0.14,0,1,-9.00
2000-03-30T03:00:00,0.58,0.22,0.21,-0.04,0.15,0.15,0.39,-0.55,-0.12,0,1,-12.00
2000-03-30T04:00:00,0.7,0.23,0.2,-0.0,0.09,0.22,0.28,-0.54,-0.14,0,1,-4.00
2000-03-30T05:00:00,0.89,0.2,0.2,0.04,0.14,0.22,-0.1,-0.5,-0.16,0,1,-1.00
2000-03-30T06:00:00,0.78,0.46,0.11,0.09,0.08,0.17,0.07,-0.53,-0.16,0,1,-3.00
2000-03-30T07:00:00,0.78,0.61,0.15,0.06,0.01,0.1,-0.12,-0.53,-0.17,0,1,-3.00
2000-03-30T08:00:00,0.85,0.53,0.13,0.16,0.03,0.02,-0.16,-0.53,-0.17,0,1,-5.00
2000-03-30T09:00:00,0.67,0.72,0.03,0.17,0.09,0.05,-0.06,-0.55,-0.17,0,1,-4.00
2000-03-30T10:00:00,0.76,0.73,0.07,0.23,0.05,0.1,-0.14,-0.51,-0.17,0,1,-1.00
2000-03-30T11:00:00,0.93,0.51,0.17,0.22,-0.16,0.18,-0.27,-0.5,-0.17,0,1,-2.00
2000-03-30T12:00:00,0.73,0.64,0.22,0.33,-0.15,0.29,-0.1,-0.52,-0.17,0,1,-4.00
2000-03-30T13:00:00,0.8,0.58,-0.02,0.44,-0.19,0.2,-0.12,-0.54,-0.17,0,1,-3.00
2000-03-30T14:00:00,0.34,0.25,-0.13,0.48,-0.22,0.01,0.7,-0.54,-0.03,0,1,-2.00
2000-03-30T15:00:00,-0.3,-0.19,-0.09,0.46,-0.29,0.01,1.24,-0.53,0.14,0,0,6.00
2000-03-30T16:00:00,-0.02,0.33,-0.38,0.5,-0.05,0.0,2.13,-0.54,-0.03,0,0,10.00
2000-03-30T17:00:00,0.26,0.67,-0.63,0.53,-0.1,-0.13,1.59,-0.56,-0.15,0,0,13.00
2000-03-30T18:00:00,0.05,0.9,-0.67,0.54,-0.21,-0.16,1.13,-0.56,-0.17,0,0,12.00
2000-03-30T19:00:00,-0.07,1.21,-0.32,0.56,-0.11,0.02,1.13,-0.56,-0.17,0,0,2.00
2000-03-30T20:00:00,-0.07,1.22,-0.33,0.58,-0.15,-0.11,1.29,-0.56,-0.17,0,0,-6.00
2000-03-30T21:00:00,-0.35,1.12,0.25,0.65,-0.28,-0.49,1.05,-0.55,-0.16,0,0,-4.00
2000-03-30T22:00:00,-0.82,0.54,0.58,0.64,-0.33,-0.24,1.73,-0.53,-0.14,0,0,-7.00
2000-03-30T23:00:00,-0.8,0.77,0.45,0.67,-0.23,-0.4,1.06,-0.54,-0.16,0,0,-11.00
2000-03-31T00:00:00,-0.38,1.19,-0.28,0.67,-0.43,-0.1,0.81,-0.54,-0.17,0,0,-3.00
2000-03-31T01:00:00,-0.1,1.26,-0.3,0.71,-0.47,-0.06,1.11,-0.57,-0.17,0,0,-8.00
2000-03-31T02:00:00,0.11,1.31,-0.56,0.63,-0.23,0.34,1.02,-0.55,-0.18,0,0,-10.00
2000-03-31T03:00:00,0.07,-0.79,-0.22,0.61,-0.0,0.09,3.01,-0.5,-0.03,0,0,-12.00
2000-03-31T04:00:00,0.2,-1.15,-0.48,0.59,-0.09,-0.11,2.63,-0.54,-0.15,0,1,-15.00
2000-03-31T05:00:00,0.13,-1.11,-0.74,0.62,-0.06,-0.04,1.67,-0.57,-0.17,0,1,-13.00
2000-03-31T06:00:00,-0.11,-0.99,-0.84,0.65,-0.07,0.06,1.62,-0.55,-0.17,0,1,-16.00
2000-03-31T07:00:00,0.1,-0.87,-1.02,0.69,-0.1,0.24,0.61,-0.54,-0.18,0,1,-29.00
2000-03-31T08:00:00,-0.15,-0.59,-1.2,0.68,-0.13,0.33,0.11,-0.53,-0.18,0,1,-40.00
2000-03-31T09:00:00,0.26,-0.55,-1.01,0.67,-0.1,0.5,0.39,-0.54,-0.18,0,1,-48.00
2000-03-31T10:00:00,0.13,-0.75,-0.88,0.72,-0.02,0.55,0.36,-0.53,-0.17,0,1,-46.00
2000-03-31T11:00:00,0.14,-0.75,-0.75,0.78,0.04,0.42,0.56,-0.52,-0.16,0,1,-56.00
2000-03-31T12:00:00,-0.02,-0.66,-0.8,0.78,0.11,0.17,0.35,-0.51,-0.17,0,1,-60.00
2000-03-31T13:00:00,-0.03,-0.5,-0.78,0.79,0.04,0.24,0.23,-0.52,-0.17,0,1,-55.00
2000-03-31T14:00:00,-0.04,-0.75,-0.7,0.83,-0.11,0.24,0.2,-0.57,-0.18,0,1,-43.00
2000-03-31T15:00:00,-0.5,-0.56,-0.65,0.93,-0.24,0.06,0.5,-0.57,-0.17,0,1,-44.00
2000-03-31T16:00:00,-0.68,-0.53,-0.61,0.97,-0.18,0.04,0.39,-0.57,-0.18,0,1,-45.00
2000-03-31T17:00:00,-0.67,-0.43,-0.62,0.99,-0.2,0.05,0.41,-0.58,-0.18,0,1,-48.00
2000-03-31T18:00:00,-0.59,-0.53,-0.58,0.95,0.11,0.18,0.11,-0.56,-0.18,1,1,-50.00
2000-03-31T19:00:00,-0.71,-0.63,-0.47,0.95,0.15,0.13,0.18,-0.57,-0.18,1,1,-50.00
2000-03-31T20:00:00,-0.54,-0.97,-0.26,0.93,0.12,-0.13,0.29,-0.58,-0.18,1,1,-53.00
2000-03-31T21:00:00,-0.71,-1.04,-0.06,0.97,0.06,-0.27,0.62,-0.58,-0.18,1,1,-54.00
2000-03-31T22:00:00,-0.86,-1.02,-0.05,0.96,0.11,-0.3,0.66,-0.58,-0.18,1,1,-50.00
2000-03-31T23:00:00,-1.21,-0.74,-0.02,1.06,0.03,-0.31,0.62,-0.57,-0.18,1,1,-47.00
2000-04-01T00:00:00,-1.35,-0.51,-0.19,1.16,-0.08,-0.02,0.79,-0.58,-0.18,1,1,---
2000-04-01T01:00:00,-1.21,-0.81,-0.19,1.12,-0.01,-0.02,0.77,-0.57,-0.18,1,1,-33.00
2000-04-01T02:00:00,-1.12,-0.9,0.42,1.09,-0.04,-0.41,0.96,-0.57,-0.18,1,1,-29.00
2000-04-01T03:00:00,-0.75,-1.4,-0.06,1.04,-0.03,-0.23,0.83,-0.53,-0.17,1,1,-23.00
2000-04-01T04:00:00,-0.52,-1.25,-0.03,1.03,-0.07,-0.17,1.39,-0.52,-0.16,1,1,-17.00
2000-04-01T05:00:00,-0.51,-1.12,0.44,1.06,-0.09,-0.32,1.17,-0.51,-0.15,1,1,-16.00
2000-04-01T06:00:00,0.18,-1.17,0.14,1.01,-0.15,-0.13,1.46,-0.47,-0.13,1,1,-18.00
2000-04-01T07:00:00,-0.15,-0.66,0.21,1.02,-0.51,-0.13,2.56,-0.42,0.16,1,1,-13.00
2000-04-01T08:00:00,-0.16,-0.85,0.44,1.02,-0.37,0.06,2.58,-0.4,0.0,1,0,-8.00
2000-04-01T09:00:00,0.01,-0.76,0.57,0.96,-0.64,-0.25,2.85,-0.39,0.03,1,0,-7.00
2000-04-01T10:00:00,-0.51,0.34,-0.14,0.92,-0.74,-0.07,4.43,-0.43,0.33,1,0,-5.00
2000-04-01T11:00:00,0.68,-0.52,0.05,0.97,-0.67,-0.01,2.99,-0.34,0.18,1,0,3.00
2000-04-01T12:00:00,1.3,-0.7,0.23,1.05,-0.84,0.04,1.02,-0.21,-0.11,1,0,3.00
2000-04-01T13:00:00,0.94,-0.93,0.58,1.09,-0.73,-0.08,1.13,-0.24,-0.1,1,0,-6.00
2000-04-01T14:00:00,1.09,-0.23,-0.78,1.09,-0.49,-0.08,1.24,-0.19,-0.1,1,0,-11.00
2000-04-01T15:00:00,1.17,-0.56,-0.63,1.09,-0.69,-0.14,1.25,-0.15,-0.09,1,0,-8.00
2000-04-01T16:00:00,0.35,-0.59,-0.29,0.77,-0.53,0.43,2.46,-0.05,0.49,1,0,-6.00
2000-04-01T17:00:00,0.65,-0.23,-0.16,0.66,0.07,0.96,0.75,-0.05,0.23,1,0,-9.00
2000-04-01T18:00:00,1.88,-1.05,-0.26,0.8,-0.54,1.97,-0.05,-0.16,-0.17,1,0,-16.00
2000-04-01T19:00:00,1.48,-1.34,-0.22,0.62,0.01,1.62,-0.03,-0.1,-0.16,1,0,-31.00
2000-04-01T20:00:00,1.26,-1.4,0.13,0.51,0.13,2.04,0.15,0.4,-0.12,1,0,-37.00
2000-04-01T21:00:00,0.98,-1.28,-0.8,0.51,0.0,0.9,0.1,0.48,-0.12,1,0,-31.00
2000-04-01T22:00:00,0.54,-1.21,-1.2,0.46,-0.4,0.38,-0.04,0.25,-0.15,1,0,-32.00
2000-04-01T23:00:00,0.27,-1.33,-0.99,0.38,-0.63,0.51,0.04,0.2,-0.14,1,0,-34.00
2000-04-02T00:00:00,0.12,-0.97,-1.16,0.38,-0.27,-0.0,0.1,0.29,-0.12,1,0,-45.00
2000-04-02T01:00:00,0.35,-0.73,-1.09,0.5,0.09,-0.03,0.11,0.45,-0.09,1,0,-49.00
2000-04-02T02:00:00,0.42,-0.99,-0.79,0.5,0.13,0.46,0.02,0.68,-0.06,1,0,-43.00
2000-04-02T03:00:00,0.63,-1.03,-0.65,0.61,-0.08,0.21,0.01,0.49,-0.08,1,0,-43.00
2000-04-02T04:00:00,0.64,-0.66,-0.67,0.59,0.43,-0.15,0.07,0.23,-0.07,1,0,-43.00
2000-04-02T05:00:00,0.81,-0.84,-0.53,0.62,0.15,-0.12,0.06,0.14,-0.09,1,0,-39.00
2000-04-02T06:00:00,-0.05,-0.25,-0.8,0.31,0.52,-0.96,-0.03,0.07,-0.06,1,0,-41.00
2000-04-02T07:00:00,-0.06,-0.27,-0.5,0.26,0.17,-0.86,-0.09,0.15,0.1,1,0,-41.00
2000-04-02T08:00:00,0.47,0.28,0.03,0.39,0.65,-0.11,-0.13,0.27,0.36,1,0,-43.00
2000-04-02T09:00:00,0.63,-0.73,0.1,0.29,0.12,0.3,-0.43,0.25,-0.07,1,0,-43.00
2000-04-02T10:00:00,0.25,-0.74,-0.31,0.18,0.03,-0.13,-0.47,0.19,-0.07,1,0,-44.00
2000-04-02T11:00:00,0.03,-0.63,-0.4,0.06,0.26,-0.39,-0.52,0.12,-0.08,1,0,-39.00
2000-04-02T12:00:00,0.73,-0.68,-0.02,0.02,0.66,0.29,-0.64,-0.07,-0.15,1,0,-36.00
2000-04-02T13:00:00,1.02,-0.66,0.09,-0.01,0.82,0.17,-0.72,-0.3,-0.18,1,0,-49.00
2000-04-02T14:00:00,1.08,-0.6,0.21,0.07,1.04,0.6,-0.73,-0.37,-0.18,0,0,-49.00
2000-04-02T15:00:00,1.05,-0.74,0.2,0.05,0.85,0.65,-0.74,-0.39,-0.18,0,0,-44.00
2000-04-02T16:00:00,0.96,-0.84,-0.01,0.05,0.61,0.12,-0.7,-0.26,-0.18,0,0,-44.00
2000-04-02T17:00:00,1.01,-0.67,-0.1,0.06,0.88,0.12,-0.63,-0.11,-0.16,0,0,-43.00
2000-04-02T18:00:00,1.06,-0.63,-0.09,0.11,0.7,0.35,-0.62,-0.11,-0.16,0,0,-37.00
2000-04-02T19:00:00,0.87,-0.77,-0.32,0.08,0.62,-0.05,-0.6,-0.24,-0.17,0,0,-31.00
2000-04-02T20:00:00,0.88,-0.75,-0.35,0.26,0.6,0.05,-0.62,-0.35,-0.18,0,0,-28.00
2000-04-02T21:00:00,0.33,-0.76,-0.62,0.14,0.58,-0.03,-0.61,-0.41,-0.18,0,0,-30.00
2000-04-02T22:00:00,0.58,-0.59,-0.57,0.28,0.71,0.2,-0.5,-0.38,-0.17,0,0,-32.00
2000-04-02T23:00:00,0.4,-0.59,-0.66,0.32,0.68,-0.25,-0.61,-0.41,-0.18,0,0,-28.00
2000-04-03T00:00:00,0.25,-0.52,-0.55,0.4,0.52,-0.29,-0.55,-0.36,-0.16,0,0,-30.00
2000-04-03T01:00:00,-0.46,-0.25,-0.24,0.51,0.4,-0.41,-0.28,-0.26,-0.05,0,0,-36.00
2000-04-03T02:00:00,0.03,-0.48,-0.28,0.68,0.31,-0.58,-0.37,-0.27,-0.06,0,0,-36.00
2000-04-03T03:00:00,0.46,-0.55,-0.38,0.63,0.55,-0.09,-0.49,-0.27,-0.14,0,0,-31.00
2000-04-03T04:00:00,0.71,-0.52,-0.34,0.59,0.68,-0.06,-0.49,-0.32,-0.15,0,0,-29.00
2000-04-03T05:00:00,0.53,-0.55,-0.31,0.72,0.1,-0.6,-0.4,-0.27,-0.13,0,0,-29.00
2000-04-03T06:00:00,0.47,-0.45,-0.31,0.82,0.11,-0.74,-0.32,-0.12,-0.07,0,0,-28.00
2000-04-03T07:00:00,0.44,-0.35,-0.41,0.84,0.21,-0.79,-0.38,-0.14,-0.08,0,0,-28.00
2000-04-03T08:00:00,0.38,-0.18,-0.26,0.88,0.16,-0.57,-0.29,-0.15,0.05,0,0,-29.00
2000-04-03T09:00:00,0.47,0.05,-0.42,0.93,0.3,-0.94,-0.3,-0.42,-0.13,0,0,-28.00
2000-04-03T10:00:00,0.72,-0.41,-0.24,1.0,-0.26,-0.77,-0.43,-0.38,-0.15,0,0,-29.00
2000-04-03T11:00:00,0.83,-0.22,-0.21,1.15,-0.38,-0.81,-0.44,-0.46,-0.16,0,0,-31.00
2000-04-03T12:00:00,0.79,-0.17,-0.16,1.23,-0.22,-0.77,-0.34,-0.42,-0.15,0,0,-27.00
2000-04-03T13:00:00,0.74,-0.01,-0.07,1.38,-0.31,-0.82,-0.06,-0.42,-0.11,0,0,-30.00
2000-04-03T14:00:00,1.24,-0.25,-0.09,1.11,-1.08,-0.98,0.02,-0.41,-0.16,0,0,-28.00
2000-04-03T15:00:00,1.44,-0.27,0.05,1.16,-1.3,-0.69,-0.0,-0.47,-0.17,0,0,-22.00
2000-04-03T16:00:00,1.37,-0.24,-0.08,1.25,-1.11,-1.82,-0.11,-0.49,-0.18,0,0,-18.00
2000-04-03T17:00:00,1.23,-0.18,0.12,1.18,-0.96,-1.8,-0.13,-0.42,-0.16,0,0,-22.00
2000-04-03T18:00:00,0.98,-0.01,0.34,1.01,-0.55,-0.92,-0.19,-0.26,-0.13,0,0,-17.00
2000-04-03T19:00:00,1.05,-0.08,0.35,1.19,-0.37,-0.91,-0.12,-0.46,-0.16,0,0,-12.00
2000-04-03T20:00:00,0.01,-0.13,-0.15,1.0,-0.42,-1.01,0.07,-0.39,0.53,0,0,-11.00
2000-04-03T21:00:00,-0.17,0.02,-0.55,0.95,-0.48,-0.79,0.15,-0.44,-0.1,0,0,-13.00
2000-04-03T22:00:00,0.22,-0.32,-0.61,0.85,-0.21,-1.11,0.13,-0.38,-0.11,0,0,-14.00
2000-04-03T23:00:00,-0.09,-0.02,-0.88,0.79,0.18,-1.42,0.71,-0.48,-0.15,0,0,-8.00
2000-04-04T00:00:00,0.36,-0.41,-1.0,0.74,0.09,-1.25,0.78,-0.47,-0.16,0,0,-4.00
2000-04-04T01:00:00,-0.25,0.27,-0.92,0.65,0.38,-1.29,1.75,-0.46,-0.12,0,0,-14.00
2000-04-04T02:00:00,0.28,-0.28,1.42,0.69,0.26,-1.31,0.22,-0.36,-0.16,0,0,-29.00
2000-04-04T03:00:00,1.05,-0.92,1.01,0.85,-0.3,-1.29,-0.05,-0.27,-0.17,0,0,-43.00
2000-04-04T04:00:00,1.2,-1.14,1.01,0.84,-0.19,-1.41,0.19,-0.27,-0.17,0,0,-43.00
2000-04-04T05:00:00,1.05,-1.14,1.16,0.8,0.15,-1.04,0.19,-0.31,-0.17,0,0,-40.00
2000-04-04T06:00:00,1.03,-1.25,1.16,0.87,-0.07,-0.56,-0.06,-0.34,-0.18,0,0,-34.00
2000-04-04T07:00:00,0.96,-1.22,1.14,1.01,-0.07,-0.7,-0.02,-0.38,-0.18,0,0,-35.00
2000-04-04T08:00:00,0.97,-1.21,1.02,1.07,0.16,-1.45,-0.15,-0.26,-0.17,0,0,-36.00
2000-04-04T09:00:00,0.93,-1.11,0.89,0.91,0.23,-2.03,0.05,-0.03,-0.15,0,0,-31.00
2000-04-04T10:00:00,1.02,-1.11,0.67,0.95,-0.24,-1.94,0.06,0.05,-0.13,0,0,-27.00
2000-04-04T11:00:00,0.95,-0.83,-0.31,0.91,0.95,-1.3,0.02,0.18,-0.09,0,0,-23.00
2000-04-04T12:00:00,0.03,0.39,-1.24,0.82,1.3,-0.35,0.13,-0.29,-0.16,0,0,-25.00
2000-04-04T13:00:00,-0.49,1.03,-0.89,0.89,0.92,-0.86,0.41,-0.21,-0.14,0,0,-24.00
2000-04-04T14:00:00,-0.44,0.9,-0.93,0.94,0.85,-0.78,0.28,-0.26,-0.15,0,0,-29.00
2000-04-04T15:00:00,0.15,0.82,-1.0,0.9,0.76,-0.97,0.32,-0.29,-0.15,0,0,-38.00
2000-04-04T16:00:00,0.2,0.47,-1.12,0.93,1.02,-0.49,0.26,-0.35,-0.16,0,0,-39.00
2000-04-04T17:00:00,0.14,0.01,-0.9,0.91,0.84,-0.66,0.31,-0.29,-0.12,0,0,-43.00
2000-04-04T18:00:00,0.56,0.39,-0.12,0.88,0.52,0.02,0.69,-0.09,0.19,0,0,-50.00
2000-04-04T19:00:00,0.76,0.04,-0.61,0.95,0.69,-0.37,0.3,-0.11,-0.07,0,0,-52.00
2000-04-04T20:00:00,0.92,0.19,-0.6,1.0,0.75,-0.0,0.08,-0.24,-0.13,0,0,-47.00
2000-04-04T21:00:00,0.67,0.21,-0.85,0.99,0.63,-0.21,0.02,-0.35,-0.15,0,0,-48.00
2000-04-04T22:00:00,0.67,0.37,-0.67,1.0,0.67,-0.21,0.07,-0.28,-0.13,0,0,-52.00
2000-04-04T23:00:00,0.73,0.41,-0.72,1.0,1.01,-0.54,0.02,-0.3,-0.15,0,0,-50.00
2000-04-05T00:00:00,0.55,0.82,-0.63,0.97,1.29,-0.29,-0.03,-0.41,-0.16,0,0,-51.00
2000-04-05T01:00:00,0.16,1.12,-0.71,0.95,1.3,-0.03,-0.14,-0.42,-0.17,0,0,-58.00
2000-04-05T02:00:00,0.72,1.28,-0.34,0.97,1.38,0.15,0.09,-0.4,-0.17,0,0,-63.00
2000-04-05T03:00:00,0.85,1.37,-0.01,0.99,1.57,0.46,0.17,-0.43,-0.17,0,0,-63.00
2000-04-05T04:00:00,1.03,1.1,-0.26,1.11,1.48,0.15,0.08,-0.41,-0.17,0,0,-58.00
2000-04-05T05:00:00,1.35,0.44,0.46,0.92,0.99,0.19,-0.11,-0.44,-0.17,0,0,-48.00
2000-04-05T06:00:00,1.37,-0.09,0.71,1.09,0.97,0.17,-0.19,-0.38,-0.17,0,0,-50.00
2000-04-05T07:00:00,1.28,0.31,0.45,1.05,1.32,-0.41,-0.14,-0.32,-0.16,0,0,-43.00
2000-04-05T08:00:00,0.85,-0.71,0.8,0.93,0.08,0.05,-0.25,-0.4,-0.17,0,0,-40.00
2000-04-05T09:00:00,0.72,-0.43,0.71,0.97,0.14,0.08,-0.27,-0.26,-0.14,0,0,-38.00
2000-04-05T10:00:00,0.28,-0.66,0.56,0.87,-0.45,0.21,-0.32,-0.28,-0.13,0,0,-34.00
2000-04-05T11:00:00,0.88,0.12,0.46,1.07,0.6,0.32,-0.35,-0.23,-0.13,0,0,-30.00
2000-04-05T12:00:00,0.94,0.31,0.23,1.07,0.9,-0.09,-0.38,-0.31,-0.15,0,0,-30.00
2000-04-05T13:00:00,0.92,0.42,0.01,0.98,0.81,-0.44,-0.4,-0.29,-0.15,0,0,-30.00
2000-04-05T14:00:00,0.93,0.45,0.24,0.94,0.84,0.19,-0.47,-0.27,-0.15,0,0,-30.00
2000-04-05T15:00:00,0.8,0.56,0.29,0.84,0.95,0.18,-0.48,-0.35,-0.16,0,0,-31.00
2000-04-05T16:00:00,0.51,0.9,-0.08,0.66,1.03,-0.22,-0.43,-0.45,-0.17,0,0,-28.00
2000-04-05T17:00:00,0.49,1.1,0.36,0.61,1.26,0.19,-0.29,-0.47,-0.18,0,0,-28.00
2000-04-05T18:00:00,0.57,0.97,0.59,0.55,0.94,0.57,-0.26,-0.45,-0.17,0,0,-27.00
2000-04-05T19:00:00,0.72,0.94,0.54,0.65,0.97,0.51,-0.19,-0.45,-0.17,0,0,-18.00
2000-04-05T20:00:00,0.87,0.92,0.62,0.73,1.01,0.48,-0.13,-0.52,-0.18,0,0,-10.00
2000-04-05T21:00:00,0.86,0.64,0.33,0.87,0.89,0.45,-0.36,-0.42,-0.17,0,0,-8.00
2000-04-05T22:00:00,1.15,-0.14,0.63,0.97,0.1,0.9,-0.41,-0.45,-0.18,0,0,-12.00
2000-04-05T23:00:00,1.18,-0.11,0.34,1.0,0.13,0.35,-0.26,-0.39,-0.16,0,0,-17.00
2000-04-06T00:00:00,1.19,-0.2,0.18,1.01,-0.16,-0.14,-0.22,-0.36,-0.16,0,0,-17.00
2000-04-06T01:00:00,0.53,-0.57,-0.21,0.82,-0.34,-0.38,-0.1,-0.36,-0.11,0,0,-16.00
2000-04-06T02:00:00,-0.71,-0.64,-0.73,0.64,-0.12,-0.44,-0.08,-0.53,-0.18,0,0,-19.00
2000-04-06T03:00:00,-0.36,-0.57,-0.87,0.77,-0.14,-0.49,-0.04,-0.51,-0.18,0,0,-16.00
2000-04-06T04:00:00,-0.24,-0.9,-0.72,0.81,-0.22,-0.44,-0.08,-0.52,-0.18,0,0,-22.00
