2000-04-07T07:00:00,0.22,-0.27,2.49,-0.7,-0.23,1.35,0.63,-0.23,-0.17,0,0,-190.00
2000-04-07T08:00:00,-0.72,-0.26,1.39,-1.08,-1.45,0.17,1.83,-0.46,-0.15,0,0,-182.00
2000-04-07T09:00:00,-0.1,0.16,0.99,-1.34,-0.48,0.21,-0.11,-0.56,-0.18,0,0,-155.00
2000-04-07T10:00:00,-0.12,-0.07,0.84,-1.31,-0.13,0.04,-0.31,-0.58,-0.18,0,1,-161.00
2000-04-07T11:00:00,-0.12,-0.06,0.83,-1.25,-0.18,0.13,-0.21,-0.58,-0.18,0,1,-161.00
2000-04-07T12:00:00,-0.03,-0.21,0.83,-1.2,-0.13,0.06,-0.49,-0.56,-0.18,0,1,-162.00
2000-04-07T13:00:00,0.12,-0.49,0.46,-1.16,0.02,0.18,-0.38,-0.55,-0.16,0,1,-158.00
2000-04-07T14:00:00,0.16,-0.6,0.03,-1.12,0.3,0.19,0.11,-0.51,-0.11,0,1,-152.00
2000-04-07T15:00:00,0.16,-0.57,0.04,-1.09,0.11,-0.01,0.03,-0.53,-0.12,0,1,-139.00
2000-04-07T16:00:00,0.16,-0.35,-0.04,-1.09,-0.16,-0.37,0.12,-0.57,-0.08,0,1,-137.00
2000-04-07T17:00:00,0.32,-0.39,-0.29,-0.99,-0.39,-0.75,-0.76,-0.55,-0.18,0,1,-129.00
2000-04-07T18:00:00,0.38,-0.61,-0.05,-0.88,-0.46,-0.39,-0.71,-0.56,-0.18,0,1,-137.00
2000-04-07T19:00:00,0.49,-0.44,-0.17,-0.76,-0.31,-0.74,-0.69,-0.53,-0.18,0,1,-125.00
2000-04-07T20:00:00,0.45,-0.38,-0.26,-0.71,-0.35,-0.9,-0.64,-0.52,-0.17,0,1,-112.00
2000-04-07T21:00:00,0.42,-0.5,-0.29,-0.71,-0.47,-0.72,-0.68,-0.53,-0.18,0,1,-103.00
2000-04-07T22:00:00,0.52,-0.33,-0.3,-0.65,-0.17,-0.96,-0.7,-0.52,-0.18,0,1,-98.00
2000-04-07T23:00:00,0.69,0.11,0.09,-0.44,-0.05,-0.4,-0.7,-0.48,-0.17,0,1,-100.00
2000-04-08T00:00:00,0.71,-0.22,0.1,-0.43,-0.32,0.09,-0.72,-0.49,-0.17,0,1,-92.00
2000-04-08T01:00:00,0.68,-0.45,-0.09,-0.45,-0.58,-0.17,-0.73,-0.51,-0.18,0,1,-87.00
2000-04-08T02:00:00,0.76,-0.32,0.11,-0.43,-0.56,-0.12,-0.74,-0.51,-0.18,0,1,-86.00
2000-04-08T03:00:00,0.6,-0.59,-0.01,-0.47,-0.83,-0.18,-0.72,-0.5,-0.18,0,1,-82.00
2000-04-08T04:00:00,0.67,-0.5,-0.22,-0.39,-0.82,-0.86,-0.79,-0.52,-0.19,0,1,-79.00
2000-04-08T05:00:00,0.62,-0.49,-0.36,-0.42,-0.76,-1.55,-0.78,-0.52,-0.19,0,1,-78.00
2000-04-08T06:00:00,0.52,-0.15,-0.48,-0.69,0.29,-1.27,-0.79,-0.28,-0.17,0,1,-77.00
2000-04-08T07:00:00,0.63,-0.34,-0.38,-0.59,-0.01,-1.2,-0.79,-0.27,-0.17,0,0,-81.00
2000-04-08T08:00:00,0.5,-0.34,-0.36,-0.7,0.1,-1.31,-0.78,-0.17,-0.15,0,0,-82.00
2000-04-08T09:00:00,0.6,-0.35,-0.16,-0.56,0.12,-0.66,-0.76,-0.12,-0.14,0,0,-76.00
2000-04-08T10:00:00,0.84,-0.18,0.02,-0.27,0.53,-0.12,-0.79,-0.39,-0.18,0,0,-68.00
2000-04-08T11:00:00,0.56,-0.55,-0.15,-0.44,-0.2,-0.82,-0.77,-0.23,-0.16,0,0,-68.00
2000-04-08T12:00:00,0.59,-0.6,-0.17,-0.38,-0.49,-0.92,-0.77,-0.22,-0.16,0,0,-67.00
2000-04-08T13:00:00,0.51,-0.69,0.0,-0.42,-0.82,-0.35,-0.77,-0.13,-0.15,0,0,-74.00
2000-04-08T14:00:00,0.53,-0.67,0.3,-0.35,-0.74,0.83,-0.77,-0.2,-0.16,0,0,-74.00
2000-04-08T15:00:00,0.63,-0.6,0.12,-0.26,-0.57,0.23,-0.79,-0.3,-0.17,0,0,-69.00
2000-04-08T16:00:00,0.56,-0.62,-0.15,-0.31,-0.63,-0.75,-0.78,-0.21,-0.16,0,0,-62.00
2000-04-08T17:00:00,0.59,-0.67,-0.05,-0.3,-0.69,-0.27,0.21,-0.21,-0.05,0,0,-59.00
2000-04-08T18:00:00,0.5,-0.46,0.03,-0.45,-0.04,0.02,-0.69,0.31,-0.05,0,0,-57.00
2000-04-08T19:00:00,0.53,-0.3,-0.14,-0.43,0.18,-0.4,-0.67,0.37,-0.01,0,0,-51.00
2000-04-08T20:00:00,0.19,-0.52,0.04,-0.75,-0.16,0.64,-0.7,0.2,-0.0,0,0,-45.00
2000-04-08T21:00:00,0.62,-0.32,-0.25,-0.61,-0.16,0.25,-0.69,0.04,-0.11,0,0,-39.00
2000-04-08T22:00:00,0.65,-0.28,-0.14,-0.58,-0.1,0.54,-0.67,0.01,-0.1,0,0,-38.00
2000-04-08T23:00:00,0.55,-0.31,-0.1,-0.63,-0.07,0.61,-0.68,0.1,-0.06,0,0,-39.00
2000-04-09T00:00:00,0.54,-0.36,-0.09,-0.64,-0.62,0.64,-0.68,0.16,-0.06,0,0,-35.00
2000-04-09T01:00:00,0.58,-0.37,-0.22,-0.57,-0.72,0.04,-0.72,0.08,-0.11,0,0,-36.00
2000-04-09T02:00:00,0.54,-0.22,-0.29,-0.63,-0.17,-0.02,-0.68,0.09,-0.09,0,0,-38.00
2000-04-09T03:00:00,0.23,0.31,0.2,-0.83,0.65,1.17,-0.69,0.17,0.11,0,0,-37.00
2000-04-09T04:00:00,0.1,0.67,0.07,-0.89,1.26,0.79,-0.66,0.14,-0.07,0,0,-41.00
2000-04-09T05:00:00,0.21,0.61,0.1,-0.83,1.34,0.64,-0.64,0.14,-0.05,0,0,-38.00
2000-04-09T06:00:00,0.34,0.35,0.51,-0.76,0.76,1.64,-0.62,0.16,-0.06,0,0,-38.00
2000-04-09T07:00:00,0.52,0.24,0.27,-0.62,0.87,1.11,-0.67,0.08,-0.06,0,0,-36.00
2000-04-09T08:00:00,0.57,0.19,0.14,-0.63,0.84,0.82,-0.66,0.05,-0.05,0,0,-32.00
2000-04-09T09:00:00,0.48,0.35,0.26,-0.71,0.9,0.97,-0.66,0.04,-0.07,0,0,-29.00
2000-04-09T10:00:00,0.67,-0.3,-0.18,-0.57,-0.25,0.27,-0.66,0.07,-0.1,0,0,-27.00
2000-04-09T11:00:00,0.61,-0.39,-0.28,-0.63,-0.65,-0.39,-0.68,0.11,-0.11,0,0,-25.00
2000-04-09T12:00:00,0.67,-0.44,-0.25,-0.57,-0.86,-0.27,-0.68,0.05,-0.13,0,0,-33.00
2000-04-09T13:00:00,1.49,-1.84,-0.86,0.03,-8.26,-3.02,-0.42,2.26,-0.14,0,0,-41.00
2000-04-09T14:00:00,1.07,-1.35,-1.84,1.02,-3.52,-2.31,-0.51,2.6,-0.15,0,0,-39.00
2000-04-09T15:00:00,1.18,-1.5,-2.01,0.95,-3.66,-2.67,-0.62,2.5,-0.16,0,0,-31.00
2000-04-09T16:00:00,1.03,-1.15,-2.53,0.34,-5.41,-4.48,-0.7,2.38,-0.17,0,0,-34.00
2000-04-09T17:00:00,2.8,-3.17,-1.59,0.75,-1.89,-2.02,-0.84,2.67,-0.19,0,0,-36.00
2000-04-10T01:00:00,25.63,-16.43,5.38,4.25,-2.13,1.42,-0.97,0.93,-0.19,0,0,-50.00
2000-04-10T02:00:00,22.92,-5.05,18.06,0.03,1.49,4.29,-0.97,19.46,-0.19,0,0,-64.00
2000-04-10T03:00:00,-3.02,-1.14,23.87,2.96,0.23,-1.96,-0.94,31.27,-0.19,0,0,-61.00
2000-04-10T04:00:00,-13.74,-15.57,17.52,2.74,1.4,-0.85,-0.96,20.54,-0.19,0,0,-60.00
2000-04-10T05:00:00,-6.53,-18.75,9.55,3.84,1.3,1.84,-0.97,26.37,-0.19,0,0,-63.00
2000-04-10T08:00:00,1.6,-3.24,3.39,4.15,-0.65,-4.91,-1.0,0.93,-0.19,0,0,-56.00
2000-04-10T09:00:00,1.22,-1.84,3.34,3.61,-7.52,7.93,-0.98,0.39,-0.19,0,0,-59.00
2000-04-10T10:00:00,0.21,-1.31,3.32,1.58,-1.08,-8.81,-0.95,0.21,-0.19,0,0,-51.00
2000-04-10T11:00:00,0.79,0.51,0.9,1.89,-2.58,-0.02,-0.78,1.29,-0.14,0,0,-47.00
2000-04-10T12:00:00,0.1,-0.62,1.13,1.23,4.34,1.59,-0.77,1.83,-0.13,0,0,-52.00
2000-04-10T13:00:00,0.33,0.14,-1.78,0.91,-1.18,1.04,-0.81,0.39,-0.18,0,0,-53.00
2000-04-10T14:00:00,0.58,-0.31,-0.62,0.44,-1.21,-1.78,-0.62,0.19,-0.13,0,0,-53.00
2000-04-10T15:00:00,0.8,-0.01,-0.26,0.47,0.96,0.13,-0.52,0.12,-0.09,0,0,-53.00
2000-04-10T16:00:00,0.71,-0.02,-0.4,0.26,1.04,-0.12,-0.52,0.21,-0.08,0,0,-54.00
2000-04-10T17:00:00,0.78,-0.35,-0.22,0.42,0.36,0.69,-0.54,0.13,-0.1,0,0,-50.00
2000-04-10T18:00:00,0.7,-0.37,-0.12,0.37,0.28,0.87,-0.54,0.07,-0.08,0,0,-45.00
2000-04-10T19:00:00,0.87,-0.33,0.07,0.51,0.7,1.06,-0.42,0.09,-0.08,0,0,-36.00
2000-04-10T20:00:00,-0.14,-0.16,-0.73,0.11,0.73,-0.5,-0.43,0.1,-0.1,0,0,-33.00
2000-04-10T21:00:00,0.14,-0.39,-0.31,0.29,0.29,0.41,-0.34,0.14,0.11,0,0,-31.00
2000-04-10T22:00:00,0.54,-0.15,-0.25,0.45,0.81,0.71,-0.35,0.16,0.07,0,0,-43.00
2000-04-10T23:00:00,0.32,-0.2,-0.07,0.49,0.64,0.85,-0.32,0.37,0.76,0,0,-44.00
2000-04-11T00:00:00,0.7,0.29,0.33,0.71,1.26,1.35,-0.24,0.2,0.01,0,0,-39.00
2000-04-11T01:00:00,0.54,-0.05,-0.03,0.65,0.78,0.55,-0.35,0.23,0.23,0,0,-33.00
2000-04-11T02:00:00,0.74,0.19,0.04,0.72,1.02,0.51,-0.38,0.2,0.0,0,0,-32.00
2000-04-11T03:00:00,0.02,-0.1,-0.35,0.38,0.55,-0.73,-0.37,0.13,0.22,0,0,-36.00
2000-04-11T04:00:00,0.38,-0.43,-0.33,0.61,0.13,-0.47,-0.37,0.07,-0.01,0,0,-32.00
2000-04-11T05:00:00,0.76,-0.29,-0.01,0.85,0.42,0.32,-0.36,-0.12,-0.08,0,0,-32.00
2000-04-11T06:00:00,0.54,-0.24,-0.25,0.78,0.67,-0.6,-0.4,-0.04,-0.03,0,0,-34.00
2000-04-11T07:00:00,0.02,-0.47,-0.43,0.5,0.1,-1.05,-0.38,0.02,-0.03,0,0,-31.00
2000-04-11T08:00:00,-0.11,-0.6,-0.34,0.44,-0.07,-0.83,-0.38,-0.02,-0.05,0,0,-30.00
2000-04-11T09:00:00,0.02,-0.61,-0.3,0.52,0.09,-0.88,-0.38,-0.0,-0.03,0,0,-30.00
2000-04-11T10:00:00,0.25,-0.56,-0.3,0.62,0.07,-0.78,-0.35,-0.03,-0.04,0,0,-31.00
2000-04-11T11:00:00,0.2,-0.76,-0.18,0.61,-0.0,-0.52,-0.4,-0.14,-0.1,0,0,-29.00
2000-04-11T12:00:00,-0.01,-0.39,-0.48,0.63,0.25,-0.69,-0.38,-0.2,-0.09,0,0,-28.00
2000-04-11T13:00:00,0.25,-0.73,-0.31,0.68,0.04,-0.64,-0.49,-0.31,-0.15,0,0,-28.00
2000-04-11T14:00:00,0.43,-0.75,-0.31,0.78,-0.13,-0.82,-0.45,-0.35,-0.15,0,0,-32.00
2000-04-11T15:00:00,0.36,-0.79,-0.41,0.83,-0.16,-0.71,-0.43,-0.4,-0.16,0,0,-35.00
2000-04-11T16:00:00,0.75,-0.62,-0.21,0.89,0.04,-0.55,-0.51,-0.28,-0.15,0,0,-33.00
2000-04-11T17:00:00,0.87,-0.67,-0.15,0.82,0.36,-0.49,-0.58,-0.35,-0.17,0,0,-41.00
2000-04-11T18:00:00,0.84,-0.65,-0.19,0.82,0.41,-0.4,-0.57,-0.34,-0.17,0,0,-40.00
2000-04-11T19:00:00,0.78,-0.64,-0.33,0.92,0.13,-0.82,-0.61,-0.42,-0.18,0,0,-34.00
2000-04-11T20:00:00,0.77,-0.64,-0.32,1.01,-0.21,-0.41,-0.53,-0.4,-0.17,0,0,-28.00
2000-04-11T21:00:00,0.59,-0.66,-0.4,1.05,-0.22,-0.36,-0.38,-0.49,-0.17,0,0,-25.00
2000-04-11T22:00:00,0.77,-0.66,-0.22,1.21,-0.43,-0.04,-0.38,-0.54,-0.18,0,0,-26.00
2000-04-11T23:00:00,0.73,-0.54,-0.36,1.17,-0.23,-0.19,-0.35,-0.5,-0.17,0,0,-27.00
2000-04-12T00:00:00,0.63,-0.14,-0.6,1.13,0.29,-0.38,-0.34,-0.52,-0.17,0,0,-25.00
2000-04-12T01:00:00,0.85,-0.33,-0.38,1.25,-0.04,-0.18,-0.22,-0.54,-0.18,0,0,-29.00
2000-04-12T02:00:00,0.57,-0.18,-0.61,1.16,0.21,-0.78,-0.24,-0.54,-0.17,0,0,-37.00
2000-04-12T03:00:00,0.73,-0.53,-0.37,1.25,-0.35,-0.37,-0.21,-0.53,-0.17,0,0,-38.00
2000-04-12T04:00:00,0.69,-0.54,-0.42,1.25,-0.3,-0.66,-0.26,-0.53,-0.18,0,0,-35.00
2000-04-12T05:00:00,0.41,-0.84,-0.27,1.17,-0.63,-0.42,-0.2,-0.51,-0.17,0,0,-33.00
2000-04-12T06:00:00,0.56,-0.8,-0.04,1.27,-0.59,-0.05,-0.21,-0.52,-0.17,0,0,-30.00
2000-04-12T07:00:00,0.69,-0.72,-0.05,1.33,-0.53,-0.14,-0.25,-0.53,-0.17,0,0,-26.00
2000-04-12T08:00:00,0.54,-0.91,-0.01,1.29,-0.83,-0.1,-0.26,-0.53,-0.18,0,0,-23.00
2000-04-12T09:00:00,0.63,-0.86,0.14,1.34,-0.85,0.07,-0.27,-0.52,-0.18,0,0,-19.00
2000-04-12T10:00:00,0.64,-0.81,0.19,1.36,-0.72,0.17,-0.16,-0.5,-0.17,0,0,-18.00
2000-04-12T11:00:00,0.49,-0.54,0.47,1.35,-0.53,0.36,-0.15,-0.55,-0.17,0,0,-18.00
2000-04-12T12:00:00,0.59,-0.57,0.54,1.33,-0.51,0.22,0.09,-0.54,-0.17,0,0,-17.00
2000-04-12T13:00:00,0.39,-0.78,0.32,1.34,-0.55,0.17,0.4,-0.53,-0.15,0,0,-16.00
2000-04-12T14:00:00,0.17,-0.87,0.09,1.29,-0.66,0.13,0.48,-0.55,-0.15,0,0,-15.00
2000-04-12T15:00:00,0.17,-0.86,0.05,1.27,-0.78,0.09,0.52,-0.54,-0.15,0,0,-13.00
2000-04-12T16:00:00,0.69,-0.55,0.33,1.33,-0.7,0.27,0.79,-0.55,-0.15,0,0,-13.00
2000-04-12T17:00:00,0.75,-0.57,0.35,1.34,-0.69,0.2,0.77,-0.55,-0.15,0,0,-14.00
2000-04-12T18:00:00,0.69,-0.11,0.64,1.28,-0.42,0.19,1.29,-0.55,-0.15,0,0,-12.00
2000-04-12T19:00:00,0.31,0.31,0.62,1.24,-0.44,-0.05,1.48,-0.55,-0.11,0,0,-3.00
2000-04-12T20:00:00,-0.18,0.5,0.27,1.31,-0.58,0.09,1.18,-0.52,-0.05,0,0,2.00
2000-04-12T21:00:00,-0.19,0.29,0.3,1.3,-0.39,0.16,0.78,-0.47,0.12,0,0,4.00
2000-04-12T22:00:00,-0.36,-0.37,-0.25,1.14,-0.05,0.2,0.36,-0.37,0.0,0,0,-4.00
2000-04-12T23:00:00,-0.44,-0.15,-0.24,0.87,0.27,-0.34,-0.02,-0.23,0.06,0,0,-1.00
2000-04-13T00:00:00,-0.8,0.12,-0.5,0.99,0.16,0.23,-0.18,-0.3,-0.14,0,0,-3.00
2000-04-13T01:00:00,-0.74,0.12,-0.56,0.96,0.2,0.23,-0.2,-0.33,-0.15,0,0,-11.00
2000-04-13T02:00:00,-0.64,-0.01,-0.67,0.92,0.35,0.43,-0.26,-0.41,-0.16,0,0,-23.00
2000-04-13T03:00:00,-0.72,0.23,-0.4,1.0,0.25,0.32,-0.16,-0.31,-0.12,0,0,-29.00
2000-04-13T04:00:00,-0.57,-0.27,-0.14,1.0,0.37,0.34,-0.16,-0.25,-0.04,0,0,-22.00
2000-04-13T05:00:00,-0.84,0.46,-0.01,1.02,-0.32,0.02,-0.26,-0.45,-0.16,0,0,-25.00
2000-04-13T06:00:00,-0.8,0.47,-0.28,1.04,-0.32,0.5,-0.27,-0.45,-0.16,0,0,-24.00
2000-04-13T07:00:00,-0.83,0.27,-0.3,1.03,-0.14,0.52,-0.13,-0.37,-0.14,0,0,-24.00
2000-04-13T08:00:00,-0.79,0.39,-0.08,0.99,-0.17,0.32,0.01,-0.26,-0.09,0,0,-25.00
2000-04-13T09:00:00,-0.83,0.41,-0.08,1.02,-0.15,0.33,0.04,-0.3,-0.11,0,0,-23.00
2000-04-13T10:00:00,-0.8,0.41,-0.12,1.05,-0.06,0.4,0.08,-0.29,-0.1,0,0,-17.00
2000-04-13T11:00:00,-0.81,0.37,-0.2,1.08,-0.01,0.53,0.08,-0.24,-0.09,0,0,-13.00
2000-04-13T12:00:00,-0.83,0.4,-0.03,1.08,-0.08,0.5,0.11,-0.23,-0.08,0,0,-12.00
2000-04-13T13:00:00,-0.98,0.21,0.15,1.13,0.26,0.44,0.2,-0.14,-0.06,0,0,-17.00
2000-04-13T14:00:00,-0.76,0.0,0.33,1.11,0.22,0.14,0.04,-0.2,-0.04,0,0,-17.00
2000-04-13T15:00:00,-0.77,-0.13,0.37,1.14,0.27,0.08,0.06,-0.27,-0.07,0,0,-15.00
2000-04-13T16:00:00,-0.66,-0.25,0.41,1.09,0.34,0.12,0.01,-0.32,-0.09,0,0,-12.00
2000-04-13T17:00:00,-0.6,0.01,0.53,1.12,0.07,0.09,-0.04,-0.34,-0.1,0,0,-12.00
2000-04-13T18:00:00,-0.77,0.08,0.38,1.18,0.02,0.03,-0.04,-0.4,-0.12,0,0,-11.00
2000-04-13T19:00:00,-0.72,0.25,0.4,1.22,-0.0,-0.7,0.16,-0.39,-0.11,0,0,-7.00
2000-04-13T20:00:00,-0.76,0.31,0.36,1.19,-0.31,0.18,0.04,-0.38,-0.12,0,0,-3.00
2000-04-13T21:00:00,-0.79,0.35,0.36,1.22,-0.22,0.24,0.1,-0.36,-0.12,0,0,-2.00
2000-04-13T22:00:00,-0.8,0.34,0.43,1.26,-0.18,0.2,0.08,-0.38,-0.13,0,0,-3.00
2000-04-13T23:00:00,-0.9,0.11,0.34,1.34,-0.18,0.07,-0.01,-0.48,-0.15,0,0,-3.00
2000-04-14T00:00:00,-0.87,0.04,0.35,1.43,-0.15,-0.03,0.12,-0.44,-0.14,0,0,-3.00
2000-04-14T01:00:00,-0.91,0.04,0.29,1.49,-0.05,0.04,0.25,-0.41,-0.12,0,0,-6.00
2000-04-14T02:00:00,-0.97,0.2,0.23,1.45,-0.23,0.25,0.21,-0.4,-0.13,0,0,-9.00
2000-04-14T03:00:00,-1.09,0.17,0.18,1.42,-0.13,0.52,0.2,-0.38,-0.14,0,0,-9.00
2000-04-14T04:00:00,-1.13,0.28,-0.04,1.42,-0.15,0.61,0.2,-0.42,-0.15,0,0,-8.00
2000-04-14T05:00:00,-1.08,0.35,0.01,1.41,-0.19,0.66,0.36,-0.38,-0.13,0,0,-6.00
2000-04-14T06:00:00,-1.09,0.36,0.19,1.41,-0.06,0.3,0.46,-0.4,-0.14,0,0,-6.00
2000-04-14T07:00:00,-1.12,0.28,0.2,1.47,-0.25,0.29,0.18,-0.46,-0.16,0,0,-8.00
2000-04-14T08:00:00,-1.03,0.74,0.04,1.4,-0.5,0.39,0.22,-0.46,-0.16,0,0,-8.00
2000-04-14T09:00:00,-0.9,0.85,-0.01,1.41,-0.58,0.34,0.28,-0.46,-0.16,0,0,-4.00
2000-04-14T10:00:00,-1.1,0.67,0.04,1.5,-0.4,0.16,0.11,-0.5,-0.17,0,0,-2.00
2000-04-14T11:00:00,-1.1,0.66,0.01,1.47,-0.33,0.14,0.24,-0.46,-0.16,0,0,-3.00
2000-04-14T12:00:00,-1.11,0.68,-0.04,1.46,-0.23,0.11,0.26,-0.47,-0.16,0,0,-3.00
2000-04-14T13:00:00,-1.05,0.7,-0.1,1.45,-0.3,0.09,0.29,-0.47,-0.16,0,0,-3.00
2000-04-14T14:00:00,-1.0,0.77,-0.14,1.45,-0.25,0.03,0.14,-0.49,-0.17,0,0,-3.00
2000-04-14T15:00:00,-1.05,0.75,-0.12,1.52,-0.09,-0.02,0.06,-0.5,-0.17,0,0,-1.00
2000-04-14T16:00:00,-1.04,0.68,-0.13,1.51,0.0,-0.05,0.3,-0.47,-0.16,0,0,-4.00
2000-04-14T17:00:00,-1.06,0.62,-0.19,1.53,0.05,-0.17,0.38,-0.43,-0.15,0,0,-4.00
2000-04-14T18:00:00,-1.08,0.61,-0.1,1.58,0.03,-0.17,0.27,-0.48,-0.16,0,0,-1.00
2000-04-14T19:00:00,-1.03,0.48,0.09,1.48,0.22,-0.35,1.04,-0.5,-0.15,0,0,2.00
2000-04-14T20:00:00,-0.96,0.4,0.14,1.39,0.25,-0.24,1.91,-0.58,-0.16,0,0,2.00
2000-04-14T21:00:00,-0.91,0.31,0.12,1.42,0.13,-0.21,2.2,-0.58,-0.15,0,0,10.00
2000-04-14T22:00:00,-0.81,0.24,0.17,1.43,0.07,-0.27,2.46,-0.58,-0.13,0,0,9.00
2000-04-14T23:00:00,-0.84,0.27,0.12,1.46,0.03,-0.26,1.83,-0.58,-0.15,0,0,8.00
2000-04-15T00:00:00,-0.58,0.17,0.04,1.47,0.01,-0.1,2.06,-0.56,-0.05,0,0,6.00
2000-04-15T01:00:00,-0.51,0.16,-0.01,1.5,-0.08,-0.11,2.08,-0.56,-0.0,0,0,4.00
2000-04-15T02:00:00,-0.6,0.17,0.01,1.53,-0.17,-0.15,1.94,-0.55,-0.05,0,0,5.00
2000-04-15T03:00:00,-0.72,0.28,0.09,1.53,-0.21,-0.35,1.6,-0.55,-0.11,0,0,6.00
2000-04-15T04:00:00,-0.72,0.34,0.08,1.54,-0.22,-0.48,1.68,-0.56,-0.12,0,0,5.00
2000-04-15T05:00:00,-0.66,0.34,0.07,1.51,-0.17,-0.58,1.33,-0.53,-0.09,0,0,5.00
2000-04-15T06:00:00,-0.54,0.33,0.07,1.56,-0.27,-0.48,1.58,-0.53,-0.04,0,0,4.00
2000-04-15T07:00:00,-0.34,0.36,0.07,1.63,-0.41,-0.47,2.04,-0.52,0.1,0,0,2.00
2000-04-15T08:00:00,0.59,-0.43,-0.15,1.81,-0.72,-1.05,1.25,-0.5,-0.07,0,0,4.00
2000-04-15T09:00:00,0.57,-0.73,0.11,1.84,-0.77,-0.87,1.45,-0.51,-0.11,0,0,4.00
2000-04-15T10:00:00,0.37,-0.54,-0.09,1.86,-0.85,-0.82,1.81,-0.52,-0.03,0,0,3.00
2000-04-15T11:00:00,0.4,-0.66,0.39,1.83,-0.85,-0.35,1.51,-0.52,-0.1,0,0,3.00
2000-04-15T12:00:00,0.58,-0.48,0.16,1.88,-0.76,-0.48,1.52,-0.5,-0.06,0,0,3.00
2000-04-15T13:00:00,0.69,-0.34,-0.28,1.85,-0.49,-0.6,1.21,-0.51,-0.11,0,0,-1.00
2000-04-15T14:00:00,0.68,-0.55,-0.28,1.82,-0.8,-0.66,1.43,-0.5,-0.11,1,0,1.00
2000-04-15T15:00:00,0.33,-0.16,-0.01,1.73,-0.7,-0.44,1.72,-0.47,0.55,1,0,3.00
2000-04-15T16:00:00,-0.34,-0.4,0.48,1.64,-0.62,-0.46,1.85,-0.5,-0.02,1,0,3.00
2000-04-15T17:00:00,0.47,-0.3,-0.44,1.61,-0.1,-0.64,1.55,-0.5,-0.08,1,0,3.00
2000-04-15T18:00:00,0.6,0.03,-0.64,1.55,-0.37,-0.59,1.61,-0.56,-0.15,1,0,6.00
2000-04-15T19:00:00,0.75,-0.31,-0.8,1.53,-0.61,-1.01,0.79,-0.53,-0.17,1,0,8.00
2000-04-15T20:00:00,1.1,-0.38,-0.7,1.53,-0.53,-1.04,0.83,-0.52,-0.17,1,0,2.00
2000-04-15T21:00:00,0.99,-0.28,-1.17,1.4,-0.52,-0.9,0.4,-0.51,-0.18,1,0,-5.00
2000-04-15T22:00:00,1.04,-0.28,-1.0,1.4,-0.8,-0.73,1.27,-0.52,-0.17,1,0,-10.00
2000-04-15T23:00:00,0.86,0.7,-1.15,1.43,-0.35,-1.19,0.68,-0.53,-0.18,1,0,-13.00
2000-04-16T00:00:00,0.68,0.81,-1.21,1.4,-0.5,-1.14,0.8,-0.52,-0.18,1,0,-22.00
2000-04-16T01:00:00,0.71,0.51,-1.17,1.43,-0.76,-1.24,1.11,-0.53,-0.18,1,0,-32.00
2000-04-16T02:00:00,0.64,0.49,-1.1,1.45,-0.77,-1.24,1.41,-0.54,-0.17,1,0,-42.00
2000-04-16T03:00:00,0.56,0.07,-1.11,1.47,-1.0,-1.08,2.09,-0.54,-0.16,1,0,-52.00
2000-04-16T04:00:00,-0.57,0.28,-0.69,1.45,-1.11,-0.92,3.0,-0.45,-0.06,1,0,-54.00
2000-04-16T05:00:00,-0.88,1.2,0.23,1.28,-0.55,-0.81,2.28,-0.42,-0.13,1,0,-57.00
2000-04-16T06:00:00,-0.43,0.93,-0.13,1.17,-0.52,-0.67,3.2,-0.34,0.05,1,0,-60.00
2000-04-16T07:00:00,1.32,-0.77,-1.14,1.09,-0.57,-0.47,1.37,-0.41,-0.16,1,0,-48.00
2000-04-16T08:00:00,1.31,-0.21,-1.5,1.11,-0.69,-0.38,1.28,-0.42,-0.17,1,0,-36.00
2000-04-16T09:00:00,0.64,0.59,-1.57,1.18,-0.8,-0.45,1.75,-0.34,-0.15,1,0,-43.00
2000-04-16T10:00:00,-0.39,0.45,0.14,1.1,-0.94,0.42,2.22,-0.03,0.9,1,0,-61.00
2000-04-16T11:00:00,-0.38,-0.17,0.46,0.82,-0.53,0.42,1.43,0.24,0.96,1,0,-78.00
2000-04-16T12:00:00,0.82,0.42,-1.07,0.91,-0.2,-0.29,2.79,-0.29,-0.09,1,0,-79.00
2000-04-16T13:00:00,-0.2,1.01,-0.64,0.88,-0.22,-0.24,2.0,-0.15,-0.02,1,0,-46.00
2000-04-16T14:00:00,-2.12,1.28,0.52,0.8,0.85,-1.15,1.24,0.03,-0.14,1,0,-49.00
2000-04-16T15:00:00,-2.19,1.65,0.99,0.44,1.45,-0.35,0.4,0.08,-0.17,1,0,-65.00
2000-04-16T16:00:00,-2.22,1.25,1.42,0.44,1.83,-0.4,0.64,-0.01,-0.17,1,0,-63.00
2000-04-16T17:00:00,-1.72,1.77,0.77,0.3,1.42,0.63,0.91,0.44,-0.13,1,0,-56.00
2000-04-16T18:00:00,-1.51,1.57,1.13,0.21,1.9,1.07,0.9,0.74,-0.11,1,0,-47.00
2000-04-16T19:00:00,-1.16,1.96,1.08,0.14,1.19,1.35,0.88,0.95,-0.1,1,0,-40.00
2000-04-16T20:00:00,-0.6,1.64,1.58,0.02,1.14,0.94,0.89,0.91,-0.09,1,0,-31.00
2000-04-16T21:00:00,-0.3,2.06,0.85,0.02,0.52,2.19,1.01,0.97,-0.06,1,0,-31.00
2000-04-16T22:00:00,-0.86,0.9,0.92,0.14,0.98,2.08,1.16,1.14,0.12,1,0,-29.00
2000-04-16T23:00:00,-0.47,1.42,0.61,-0.03,0.44,2.62,1.05,0.77,0.03,1,0,-23.00
2000-04-17T00:00:00,-0.51,1.48,0.67,0.03,0.47,2.19,0.74,0.53,-0.05,1,0,-19.00
2000-04-17T01:00:00,-0.43,1.54,0.16,0.03,0.56,2.68,0.77,0.5,-0.03,1,0,-20.00
2000-04-17T02:00:00,-0.61,1.15,0.87,0.12,0.64,1.77,0.82,0.49,-0.03,1,0,-22.00
2000-04-17T03:00:00,-0.15,1.41,0.48,0.04,0.5,2.48,0.93,0.42,-0.01,1,0,-24.00
2000-04-17T04:00:00,-0.59,1.24,0.34,0.21,0.78,2.42,0.97,0.42,0.02,1,0,-17.00
2000-04-17T05:00:00,-0.6,0.73,0.8,0.38,0.73,1.53,0.63,0.51,0.05,1,0,-13.00
2000-04-17T06:00:00,0.37,0.95,-0.4,0.29,0.69,1.89,0.82,0.18,0.03,1,0,-21.00
2000-04-17T07:00:00,0.87,0.79,-0.51,0.22,0.56,1.7,0.67,0.0,-0.07,1,0,-18.00
2000-04-17T08:00:00,-0.09,0.55,0.18,0.27,0.2,0.94,0.79,0.17,0.68,1,0,-26.00
2000-04-17T09:00:00,-0.12,1.09,0.55,0.3,-0.45,0.89,0.52,0.17,-0.03,1,0,-28.00
2000-04-17T10:00:00,-0.28,0.68,0.44,0.08,-0.26,-0.15,-0.05,-0.09,-0.04,1,0,-20.00
2000-04-17T11:00:00,-0.4,0.4,0.42,0.03,-0.36,-0.35,-0.19,-0.15,-0.03,0,0,-19.00
2000-04-17T12:00:00,-0.37,0.1,0.44,0.02,-0.1,-0.34,-0.15,-0.17,0.06,0,0,-19.00
2000-04-17T13:00:00,-0.18,0.16,0.3,-0.0,0.09,-0.23,-0.26,-0.21,0.29,0,0,-24.00
2000-04-17T14:00:00,-0.51,-0.25,0.34,0.13,0.35,-0.22,-0.21,-0.18,-0.0,0,0,-27.00
2000-04-17T15:00:00,-0.25,-0.44,-0.02,0.09,0.69,0.36,-0.3,-0.12,0.11,0,0,-27.00
2000-04-17T16:00:00,-0.29,0.26,-0.02,0.13,-0.07,0.58,-0.33,-0.11,0.24,0,0,-28.00
2000-04-17T17:00:00,-0.1,0.27,0.21,0.09,-0.06,0.23,-0.4,-0.19,0.27,0,0,-31.00
2000-04-17T18:00:00,-0.36,0.16,0.45,0.24,-0.07,-0.26,-0.4,-0.3,-0.07,0,0,-30.00
2000-04-17T19:00:00,-0.24,0.43,-0.0,0.22,-0.3,0.43,-0.38,-0.33,-0.04,0,0,-29.00
2000-04-17T20:00:00,-0.35,0.23,0.29,0.33,-0.12,-0.11,-0.37,-0.31,-0.01,0,0,-23.00
2000-04-17T21:00:00,-0.16,0.28,0.26,0.3,-0.11,-0.06,-0.41,-0.4,-0.01,0,0,-22.00
2000-04-17T22:00:00,-0.19,0.11,-0.0,0.34,0.17,0.65,-0.35,-0.35,0.45,0,0,-25.00
2000-04-17T23:00:00,-0.1,0.34,0.14,0.32,-0.25,0.25,-0.42,-0.37,0.03,0,0,-27.00
2000-04-18T00:00:00,-0.22,0.35,0.3,0.4,-0.39,-0.01,-0.36,-0.38,-0.06,0,0,-26.00
2000-04-18T01:00:00,-0.33,0.35,0.06,0.46,-0.36,0.37,-0.28,-0.37,-0.02,0,0,-23.00
2000-04-18T02:00:00,-0.34,0.19,-0.07,0.48,-0.15,0.54,-0.23,-0.39,0.02,0,0,-21.00
2000-04-18T03:00:00,-0.45,0.31,0.13,0.54,-0.26,0.18,-0.24,-0.38,-0.06,0,0,-20.00
2000-04-18T04:00:00,-0.37,0.27,0.12,0.53,-0.29,0.32,-0.22,-0.39,-0.01,0,0,-19.00
2000-04-18T05:00:00,-0.42,0.27,0.35,0.57,-0.38,-0.08,-0.19,-0.37,-0.07,0,0,-18.00
2000-04-18T06:00:00,0.02,0.22,0.48,0.53,-0.38,-0.42,-0.27,-0.42,-0.07,0,0,-15.00
2000-04-18T07:00:00,-0.29,0.36,-0.18,0.58,-0.46,0.29,-0.22,-0.42,-0.07,0,0,-12.00
2000-04-18T08:00:00,-0.37,0.34,0.43,0.63,-0.67,-0.33,-0.21,-0.38,-0.09,0,0,-10.00
2000-04-18T09:00:00,-0.28,0.42,0.39,0.61,-0.75,-0.35,-0.23,-0.42,-0.1,0,0,-11.00
2000-04-18T10:00:00,-0.32,0.44,0.33,0.61,-0.79,-0.3,-0.2,-0.38,-0.09,0,0,-7.00
2000-04-18T11:00:00,-0.29,0.56,0.28,0.59,-0.8,-0.05,-0.22,-0.42,-0.12,0,0,-3.00
2000-04-18T12:00:00,0.02,0.57,0.39,0.53,-0.75,-0.12,-0.26,-0.46,-0.13,0,0,-1.00
2000-04-18T13:00:00,-0.3,0.15,0.39,0.65,-0.51,-0.15,-0.11,-0.39,-0.01,0,0,-3.00
2000-04-18T14:00:00,0.51,0.34,0.45,0.56,-0.61,-0.17,-0.18,-0.48,-0.14,0,0,-2.00
2000-04-18T15:00:00,0.17,-0.07,0.61,0.69,-0.18,-0.43,-0.1,-0.45,-0.11,0,0,0.00
2000-04-18T16:00:00,0.61,0.39,0.44,0.64,-0.52,-0.52,0.01,-0.46,-0.14,1,0,-1.00
2000-04-18T17:00:00,0.59,0.59,-0.18,0.64,-0.75,0.11,0.04,-0.45,-0.14,1,0,-2.00
2000-04-18T18:00:00,0.44,0.79,-0.48,0.47,-0.7,-0.21,0.37,-0.44,-0.15,1,0,-1.00
2000-04-18T19:00:00,0.26,0.94,0.16,0.47,-1.3,-0.53,0.73,-0.43,-0.12,1,0,2.00
2000-04-18T20:00:00,-0.31,0.77,0.56,0.52,-1.33,-0.8,0.58,-0.5,-0.15,1,0,-2.00
2000-04-18T21:00:00,-0.73,1.46,0.4,0.47,-1.29,-0.53,-0.26,-0.56,-0.19,1,1,-1.00
2000-04-18T22:00:00,-0.85,1.52,0.74,0.31,-1.42,-0.98,-0.22,-0.55,-0.19,1,1,-7.00
2000-04-18T23:00:00,-0.66,1.45,1.05,0.13,-1.13,-0.93,-0.07,-0.48,-0.18,1,1,-10.00
2000-04-19T00:00:00,-1.05,1.8,0.46,0.16,-1.22,0.49,-0.15,-0.37,-0.18,1,1,-7.00
2000-04-19T01:00:00,-1.16,1.66,0.36,0.31,-1.55,0.6,0.15,-0.37,-0.18,1,1,-11.00
2000-04-19T02:00:00,-0.3,1.01,-0.92,-0.04,-0.53,1.72,0.71,-0.14,-0.12,1,1,-12.00
2000-04-19T03:00:00,-1.14,1.47,0.03,0.13,-0.67,1.11,0.68,-0.25,-0.15,1,0,-5.00
2000-04-19T04:00:00,0.54,-1.03,-0.14,-0.07,0.6,0.73,1.03,-0.14,-0.04,1,0,-10.00
2000-04-19T05:00:00,0.13,0.42,0.94,-0.02,0.31,-0.2,1.0,-0.12,-0.02,1,0,-14.00
2000-04-19T06:00:00,-0.2,1.33,0.84,0.1,0.17,0.05,0.92,-0.42,-0.16,1,1,-12.00
2000-04-19T07:00:00,-0.35,1.44,0.41,0.15,0.54,0.24,0.99,-0.41,-0.15,1,1,-9.00
2000-04-19T08:00:00,0.04,1.55,0.58,0.27,0.95,0.76,0.8,-0.49,-0.17,1,1,-4.00
2000-04-19T09:00:00,-0.05,1.7,0.28,0.29,1.38,0.73,0.58,-0.5,-0.18,1,1,-7.00
2000-04-19T10:00:00,-0.26,1.69,-0.32,0.19,1.15,0.1,0.38,-0.5,-0.18,1,1,1.00
2000-04-19T11:00:00,-0.28,1.78,-0.5,0.21,1.15,0.1,0.03,-0.52,-0.19,1,1,4.00
2000-04-19T12:00:00,-0.23,1.65,-0.59,0.29,0.6,0.17,0.33,-0.19,-0.15,1,1,0.00
2000-04-19T13:00:00,-0.14,1.7,-0.7,0.33,0.47,-0.6,0.61,-0.35,-0.17,1,0,-6.00
2000-04-19T14:00:00,-0.11,1.76,-0.42,0.55,-0.69,-1.41,0.58,-0.11,-0.14,1,0,-7.00
2000-04-19T15:00:00,-0.43,0.69,0.46,0.51,-0.72,-1.51,1.67,-0.25,0.05,1,0,-10.00
2000-04-19T16:00:00,-1.21,1.06,0.52,0.46,0.18,-1.68,1.04,-0.07,-0.11,1,0,-10.00
2000-04-19T17:00:00,-0.93,1.71,0.17,0.37,0.34,-1.29,0.69,-0.14,-0.15,1,0,-6.00
2000-04-19T18:00:00,-0.83,1.51,0.37,0.07,0.7,-0.89,0.39,0.34,-0.1,1,0,-6.00
2000-04-19T19:00:00,-1.13,0.6,0.78,-0.08,1.49,-0.7,0.28,0.7,-0.04,1,0,-6.00
2000-04-19T20:00:00,-1.14,0.45,0.87,-0.28,1.26,-0.56,0.11,0.36,-0.09,1,0,-9.00
2000-04-19T21:00:00,-0.76,0.83,0.92,-0.28,1.0,-0.93,0.15,0.34,-0.09,1,0,-9.00
2000-04-19T22:00:00,-0.34,1.19,0.84,-0.37,0.64,-1.0,0.05,0.28,-0.11,1,0,-9.00
2000-04-19T23:00:00,-0.76,0.63,0.49,-0.37,0.85,-0.59,0.04,0.16,-0.05,1,0,-8.00
2000-04-20T00:00:00,-0.9,0.18,-0.14,-0.45,1.14,-0.34,-0.19,0.02,-0.07,1,0,-7.00
2000-04-20T01:00:00,-0.66,0.57,-0.02,-0.62,0.54,-0.83,-0.27,-0.0,-0.07,1,0,-9.00
2000-04-20T02:00:00,-0.9,0.36,-0.09,-0.45,1.1,-0.9,-0.28,-0.01,-0.09,1,0,-23.00
2000-04-20T03:00:00,-0.28,0.81,0.02,-0.6,0.25,-1.17,-0.4,0.04,-0.08,0,0,-25.00
2000-04-20T04:00:00,-0.46,0.62,-0.01,-0.39,0.74,-1.43,-0.34,0.1,-0.03,0,0,-22.00
2000-04-20T05:00:00,-0.16,0.78,-0.17,-0.5,0.35,-0.89,-0.4,0.01,-0.08,0,0,-22.00
2000-04-20T06:00:00,-0.73,0.44,-0.21,-0.14,0.91,-0.44,-0.32,0.14,-0.06,0,0,-17.00
2000-04-20T07:00:00,-0.86,0.33,0.03,-0.04,1.17,-0.67,-0.28,0.12,-0.05,0,0,-19.00
2000-04-20T08:00:00,-0.69,0.5,-0.04,0.02,0.84,-0.2,-0.32,0.29,-0.01,0,0,-17.00
2000-04-20T09:00:00,-0.06,0.71,0.22,-0.16,0.47,-0.82,-0.34,0.37,0.05,0,0,-15.00
2000-04-20T10:00:00,-0.13,0.76,-0.19,-0.07,0.17,0.17,-0.36,0.4,0.0,0,0,-10.00
2000-04-20T11:00:00,-0.6,0.54,-0.3,0.14,0.28,0.93,-0.39,0.34,-0.04,0,0,-7.00
2000-04-20T12:00:00,-0.93,0.34,0.04,0.32,0.5,0.11,-0.4,0.12,-0.09,0,0,-9.00
2000-04-20T13:00:00,-0.68,-0.67,0.13,0.1,2.21,-0.31,-0.34,0.18,-0.06,0,0,-13.00
2000-04-20T14:00:00,-0.4,-0.54,0.16,0.01,2.26,-0.33,-0.38,0.25,0.07,0,0,-10.00
2000-04-20T15:00:00,-0.44,-0.8,-0.0,-0.04,2.59,-0.2,-0.31,0.18,-0.04,0,0,-8.00
2000-04-20T16:00:00,-0.13,0.64,-0.55,-0.17,0.91,1.05,-0.38,0.31,-0.07,0,0,-6.00
2000-04-20T17:00:00,-0.12,1.09,0.03,-0.14,0.16,-0.21,-0.39,0.27,-0.1,0,0,-10.00
2000-04-20T18:00:00,-0.66,-0.15,0.94,-0.04,1.21,-1.1,-0.33,0.08,-0.12,0,0,-12.00
2000-04-20T19:00:00,-0.46,0.3,0.33,-0.52,0.53,0.85,-0.3,0.67,0.28,0,0,-12.00
2000-04-20T20:00:00,-0.58,0.25,0.38,-0.54,0.93,0.64,-0.41,0.41,0.05,0,0,-6.00
2000-04-20T21:00:00,-0.69,0.43,0.03,-0.47,0.73,0.84,-0.41,0.2,-0.03,0,0,-7.00
2000-04-20T22:00:00,-0.69,0.27,0.34,-0.62,0.84,1.39,-0.21,0.02,-0.02,0,0,-12.00
2000-04-20T23:00:00,-0.69,0.29,0.22,-0.58,0.57,0.56,-0.58,-0.08,-0.11,0,0,-15.00
2000-04-21T00:00:00,-0.61,0.35,0.04,-0.64,0.28,0.75,-0.58,0.04,-0.07,0,0,-13.00
2000-04-21T01:00:00,-0.72,0.15,-0.01,-0.46,0.34,0.77,-0.64,-0.11,-0.12,0,0,-11.00
2000-04-21T02:00:00,-0.75,0.11,0.13,-0.38,0.29,0.51,-0.59,-0.1,-0.11,0,0,-12.00
2000-04-21T03:00:00,-0.74,0.24,0.26,-0.35,0.2,-0.0,-0.64,-0.19,-0.14,0,0,-15.00
2000-04-21T04:00:00,-0.59,0.26,0.47,-0.17,-0.09,-0.61,-0.63,-0.26,-0.15,0,0,-12.00
2000-04-21T05:00:00,-0.28,0.21,0.73,-0.23,-0.1,-0.72,-0.58,-0.26,-0.15,0,0,-10.00
2000-04-21T06:00:00,-0.45,0.27,0.58,-0.2,0.05,-0.56,-0.49,-0.19,-0.11,0,0,-8.00
2000-04-21T07:00:00,-0.71,0.65,0.18,-0.08,-0.55,-0.06,-0.41,-0.1,-0.12,0,0,-5.00
2000-04-21T08:00:00,-0.86,0.63,-0.24,-0.1,-0.21,0.44,-0.4,-0.14,-0.14,0,0,-2.00
2000-04-21T09:00:00,-0.63,0.01,-0.78,-0.23,0.37,1.29,-0.39,-0.06,-0.14,0,0,2.00
2000-04-21T10:00:00,-0.67,0.07,0.23,-0.26,0.46,-0.6,-0.2,0.33,0.14,0,0,2.00
2000-04-21T11:00:00,-0.41,0.84,0.45,-0.37,-0.37,-1.01,-0.22,0.11,-0.08,0,0,-10.00
2000-04-21T12:00:00,-0.27,0.54,0.02,-0.36,-0.4,-0.37,-0.22,0.28,0.2,0,0,-9.00
2000-04-21T13:00:00,-0.46,-0.13,0.68,-0.41,0.48,-1.07,-0.23,0.4,0.04,0,0,-3.00
2000-04-21T14:00:00,-0.93,0.59,0.29,-0.19,-0.63,-0.12,-0.3,0.3,-0.08,0,0,-2.00
2000-04-21T15:00:00,-0.56,0.51,-0.14,-0.29,-0.6,0.45,-0.32,0.35,0.03,0,0,-2.00
2000-04-21T16:00:00,-0.62,0.47,0.52,-0.26,-0.61,-0.21,-0.22,0.19,-0.04,0,0,-3.00
2000-04-21T17:00:00,-0.68,-0.31,0.62,-0.26,0.05,-0.18,-0.24,-0.01,-0.09,0,0,-5.00
2000-04-21T18:00:00,-0.93,-0.21,0.41,-0.18,0.08,0.04,-0.28,-0.03,-0.1,0,0,-2.00
2000-04-21T19:00:00,-0.72,0.79,0.18,-0.21,-0.28,0.56,-0.12,-0.08,-0.1,0,0,1.00
2000-04-21T20:00:00,-0.61,0.66,0.25,-0.19,-0.05,0.48,-0.14,-0.06,-0.07,0,0,2.00
2000-04-21T21:00:00,-0.19,0.84,0.21,-0.24,-0.12,0.53,-0.16,0.01,-0.05,0,0,2.00
2000-04-21T22:00:00,0.28,0.78,0.39,-0.24,-0.2,0.32,-0.26,0.01,-0.07,0,0,1.00
2000-04-21T23:00:00,-0.15,0.67,0.51,-0.2,-0.14,0.29,-0.21,-0.03,-0.06,0,0,3.00
2000-04-22T00:00:00,-0.55,0.56,0.53,-0.03,-0.07,0.35,-0.12,-0.1,-0.08,0,0,5.00
2000-04-22T01:00:00,-0.08,0.94,0.37,-0.2,-0.52,0.72,-0.15,-0.16,-0.11,0,0,2.00
2000-04-22T02:00:00,-0.27,0.7,0.34,-0.14,-0.34,0.69,-0.16,-0.16,-0.07,0,0,0.00
2000-04-22T03:00:00,-0.3,0.81,0.31,-0.07,-0.2,0.76,-0.1,-0.1,-0.07,0,0,0.00
2000-04-22T04:00:00,-0.27,0.93,0.12,-0.09,-0.4,1.09,-0.14,-0.14,-0.1,0,0,3.00
2000-04-22T05:00:00,0.01,0.69,-0.03,-0.09,-0.08,1.34,-0.14,-0.14,-0.02,0,0,5.00
2000-04-22T06:00:00,0.41,0.75,-0.12,-0.09,-0.22,1.12,-0.18,-0.27,-0.11,0,0,4.00
2000-04-22T07:00:00,-0.17,0.59,0.03,0.16,0.05,0.84,-0.07,-0.11,0.07,0,0,-1.00
2000-04-22T08:00:00,-0.62,0.41,-0.06,0.32,0.1,0.95,-0.07,-0.09,-0.01,0,0,-3.00
2000-04-22T09:00:00,-0.63,0.17,0.01,0.36,0.44,0.95,-0.04,-0.13,0.05,0,0,-4.00
2000-04-22T10:00:00,0.28,0.69,-0.05,0.03,-0.13,1.06,-0.18,-0.24,-0.07,0,0,-4.00
2000-04-22T11:00:00,0.26,0.62,0.05,0.04,-0.21,0.93,-0.15,-0.25,-0.04,0,0,-1.00
2000-04-22T12:00:00,0.57,0.69,0.06,-0.07,-0.49,0.55,-0.18,-0.27,-0.11,0,0,3.00
2000-04-22T13:00:00,0.02,0.53,0.36,0.13,-0.48,0.08,-0.17,-0.18,0.0,0,0,2.00
2000-04-22T14:00:00,-0.69,0.43,0.54,0.53,-0.14,-0.66,-0.26,-0.35,-0.14,0,0,-1.00
2000-04-22T15:00:00,-0.67,0.11,0.74,0.59,0.24,-1.12,-0.26,-0.43,-0.16,0,0,1.00
2000-04-22T16:00:00,-0.6,0.59,0.48,0.66,-0.27,-0.69,-0.18,-0.42,-0.15,0,0,1.00
2000-04-22T17:00:00,0.18,1.02,-0.03,0.52,-0.81,-0.04,-0.16,-0.49,-0.17,0,0,0.00
2000-04-22T18:00:00,0.51,0.76,-0.05,0.5,-0.34,-0.27,-0.24,-0.48,-0.16,0,0,3.00
2000-04-22T19:00:00,0.66,0.66,0.03,0.48,-0.33,-0.46,-0.24,-0.49,-0.16,0,0,2.00
2000-04-22T20:00:00,0.56,0.69,0.15,0.56,-0.23,-0.56,-0.18,-0.45,-0.15,0,0,-2.00
2000-04-22T21:00:00,0.58,0.69,0.15,0.54,-0.11,-0.31,-0.04,-0.37,-0.13,0,0,-3.00
2000-04-22T22:00:00,0.23,0.76,0.38,0.62,-0.08,-0.35,0.19,-0.27,-0.07,0,0,-1.00
2000-04-22T23:00:00,0.2,0.51,0.29,0.61,0.21,-0.07,0.35,-0.17,0.16,0,0,-1.00
2000-04-23T00:00:00,-0.3,0.34,0.27,0.79,0.26,-0.07,0.34,-0.14,0.31,0,0,0.00
2000-04-23T01:00:00,-0.26,0.55,0.33,0.82,0.06,-0.2,0.26,-0.16,0.07,0,0,-1.00
2000-04-23T02:00:00,-0.28,0.68,0.13,0.84,-0.16,-0.1,0.2,-0.23,-0.01,0,0,-2.00
2000-04-23T03:00:00,-0.08,0.59,0.28,0.81,0.01,-0.38,0.17,-0.29,0.01,0,0,1.00
2000-04-23T04:00:00,-0.1,0.36,0.41,0.82,0.22,-0.58,0.13,-0.31,0.07,0,0,4.00
2000-04-23T05:00:00,0.1,0.11,0.66,0.68,0.52,-0.86,0.27,-0.3,-0.01,0,0,7.00
2000-04-23T06:00:00,0.23,0.79,0.13,0.59,-0.22,-0.38,0.36,-0.3,-0.05,0,0,8.00
2000-04-23T07:00:00,0.29,0.83,-0.5,0.54,-0.24,0.47,0.27,-0.24,-0.11,0,0,10.00
2000-04-23T08:00:00,0.31,0.99,-0.09,0.52,-0.59,-0.21,0.17,-0.35,-0.13,0,0,8.00
2000-04-23T09:00:00,0.12,0.81,-0.23,0.62,-0.43,0.05,0.26,-0.29,-0.08,0,0,0.00
2000-04-23T10:00:00,-0.08,0.91,0.17,0.7,-0.53,-0.41,0.18,-0.29,-0.09,0,0,2.00
2000-04-23T11:00:00,-0.27,0.77,0.02,0.76,-0.43,-0.09,0.2,-0.22,-0.04,0,0,2.00
2000-04-23T12:00:00,-0.4,0.79,0.25,0.82,-0.6,-0.55,0.15,-0.26,-0.08,0,0,1.00
2000-04-23T13:00:00,-0.21,1.11,0.03,0.74,-0.83,-0.23,-0.18,-0.42,-0.16,0,0,-3.00
2000-04-23T14:00:00,-0.57,1.09,0.05,0.81,-0.84,-0.12,-0.25,-0.44,-0.17,0,0,-7.00
2000-04-23T15:00:00,-0.65,0.69,0.67,0.86,-0.63,-1.05,-0.2,-0.4,-0.16,0,0,-8.00
2000-04-23T16:00:00,-0.35,1.0,0.1,0.66,-0.78,-0.1,-0.16,-0.35,-0.15,0,0,-9.00
2000-04-23T17:00:00,-0.63,0.66,0.49,0.66,-0.6,-0.07,-0.06,-0.14,-0.1,0,0,-6.00
2000-04-23T18:00:00,-0.51,0.36,0.85,0.46,0.11,-0.43,-0.02,-0.04,-0.09,0,0,-2.00
2000-04-23T19:00:00,-0.23,-0.53,1.1,0.19,1.32,-0.59,0.21,-0.05,-0.11,0,0,-1.00
2000-04-23T20:00:00,-0.72,0.3,1.12,0.34,0.65,-0.98,0.35,-0.01,-0.11,0,0,6.00
2000-04-23T21:00:00,-0.57,0.36,0.7,0.32,0.33,-0.45,0.27,-0.14,-0.06,0,0,8.00
2000-04-23T22:00:00,-0.94,0.23,0.16,0.44,0.49,0.19,0.36,-0.07,-0.02,0,0,8.00
2000-04-23T23:00:00,-0.82,0.35,0.88,0.48,0.47,-1.02,0.32,-0.07,-0.1,0,0,8.00
2000-04-24T00:00:00,-1.0,0.21,0.32,0.57,0.81,-0.05,0.34,-0.09,-0.05,0,0,6.00
2000-04-24T01:00:00,-1.11,0.21,0.42,0.61,0.46,-0.51,0.24,-0.17,-0.11,0,0,5.00
2000-04-24T02:00:00,-1.08,0.54,0.43,0.63,0.12,-0.42,0.15,-0.21,-0.13,0,0,0.00
2000-04-24T03:00:00,-0.9,0.76,0.7,0.58,0.05,-1.01,0.27,-0.39,-0.16,0,0,-1.00
2000-04-24T04:00:00,0.43,1.17,-0.53,0.14,0.67,-0.37,0.28,-0.43,-0.16,0,0,1.00
2000-04-24T05:00:00,1.5,1.86,-0.74,-0.12,0.6,0.22,-0.2,-0.51,-0.19,0,1,13.00
2000-04-24T06:00:00,1.26,1.56,-0.81,-0.09,0.55,0.05,-0.16,-0.4,-0.18,0,1,1.00
2000-04-24T07:00:00,1.27,1.58,0.09,-0.08,0.21,-0.76,-0.03,-0.32,-0.18,0,1,-12.00
2000-04-24T08:00:00,1.0,1.59,0.03,-0.0,-0.01,0.4,-0.11,-0.15,-0.17,0,1,-17.00
2000-04-24T09:00:00,1.53,1.83,0.12,-0.36,0.6,0.1,0.27,0.06,-0.16,0,1,-15.00
2000-04-24T10:00:00,1.88,1.54,-1.32,-0.44,0.82,0.28,0.35,-0.07,-0.17,0,1,-3.00
2000-04-24T11:00:00,1.95,1.2,-1.35,-0.35,0.65,0.18,0.39,-0.2,-0.18,0,1,0.00
2000-04-24T12:00:00,1.5,0.39,-1.62,-0.25,0.75,0.61,0.33,-0.15,-0.17,0,1,-16.00
2000-04-24T13:00:00,0.84,0.16,-0.5,-0.14,0.68,0.06,0.13,-0.11,-0.08,0,1,-26.00
2000-04-24T14:00:00,0.41,0.83,1.11,-0.13,-0.24,-0.66,-0.21,0.43,-0.12,0,0,-51.00
2000-04-24T15:00:00,0.67,0.55,0.75,-0.47,0.12,0.87,-0.34,0.7,-0.06,0,0,-61.00
2000-04-24T16:00:00,1.05,0.71,0.14,-0.8,-0.62,2.21,-0.34,0.15,-0.12,0,0,-51.00
2000-04-24T17:00:00,0.42,0.6,0.52,-0.52,-0.8,2.24,-0.35,0.56,0.01,0,0,-50.00
2000-04-24T18:00:00,0.02,0.24,0.4,-0.18,-0.33,1.98,-0.32,1.06,0.89,0,0,-52.00
2000-04-24T19:00:00,-0.23,0.52,0.37,0.05,-0.94,2.03,-0.49,0.62,0.1,0,0,-52.00
2000-04-24T20:00:00,-0.05,0.34,0.61,-0.09,-0.42,1.03,-0.55,0.64,0.04,0,0,-49.00
2000-04-24T21:00:00,0.07,0.75,-0.09,-0.15,-1.49,2.37,-0.54,0.53,-0.01,0,0,-48.00
2000-04-24T22:00:00,0.6,0.59,-0.25,-0.65,-1.41,2.14,-0.67,0.04,-0.14,0,0,-46.00
2000-04-24T23:00:00,0.51,0.76,0.23,-0.58,-1.41,0.73,-0.74,0.41,-0.13,0,0,-44.00
2000-04-25T00:00:00,0.29,0.78,0.58,-0.42,-0.95,0.43,-0.77,0.4,-0.14,0,0,-44.00
2000-04-25T01:00:00,0.21,0.72,0.55,-0.48,-1.26,0.33,-0.73,0.34,-0.13,0,0,-42.00
2000-04-25T02:00:00,0.12,0.6,0.62,-0.45,-0.78,0.0,-0.73,0.27,-0.13,0,0,-39.00
2000-04-25T03:00:00,-0.08,0.25,0.68,-0.35,-0.06,-0.44,-0.7,0.26,-0.09,0,0,-38.00
2000-04-25T04:00:00,0.12,0.77,0.31,-0.43,-1.07,0.58,-0.66,0.13,-0.11,0,0,-36.00
2000-04-25T05:00:00,0.01,0.46,0.35,-0.26,-0.71,-0.69,-0.7,0.45,0.02,0,0,-33.00
2000-04-25T06:00:00,-0.21,0.52,0.3,-0.22,-0.8,0.04,-0.69,0.11,-0.07,0,0,-32.00
2000-04-25T07:00:00,-0.25,0.33,0.38,-0.26,-0.54,-0.37,-0.68,0.18,-0.02,0,0,-31.00
2000-04-25T08:00:00,0.19,0.25,0.26,-0.53,-0.29,-0.25,-0.67,0.08,0.14,0,0,-29.00
2000-04-25T09:00:00,-0.18,0.67,0.1,-0.28,-1.0,0.32,-0.66,-0.03,-0.11,0,0,-25.00
2000-04-25T10:00:00,-0.34,-0.01,0.13,-0.13,0.1,0.14,-0.68,0.12,0.24,0,0,-23.00
2000-04-25T11:00:00,-0.47,-0.43,0.24,-0.06,0.85,-0.2,-0.68,0.13,-0.07,0,0,-24.00
2000-04-25T12:00:00,-0.5,-0.35,-0.0,-0.0,0.76,0.54,-0.67,0.3,-0.01,0,0,-24.00
2000-04-25T13:00:00,-0.6,0.15,0.15,0.1,-0.56,-0.09,-0.65,0.23,-0.02,0,0,-22.00
2000-04-25T14:00:00,-0.49,0.22,0.29,-0.06,-0.5,-0.43,-0.65,0.21,-0.01,0,0,-20.00
2000-04-25T15:00:00,-0.37,0.37,0.42,-0.13,-0.39,-0.63,-0.66,0.08,-0.08,0,0,-18.00
2000-04-25T16:00:00,-0.77,0.08,-0.05,0.1,-0.01,0.81,-0.67,-0.07,-0.13,0,0,-18.00
2000-04-25T17:00:00,-0.68,-0.21,-0.25,0.02,0.62,1.25,-0.7,-0.0,-0.13,0,0,-21.00
2000-04-25T18:00:00,-0.74,0.0,0.07,0.07,0.2,0.35,-0.67,-0.11,-0.12,0,0,-23.00
2000-04-25T19:00:00,-0.73,-0.07,0.29,0.17,0.15,-0.04,-0.68,-0.13,-0.13,0,0,-24.00
2000-04-25T20:00:00,-0.73,-0.1,0.26,0.21,0.37,0.02,-0.7,-0.17,-0.14,0,0,-23.00
2000-04-25T21:00:00,-0.8,-0.23,0.14,0.28,0.66,0.56,-0.71,-0.26,-0.16,0,0,-16.00
2000-04-25T22:00:00,-0.78,0.02,0.36,0.41,0.37,-0.08,-0.7,-0.3,-0.16,0,0,-16.00
2000-04-25T23:00:00,-0.69,0.28,0.48,0.44,0.07,-0.42,-0.69,-0.35,-0.17,0,0,-14.00
2000-04-26T00:00:00,-0.5,0.46,0.39,0.32,-0.41,-0.38,-0.65,-0.27,-0.15,0,0,-12.00
2000-04-26T01:00:00,-0.55,0.31,0.51,0.39,-0.37,-0.98,-0.66,-0.35,-0.16,0,0,-14.00
2000-04-26T02:00:00,-0.34,0.55,0.57,0.3,-0.65,-0.91,-0.63,-0.35,-0.16,0,0,-18.00
2000-04-26T03:00:00,-0.19,0.79,0.37,0.23,-0.94,-0.45,-0.6,-0.32,-0.16,0,0,-18.00
2000-04-26T04:00:00,0.13,0.85,0.31,0.08,-0.99,-0.35,-0.56,-0.33,-0.16,0,0,-15.00
2000-04-26T05:00:00,-0.35,0.53,0.51,0.34,-0.43,-1.05,-0.47,-0.26,-0.13,0,0,-11.00
2000-04-26T06:00:00,-0.68,0.05,0.51,0.5,0.22,-1.02,-0.44,-0.27,-0.13,0,0,-8.00
2000-04-26T07:00:00,-0.44,-0.1,0.63,0.4,0.03,-0.91,-0.37,-0.25,-0.11,0,0,-7.00
2000-04-26T08:00:00,-0.42,0.13,0.25,0.42,0.13,-0.06,-0.38,-0.23,0.03,0,0,-6.00
2000-04-26T09:00:00,-0.44,0.92,0.01,0.42,-0.58,0.1,-0.57,-0.4,-0.17,0,0,-4.00
2000-04-26T10:00:00,-0.49,0.9,0.24,0.51,-0.41,-0.1,-0.55,-0.38,-0.17,0,0,-7.00
2000-04-26T11:00:00,-0.54,0.75,0.17,0.47,-0.17,-0.06,-0.51,-0.19,-0.14,0,0,-8.00
2000-04-26T12:00:00,-0.33,0.99,0.29,0.38,-0.48,-0.17,-0.55,-0.31,-0.16,0,0,-8.00
2000-04-26T13:00:00,-0.28,0.72,0.58,0.38,0.09,-0.31,-0.21,-0.26,-0.13,0,0,-6.00
2000-04-26T14:00:00,-0.21,0.76,0.67,0.4,0.14,-0.74,-0.47,-0.25,-0.15,0,0,-5.00
2000-04-26T15:00:00,-0.44,0.57,0.75,0.47,0.2,-1.17,-0.47,-0.28,-0.16,0,0,-4.00
2000-04-26T16:00:00,-0.44,0.86,0.6,0.45,-0.19,-0.89,-0.47,-0.28,-0.16,0,0,-4.00
2000-04-26T17:00:00,-0.51,0.88,0.55,0.52,-0.04,-0.53,-0.45,-0.29,-0.16,0,0,-5.00
2000-04-26T18:00:00,-0.61,0.78,0.6,0.58,0.01,-0.36,-0.47,-0.27,-0.16,0,0,-3.00
2000-04-26T19:00:00,-0.54,0.9,0.55,0.6,-0.0,-0.36,-0.53,-0.28,-0.17,0,0,-2.00
2000-04-26T20:00:00,-0.67,0.55,0.65,0.76,0.42,-0.73,-0.36,-0.34,-0.16,0,0,0.00
2000-04-26T21:00:00,-0.56,0.84,0.59,0.74,-0.09,-0.32,-0.35,-0.37,-0.17,0,0,1.00
2000-04-26T22:00:00,-0.47,0.93,0.6,0.7,-0.05,-0.57,-0.49,-0.44,-0.18,0,0,2.00
2000-04-26T23:00:00,-0.22,0.72,0.29,0.69,-0.1,-0.72,-0.05,-0.44,-0.13,0,0,1.00
2000-04-27T00:00:00,-0.36,0.53,0.38,0.67,-0.25,-0.17,0.88,-0.41,-0.03,0,0,4.00
2000-04-27T01:00:00,-0.37,0.12,0.58,0.58,0.09,0.16,1.99,-0.43,0.05,0,0,8.00
2000-04-27T02:00:00,-0.4,0.56,0.6,0.59,-0.34,0.24,0.81,-0.43,-0.1,0,0,12.00
2000-04-27T03:00:00,-0.45,0.97,0.57,0.57,-0.4,0.2,0.2,-0.48,-0.16,0,0,10.00
2000-04-27T04:00:00,-0.45,0.7,0.59,0.61,0.07,0.27,1.0,-0.55,-0.16,0,0,1.00
2000-04-27T05:00:00,-0.51,0.52,0.66,0.61,0.11,-0.11,1.15,-0.53,-0.14,0,0,6.00
2000-04-27T06:00:00,-0.38,0.09,0.8,0.5,0.18,-0.31,0.8,-0.49,-0.13,0,0,9.00
2000-04-27T07:00:00,-0.45,0.71,0.76,0.38,0.48,-0.24,0.26,-0.5,-0.17,0,0,13.00
2000-04-27T08:00:00,0.11,-0.27,-0.38,0.35,0.33,-0.48,0.43,-0.28,0.12,0,0,9.00
2000-04-27T09:00:00,0.41,-0.52,-0.64,0.6,-0.5,-0.46,0.17,-0.4,-0.14,0,0,13.00
2000-04-27T10:00:00,0.24,-0.54,-0.64,0.59,-0.57,-0.92,0.53,-0.45,-0.13,0,0,6.00
2000-04-27T11:00:00,-0.21,-0.51,-0.68,0.49,-0.6,-0.84,0.59,-0.44,-0.13,0,0,-3.00
2000-04-27T12:00:00,0.53,-0.79,-0.61,0.7,-0.82,-0.85,0.37,-0.5,-0.16,0,0,-5.00
2000-04-27T13:00:00,0.58,-0.42,-0.75,0.76,-0.43,-0.88,0.48,-0.44,-0.15,0,0,-13.00
2000-04-27T14:00:00,-0.04,-1.0,-0.48,0.71,-0.51,-0.69,0.42,-0.38,-0.14,0,0,-17.00
2000-04-27T15:00:00,0.24,-1.3,0.01,0.72,-0.8,-0.04,0.62,-0.32,-0.13,0,0,-24.00
2000-04-27T16:00:00,0.11,-0.77,0.63,0.72,-0.64,0.5,0.83,-0.28,-0.06,0,0,-28.00
2000-04-27T17:00:00,-0.18,-0.05,1.05,0.66,-0.45,0.87,0.77,-0.34,-0.11,0,0,-28.00
2000-04-27T18:00:00,-0.09,0.97,0.28,0.65,-0.12,0.35,1.11,-0.25,-0.03,0,0,-18.00
2000-04-27T19:00:00,-0.52,0.87,1.03,0.7,-0.72,-0.0,2.41,-0.5,-0.15,0,0,-14.00
2000-04-27T20:00:00,-0.77,-0.95,1.34,0.75,-0.36,0.05,1.3,-0.5,-0.17,0,0,-4.00
2000-04-27T21:00:00,-0.61,-1.68,0.05,0.8,0.26,0.22,1.4,-0.52,-0.17,0,0,-11.00
2000-04-27T22:00:00,-0.01,-1.44,-0.64,0.75,0.18,0.65,1.37,-0.54,-0.17,0,0,-8.00
2000-04-27T23:00:00,0.48,-0.35,-0.92,0.72,-0.24,0.72,1.03,-0.5,-0.16,0,0,-11.00
2000-04-28T00:00:00,0.43,0.12,-0.66,0.72,-0.38,0.8,1.71,-0.44,-0.07,0,0,-14.00
2000-04-28T01:00:00,-0.16,-0.56,0.53,0.71,-0.31,0.66,1.85,-0.47,-0.02,0,0,-21.00
2000-04-28T02:00:00,0.38,-0.94,-0.66,0.69,0.09,0.27,0.03,-0.36,-0.16,0,0,-28.00
2000-04-28T03:00:00,0.52,-0.99,-0.5,0.78,0.01,0.32,-0.35,-0.33,-0.17,0,0,-31.00
2000-04-28T04:00:00,0.61,-0.94,-0.41,0.8,-0.07,0.28,-0.36,-0.39,-0.17,0,0,-32.00
2000-04-28T05:00:00,0.82,-0.79,-0.24,0.8,-0.1,0.44,-0.3,-0.44,-0.17,0,0,-31.00
2000-04-28T06:00:00,0.63,-0.83,-0.25,0.75,-0.52,0.06,-0.22,-0.38,-0.15,0,0,-29.00
2000-04-28T07:00:00,0.33,-0.32,-0.43,0.66,-0.38,-0.17,-0.13,-0.38,-0.1,0,0,-26.00
2000-04-28T08:00:00,0.17,-0.47,-0.56,0.63,-0.54,-0.38,-0.12,-0.36,-0.12,0,0,-22.00
2000-04-28T09:00:00,0.61,-0.42,-0.16,0.79,-0.37,0.28,-0.06,-0.29,-0.07,0,0,-23.00
2000-04-28T10:00:00,0.93,-0.25,0.07,0.95,-0.2,0.45,-0.04,-0.31,-0.11,0,0,-23.00
2000-04-28T11:00:00,0.87,0.1,0.19,0.93,0.4,0.76,-0.07,-0.32,-0.11,0,0,-26.00
