2000-05-01T09:00:00,1.13,-0.2,0.14,0.51,1.44,-0.03,-0.42,-0.32,-0.16,0,0,-16.00
2000-05-01T10:00:00,0.66,-0.81,-0.11,0.24,0.31,-0.74,-0.4,-0.12,-0.13,0,0,-12.00
2000-05-01T11:00:00,1.03,-0.54,-0.34,0.43,0.69,-1.25,-0.41,-0.23,-0.16,0,0,-9.00
2000-05-01T12:00:00,1.23,-0.6,-0.12,0.47,0.63,-0.76,-0.38,-0.31,-0.17,0,0,-12.00
2000-05-01T13:00:00,0.87,-0.97,-0.12,0.31,-0.12,-0.73,-0.44,-0.18,-0.16,0,0,-18.00
2000-05-01T14:00:00,0.79,-1.58,0.0,-0.0,-0.89,-0.26,-0.37,-0.03,-0.16,1,0,-18.00
2000-05-01T15:00:00,0.61,-1.98,-0.16,-0.49,-1.37,0.88,-0.79,0.85,-0.18,1,0,-13.00
2000-05-01T16:00:00,1.24,-1.79,-0.17,-0.2,-0.95,0.56,-0.79,0.83,-0.18,1,0,-20.00
2000-05-01T17:00:00,1.46,-1.65,-0.45,-0.14,-1.56,-0.82,-0.77,0.92,-0.18,1,0,-24.00
2000-05-01T18:00:00,1.43,-1.43,-0.42,-0.14,-0.33,-0.2,-0.7,0.92,-0.17,1,0,-23.00
2000-05-01T19:00:00,1.08,-1.87,-0.41,-0.52,-0.84,-0.06,-0.77,1.11,-0.17,1,0,-28.00
2000-05-01T20:00:00,1.18,-1.78,-0.37,-0.47,-0.93,0.13,-0.8,0.85,-0.18,1,0,-31.00
2000-05-01T21:00:00,1.15,-1.8,-0.41,-0.45,-0.97,-0.08,-0.77,0.85,-0.18,1,0,-32.00
2000-05-01T22:00:00,1.11,-1.85,-0.28,-0.49,-1.06,0.36,-0.75,0.9,-0.17,1,0,-27.00
2000-05-01T23:00:00,1.21,-1.65,0.12,-0.38,-1.23,1.51,-0.72,0.71,-0.17,1,0,-25.00
2000-05-02T00:00:00,1.09,-1.93,-0.68,0.15,-1.19,-0.36,-0.78,0.19,-0.19,1,0,-23.00
2000-05-02T01:00:00,1.62,-3.01,-0.42,3.02,7.67,3.49,-0.92,0.56,-0.19,1,0,-24.00
2000-05-02T02:00:00,1.81,-3.27,0.01,1.51,1.05,-0.13,-0.87,0.56,-0.19,1,0,-32.00
2000-05-02T03:00:00,1.96,-3.28,0.0,1.45,1.48,1.45,-0.81,0.47,-0.19,1,0,-29.00
2000-05-02T04:00:00,1.5,-1.82,0.24,-0.21,-2.07,1.04,-0.72,0.08,-0.18,1,0,-23.00
2000-05-02T05:00:00,2.27,-2.62,-0.84,0.47,-1.3,-0.44,-0.77,0.43,-0.19,1,0,-15.00
2000-05-02T06:00:00,2.4,-2.55,-1.84,-0.0,-8.83,-2.18,-0.8,1.05,-0.19,1,0,-14.00
2000-05-02T07:00:00,2.22,-1.76,-2.52,0.05,-10.58,0.34,-0.78,1.37,-0.19,1,0,-14.00
2000-05-02T08:00:00,2.01,0.09,-1.71,0.49,-2.03,2.28,-0.77,0.73,-0.18,1,0,-19.00
2000-05-02T09:00:00,1.45,-0.58,-2.61,0.12,-1.22,-0.44,-0.79,1.88,-0.18,1,0,-20.00
2000-05-02T10:00:00,1.31,-2.72,-3.47,0.95,1.02,-1.73,-0.91,1.58,-0.19,1,0,-11.00
2000-05-02T11:00:00,-0.56,-2.22,-0.09,-2.31,0.07,3.38,-0.82,2.84,-0.16,1,0,-18.00
2000-05-02T12:00:00,-0.94,-1.35,2.28,-2.68,-0.83,3.26,-0.75,2.31,-0.17,1,0,-33.00
2000-05-02T13:00:00,-0.69,-2.14,0.71,-2.26,-1.36,1.53,-0.38,0.57,-0.16,1,0,-36.00
2000-05-02T14:00:00,0.68,-3.02,0.16,-1.82,-1.53,0.36,-0.29,0.17,-0.18,1,0,-24.00
2000-05-02T15:00:00,3.18,-5.7,-0.03,0.09,-0.93,-3.14,-0.51,2.4,-0.18,1,0,-22.00
2000-05-02T16:00:00,1.7,-4.34,2.16,-0.48,-4.51,-0.45,-0.67,2.96,-0.18,1,0,-33.00
2000-05-02T17:00:00,3.72,-5.7,0.01,1.81,7.58,1.46,-0.88,2.02,-0.19,1,0,-32.00
2000-05-02T18:00:00,4.5,-6.57,0.56,0.98,-2.44,-0.96,-0.93,2.92,-0.19,1,0,-33.00
2000-05-03T02:00:00,-5.96,-1.56,24.81,1.31,6.27,5.63,1.57,2.12,-0.19,0,0,-21.00
2000-05-03T03:00:00,-15.91,-11.57,16.03,4.44,-0.59,-0.45,-0.99,9.95,-0.19,0,0,-21.00
2000-05-03T04:00:00,-9.27,-14.66,8.4,3.81,0.63,-8.11,-0.97,11.55,-0.19,0,0,-19.00
2000-05-03T08:00:00,0.99,-2.32,3.95,4.32,-0.6,-1.72,-1.0,0.75,-0.19,0,0,-9.00
2000-05-03T09:00:00,1.09,-0.64,4.2,1.59,3.67,-0.64,-0.82,0.83,-0.19,0,0,-9.00
2000-05-03T10:00:00,2.51,1.78,2.28,0.76,5.34,1.41,0.82,3.07,-0.1,0,0,-4.00
2000-05-03T11:00:00,1.97,0.91,1.77,0.47,2.63,1.32,0.89,0.81,-0.12,0,0,0.00
2000-05-03T12:00:00,1.01,-0.29,0.44,0.02,-2.18,0.42,0.77,-0.36,-0.11,0,0,1.00
2000-05-03T13:00:00,1.07,-0.0,0.26,-0.1,-0.5,0.68,0.17,-0.49,-0.16,0,0,3.00
2000-05-03T14:00:00,0.87,-0.62,0.15,-0.15,-0.98,0.47,0.71,-0.45,-0.13,0,0,3.00
2000-05-03T15:00:00,0.38,-0.93,-0.24,-0.25,-1.45,0.28,0.78,-0.42,-0.12,0,0,8.00
2000-05-03T16:00:00,0.13,-0.98,-0.04,-0.26,-1.5,0.63,0.65,-0.4,-0.11,0,0,9.00
2000-05-03T17:00:00,0.27,-0.5,-0.45,-0.23,0.32,-0.19,-0.49,-0.34,-0.14,0,0,1.00
2000-05-03T18:00:00,0.47,-0.05,-0.79,-0.16,-0.55,-0.81,-0.38,-0.3,-0.15,0,0,-19.00
2000-05-03T19:00:00,0.54,-0.42,-0.78,-0.16,-0.18,-0.53,-0.57,-0.4,-0.18,0,0,-19.00
2000-05-03T20:00:00,0.62,-0.56,-0.59,-0.04,-0.28,-0.33,-0.58,-0.42,-0.18,0,0,-29.00
2000-05-03T21:00:00,0.68,-0.45,-0.51,-0.02,-0.34,-0.18,-0.55,-0.42,-0.17,0,0,-34.00
2000-05-03T22:00:00,0.7,-0.37,-0.41,0.08,-0.26,-0.31,-0.44,-0.4,-0.16,0,0,-35.00
2000-05-03T23:00:00,0.76,-0.2,-0.33,0.2,-0.47,-0.16,-0.39,-0.41,-0.15,0,0,-28.00
2000-05-04T00:00:00,0.79,-0.11,-0.15,0.25,-0.6,-0.16,-0.42,-0.42,-0.15,0,0,-27.00
2000-05-04T01:00:00,0.85,0.17,-0.02,0.29,-0.29,0.13,-0.44,-0.43,-0.16,0,0,-29.00
2000-05-04T02:00:00,0.73,0.31,0.06,0.32,0.04,0.01,-0.4,-0.38,-0.14,0,0,-31.00
2000-05-04T03:00:00,0.72,0.13,0.29,0.33,-0.08,0.56,-0.34,-0.37,-0.13,0,0,-32.00
2000-05-04T04:00:00,0.42,0.18,0.34,0.18,-0.07,0.44,-0.37,-0.43,-0.1,0,0,-30.00
2000-05-04T05:00:00,0.52,0.44,0.08,0.26,0.42,0.17,-0.5,-0.42,-0.14,0,0,-22.00
2000-05-04T06:00:00,0.48,-0.11,0.62,0.27,-0.31,1.24,-0.51,-0.47,-0.16,0,0,-17.00
2000-05-04T07:00:00,0.39,-0.43,0.18,0.27,-0.61,0.58,-0.37,-0.42,-0.1,0,0,-16.00
2000-05-04T08:00:00,0.25,-0.47,-0.15,0.15,-0.2,-0.28,-0.08,-0.41,-0.05,0,0,-12.00
2000-05-04T09:00:00,0.01,-0.39,0.24,0.13,-0.02,-0.08,0.03,-0.43,0.07,0,0,-8.00
2000-05-04T10:00:00,-0.18,-0.68,-0.26,0.05,-0.23,-0.47,-0.29,-0.55,-0.17,0,0,-6.00
2000-05-04T11:00:00,-0.14,-0.81,-0.08,0.11,-0.35,-0.32,-0.36,-0.57,-0.18,0,0,-4.00
2000-05-04T12:00:00,0.01,-0.85,-0.1,0.14,-0.46,-0.31,-0.33,-0.57,-0.18,0,0,-11.00
2000-05-04T13:00:00,-0.29,-0.75,-0.23,0.06,-0.32,-0.44,-0.31,-0.56,-0.18,0,0,-16.00
2000-05-04T14:00:00,-0.18,-0.81,-0.12,0.12,-0.15,-0.13,-0.3,-0.57,-0.18,0,0,-16.00
2000-05-04T15:00:00,0.37,-0.39,-0.27,0.29,-0.19,-0.37,0.01,-0.52,-0.13,0,0,-16.00
2000-05-04T16:00:00,0.68,-0.17,-0.16,0.36,-0.12,-0.16,-0.01,-0.54,-0.15,0,0,-12.00
2000-05-04T17:00:00,0.71,-0.01,-0.25,0.37,-0.2,-0.35,-0.0,-0.56,-0.16,0,0,-13.00
2000-05-04T18:00:00,0.47,-0.62,-0.0,0.34,-0.51,0.05,-0.12,-0.54,-0.16,0,0,-12.00
2000-05-04T19:00:00,0.24,-0.43,-0.14,0.33,-0.41,-0.04,-0.23,-0.53,-0.13,0,0,-15.00
2000-05-04T20:00:00,-0.23,-0.72,-0.15,0.29,-0.52,-0.22,-0.29,-0.52,-0.16,0,0,-18.00
2000-05-04T21:00:00,-0.12,-0.73,-0.25,0.36,-0.51,-0.33,-0.29,-0.52,-0.16,0,0,-18.00
2000-05-04T22:00:00,-0.1,-0.65,-0.22,0.43,-0.33,-0.27,-0.28,-0.51,-0.15,0,0,-15.00
2000-05-04T23:00:00,0.21,-0.39,-0.19,0.52,0.04,-0.32,-0.24,-0.49,-0.1,0,0,-14.00
2000-05-05T00:00:00,0.54,0.14,-0.14,0.65,0.28,-0.03,-0.27,-0.45,-0.11,0,0,-14.00
2000-05-05T01:00:00,0.68,-0.17,0.1,0.64,0.02,0.15,-0.18,-0.45,-0.12,0,0,-16.00
2000-05-05T02:00:00,0.58,-0.47,-0.02,0.54,-0.13,0.17,-0.07,-0.44,-0.12,0,0,-17.00
2000-05-05T03:00:00,0.46,-0.5,-0.24,0.51,-0.3,-0.26,-0.15,-0.45,-0.13,0,0,-14.00
2000-05-05T04:00:00,0.63,-0.52,-0.37,0.59,-0.48,-0.69,-0.21,-0.5,-0.17,0,0,-11.00
2000-05-05T05:00:00,0.72,-0.11,-0.58,0.61,-0.12,-1.08,-0.22,-0.51,-0.17,0,0,-7.00
2000-05-05T06:00:00,0.69,-0.3,-0.37,0.68,-0.15,-0.55,-0.1,-0.43,-0.14,0,0,-10.00
2000-05-05T07:00:00,0.81,-0.38,-0.09,0.75,-0.29,0.1,0.04,-0.36,-0.11,0,0,-10.00
2000-05-05T08:00:00,0.43,-0.63,-0.03,0.58,-0.59,-0.01,-0.17,-0.42,-0.12,0,0,-13.00
2000-05-05T09:00:00,0.67,-0.7,-0.45,0.62,-0.84,-1.04,-0.39,-0.48,-0.18,0,0,-12.00
2000-05-05T10:00:00,0.63,-0.73,-0.19,0.59,-0.92,-0.69,-0.38,-0.43,-0.16,0,0,-12.00
2000-05-05T11:00:00,0.45,-0.27,-0.4,0.4,0.39,-1.07,-0.18,-0.23,-0.06,0,0,-19.00
2000-05-05T12:00:00,0.52,0.33,-0.6,0.39,0.73,-1.12,-0.09,-0.26,-0.12,0,0,-19.00
2000-05-05T13:00:00,0.41,-0.84,-0.16,0.36,-0.52,-0.6,-0.07,-0.13,-0.08,0,0,-20.00
2000-05-05T14:00:00,0.56,-0.47,0.3,0.43,-0.26,0.36,-0.05,-0.02,0.03,0,0,-19.00
2000-05-05T15:00:00,0.43,0.47,0.43,0.39,0.98,0.32,-0.05,-0.07,0.0,0,0,-14.00
2000-05-05T16:00:00,0.32,0.79,0.44,0.42,1.22,0.33,-0.1,-0.15,-0.09,0,0,-12.00
2000-05-05T17:00:00,0.27,0.42,0.58,0.43,0.83,0.71,-0.18,-0.11,-0.05,0,0,-10.00
2000-05-05T18:00:00,0.07,-0.73,-0.21,0.41,-0.38,-0.28,-0.23,-0.24,-0.08,0,0,-10.00
2000-05-05T19:00:00,0.23,-0.62,0.1,0.37,-0.29,-0.13,-0.22,-0.13,0.01,0,0,-12.00
2000-05-05T20:00:00,0.68,-0.57,0.04,0.4,-0.11,0.07,-0.18,-0.16,-0.08,0,0,-14.00
2000-05-05T21:00:00,0.8,-0.6,0.02,0.33,-0.17,0.21,-0.27,-0.29,-0.13,0,0,-12.00
2000-05-05T22:00:00,0.68,-0.67,-0.1,0.34,-0.41,0.1,-0.18,-0.25,-0.12,0,0,-8.00
2000-05-05T23:00:00,0.3,-0.28,-0.42,0.29,0.31,-0.38,-0.21,-0.17,-0.03,0,0,-5.00
2000-05-06T00:00:00,-0.16,0.17,-0.7,0.2,0.81,-0.09,-0.34,-0.16,-0.12,0,0,-8.00
2000-05-06T01:00:00,0.48,-0.38,-0.55,0.19,0.75,-0.09,-0.28,-0.13,-0.11,0,0,-15.00
2000-05-06T02:00:00,0.52,-0.51,-0.54,0.16,0.72,-0.32,-0.34,-0.19,-0.13,0,0,-20.00
2000-05-06T03:00:00,0.42,-0.23,-0.68,0.17,0.94,-0.69,-0.41,-0.27,-0.14,0,0,-22.00
2000-05-06T04:00:00,0.38,-0.59,-0.34,0.16,0.47,-0.35,-0.4,-0.2,-0.11,0,0,-24.00
2000-05-06T05:00:00,0.43,-0.5,-0.11,0.22,0.26,-0.16,-0.25,-0.18,-0.03,0,0,-28.00
2000-05-06T06:00:00,0.57,-0.44,-0.11,0.32,-0.13,0.23,-0.19,-0.19,-0.04,0,0,-29.00
2000-05-06T07:00:00,0.59,-0.38,-0.13,0.38,0.2,-0.08,-0.14,-0.12,-0.0,0,0,-25.00
2000-05-06T08:00:00,0.58,-0.19,-0.14,0.37,0.3,-0.25,-0.24,-0.06,0.04,0,0,-24.00
2000-05-06T09:00:00,0.78,-0.05,-0.14,0.34,0.24,0.23,-0.25,-0.21,-0.08,0,0,-23.00
2000-05-06T10:00:00,0.8,0.12,-0.16,0.35,0.28,0.25,-0.19,-0.21,-0.09,0,0,-18.00
2000-05-06T11:00:00,0.54,-0.21,-0.2,0.27,0.19,0.12,-0.19,-0.23,-0.02,0,0,-14.00
2000-05-06T12:00:00,0.45,-0.42,-0.33,0.25,-0.08,-0.05,-0.18,-0.25,-0.07,0,0,-7.00
2000-05-06T13:00:00,0.59,-0.41,-0.22,0.19,-0.24,-0.26,-0.14,-0.23,-0.07,0,0,-7.00
2000-05-06T14:00:00,0.76,-0.2,-0.35,0.28,-0.17,-0.0,-0.03,-0.21,-0.08,0,0,-9.00
2000-05-06T15:00:00,0.73,-0.47,0.11,0.28,-0.18,0.31,0.0,-0.19,-0.06,0,0,-12.00
2000-05-06T16:00:00,0.74,-0.6,-0.04,0.34,-0.28,0.16,-0.02,-0.2,-0.09,0,0,-9.00
2000-05-06T17:00:00,-0.29,-0.54,-0.19,0.2,-0.22,0.11,-0.06,-0.33,-0.06,0,0,-9.00
2000-05-06T18:00:00,-0.34,-0.68,0.09,0.21,-0.4,0.25,-0.06,-0.34,-0.08,0,0,-6.00
2000-05-06T19:00:00,-0.09,-0.72,-0.0,0.31,-0.46,0.18,-0.03,-0.38,-0.09,0,0,-5.00
2000-05-06T20:00:00,0.52,-0.9,0.08,0.45,-0.67,0.18,-0.08,-0.37,-0.14,0,0,-4.00
2000-05-06T21:00:00,0.28,-0.61,-0.14,0.47,-0.46,0.23,0.16,-0.33,-0.04,0,0,-4.00
2000-05-06T22:00:00,-0.52,-0.69,-0.18,0.38,-0.64,-0.06,0.31,-0.4,-0.11,0,0,-4.00
2000-05-06T23:00:00,-0.27,-0.69,-0.34,0.45,-0.58,-0.15,0.37,-0.41,-0.1,0,0,-3.00
2000-05-07T00:00:00,-0.39,-0.72,-0.25,0.48,-0.53,-0.02,0.37,-0.42,-0.11,0,0,-6.00
2000-05-07T01:00:00,-0.46,-0.71,-0.29,0.5,-0.57,-0.01,0.48,-0.44,-0.12,0,0,-10.00
2000-05-07T02:00:00,-0.4,-0.87,-0.2,0.53,-0.75,-0.0,0.51,-0.48,-0.14,0,0,-10.00
2000-05-07T03:00:00,-0.14,-1.04,-0.08,0.61,-0.84,-0.1,0.26,-0.48,-0.15,0,0,-7.00
2000-05-07T04:00:00,0.28,-1.07,0.02,0.7,-1.17,-0.15,0.31,-0.46,-0.15,0,0,-6.00
2000-05-07T05:00:00,0.34,-1.12,0.31,0.69,-0.99,-0.12,0.15,-0.49,-0.17,0,0,-5.00
2000-05-07T06:00:00,0.4,-0.96,0.44,0.6,-0.84,-0.59,0.18,-0.52,-0.17,0,0,-5.00
2000-05-07T07:00:00,0.68,-0.53,0.76,0.64,-0.49,-0.34,0.31,-0.53,-0.17,0,0,-1.00
2000-05-07T08:00:00,0.68,-0.13,0.97,0.65,-0.09,0.01,0.41,-0.52,-0.17,0,0,0.00
2000-05-07T09:00:00,0.79,0.1,0.97,0.67,0.01,0.02,0.4,-0.58,-0.18,0,1,2.00
2000-05-07T10:00:00,0.73,0.17,1.0,0.74,0.05,0.05,0.4,-0.58,-0.18,0,1,5.00
2000-05-07T11:00:00,0.67,0.51,0.98,0.67,0.31,-0.03,0.22,-0.58,-0.18,0,1,7.00
2000-05-07T12:00:00,1.02,0.35,0.79,0.78,0.1,-0.03,0.26,-0.58,-0.18,0,1,8.00
2000-05-07T13:00:00,1.05,0.69,0.58,0.78,0.27,-0.1,0.22,-0.58,-0.18,0,1,6.00
2000-05-07T14:00:00,0.71,0.98,0.68,0.72,0.31,-0.21,-0.2,-0.6,-0.19,0,1,7.00
2000-05-07T15:00:00,0.7,1.05,0.63,0.74,0.26,-0.24,-0.1,-0.6,-0.19,0,1,4.00
2000-05-07T16:00:00,0.86,1.04,0.57,0.75,0.17,-0.08,-0.04,-0.59,-0.19,0,1,3.00
2000-05-07T17:00:00,0.86,0.9,0.78,0.73,0.09,0.25,0.09,-0.57,-0.19,0,1,2.00
2000-05-07T18:00:00,1.13,1.28,0.5,0.72,0.07,-0.3,0.0,-0.48,-0.18,0,1,4.00
2000-05-07T19:00:00,1.39,0.85,1.02,0.81,0.17,0.02,0.06,-0.44,-0.18,0,1,6.00
2000-05-07T20:00:00,1.68,0.03,1.19,0.96,0.22,0.47,-0.33,-0.55,-0.19,0,1,6.00
2000-05-07T21:00:00,1.42,-0.34,1.28,0.99,-0.1,0.64,-0.09,-0.58,-0.19,0,1,7.00
2000-05-07T22:00:00,1.22,-0.43,1.38,1.0,-0.14,0.76,0.13,-0.58,-0.19,0,1,9.00
2000-05-07T23:00:00,1.51,-0.48,1.12,1.05,-0.13,0.46,0.3,-0.55,-0.19,0,1,13.00
2000-05-08T00:00:00,1.44,-0.23,1.31,1.01,0.01,0.38,0.26,-0.52,-0.18,0,1,9.00
2000-05-08T01:00:00,1.48,-0.28,1.56,0.92,0.14,0.29,0.27,-0.46,-0.18,0,0,7.00
2000-05-08T02:00:00,1.68,-0.29,1.61,0.91,0.32,-0.11,0.39,-0.35,-0.18,0,0,8.00
2000-05-08T03:00:00,1.95,-0.23,1.47,0.9,0.28,-0.01,0.41,-0.36,-0.18,0,0,13.00
2000-05-08T04:00:00,1.68,-0.26,1.73,0.92,0.3,0.28,0.39,-0.36,-0.18,0,0,16.00
2000-05-08T05:00:00,1.24,-0.92,1.77,0.97,-0.02,0.61,0.64,-0.44,-0.18,0,0,19.00
2000-05-08T06:00:00,0.89,-0.83,1.57,0.96,0.19,0.54,1.38,-0.35,-0.16,0,0,21.00
2000-05-08T07:00:00,1.19,-0.51,1.54,0.98,0.23,0.47,1.37,-0.34,-0.16,0,0,26.00
2000-05-08T08:00:00,0.83,-1.32,1.41,0.98,0.02,0.18,0.75,-0.33,-0.17,0,0,29.00
2000-05-08T09:00:00,0.85,-1.43,1.19,1.04,0.13,0.26,0.36,-0.35,-0.17,0,0,25.00
2000-05-08T10:00:00,0.77,-1.69,0.75,1.1,-0.01,0.4,0.06,-0.42,-0.18,0,0,22.00
2000-05-08T11:00:00,0.96,-1.27,0.82,1.2,-0.32,0.7,0.14,-0.46,-0.18,0,0,19.00
2000-05-08T12:00:00,0.9,-1.25,0.52,1.17,-0.01,0.39,0.12,-0.34,-0.16,0,0,19.00
2000-05-08T13:00:00,0.68,-1.26,0.24,1.18,0.11,0.34,0.36,-0.29,-0.14,0,0,19.00
2000-05-08T14:00:00,0.44,-1.2,0.33,1.2,-0.09,0.32,0.61,-0.37,-0.14,0,0,22.00
2000-05-08T15:00:00,0.35,-0.8,0.64,1.21,-0.08,0.51,0.72,-0.37,-0.11,0,0,24.00
2000-05-08T16:00:00,0.57,-0.63,0.5,1.23,0.11,0.37,0.94,-0.32,-0.05,0,0,23.00
2000-05-08T17:00:00,0.95,0.34,-0.02,1.29,0.6,0.1,1.09,-0.19,0.01,0,0,22.00
2000-05-08T18:00:00,0.89,0.12,-0.08,1.35,0.34,0.23,0.96,-0.16,0.06,0,0,23.00
2000-05-08T19:00:00,0.64,-0.61,-0.08,1.33,-0.08,0.3,0.79,-0.26,-0.0,0,0,20.00
2000-05-08T20:00:00,0.27,-0.7,-0.32,1.27,-0.17,0.18,0.66,-0.35,-0.05,0,0,16.00
2000-05-08T21:00:00,0.3,0.46,0.46,1.24,0.36,0.74,0.48,-0.39,-0.04,0,0,17.00
2000-05-08T22:00:00,0.54,0.67,0.65,1.24,0.43,0.81,0.29,-0.4,-0.14,0,0,12.00
2000-05-08T23:00:00,0.52,0.32,0.58,1.3,0.22,0.79,0.63,-0.34,-0.05,0,0,10.00
2000-05-09T00:00:00,0.72,0.63,0.32,1.36,0.48,0.7,0.6,-0.34,-0.09,0,0,10.00
2000-05-09T01:00:00,0.59,0.3,-0.31,1.35,0.36,0.25,0.68,-0.27,0.02,0,0,9.00
2000-05-09T02:00:00,0.29,0.77,-0.05,1.27,0.59,0.49,0.68,-0.33,-0.04,0,0,8.00
2000-05-09T03:00:00,-0.01,-0.6,-0.38,1.15,-0.03,0.33,1.01,-0.28,0.05,0,0,5.00
2000-05-09T04:00:00,0.47,-0.6,-0.19,1.31,0.18,0.51,0.95,-0.15,0.12,0,0,6.00
2000-05-09T05:00:00,0.01,-0.91,0.16,1.22,0.08,0.72,0.83,-0.2,0.02,0,0,7.00
2000-05-09T06:00:00,-0.19,-0.15,-0.42,1.15,0.53,0.02,0.79,-0.14,0.29,0,0,10.00
2000-05-09T07:00:00,-0.1,-0.28,-0.45,1.19,0.42,-0.05,0.73,-0.17,0.19,0,0,15.00
2000-05-09T08:00:00,-0.12,-0.54,-0.23,1.19,0.15,0.12,0.59,-0.28,0.1,0,0,12.00
2000-05-09T09:00:00,0.39,0.15,-0.68,1.31,0.46,-0.18,0.71,-0.34,-0.08,0,0,3.00
2000-05-09T10:00:00,0.23,-0.48,-0.31,1.28,-0.01,0.29,0.7,-0.33,0.05,0,0,-1.00
2000-05-09T11:00:00,0.05,-0.76,-0.27,1.26,-0.15,0.26,0.71,-0.29,-0.02,0,0,-3.00
2000-05-09T12:00:00,-0.0,-0.33,-0.59,1.27,0.06,-0.18,0.58,-0.33,-0.04,0,0,-6.00
2000-05-09T13:00:00,-0.12,-0.2,-0.51,1.28,-0.01,-0.13,0.52,-0.36,-0.02,0,0,-3.00
2000-05-09T14:00:00,0.17,-0.77,0.07,1.26,-0.23,0.26,0.77,-0.36,-0.02,0,0,-4.00
2000-05-09T15:00:00,0.06,-1.19,0.08,1.15,-0.36,0.26,1.13,-0.37,-0.11,0,0,-7.00
2000-05-09T16:00:00,0.35,-0.4,-0.79,1.22,-0.15,-0.35,1.24,-0.36,-0.09,0,0,-3.00
2000-05-09T17:00:00,0.06,0.3,-0.95,1.19,0.2,-0.41,0.94,-0.4,-0.13,0,0,-2.00
2000-05-09T18:00:00,0.36,0.48,-0.8,1.27,0.29,-0.32,0.85,-0.4,-0.12,0,0,-5.00
2000-05-09T19:00:00,0.6,0.71,-0.65,1.3,0.28,-0.38,0.68,-0.43,-0.15,0,0,-8.00
2000-05-09T20:00:00,0.41,-0.14,-0.87,1.33,-0.13,-0.52,0.66,-0.44,-0.14,0,0,-11.00
2000-05-09T21:00:00,0.11,-0.28,-0.92,1.38,-0.32,-0.47,0.5,-0.48,-0.16,0,0,-7.00
2000-05-09T22:00:00,0.11,-0.51,-0.67,1.37,-0.41,-0.38,0.35,-0.46,-0.14,0,0,-7.00
2000-05-09T23:00:00,0.55,-0.43,-0.55,1.41,-0.36,-0.37,0.35,-0.44,-0.13,0,0,-12.00
2000-05-10T00:00:00,0.27,-0.64,-0.48,1.41,-0.42,-0.43,0.29,-0.49,-0.15,0,0,-19.00
2000-05-10T01:00:00,0.36,-0.6,-0.42,1.45,-0.28,-0.43,0.32,-0.48,-0.13,0,0,-21.00
2000-05-10T02:00:00,0.17,-0.49,-0.51,1.41,-0.44,-0.53,0.26,-0.51,-0.15,0,0,-23.00
2000-05-10T03:00:00,0.35,-0.12,-0.58,1.45,-0.29,-0.57,0.32,-0.5,-0.14,0,0,-18.00
2000-05-10T04:00:00,0.82,-0.1,-0.31,1.55,-0.38,-0.2,0.29,-0.49,-0.14,0,0,-13.00
2000-05-10T05:00:00,0.65,-0.25,-0.26,1.53,-0.47,-0.11,0.4,-0.44,-0.09,0,0,-16.00
2000-05-10T06:00:00,0.65,-0.45,-0.02,1.53,-0.37,0.04,0.44,-0.41,-0.07,0,0,-12.00
2000-05-10T07:00:00,0.49,-0.62,-0.19,1.51,-0.5,-0.1,0.38,-0.46,-0.11,0,0,-9.00
2000-05-10T08:00:00,0.52,-0.12,-0.47,1.5,-0.24,-0.43,0.47,-0.43,-0.09,0,0,-9.00
2000-05-10T09:00:00,0.31,-0.56,-0.26,1.45,-0.5,-0.16,0.57,-0.43,-0.06,0,0,-8.00
2000-05-10T10:00:00,0.07,-0.31,-0.5,1.38,-0.34,-0.47,0.61,-0.43,-0.06,0,0,-8.00
2000-05-10T11:00:00,-0.17,0.14,-0.49,1.35,-0.11,-0.46,0.72,-0.41,-0.02,0,0,-6.00
2000-05-10T12:00:00,0.23,-0.34,-0.47,1.39,-0.26,-0.5,0.62,-0.44,-0.07,0,0,-3.00
2000-05-10T13:00:00,0.25,-0.81,-0.31,1.38,-0.3,-0.31,0.55,-0.48,-0.13,0,0,-5.00
2000-05-10T14:00:00,0.43,-0.59,-0.35,1.44,-0.22,-0.23,0.61,-0.44,-0.1,0,0,-10.00
2000-05-10T15:00:00,0.21,-0.88,-0.13,1.41,-0.5,-0.18,0.62,-0.45,-0.12,0,0,-11.00
2000-05-10T16:00:00,0.37,-0.83,0.06,1.45,-0.6,-0.2,0.6,-0.44,-0.11,0,0,-12.00
2000-05-10T17:00:00,-0.09,-0.87,0.19,1.38,-0.66,0.11,0.56,-0.45,-0.11,0,0,-13.00
2000-05-10T18:00:00,0.13,-0.91,-0.04,1.41,-0.47,-0.06,0.45,-0.45,-0.12,0,0,-13.00
2000-05-10T19:00:00,0.34,-0.58,-0.27,1.42,-0.24,0.05,0.54,-0.42,-0.07,0,0,-12.00
2000-05-10T20:00:00,0.47,-0.08,-0.47,1.43,0.07,-0.02,0.62,-0.41,-0.06,0,0,-9.00
2000-05-10T21:00:00,0.43,-0.48,-0.31,1.44,-0.12,0.15,0.61,-0.42,-0.06,0,0,-4.00
2000-05-10T22:00:00,0.47,-0.53,-0.33,1.46,-0.18,0.03,0.48,-0.41,-0.09,0,0,-1.00
2000-05-10T23:00:00,0.18,-0.52,-0.39,1.41,-0.16,-0.05,0.45,-0.43,-0.08,0,0,-1.00
2000-05-11T00:00:00,0.09,-0.63,-0.21,1.42,-0.17,-0.05,0.41,-0.45,-0.07,0,0,0.00
2000-05-11T01:00:00,0.29,-0.48,-0.53,1.43,-0.07,-0.27,0.46,-0.45,-0.12,0,0,-2.00
2000-05-11T02:00:00,0.43,-0.54,-0.43,1.49,-0.09,-0.09,0.51,-0.46,-0.12,0,0,-7.00
2000-05-11T03:00:00,0.57,-0.73,-0.09,1.52,-0.18,0.13,0.45,-0.47,-0.13,0,0,-11.00
2000-05-11T04:00:00,0.32,-0.79,-0.27,1.48,-0.19,-0.05,0.47,-0.5,-0.14,0,0,-15.00
2000-05-11T05:00:00,0.24,-0.77,-0.36,1.47,-0.2,-0.08,0.54,-0.5,-0.14,0,0,-10.00
2000-05-11T06:00:00,-0.1,-0.9,-0.12,1.41,-0.26,0.07,0.61,-0.51,-0.14,0,0,-2.00
2000-05-11T07:00:00,-0.57,-0.8,0.18,1.38,-0.25,0.26,0.62,-0.53,-0.15,0,0,2.00
2000-05-11T08:00:00,-0.12,-0.95,0.08,1.48,-0.31,0.15,0.74,-0.51,-0.14,0,0,2.00
2000-05-11T09:00:00,0.08,-0.9,-0.02,1.52,-0.31,-0.02,0.78,-0.51,-0.13,0,0,2.00
2000-05-11T10:00:00,0.17,-0.85,-0.06,1.55,-0.37,-0.08,0.78,-0.5,-0.12,0,0,3.00
2000-05-11T11:00:00,0.5,-0.66,-0.2,1.62,-0.32,-0.26,0.7,-0.48,-0.11,0,0,4.00
2000-05-11T12:00:00,0.48,-0.77,-0.1,1.66,-0.46,-0.4,0.43,-0.5,-0.14,0,0,3.00
2000-05-11T13:00:00,0.61,-0.83,-0.23,1.69,-0.64,-0.62,0.34,-0.51,-0.16,0,0,1.00
2000-05-11T14:00:00,0.89,-0.57,0.44,1.8,-0.44,0.15,0.28,-0.53,-0.17,0,0,1.00
2000-05-11T15:00:00,0.83,-0.74,0.46,1.79,-0.5,0.24,0.3,-0.53,-0.17,0,0,0.00
2000-05-11T16:00:00,0.81,-0.89,0.13,1.81,-0.71,-0.13,0.31,-0.53,-0.17,0,0,3.00
2000-05-11T17:00:00,1.11,-0.49,0.08,1.88,-0.27,-0.24,0.37,-0.53,-0.17,0,0,6.00
2000-05-11T18:00:00,0.98,-0.62,-0.33,1.86,-0.43,-0.69,0.44,-0.53,-0.17,0,0,5.00
2000-05-11T19:00:00,0.89,-0.69,-0.35,1.86,-0.62,-0.6,0.45,-0.53,-0.17,0,0,3.00
2000-05-11T20:00:00,0.84,-0.86,-0.23,1.83,-0.79,-0.38,0.39,-0.52,-0.17,0,0,0.00
2000-05-11T21:00:00,0.76,-0.83,-0.57,1.76,-0.59,-0.95,0.56,-0.5,-0.16,0,0,-2.00
2000-05-11T22:00:00,0.64,-0.88,-0.07,1.78,-0.52,-0.5,1.05,-0.51,-0.14,0,0,-1.00
2000-05-11T23:00:00,0.44,-0.65,-0.01,1.74,-0.38,-0.48,1.82,-0.52,-0.07,0,0,-1.00
2000-05-12T00:00:00,0.66,-0.39,-0.3,1.69,-0.13,-0.59,2.32,-0.5,-0.06,0,0,4.00
2000-05-12T01:00:00,0.45,-0.11,-0.61,1.6,0.08,-0.82,2.62,-0.51,-0.07,0,0,6.00
2000-05-12T02:00:00,0.59,-0.18,-1.17,1.49,-0.25,-1.31,3.33,-0.5,-0.14,0,0,7.00
2000-05-12T03:00:00,0.47,0.36,-1.14,1.49,-0.2,-1.47,3.42,-0.49,-0.13,0,0,6.00
2000-05-12T04:00:00,0.66,0.36,-1.09,1.56,-0.29,-1.59,2.81,-0.52,-0.15,0,0,-6.00
2000-05-12T05:00:00,0.84,0.27,-1.16,1.6,-0.68,-1.51,2.65,-0.52,-0.16,0,0,-20.00
2000-05-12T06:00:00,0.99,0.33,-1.1,1.53,-0.93,-0.87,2.7,-0.52,-0.16,0,0,-26.00
2000-05-12T07:00:00,0.78,-0.03,-1.27,1.51,-0.81,-0.13,2.28,-0.51,-0.16,0,0,-26.00
2000-05-12T08:00:00,0.69,-0.06,-1.16,1.53,-0.73,0.01,3.19,-0.52,-0.15,0,0,-34.00
2000-05-12T09:00:00,0.92,0.45,-0.86,1.53,-0.91,-0.19,2.85,-0.49,-0.14,0,0,-34.00
2000-05-12T10:00:00,0.89,0.55,-0.9,1.54,-0.89,-0.18,2.54,-0.49,-0.14,0,0,-29.00
2000-05-12T11:00:00,0.93,0.39,-0.82,1.63,-0.71,-0.39,2.91,-0.51,-0.14,0,0,-31.00
2000-05-12T12:00:00,0.8,0.76,-0.46,1.7,-0.66,-0.17,3.05,-0.51,-0.13,0,0,-24.00
2000-05-12T13:00:00,0.48,1.02,-0.18,1.72,-0.64,0.03,2.76,-0.5,-0.11,0,0,-27.00
2000-05-12T14:00:00,0.25,0.89,0.07,1.61,-0.58,0.2,2.8,-0.5,-0.07,0,0,-32.00
2000-05-12T15:00:00,0.17,0.91,-0.0,1.59,-0.56,0.27,3.02,-0.52,-0.08,1,0,-29.00
2000-05-12T16:00:00,-0.49,-0.09,0.43,1.58,-0.59,-0.17,4.39,-0.5,0.19,1,0,-25.00
2000-05-12T17:00:00,-0.82,0.4,0.52,1.55,-1.09,-0.39,3.97,-0.5,-0.07,1,0,-21.00
2000-05-12T18:00:00,0.17,1.54,-0.79,1.4,-0.64,-0.82,4.45,-0.47,-0.14,1,0,-19.00
2000-05-12T19:00:00,-0.32,2.0,-0.43,1.33,-0.53,-1.0,3.81,-0.4,-0.14,1,0,-15.00
2000-05-12T20:00:00,-0.81,1.96,0.55,1.08,-0.46,-0.16,2.3,-0.32,-0.15,1,0,-15.00
2000-05-12T21:00:00,-0.57,2.24,0.23,1.0,-1.08,-0.02,3.94,-0.48,-0.16,1,0,-18.00
2000-05-12T22:00:00,-0.6,1.37,0.12,0.95,-1.12,0.21,6.22,-0.48,-0.09,1,0,-2.00
2000-05-12T23:00:00,0.38,1.28,-0.95,0.97,-0.89,0.44,5.06,-0.41,-0.1,1,0,15.00
2000-05-13T00:00:00,-0.03,2.35,-0.32,0.96,-0.78,0.5,3.32,-0.32,-0.14,1,0,15.00
2000-05-13T01:00:00,-0.68,1.37,0.44,1.06,-0.76,0.25,3.17,-0.17,-0.03,1,0,0.00
2000-05-13T02:00:00,-1.42,1.11,-0.0,1.19,-0.69,-0.33,3.36,-0.01,-0.02,1,0,-12.00
2000-05-13T03:00:00,-1.29,-0.56,1.92,1.14,-0.14,-1.04,2.57,-0.23,-0.15,1,0,-11.00
2000-05-13T04:00:00,-1.86,0.88,1.68,1.09,-0.45,-0.54,2.15,-0.28,-0.16,1,0,-14.00
2000-05-13T05:00:00,-1.66,1.36,1.34,0.73,0.49,0.13,1.51,0.21,-0.13,1,0,-8.00
2000-05-13T06:00:00,-1.83,1.27,1.07,0.54,0.61,0.51,1.31,0.47,-0.11,1,0,-6.00
2000-05-13T07:00:00,-1.47,1.04,0.6,0.26,1.35,0.17,0.67,0.59,-0.07,1,0,-2.00
2000-05-13T08:00:00,-0.83,1.27,0.33,-0.33,2.33,0.62,0.62,0.84,0.01,1,0,-2.00
2000-05-13T09:00:00,-1.1,0.77,0.87,-0.36,2.64,0.29,0.53,0.8,-0.02,1,0,1.00
2000-05-13T10:00:00,-1.34,0.77,0.89,-0.27,2.67,0.14,0.34,0.34,-0.11,1,0,0.00
2000-05-13T11:00:00,-1.05,1.19,0.39,-0.16,1.93,0.35,0.52,0.81,-0.02,1,0,-1.00
2000-05-13T12:00:00,-1.04,1.44,0.22,-0.02,0.82,0.09,0.42,0.63,-0.07,1,0,2.00
2000-05-13T13:00:00,-1.36,0.6,0.7,-0.08,1.71,-0.24,0.61,0.51,-0.05,1,0,3.00
2000-05-13T14:00:00,-1.01,0.46,0.36,-0.33,1.47,0.95,0.75,0.66,0.17,1,0,2.00
2000-05-13T15:00:00,-0.36,1.0,0.68,-0.47,0.52,0.55,0.78,0.6,0.08,1,0,2.00
2000-05-13T16:00:00,0.03,1.71,0.34,-0.63,-0.46,0.86,0.55,0.42,-0.08,1,0,4.00
2000-05-13T17:00:00,1.22,0.88,-0.12,-1.05,-0.39,0.93,0.51,-0.28,-0.14,1,0,4.00
2000-05-13T18:00:00,1.5,0.47,-0.4,-1.14,0.1,1.22,0.23,-0.4,-0.17,1,1,7.00
2000-05-13T19:00:00,1.82,0.41,0.02,-1.11,0.07,0.32,0.14,-0.45,-0.18,1,1,1.00
2000-05-13T20:00:00,1.5,0.74,0.3,-1.09,-0.28,-0.06,0.32,-0.35,-0.16,1,1,0.00
2000-05-13T21:00:00,1.19,0.63,0.48,-1.12,-0.34,-0.22,0.27,-0.29,-0.15,1,1,1.00
2000-05-13T22:00:00,1.32,0.03,0.6,-0.92,-0.07,-0.53,0.11,-0.44,-0.17,1,1,8.00
2000-05-13T23:00:00,0.91,-0.15,0.75,-0.79,0.08,-1.24,-0.11,-0.41,-0.16,1,1,8.00
2000-05-14T00:00:00,0.33,0.23,0.59,-0.55,-0.49,-0.63,-0.19,-0.36,-0.1,0,1,5.00
2000-05-14T01:00:00,-0.74,0.87,-0.22,-0.16,-0.47,1.0,-0.19,-0.19,-0.14,0,1,5.00
2000-05-14T02:00:00,-0.2,0.39,0.63,-0.21,-0.94,-0.06,0.98,-0.5,-0.1,0,1,-1.00
2000-05-14T03:00:00,-0.01,0.43,0.84,-0.25,-0.81,-0.21,0.58,-0.55,-0.16,0,1,-1.00
2000-05-14T04:00:00,0.34,0.84,0.73,-0.21,-0.27,-0.64,-0.09,-0.54,-0.18,0,1,9.00
2000-05-14T05:00:00,0.4,1.04,0.53,-0.15,-0.38,-0.7,-0.24,-0.54,-0.18,0,1,6.00
2000-05-14T06:00:00,0.6,0.98,0.49,-0.17,-0.4,-0.86,-0.24,-0.53,-0.18,0,1,7.00
2000-05-14T07:00:00,0.62,1.1,0.22,-0.16,-0.61,-0.64,-0.27,-0.52,-0.18,0,1,8.00
2000-05-14T08:00:00,0.79,1.01,0.07,-0.15,-0.58,-0.46,-0.22,-0.52,-0.18,0,1,7.00
2000-05-14T09:00:00,0.85,0.9,-0.22,-0.12,-0.56,-0.3,-0.22,-0.54,-0.18,0,1,6.00
2000-05-14T10:00:00,0.82,0.79,-0.42,-0.03,-0.57,-0.18,-0.26,-0.56,-0.18,0,1,7.00
2000-05-14T11:00:00,0.76,0.84,-0.24,-0.03,-0.53,-0.26,-0.25,-0.53,-0.18,0,1,6.00
2000-05-14T12:00:00,1.01,0.62,-0.25,-0.03,-0.38,-0.52,-0.4,-0.52,-0.18,0,0,1.00
2000-05-14T13:00:00,0.53,0.86,0.31,0.22,-0.65,-1.47,-0.21,-0.5,-0.17,0,0,-2.00
2000-05-14T14:00:00,0.44,0.87,0.27,0.31,-0.58,-1.4,-0.05,-0.48,-0.16,0,0,-1.00
2000-05-14T15:00:00,0.32,0.87,0.22,0.35,-0.36,-0.88,0.18,-0.5,-0.15,0,0,0.00
2000-05-14T16:00:00,-0.05,0.84,0.26,0.49,-0.2,-0.62,0.24,-0.49,-0.14,0,0,4.00
2000-05-14T17:00:00,0.03,0.42,0.54,0.48,0.13,-0.63,0.35,-0.48,-0.1,0,0,4.00
2000-05-14T18:00:00,-0.11,0.27,-0.64,0.58,0.22,0.63,0.23,-0.48,-0.14,0,0,5.00
2000-05-14T19:00:00,-0.64,-0.2,-0.38,0.68,0.41,0.45,0.28,-0.43,-0.11,0,0,4.00
2000-05-14T20:00:00,-0.68,-0.49,0.22,0.62,0.55,0.27,0.44,-0.42,-0.1,0,0,-2.00
2000-05-14T21:00:00,-0.71,-0.33,0.2,0.57,0.26,0.3,0.48,-0.39,-0.06,0,0,-4.00
2000-05-14T22:00:00,-0.53,0.03,0.65,0.5,-0.14,-0.04,0.48,-0.41,-0.09,0,0,-2.00
2000-05-14T23:00:00,-0.68,0.25,0.23,0.41,-0.32,0.46,0.9,-0.36,0.0,0,0,1.00
2000-05-15T00:00:00,-1.08,0.59,-0.29,0.39,-0.46,1.54,1.78,-0.25,-0.06,0,0,9.00
2000-05-15T01:00:00,-0.95,0.23,-0.12,0.43,-0.14,1.34,1.88,-0.23,0.06,0,0,16.00
2000-05-15T02:00:00,-0.66,-0.54,0.96,0.41,0.3,0.12,1.72,-0.25,-0.07,0,0,8.00
2000-05-15T03:00:00,-1.2,0.11,0.69,0.5,-0.03,0.28,2.24,-0.24,-0.05,0,0,8.00
2000-05-15T04:00:00,-1.31,-0.64,1.06,0.51,0.48,-0.12,2.23,-0.28,-0.12,0,0,16.00
2000-05-15T05:00:00,-1.97,-0.3,0.8,0.66,0.2,0.01,2.48,-0.27,-0.13,0,0,25.00
2000-05-15T06:00:00,-2.25,0.6,0.31,0.72,-0.71,0.55,2.34,-0.36,-0.15,0,0,25.00
2000-05-15T07:00:00,-2.16,0.51,0.16,0.76,-0.63,0.48,2.28,-0.35,-0.15,0,0,24.00
2000-05-15T08:00:00,-1.66,0.7,-0.45,0.72,-0.73,0.76,2.34,-0.29,-0.12,0,0,16.00
2000-05-15T09:00:00,-0.71,1.15,-0.27,0.56,-0.94,0.66,1.88,-0.23,-0.07,0,0,8.00
2000-05-15T10:00:00,0.03,1.39,0.07,0.47,-1.02,0.32,1.42,-0.25,-0.09,0,0,8.00
2000-05-15T11:00:00,0.52,1.24,0.19,0.44,-0.73,0.0,0.99,-0.22,-0.1,0,0,2.00
2000-05-15T12:00:00,-0.38,1.12,0.26,0.58,-0.55,0.07,0.99,-0.22,-0.07,0,0,1.00
2000-05-15T13:00:00,-0.94,0.62,0.41,0.72,-0.38,-0.14,1.09,-0.09,-0.02,0,0,0.00
2000-05-15T14:00:00,-0.76,0.85,0.16,0.67,-0.37,-0.27,0.4,-0.31,-0.12,0,0,1.00
2000-05-15T15:00:00,-0.41,1.42,-0.09,0.66,-0.09,0.66,0.1,-0.43,-0.17,0,0,-2.00
2000-05-15T16:00:00,-0.5,1.37,-0.13,0.69,-0.05,0.94,0.06,-0.48,-0.18,0,0,-4.00
2000-05-15T17:00:00,-0.64,0.98,-0.28,0.75,-0.36,0.97,0.14,-0.39,-0.15,0,0,-5.00
2000-05-15T18:00:00,-0.85,0.81,-0.1,0.8,-0.29,0.84,-0.07,-0.37,-0.15,0,0,-2.00
2000-05-15T19:00:00,-0.41,0.99,0.51,0.52,-0.22,-0.67,-0.08,-0.55,-0.18,0,0,-6.00
2000-05-15T20:00:00,-0.4,1.07,0.51,0.55,-0.66,-1.26,0.12,-0.55,-0.18,0,0,-5.00
2000-05-15T21:00:00,-0.4,0.95,-0.3,0.64,-0.83,-0.13,-0.08,-0.56,-0.18,0,0,4.00
2000-05-15T22:00:00,-0.34,1.09,0.67,0.55,-0.29,0.22,-0.42,-0.54,-0.19,0,0,7.00
2000-05-15T23:00:00,-0.46,1.24,0.34,0.61,-0.21,0.22,-0.36,-0.54,-0.19,0,0,2.00
2000-05-16T00:00:00,-0.73,1.12,-0.14,0.57,-0.17,0.37,-0.08,-0.48,-0.17,0,0,1.00
2000-05-16T01:00:00,-1.07,0.05,-0.72,0.56,0.16,0.59,0.19,-0.5,-0.17,0,0,2.00
2000-05-16T02:00:00,-0.78,0.07,-1.0,0.43,-0.02,0.17,0.76,-0.52,-0.17,0,0,1.00
2000-05-16T03:00:00,-1.04,0.85,-0.48,0.54,-0.61,-0.0,0.29,-0.49,-0.17,0,0,-6.00
2000-05-16T04:00:00,-0.96,0.97,0.05,0.43,-0.34,-0.22,0.9,-0.57,-0.18,0,0,-23.00
2000-05-16T05:00:00,0.32,-0.18,0.44,0.3,0.03,-0.21,3.2,-0.51,0.15,0,0,-32.00
2000-05-16T06:00:00,0.86,-0.87,0.32,0.23,-0.05,-0.38,2.84,-0.48,-0.11,0,0,-9.00
2000-05-16T07:00:00,0.82,-0.6,-0.22,0.21,-0.18,-0.58,2.59,-0.36,-0.0,0,0,-6.00
2000-05-16T08:00:00,0.21,0.32,-0.41,0.3,-0.4,-0.62,2.64,-0.35,0.28,0,0,1.00
2000-05-16T09:00:00,-0.58,1.01,-0.3,0.42,-0.66,-0.34,2.14,-0.5,-0.14,0,0,-4.00
2000-05-16T10:00:00,-0.46,1.21,-0.24,0.46,-0.88,-0.46,1.31,-0.5,-0.15,0,0,-11.00
2000-05-16T11:00:00,-0.47,1.41,-0.04,0.47,-1.33,-0.51,0.53,-0.49,-0.17,0,0,-10.00
2000-05-16T12:00:00,0.12,1.29,0.54,0.29,-0.81,-1.06,1.18,-0.45,-0.15,0,0,-15.00
2000-05-16T13:00:00,0.26,0.5,0.88,0.25,-0.3,-1.1,1.93,-0.28,-0.02,0,0,-11.00
2000-05-16T14:00:00,-0.45,0.78,1.65,0.28,-1.16,-1.32,1.69,-0.35,-0.15,0,0,-2.00
2000-05-16T15:00:00,-1.39,1.18,0.48,0.33,-1.19,-0.14,0.54,-0.22,-0.15,0,0,5.00
2000-05-16T16:00:00,-1.17,0.86,-0.47,0.36,-0.95,-0.36,0.35,0.0,-0.12,0,0,-3.00
2000-05-16T17:00:00,-1.35,0.98,-0.39,0.21,-0.64,-0.93,-0.04,-0.21,-0.16,0,0,-7.00
2000-05-16T18:00:00,-1.41,0.87,0.05,0.05,-0.07,-1.03,0.04,-0.17,-0.15,0,0,-14.00
2000-05-16T19:00:00,-1.06,0.87,-0.45,-0.07,-0.06,-0.19,0.15,-0.03,-0.13,0,0,-12.00
2000-05-16T20:00:00,-1.0,0.39,-0.59,0.17,0.17,0.45,0.14,-0.01,-0.1,0,0,-3.00
2000-05-16T21:00:00,-1.06,0.61,-0.49,0.28,-0.13,0.63,0.16,-0.12,-0.13,0,0,-5.00
2000-05-16T22:00:00,-1.37,0.85,-0.3,0.31,-0.57,0.94,0.03,-0.33,-0.17,0,0,-10.00
2000-05-16T23:00:00,-1.27,0.74,0.48,-0.22,-0.1,1.25,0.1,0.02,-0.13,0,0,-13.00
2000-05-17T00:00:00,0.79,-0.34,-1.07,-0.93,1.74,1.64,0.14,-0.23,-0.15,0,0,-12.00
2000-05-17T01:00:00,0.54,-0.03,-1.49,-0.77,1.41,1.66,0.14,-0.44,-0.18,0,0,-6.00
2000-05-17T02:00:00,0.72,-0.07,-1.45,-0.7,1.32,1.73,0.04,-0.46,-0.18,0,0,-31.00
2000-05-17T03:00:00,0.77,-0.25,-1.15,-0.62,1.45,1.21,0.36,-0.39,-0.16,0,0,-63.00
2000-05-17T04:00:00,-0.34,0.37,-0.27,-0.45,1.51,0.24,2.06,-0.31,0.31,0,0,-83.00
2000-05-17T05:00:00,-1.07,0.49,0.83,-0.26,1.21,0.11,1.23,-0.5,-0.16,0,0,-88.00
2000-05-17T06:00:00,-1.16,0.66,0.78,-0.19,1.2,-0.17,0.45,-0.51,-0.18,0,0,-92.00
2000-05-17T07:00:00,-1.04,0.7,0.89,-0.21,1.16,-0.16,-0.08,-0.49,-0.18,0,0,-74.00
2000-05-17T08:00:00,-1.02,0.56,1.01,-0.27,1.15,-0.17,-0.23,-0.45,-0.18,0,0,-70.00
2000-05-17T09:00:00,-1.34,0.67,0.54,-0.19,1.0,0.05,-0.28,-0.41,-0.18,0,0,-67.00
2000-05-17T10:00:00,-1.24,0.88,0.29,-0.13,0.65,0.18,-0.24,-0.33,-0.17,0,0,-61.00
2000-05-17T11:00:00,-1.11,0.71,0.18,-0.11,0.61,0.55,-0.36,-0.27,-0.16,0,0,-52.00
2000-05-17T12:00:00,-0.68,-0.25,1.26,-0.46,1.72,0.07,-0.55,-0.17,-0.17,0,0,-46.00
2000-05-17T13:00:00,-1.09,0.47,0.91,-0.34,0.8,0.2,-0.49,-0.12,-0.17,0,0,-48.00
2000-05-17T14:00:00,-0.91,0.76,0.55,-0.36,0.38,0.49,-0.5,0.29,-0.13,0,0,-47.00
2000-05-17T15:00:00,-1.37,0.41,0.34,0.06,0.91,0.78,-0.61,-0.19,-0.17,0,0,-47.00
2000-05-17T16:00:00,-1.4,0.49,0.41,0.11,1.07,0.11,-0.63,-0.26,-0.18,0,0,-51.00
2000-05-17T17:00:00,-1.3,0.67,0.35,0.06,0.69,0.27,-0.62,-0.19,-0.18,0,0,-50.00
2000-05-17T18:00:00,-1.11,0.93,0.29,-0.05,0.27,0.74,-0.59,-0.06,-0.17,0,0,-49.00
2000-05-17T19:00:00,-0.97,1.05,-0.13,-0.14,0.05,1.88,-0.57,0.06,-0.16,0,0,-45.00
2000-05-17T20:00:00,-0.99,0.99,0.18,-0.11,-0.03,0.94,-0.58,0.05,-0.16,0,0,-43.00
2000-05-17T21:00:00,-0.98,0.64,0.53,-0.21,0.18,0.29,-0.52,0.21,-0.14,0,0,-43.00
2000-05-17T22:00:00,-1.16,1.09,0.15,-0.37,-0.54,1.24,-0.17,0.15,-0.14,0,0,-38.00
2000-05-17T23:00:00,-0.94,1.06,0.39,-0.45,-1.17,0.13,0.11,0.04,-0.12,1,0,-28.00
2000-05-18T00:00:00,-0.84,0.76,1.29,-0.46,-0.96,-1.22,0.06,-0.04,-0.15,1,0,-23.00
2000-05-18T01:00:00,-0.67,1.09,0.58,-0.47,-1.0,0.06,-0.06,-0.14,-0.14,1,0,-25.00
2000-05-18T02:00:00,-0.98,1.03,0.32,-0.92,1.85,1.1,-0.39,1.58,-0.06,1,0,-28.00
2000-05-18T03:00:00,-1.27,0.57,0.28,-1.27,3.06,1.22,-0.35,1.14,-0.07,1,0,-33.00
2000-05-18T04:00:00,-1.65,0.57,0.28,-1.11,2.99,1.7,-0.44,0.9,-0.13,0,0,-35.00
2000-05-18T05:00:00,-1.69,0.47,-0.14,-1.01,2.89,1.07,-0.51,0.69,-0.15,0,0,-34.00
2000-05-18T06:00:00,-1.64,0.5,-0.18,-0.83,2.7,0.75,-0.49,0.74,-0.14,0,0,-28.00
2000-05-18T07:00:00,-1.55,0.5,-0.03,-0.53,2.32,0.6,-0.42,1.7,-0.08,0,0,-27.00
2000-05-18T08:00:00,-1.65,0.6,-0.12,-0.65,1.81,0.83,-0.54,0.84,-0.15,0,0,-32.00
2000-05-18T09:00:00,-1.7,0.35,-0.06,-0.49,2.08,0.48,-0.62,0.31,-0.17,0,0,-31.00
2000-05-18T10:00:00,-1.5,0.54,-0.11,-0.26,1.46,0.2,-0.56,0.84,-0.14,0,0,-28.00
2000-05-18T11:00:00,-1.42,0.34,0.09,-0.26,1.78,-0.28,-0.72,0.23,-0.17,0,0,-26.00
2000-05-18T12:00:00,-1.28,0.38,0.15,-0.04,1.57,-0.6,-0.64,0.55,-0.14,0,0,-22.00
2000-05-18T13:00:00,-1.17,-0.0,0.42,0.22,1.27,-0.88,-0.41,0.32,-0.11,0,0,-21.00
2000-05-18T14:00:00,-0.68,-0.67,0.74,0.01,1.64,-1.66,-0.41,0.05,-0.13,0,0,-20.00
2000-05-18T15:00:00,-0.69,-0.85,0.75,-0.21,1.95,-1.82,-0.46,0.19,-0.14,0,0,-14.00
2000-05-18T16:00:00,-0.89,-0.45,0.86,-0.11,1.75,-2.41,-0.45,0.27,-0.13,0,0,-11.00
2000-05-18T17:00:00,-1.02,0.2,0.53,0.02,1.42,-2.42,-0.44,0.27,-0.11,0,0,-9.00
2000-05-18T18:00:00,-0.9,0.81,0.5,0.02,0.69,-2.47,-0.45,0.16,-0.14,0,0,-10.00
2000-05-18T19:00:00,-0.78,0.98,0.53,-0.01,0.25,-2.44,-0.42,0.12,-0.14,0,0,-11.00
2000-05-18T20:00:00,-0.52,1.22,0.24,0.03,-0.11,-2.15,-0.3,0.17,-0.13,0,0,-9.00
2000-05-18T21:00:00,-0.51,1.19,0.21,0.07,-0.26,-1.9,-0.24,0.12,-0.12,0,0,-8.00
2000-05-18T22:00:00,-0.52,1.22,0.33,0.03,-0.48,-1.84,-0.24,0.08,-0.13,0,0,-7.00
2000-05-18T23:00:00,-0.24,1.38,0.31,-0.07,-0.26,-1.46,-0.42,0.07,-0.15,0,0,-9.00
2000-05-19T00:00:00,-0.28,1.47,0.11,-0.09,-0.38,-1.06,-0.51,-0.1,-0.17,0,0,-10.00
2000-05-19T01:00:00,-0.38,1.38,0.11,-0.09,-0.46,-1.23,-0.51,-0.03,-0.16,0,0,-9.00
2000-05-19T02:00:00,-0.76,1.16,-0.07,0.11,-0.29,-0.47,-0.5,-0.09,-0.16,0,0,-9.00
2000-05-19T03:00:00,-0.54,1.09,0.32,0.03,-0.49,-1.7,-0.43,0.04,-0.14,0,0,-12.00
2000-05-19T04:00:00,-0.33,-0.53,0.61,-0.09,0.45,-1.27,-0.38,-0.08,-0.1,0,0,-13.00
2000-05-19T05:00:00,-0.45,-0.35,1.05,-0.04,0.53,-2.13,-0.32,0.06,-0.13,0,0,-9.00
2000-05-19T06:00:00,-0.39,1.15,0.41,-0.05,-0.32,-1.61,-0.5,0.03,-0.15,0,0,-1.00
2000-05-19T07:00:00,-0.22,0.73,0.34,-0.18,0.04,-1.27,-0.46,0.15,-0.06,0,0,-4.00
2000-05-19T08:00:00,-0.28,1.24,-0.17,-0.28,-0.4,-0.21,-0.53,0.14,-0.15,0,0,-8.00
2000-05-19T09:00:00,-0.64,0.89,0.14,-0.24,-0.07,-0.41,-0.49,0.18,-0.12,0,0,-10.00
2000-05-19T10:00:00,-0.7,0.64,0.48,-0.35,0.13,-0.46,-0.47,0.36,-0.09,0,0,-12.00
2000-05-19T11:00:00,-0.81,0.33,0.39,-0.35,0.68,-0.27,-0.47,0.38,-0.06,0,0,-10.00
2000-05-19T12:00:00,-0.61,0.47,-0.0,-0.49,0.48,0.44,-0.45,0.53,0.03,0,0,-4.00
2000-05-19T13:00:00,-0.65,-0.02,0.36,-0.51,1.37,-0.61,-0.45,0.64,0.09,0,0,-4.00
2000-05-19T14:00:00,-0.34,-0.22,0.56,-0.67,1.54,-0.95,-0.48,0.68,0.11,0,0,-6.00
2000-05-19T15:00:00,-0.42,-0.13,0.52,-0.63,1.35,-0.75,-0.54,0.57,0.06,0,0,-7.00
2000-05-19T16:00:00,-0.62,0.05,0.48,-0.52,1.02,-0.85,-0.6,0.32,-0.06,0,0,-7.00
2000-05-19T17:00:00,-0.58,0.25,0.28,-0.56,0.5,-0.01,-0.53,1.48,0.27,0,0,-8.00
2000-05-19T18:00:00,-0.72,0.06,0.39,-0.41,0.73,-0.48,-0.64,0.01,-0.11,0,0,-8.00
2000-05-19T19:00:00,-0.76,0.01,0.26,-0.35,0.97,0.07,-0.65,-0.05,-0.12,0,0,-8.00
2000-05-19T20:00:00,-0.71,0.2,0.25,-0.4,0.52,0.12,-0.66,-0.02,-0.11,0,0,-7.00
2000-05-19T21:00:00,-0.65,0.12,0.41,-0.44,0.77,-0.59,-0.67,0.01,-0.11,0,0,-5.00
2000-05-19T22:00:00,-0.64,-0.17,0.35,-0.48,1.53,-0.53,-0.7,-0.02,-0.11,0,0,-4.00
2000-05-19T23:00:00,-0.71,0.25,0.25,-0.4,0.43,-0.22,-0.71,-0.13,-0.14,0,0,-5.00
2000-05-20T00:00:00,-0.65,0.32,0.22,-0.42,0.2,-0.13,-0.73,-0.09,-0.13,0,0,-6.00
2000-05-20T01:00:00,-0.61,0.34,0.31,-0.44,0.25,-0.33,-0.73,-0.01,-0.13,0,0,-5.00
2000-05-20T02:00:00,-0.69,0.3,0.25,-0.37,0.5,-0.04,-0.71,-0.01,-0.13,0,0,-5.00
2000-05-20T03:00:00,-0.72,0.05,0.15,-0.27,1.08,0.26,-0.76,-0.19,-0.15,0,0,-7.00
2000-05-20T04:00:00,-0.66,0.49,-0.04,-0.29,-0.04,0.76,-0.75,-0.13,-0.15,0,0,-10.00
2000-05-20T05:00:00,-0.7,0.4,0.07,-0.17,0.09,0.22,-0.78,-0.27,-0.16,0,0,-7.00
2000-05-20T06:00:00,-0.71,0.27,0.11,-0.11,0.63,-0.08,-0.79,-0.3,-0.16,0,0,-4.00
2000-05-20T07:00:00,-0.73,0.38,0.14,-0.06,0.3,-0.34,-0.8,-0.36,-0.17,0,0,-5.00
2000-05-20T08:00:00,-0.7,0.44,0.14,-0.07,0.06,-0.47,-0.79,-0.3,-0.17,0,0,-7.00
2000-05-20T09:00:00,-0.6,0.57,-0.09,-0.13,-0.24,0.17,-0.78,-0.32,-0.17,0,0,-8.00
2000-05-20T10:00:00,-0.6,0.62,-0.07,-0.05,-0.33,-0.05,-0.78,-0.35,-0.17,0,0,-6.00
2000-05-20T11:00:00,-0.68,0.56,-0.12,0.03,-0.1,0.2,-0.77,-0.36,-0.18,0,0,-8.00
2000-05-20T12:00:00,-0.86,0.36,-0.11,0.21,0.41,0.14,-0.77,-0.42,-0.18,0,0,-9.00
2000-05-20T13:00:00,-0.8,0.39,-0.21,0.21,0.28,0.57,-0.75,-0.39,-0.18,0,0,-9.00
2000-05-20T14:00:00,-0.71,0.56,-0.21,0.21,-0.06,0.63,-0.73,-0.36,-0.17,0,0,-7.00
2000-05-20T15:00:00,-0.68,0.59,-0.14,0.19,-0.14,0.46,-0.74,-0.36,-0.17,0,0,-5.00
2000-05-20T16:00:00,-0.82,0.53,-0.01,0.33,0.05,-0.19,-0.75,-0.42,-0.18,0,0,-3.00
2000-05-20T17:00:00,-0.75,0.55,-0.07,0.45,-0.31,-0.1,-0.62,-0.37,-0.17,0,0,-3.00
2000-05-20T18:00:00,-0.21,0.57,-0.4,0.27,-0.53,0.53,-0.51,-0.34,-0.15,0,0,-1.00
2000-05-20T19:00:00,-0.05,0.72,-0.2,0.2,-0.79,0.0,-0.51,-0.4,-0.15,0,0,-1.00
2000-05-20T20:00:00,0.1,0.74,-0.1,0.22,-0.75,-0.24,-0.49,-0.39,-0.15,0,0,-3.00
2000-05-20T21:00:00,-0.22,0.48,-0.03,0.43,-0.4,-0.52,-0.4,-0.35,-0.07,0,0,-3.00
2000-05-20T22:00:00,-0.35,0.72,-0.23,0.54,-0.89,-0.04,-0.5,-0.49,-0.17,0,0,-5.00
2000-05-20T23:00:00,-0.35,0.76,-0.22,0.57,-0.95,-0.04,-0.51,-0.5,-0.18,0,0,-7.00
2000-05-21T00:00:00,-0.32,0.81,-0.29,0.54,-0.78,0.05,-0.53,-0.51,-0.18,0,0,-9.00
2000-05-21T01:00:00,-0.47,0.69,-0.28,0.62,-0.76,0.07,-0.49,-0.51,-0.18,0,0,-9.00
2000-05-21T02:00:00,-0.45,0.39,0.29,0.72,-0.72,-1.05,-0.35,-0.48,-0.14,0,0,-9.00
2000-05-21T03:00:00,-0.33,0.67,-0.12,0.69,-0.93,-0.11,-0.38,-0.49,-0.16,0,0,-7.00
2000-05-21T04:00:00,-0.27,0.59,-0.41,0.66,-0.87,0.34,-0.36,-0.48,-0.16,0,0,-2.00
2000-05-21T05:00:00,-0.39,0.54,-0.18,0.74,-0.82,-0.22,-0.26,-0.46,-0.14,0,0,1.00
2000-05-21T06:00:00,-0.64,0.14,0.23,0.86,-0.36,-1.04,-0.2,-0.45,-0.12,0,0,-3.00
2000-05-21T07:00:00,-0.56,0.41,0.01,0.84,-0.69,-0.63,-0.17,-0.45,-0.12,0,0,-5.00
2000-05-21T08:00:00,-0.44,0.44,-0.17,0.78,-0.73,-0.17,-0.3,-0.41,-0.12,0,0,-5.00
2000-05-21T09:00:00,-0.62,0.19,0.28,0.8,-0.01,-1.29,-0.22,-0.22,-0.05,0,0,-5.00
2000-05-21T10:00:00,-0.63,0.42,0.13,0.73,-0.5,-0.68,-0.23,-0.17,-0.06,0,0,-9.00
2000-05-21T11:00:00,-0.58,0.39,0.19,0.67,-0.51,-0.92,-0.25,-0.11,-0.03,0,0,-7.00
2000-05-21T12:00:00,-0.5,0.16,0.61,0.59,-0.07,-1.65,-0.2,-0.17,-0.07,0,0,-3.00
2000-05-21T13:00:00,-0.74,0.41,0.29,0.66,-0.37,-1.19,-0.09,-0.25,-0.1,0,0,0.00
2000-05-21T14:00:00,-0.86,0.32,0.2,0.7,-0.22,-0.98,-0.05,-0.18,-0.08,0,0,0.00
2000-05-21T15:00:00,-0.6,-0.19,0.61,0.54,0.09,-1.45,-0.1,-0.28,-0.11,0,0,0.00
2000-05-21T16:00:00,-0.95,0.31,0.51,0.72,-0.61,-1.63,-0.1,-0.3,-0.14,0,0,1.00
2000-05-21T17:00:00,-0.73,0.84,0.32,0.65,-0.89,-1.24,-0.1,-0.24,-0.13,0,0,-2.00
2000-05-21T18:00:00,-0.41,1.02,0.34,0.56,-0.96,-1.34,-0.15,-0.27,-0.14,0,0,-2.00
2000-05-21T19:00:00,-0.39,1.19,0.05,0.57,-0.97,-0.87,-0.19,-0.36,-0.16,0,0,-1.00
2000-05-21T20:00:00,-0.57,0.94,0.21,0.66,-0.47,-1.29,-0.09,-0.35,-0.15,0,0,1.00
2000-05-21T21:00:00,-0.29,1.32,0.01,0.54,-1.08,-0.79,-0.12,-0.36,-0.16,0,0,3.00
2000-05-21T22:00:00,-0.49,1.13,0.13,0.63,-0.87,-1.15,0.08,-0.33,-0.15,0,0,4.00
2000-05-21T23:00:00,-0.89,0.49,0.8,0.73,-0.39,-1.82,0.13,-0.38,-0.16,0,0,3.00
2000-05-22T00:00:00,-1.01,-0.57,0.66,0.8,0.44,-1.7,-0.01,-0.42,-0.17,0,0,4.00
2000-05-22T01:00:00,-0.78,0.06,0.76,0.75,-0.12,-1.51,-0.03,-0.33,-0.14,0,0,8.00
2000-05-22T02:00:00,-0.68,0.01,0.05,0.58,0.16,-0.56,-0.0,0.03,0.12,0,0,8.00
2000-05-22T03:00:00,-0.25,0.66,-0.43,0.47,-0.03,-0.1,-0.09,-0.11,-0.08,0,0,8.00
2000-05-22T04:00:00,-0.2,0.29,-0.29,0.43,0.29,-0.16,-0.05,0.07,0.25,0,0,9.00
2000-05-22T05:00:00,-0.47,0.38,-0.1,0.45,0.03,-0.28,0.02,0.11,0.2,0,0,7.00
2000-05-22T06:00:00,-0.53,0.4,-0.06,0.45,0.01,-0.3,0.06,0.12,0.16,0,0,7.00
2000-05-22T07:00:00,-0.61,0.33,-0.09,0.47,0.06,-0.4,-0.01,0.17,0.13,0,0,7.00
2000-05-22T08:00:00,-0.36,0.73,-0.11,0.36,-0.34,-0.06,-0.11,0.11,0.0,0,0,5.00
2000-05-22T09:00:00,0.09,0.51,-0.76,0.21,0.3,0.8,-0.2,-0.14,-0.12,0,0,3.00
2000-05-22T10:00:00,0.21,0.28,-0.65,0.18,0.54,0.59,-0.18,-0.03,-0.07,0,0,3.00
2000-05-22T11:00:00,-0.18,0.72,-0.56,0.3,0.31,0.34,-0.27,-0.14,-0.12,0,0,-2.00
2000-05-22T12:00:00,-0.03,0.78,-0.38,0.27,0.52,-0.18,-0.37,-0.03,-0.1,0,0,-6.00
2000-05-22T13:00:00,-0.99,0.56,0.09,0.32,1.04,-0.49,-0.44,0.45,-0.09,0,0,-7.00
2000-05-22T14:00:00,-0.97,0.54,0.22,0.3,0.86,-0.55,-0.5,0.31,-0.11,0,0,-7.00
