2000-09-24T11:00:00,0.66,-0.05,0.29,0.87,-0.31,0.53,-0.0,-0.37,-0.07,0,0,-7.00
2000-09-24T12:00:00,0.66,-0.11,0.24,0.87,-0.4,0.44,0.06,-0.35,-0.05,1,0,-6.00
2000-09-24T13:00:00,0.53,-0.63,0.22,0.81,-0.54,0.91,0.26,-0.41,-0.1,1,0,-5.00
2000-09-24T14:00:00,0.54,-0.89,0.21,0.78,-0.74,1.45,0.64,-0.42,-0.12,1,0,-1.00
2000-09-24T15:00:00,0.34,-1.32,-0.03,0.71,-0.89,1.7,1.15,-0.43,-0.14,1,0,1.00
2000-09-24T16:00:00,0.21,0.06,0.34,0.6,-0.51,1.95,1.21,-0.42,0.5,1,0,1.00
2000-09-24T17:00:00,-0.45,1.1,-0.2,0.33,-0.2,1.27,1.32,-0.36,-0.1,1,0,-1.00
2000-09-24T18:00:00,-0.34,-0.8,0.28,0.26,-0.98,1.1,1.59,-0.35,0.01,1,0,9.00
2000-09-24T19:00:00,-0.67,0.1,0.25,0.29,-0.91,0.8,0.18,0.34,0.29,1,0,-6.00
2000-09-24T20:00:00,-1.32,0.72,-0.39,0.15,-0.61,0.41,0.12,0.24,-0.11,1,0,-14.00
2000-09-24T21:00:00,-1.3,0.7,-0.38,0.24,0.2,1.0,-0.13,0.61,-0.1,1,0,-29.00
2000-09-24T22:00:00,-1.21,0.02,-0.45,-0.3,2.26,1.19,-0.36,1.84,-0.0,1,0,-30.00
2000-09-24T23:00:00,-1.1,1.12,-0.08,-0.37,3.69,1.75,-0.62,1.19,-0.13,1,0,-38.00
2000-09-25T00:00:00,-0.24,1.28,0.16,-0.45,3.34,0.9,-0.62,2.04,-0.07,1,0,-37.00
2000-09-25T01:00:00,0.04,1.17,0.13,-0.38,3.02,0.95,-0.64,2.15,-0.04,1,0,-37.00
2000-09-25T02:00:00,-0.26,1.09,0.18,-0.13,3.36,0.16,-0.68,1.25,-0.09,1,0,-36.00
2000-09-25T03:00:00,-0.19,1.12,0.19,-0.18,2.84,0.26,-0.75,0.69,-0.14,0,0,-37.00
2000-09-25T04:00:00,-0.01,0.91,0.22,-0.21,0.81,-0.11,-0.66,0.28,-0.12,0,0,-36.00
2000-09-25T05:00:00,-0.47,0.34,-0.04,-0.03,0.4,-0.5,-0.44,0.19,0.08,0,0,-32.00
2000-09-25T06:00:00,-0.26,0.68,-0.18,-0.08,0.12,0.06,-0.3,0.1,-0.02,1,0,-29.00
2000-09-25T07:00:00,-0.3,0.7,-0.37,-0.03,-0.05,0.57,-0.12,0.14,-0.03,1,0,-32.00
2000-09-25T08:00:00,-0.53,0.64,-0.29,0.04,-0.1,0.47,-0.06,0.13,-0.02,1,0,-31.00
2000-09-25T09:00:00,-0.16,0.59,-0.36,-0.14,0.12,0.18,-0.01,0.09,0.04,1,0,-29.00
2000-09-25T10:00:00,-0.49,0.45,0.11,-0.01,0.57,-0.45,0.35,0.26,0.35,1,0,-26.00
2000-09-25T11:00:00,-0.29,0.74,-0.08,-0.05,0.13,-0.02,0.49,0.41,0.28,1,0,-26.00
2000-09-25T12:00:00,-0.03,0.74,0.1,-0.17,-0.25,-0.35,0.43,0.4,0.34,1,0,-19.00
2000-09-25T13:00:00,0.47,0.96,-0.16,-0.34,-0.74,0.03,0.37,0.38,0.05,1,0,-15.00
2000-09-25T14:00:00,-0.05,1.42,-0.47,-0.38,-0.5,-1.11,-0.25,1.02,-0.09,1,0,-16.00
2000-09-25T15:00:00,-0.2,1.14,-0.68,-0.51,0.5,-2.24,-0.5,2.06,-0.06,1,0,-23.00
2000-09-25T16:00:00,-0.14,0.97,-0.54,-0.59,0.87,-2.76,-0.45,2.06,0.02,1,0,-30.00
2000-09-25T17:00:00,-0.14,0.62,-0.87,-0.65,1.13,-1.82,-0.45,2.19,0.01,1,0,-34.00
2000-09-25T18:00:00,0.05,0.89,-0.95,-0.69,0.81,-1.25,-0.52,1.71,-0.09,1,0,-35.00
2000-09-25T19:00:00,-0.02,1.02,-0.81,-0.7,0.27,-1.6,-0.54,1.47,-0.1,1,0,-39.00
2000-09-25T20:00:00,-0.58,0.65,-1.0,-0.38,0.43,-1.02,-0.59,1.35,-0.12,1,0,-42.00
2000-09-25T21:00:00,-0.25,0.74,-1.13,-0.53,0.02,-1.25,-0.59,1.56,-0.12,1,0,-37.00
2000-09-25T22:00:00,-0.36,0.68,-1.15,-0.36,0.2,-0.96,-0.59,1.89,-0.11,1,0,-38.00
2000-09-25T23:00:00,-0.51,0.95,-1.14,-0.29,-0.55,-0.95,-0.63,1.58,-0.14,1,0,-45.00
2000-09-26T00:00:00,-0.62,1.13,-0.91,-0.3,-0.2,-0.73,-0.61,1.62,-0.13,1,0,-50.00
2000-09-26T01:00:00,-0.67,1.1,-0.91,-0.42,-0.15,-0.46,-0.57,1.47,-0.13,1,0,-46.00
2000-09-26T02:00:00,-0.92,0.54,-0.63,-0.59,1.19,-0.04,-0.55,1.34,-0.09,1,0,-50.00
2000-09-26T03:00:00,-0.66,0.49,-0.28,-1.0,0.42,0.26,-0.72,0.68,-0.1,1,0,-55.00
2000-09-26T04:00:00,-0.8,0.52,0.13,-0.92,0.26,-0.93,-0.73,0.28,-0.13,1,0,-53.00
2000-09-26T05:00:00,-0.76,0.42,0.08,-0.94,0.41,-0.83,-0.74,0.27,-0.12,0,0,-50.00
2000-09-26T06:00:00,-0.48,0.63,-0.07,-1.12,0.05,-0.35,-0.73,0.5,-0.09,0,0,-49.00
2000-09-26T07:00:00,-0.48,0.56,-0.4,-1.04,0.23,1.0,-0.73,0.52,-0.11,0,0,-47.00
2000-09-26T08:00:00,-0.63,0.54,-0.4,-0.87,0.24,0.77,-0.73,0.43,-0.13,0,0,-42.00
2000-09-26T09:00:00,-0.38,0.77,-0.19,-1.03,-0.35,0.13,-0.69,0.56,-0.1,0,0,-43.00
2000-09-26T10:00:00,-0.84,0.19,-0.16,-0.7,1.05,-0.25,-0.67,0.23,-0.11,0,0,-35.00
2000-09-26T11:00:00,-0.5,0.38,-0.5,-0.89,0.43,0.81,-0.67,0.31,-0.11,0,0,-43.00
2000-09-26T12:00:00,-0.75,0.2,0.02,-0.71,0.55,-0.79,-0.71,0.03,-0.12,0,0,-41.00
2000-09-26T13:00:00,-0.6,0.43,-0.19,-0.91,-0.72,0.3,-0.76,0.0,-0.14,0,0,-35.00
2000-09-26T14:00:00,-0.31,0.51,-0.43,-1.14,-1.07,0.95,-0.75,0.05,-0.14,0,0,-34.00
2000-09-26T15:00:00,-0.38,0.54,-0.32,-1.03,-1.07,0.64,-0.73,-0.03,-0.14,0,0,-33.00
2000-09-26T16:00:00,-0.39,0.46,-0.33,-0.97,-0.85,0.69,-0.74,-0.03,-0.14,0,0,-41.00
2000-09-26T17:00:00,-0.28,0.58,-0.28,-0.98,-1.13,0.73,-0.76,-0.0,-0.14,0,0,-41.00
2000-09-26T18:00:00,-0.64,0.16,-0.22,-0.73,-0.0,0.48,-0.74,-0.16,-0.14,0,0,-42.00
2000-09-26T19:00:00,-0.52,0.48,-0.03,-0.77,-0.85,-0.22,-0.74,-0.11,-0.13,0,0,-40.00
2000-09-26T20:00:00,-0.58,0.32,-0.1,-0.72,-0.36,0.03,-0.74,-0.14,-0.13,0,0,-38.00
2000-09-26T21:00:00,-0.19,0.59,-0.18,-1.0,-1.02,0.47,-0.73,-0.04,-0.12,0,0,-42.00
2000-09-26T22:00:00,-0.44,0.5,0.0,-0.79,-0.77,-0.02,-0.74,-0.04,-0.12,0,0,-31.00
2000-09-26T23:00:00,-0.52,0.5,0.13,-0.68,-0.59,-0.4,-0.73,-0.09,-0.13,0,0,-27.00
2000-09-27T00:00:00,-0.4,0.61,-0.02,-0.77,-0.91,0.15,-0.7,0.04,-0.11,0,0,-29.00
2000-09-27T01:00:00,-0.4,0.61,0.04,-0.71,-0.89,-0.15,-0.7,0.08,-0.11,0,0,-40.00
2000-09-27T02:00:00,-0.57,0.41,-0.06,-0.57,-0.42,0.36,-0.71,-0.13,-0.13,0,0,-40.00
2000-09-27T03:00:00,-0.75,0.05,-0.09,-0.42,0.55,0.51,-0.7,-0.23,-0.15,0,0,-40.00
2000-09-27T04:00:00,-0.48,0.47,0.04,-0.61,-0.47,-0.07,-0.68,-0.02,-0.1,0,0,-35.00
2000-09-27T05:00:00,-0.34,0.51,-0.21,-0.66,-0.46,0.29,-0.62,-0.09,-0.1,0,0,-31.00
2000-09-27T06:00:00,-0.62,0.26,0.06,-0.45,0.09,-0.36,-0.66,-0.21,-0.12,0,0,-30.00
2000-09-27T07:00:00,-0.75,0.18,-0.04,-0.38,0.09,-0.13,-0.64,-0.35,-0.15,0,0,-34.00
2000-09-27T08:00:00,-0.73,-0.18,-0.2,-0.39,0.72,0.19,-0.63,-0.32,-0.15,0,0,-35.00
2000-09-27T09:00:00,-0.76,-0.2,-0.15,-0.32,0.76,0.12,-0.64,-0.35,-0.16,0,0,-31.00
2000-09-27T10:00:00,-0.51,0.15,-0.11,-0.41,0.14,0.07,-0.66,-0.24,-0.1,0,0,-29.00
2000-09-27T11:00:00,-0.43,0.39,0.04,-0.41,-0.26,-0.18,-0.65,-0.12,-0.08,0,0,-26.00
2000-09-27T12:00:00,-0.41,0.4,-0.02,-0.39,-0.23,-0.06,-0.65,-0.03,-0.06,0,0,-23.00
2000-09-27T13:00:00,-0.43,0.48,0.05,-0.33,-0.37,-0.24,-0.67,-0.04,-0.09,0,0,-22.00
2000-09-27T14:00:00,-0.37,0.56,0.08,-0.41,-0.68,-0.42,-0.68,-0.11,-0.11,0,0,-22.00
2000-09-27T15:00:00,-0.48,0.29,0.05,-0.3,0.05,-0.29,-0.67,-0.15,-0.09,0,0,-25.00
2000-09-27T16:00:00,-0.43,0.15,-0.16,-0.32,0.27,0.23,-0.68,-0.02,-0.04,0,0,-27.00
2000-09-27T17:00:00,-0.39,0.16,-0.08,-0.33,0.34,0.11,-0.65,-0.01,0.03,0,0,-23.00
2000-09-27T18:00:00,-0.36,0.19,-0.32,-0.36,0.29,0.68,-0.64,-0.07,-0.07,0,0,-20.00
2000-09-27T19:00:00,-0.4,-0.11,0.03,-0.37,0.87,-0.48,-0.58,-0.06,0.11,0,0,-17.00
2000-09-27T20:00:00,0.43,0.58,0.01,-0.88,-0.57,-0.25,-0.58,-0.13,-0.11,0,0,-16.00
2000-09-27T21:00:00,0.35,0.64,-0.0,-0.78,-0.53,-0.46,-0.55,-0.12,-0.1,0,0,-15.00
2000-09-27T22:00:00,0.41,0.58,0.05,-0.77,-0.53,-0.67,-0.54,-0.12,-0.09,0,0,-17.00
2000-09-27T23:00:00,-0.3,0.39,0.26,-0.35,-0.11,-1.31,-0.49,0.05,0.05,0,0,-20.00
2000-09-28T00:00:00,0.06,0.68,0.22,-0.48,-0.47,-1.16,-0.5,-0.01,-0.06,0,0,-22.00
2000-09-28T01:00:00,-0.22,0.28,0.03,-0.34,0.0,-0.66,-0.39,0.07,0.48,0,0,-25.00
2000-09-28T02:00:00,-0.09,0.65,0.04,-0.35,-0.57,-0.8,-0.43,0.06,-0.01,0,0,-27.00
2000-09-28T03:00:00,-0.69,0.12,-0.19,-0.05,0.09,-0.41,-0.37,0.04,-0.03,0,0,-31.00
2000-09-28T04:00:00,0.09,0.39,0.06,-0.36,-0.09,-0.86,-0.42,-0.02,0.25,0,0,-30.00
2000-09-28T05:00:00,0.52,0.71,0.12,-0.46,-0.45,-0.67,-0.48,-0.15,-0.12,0,0,-26.00
2000-09-28T06:00:00,0.54,0.67,0.16,-0.45,-0.44,-0.56,-0.48,-0.17,-0.12,0,0,-23.00
2000-09-28T07:00:00,0.59,0.64,0.06,-0.49,-0.47,-0.36,-0.5,-0.21,-0.13,0,0,-22.00
2000-09-28T08:00:00,0.36,0.76,-0.02,-0.34,-0.64,-0.1,-0.42,-0.16,-0.11,0,0,-23.00
2000-09-28T09:00:00,0.1,0.54,-0.46,-0.19,-0.7,0.92,-0.41,-0.16,-0.11,0,0,-24.00
2000-09-28T10:00:00,0.06,0.43,-0.5,-0.16,-0.66,0.96,-0.45,-0.27,-0.13,0,0,-21.00
2000-09-28T11:00:00,-0.16,0.32,-0.5,0.0,-0.29,0.98,-0.46,-0.33,-0.13,0,0,-25.00
2000-09-28T12:00:00,-0.03,0.53,-0.3,-0.01,-0.52,0.66,-0.46,-0.37,-0.13,0,0,-26.00
2000-09-28T13:00:00,-0.05,0.5,-0.39,0.12,-0.46,0.98,-0.45,-0.34,-0.13,0,0,-30.00
2000-09-28T14:00:00,-0.48,0.07,-0.39,0.36,0.03,1.01,-0.41,-0.27,-0.11,0,0,-30.00
2000-09-28T15:00:00,-0.78,-0.03,-0.09,0.52,0.24,0.22,-0.37,-0.34,-0.13,0,0,-34.00
2000-09-28T16:00:00,-0.45,0.47,-0.09,0.36,-0.55,0.27,-0.41,-0.35,-0.11,0,0,-42.00
2000-09-28T17:00:00,-0.12,0.58,-0.32,0.18,-0.48,0.97,-0.4,-0.44,-0.15,0,0,-41.00
2000-09-28T18:00:00,-0.24,0.53,-0.17,0.3,-0.02,0.79,-0.43,-0.43,-0.13,0,0,-34.00
2000-09-28T19:00:00,-0.25,0.65,-0.11,0.3,-0.76,0.58,-0.41,-0.45,-0.15,0,0,-26.00
2000-09-28T20:00:00,-0.58,0.55,-0.09,0.48,-0.53,0.6,-0.33,-0.42,-0.15,0,0,-21.00
2000-09-28T21:00:00,-0.45,0.66,-0.01,0.47,-0.78,0.52,-0.35,-0.46,-0.15,0,0,-22.00
2000-09-28T22:00:00,-0.15,0.68,-0.28,0.31,-0.81,1.29,-0.37,-0.5,-0.16,0,0,-19.00
2000-09-28T23:00:00,-0.01,0.59,-0.39,0.23,-0.57,1.38,-0.4,-0.52,-0.17,0,0,-16.00
2000-09-29T00:00:00,-0.1,0.49,-0.11,0.34,-0.54,0.82,-0.31,-0.41,-0.08,0,0,-17.00
2000-09-29T01:00:00,-0.65,0.33,-0.14,0.68,-0.77,1.13,-0.55,-0.52,-0.17,0,0,-21.00
2000-09-29T02:00:00,-0.72,0.22,-0.2,0.63,-0.38,0.94,-0.32,-0.46,-0.15,0,0,-22.00
2000-09-29T03:00:00,0.21,0.26,-0.3,0.32,-0.36,0.78,-0.25,-0.42,-0.08,0,0,-24.00
2000-09-29T04:00:00,-0.02,0.28,-0.18,0.49,-0.5,0.5,-0.23,-0.48,-0.04,0,0,-21.00
2000-09-29T05:00:00,-0.83,-0.15,0.09,0.7,-0.01,-0.04,-0.12,-0.42,-0.13,0,0,-19.00
2000-09-29T06:00:00,-0.78,-0.18,0.05,0.66,-0.09,0.03,-0.21,-0.4,-0.13,0,0,-16.00
2000-09-29T07:00:00,0.44,0.36,-0.34,0.53,-0.34,0.04,-0.18,-0.5,-0.15,0,0,-17.00
2000-09-29T08:00:00,0.72,0.43,-0.17,0.53,-0.3,-0.17,-0.31,-0.49,-0.16,0,0,-18.00
2000-09-29T09:00:00,0.69,0.28,-0.14,0.44,-0.45,0.05,0.01,-0.45,-0.12,0,0,-16.00
2000-09-29T10:00:00,-0.49,-0.36,-0.16,0.84,0.35,0.12,-0.18,-0.5,-0.13,0,0,-14.00
2000-09-29T11:00:00,-0.73,-0.48,-0.23,0.92,0.34,0.39,-0.32,-0.54,-0.18,0,0,-9.00
2000-09-29T12:00:00,-0.8,-0.35,-0.24,0.96,0.25,0.32,-0.36,-0.53,-0.17,0,0,-14.00
2000-09-29T13:00:00,-0.8,-0.23,-0.32,1.02,0.15,0.5,-0.42,-0.53,-0.18,0,0,-19.00
2000-09-29T14:00:00,-0.84,-0.13,-0.34,1.09,0.07,0.6,-0.45,-0.54,-0.18,0,0,-17.00
2000-09-29T15:00:00,-0.89,-0.15,-0.29,1.14,0.09,0.48,-0.48,-0.55,-0.18,0,0,-16.00
2000-09-29T16:00:00,-0.97,-0.19,-0.2,1.18,0.01,0.25,-0.4,-0.55,-0.18,0,0,-17.00
2000-09-29T17:00:00,-0.87,-0.23,-0.26,1.16,0.04,0.39,-0.37,-0.55,-0.18,0,0,-20.00
2000-09-29T18:00:00,-0.78,-0.19,-0.28,1.2,-0.04,0.55,-0.35,-0.55,-0.18,0,0,-20.00
2000-09-29T19:00:00,-0.75,-0.17,-0.32,1.23,-0.11,0.49,-0.33,-0.55,-0.18,0,0,-21.00
2000-09-29T20:00:00,-0.83,-0.06,-0.36,1.2,-0.4,0.33,-0.34,-0.57,-0.18,0,0,-21.00
2000-09-29T21:00:00,-0.78,-0.01,-0.4,1.21,-0.15,0.27,-0.22,-0.57,-0.18,0,0,-23.00
2000-09-29T22:00:00,-0.53,0.04,-0.62,1.14,-0.45,0.67,-0.3,-0.57,-0.18,0,0,-25.00
2000-09-29T23:00:00,-0.48,0.12,-0.66,1.13,-0.46,0.7,-0.27,-0.56,-0.18,0,0,-27.00
2000-09-30T00:00:00,-0.39,0.32,-0.67,1.09,-0.41,0.49,-0.24,-0.56,-0.18,0,0,-30.00
2000-09-30T01:00:00,-0.36,0.05,-0.78,1.05,-0.24,0.61,-0.17,-0.57,-0.18,0,0,-34.00
2000-09-30T02:00:00,-0.31,-0.1,-0.87,1.02,-0.11,0.68,0.02,-0.55,-0.18,0,0,-36.00
2000-09-30T03:00:00,-0.88,-0.94,-0.56,1.07,0.72,0.39,0.4,-0.53,-0.18,0,0,-34.00
2000-09-30T04:00:00,0.06,-0.01,-1.38,0.81,-0.05,-0.12,-0.36,-0.53,-0.19,0,0,-34.00
2000-09-30T05:00:00,0.71,0.39,-1.35,0.51,-0.6,-0.59,-0.4,-0.51,-0.19,0,0,-35.00
2000-09-30T06:00:00,0.48,0.49,-1.37,0.69,-0.82,-0.42,-0.12,-0.53,-0.19,0,0,-37.00
2000-09-30T07:00:00,0.64,1.0,-0.9,0.66,-1.12,-0.6,-0.36,-0.46,-0.18,0,0,-45.00
2000-09-30T08:00:00,-0.58,-1.21,-0.6,0.91,1.02,-0.67,-0.11,-0.42,-0.17,0,0,-63.00
2000-09-30T09:00:00,0.06,-0.06,-1.34,0.8,-0.19,0.04,-0.08,-0.49,-0.18,0,0,-62.00
2000-09-30T10:00:00,0.43,0.69,-1.3,0.77,-0.55,-0.27,0.3,-0.53,-0.18,0,0,-48.00
2000-09-30T11:00:00,0.73,1.3,-1.63,0.6,-0.49,-0.62,0.78,-0.53,-0.19,0,0,-50.00
2000-09-30T12:00:00,0.38,1.45,-1.48,0.64,-0.52,-0.6,1.17,-0.54,-0.18,0,0,-42.00
2000-09-30T13:00:00,0.56,1.0,-1.25,0.68,-0.67,-0.73,1.69,-0.49,-0.17,0,0,-55.00
2000-09-30T14:00:00,0.11,0.72,-0.95,0.72,-1.08,-0.72,1.78,-0.45,-0.14,0,0,-69.00
2000-09-30T15:00:00,-1.07,1.38,-0.4,0.76,-1.24,0.21,-0.17,-0.37,-0.18,0,0,-76.00
2000-09-30T16:00:00,-1.48,1.29,-0.09,0.94,-1.08,0.12,-0.4,-0.5,-0.19,0,0,-75.00
2000-09-30T17:00:00,-1.14,1.03,-0.42,0.95,-0.79,0.79,-0.42,-0.4,-0.18,0,0,-74.00
2000-09-30T18:00:00,0.07,0.25,0.66,0.42,0.44,1.03,1.53,-0.08,0.34,0,0,-53.00
2000-09-30T19:00:00,-0.46,-0.29,-0.58,0.42,1.26,1.77,0.24,0.19,0.06,0,0,-43.00
2000-09-30T20:00:00,-0.16,-0.73,-1.67,0.34,1.72,2.25,-0.51,-0.21,-0.18,0,0,-47.00
2000-09-30T21:00:00,-0.82,-0.37,-1.72,0.64,1.34,1.7,-0.52,-0.49,-0.19,0,0,-59.00
2000-09-30T22:00:00,-0.69,-0.28,-1.86,0.65,0.86,2.25,-0.44,-0.42,-0.19,0,0,-69.00
2000-09-30T23:00:00,-0.68,0.35,-1.36,0.61,0.78,1.74,0.02,0.02,-0.15,0,0,-72.00
2000-10-01T00:00:00,-0.37,1.13,1.27,0.43,0.36,-0.27,0.61,0.35,-0.1,0,0,---
2000-10-01T01:00:00,-0.82,1.13,0.68,0.25,0.85,0.11,2.66,-0.09,-0.02,0,0,-53.00
2000-10-01T02:00:00,-0.13,1.24,-0.0,0.4,0.52,0.6,2.4,-0.1,0.04,0,0,-49.00
2000-10-01T03:00:00,0.15,1.4,-0.06,0.53,0.52,0.05,1.64,-0.22,-0.08,0,0,-50.00
2000-10-01T04:00:00,0.56,1.46,-0.29,0.5,0.24,0.15,0.55,-0.14,-0.13,0,0,-52.00
2000-10-01T05:00:00,0.78,1.44,-0.19,0.23,-0.25,-1.02,0.73,-0.31,-0.15,0,0,-57.00
2000-10-01T06:00:00,0.46,0.93,-0.09,0.11,0.23,-1.24,0.79,-0.36,-0.1,0,0,-54.00
2000-10-01T07:00:00,-0.01,0.77,-0.15,0.03,0.52,-1.46,0.16,-0.36,-0.09,0,0,-46.00
2000-10-01T08:00:00,0.03,0.42,-0.04,0.06,0.48,-1.34,-0.08,-0.27,0.16,0,0,-47.00
2000-10-01T09:00:00,-0.5,0.18,-0.1,0.28,0.13,-0.84,-0.13,-0.48,-0.1,0,0,-47.00
2000-10-01T10:00:00,-0.48,0.08,-0.13,0.34,-0.0,-0.78,-0.24,-0.49,-0.11,0,0,-48.00
2000-10-01T11:00:00,-0.48,0.06,-0.13,0.38,-0.0,-0.83,-0.34,-0.48,-0.11,0,0,-45.00
2000-10-01T12:00:00,-0.46,0.05,-0.11,0.39,-0.01,-0.63,-0.4,-0.5,-0.13,0,0,-39.00
2000-10-01T13:00:00,-0.31,0.04,-0.02,0.57,-0.05,-0.17,-0.31,-0.48,0.02,0,0,-38.00
2000-10-01T14:00:00,-0.17,-0.03,0.04,0.65,0.02,0.0,-0.32,-0.45,0.67,0,0,-34.00
2000-10-01T15:00:00,-0.14,0.05,-0.08,0.68,-0.12,0.09,-0.3,-0.53,0.12,0,0,-34.00
2000-10-01T16:00:00,-0.28,0.14,-0.08,0.69,-0.23,0.09,-0.25,-0.57,-0.1,0,0,-33.00
2000-10-01T17:00:00,-0.33,0.11,-0.05,0.73,-0.28,0.1,-0.22,-0.56,-0.1,0,0,-29.00
2000-10-01T18:00:00,-0.25,0.11,-0.0,0.77,-0.35,0.09,-0.09,-0.56,-0.01,0,0,-27.00
2000-10-01T19:00:00,-0.14,0.24,-0.04,0.8,-0.35,0.04,-0.2,-0.52,-0.0,0,0,-22.00
2000-10-01T20:00:00,-0.31,0.06,0.26,0.75,-0.36,-0.0,-0.04,-0.52,-0.03,0,0,-20.00
2000-10-01T21:00:00,0.02,-0.52,0.31,0.78,-0.61,0.0,-0.06,-0.53,-0.13,0,0,-18.00
2000-10-01T22:00:00,-0.04,-0.34,0.16,0.83,-0.84,-0.15,0.06,-0.54,0.01,0,0,-14.00
2000-10-01T23:00:00,-0.08,-0.05,0.49,0.88,-0.6,0.03,0.13,-0.55,-0.1,0,0,-14.00
2000-10-02T00:00:00,0.06,-0.35,0.47,0.91,-0.74,0.01,0.34,-0.54,-0.11,0,0,-14.00
2000-10-02T01:00:00,0.42,-0.57,0.36,1.01,-1.32,0.38,0.13,-0.52,-0.14,0,0,-17.00
2000-10-02T02:00:00,0.22,-0.54,0.53,0.99,-1.37,0.48,0.37,-0.51,-0.13,0,0,-17.00
2000-10-02T03:00:00,-0.07,-0.4,0.73,0.92,-1.2,0.59,0.48,-0.5,-0.14,0,0,-17.00
2000-10-02T04:00:00,0.23,-0.55,0.7,1.03,-1.45,0.6,0.59,-0.51,-0.14,0,0,-16.00
2000-10-02T05:00:00,0.18,-0.72,0.23,0.99,-1.24,0.18,1.03,-0.5,-0.08,0,0,-14.00
2000-10-02T06:00:00,0.21,-0.05,-0.12,0.93,-0.52,0.2,1.76,-0.5,0.77,0,0,-8.00
2000-10-02T07:00:00,-0.25,0.66,-0.01,0.93,-0.54,0.33,0.67,-0.47,-0.08,0,0,-6.00
2000-10-02T08:00:00,-0.08,-0.16,-0.06,0.9,0.04,0.16,0.41,-0.4,1.29,0,0,-13.00
2000-10-02T09:00:00,-0.3,-0.04,-0.32,0.95,-0.31,0.32,0.38,-0.44,0.01,0,0,-19.00
2000-10-02T10:00:00,-0.17,0.3,-0.8,0.91,-0.24,0.42,0.14,-0.5,-0.16,0,0,-25.00
2000-10-02T11:00:00,-0.18,0.92,-0.46,0.93,-0.49,0.42,0.19,-0.5,-0.17,0,0,-26.00
2000-10-02T12:00:00,-0.13,0.6,-0.52,0.91,-0.34,0.58,0.83,-0.51,-0.14,0,0,-25.00
2000-10-02T13:00:00,0.16,-0.02,-0.37,0.91,-0.44,0.93,2.04,-0.53,0.06,0,0,-18.00
2000-10-02T14:00:00,0.42,-0.79,0.11,0.92,-0.31,0.45,1.28,-0.48,-0.09,0,0,-16.00
2000-10-02T15:00:00,-0.25,-0.23,-0.84,0.95,-0.24,0.58,0.61,-0.46,-0.14,0,0,-18.00
2000-10-02T21:00:00,-0.67,0.94,-0.4,0.94,-0.65,-0.06,0.19,-0.44,-0.16,0,0,-26.00
2000-10-02T22:00:00,-0.62,0.61,-0.61,0.93,-0.44,0.09,0.37,-0.35,-0.13,0,0,-30.00
2000-10-02T23:00:00,-0.84,0.79,-0.18,0.82,-0.26,-0.03,0.29,-0.34,-0.13,0,0,-36.00
2000-10-03T00:00:00,-0.42,0.57,-0.59,0.85,-0.34,0.11,0.35,-0.31,-0.11,0,0,-42.00
2000-10-03T01:00:00,-0.67,1.14,-0.81,0.43,-1.1,-0.3,1.61,-0.05,-0.08,0,0,-46.00
2000-10-03T02:00:00,-0.75,1.11,-0.9,0.37,-0.99,-0.12,1.41,-0.09,-0.1,0,0,-40.00
2000-10-03T03:00:00,-0.47,1.07,-1.07,0.18,-0.63,0.6,1.54,-0.13,-0.11,0,0,-47.00
2000-10-03T04:00:00,-1.31,1.24,0.09,0.27,-0.61,-0.03,1.38,-0.07,-0.1,0,0,-51.00
2000-10-03T05:00:00,-1.44,1.51,-0.55,0.23,-0.27,0.64,0.62,-0.22,-0.16,0,0,-53.00
2000-10-03T06:00:00,-1.38,1.45,-0.58,0.24,0.06,1.28,0.49,-0.15,-0.16,0,0,-55.00
2000-10-03T07:00:00,-1.24,1.42,-0.79,0.22,0.17,1.66,0.51,0.01,-0.15,0,0,-62.00
2000-10-03T08:00:00,-1.44,1.52,-0.95,0.27,0.16,1.75,0.28,-0.13,-0.17,0,0,-64.00
2000-10-03T09:00:00,-1.35,1.48,-1.14,0.26,0.3,1.68,0.26,-0.13,-0.17,0,0,-65.00
2000-10-03T10:00:00,-1.32,1.49,-1.21,0.25,0.23,1.81,0.24,-0.11,-0.17,0,0,-75.00
2000-10-03T11:00:00,-1.3,1.42,-1.29,0.37,0.49,1.86,0.27,-0.19,-0.17,0,0,-70.00
2000-10-03T12:00:00,-1.61,1.55,-1.12,0.47,0.63,1.61,0.24,-0.47,-0.19,0,0,-73.00
2000-10-03T13:00:00,-1.56,1.71,-1.1,0.46,0.68,1.57,0.32,-0.52,-0.19,0,1,-79.00
2000-10-03T14:00:00,-1.74,1.91,-0.69,0.55,0.86,1.23,0.69,-0.58,-0.19,0,1,-62.00
2000-10-03T15:00:00,-1.62,2.27,-0.21,0.62,0.64,0.68,0.73,-0.58,-0.19,0,1,-65.00
2000-10-03T16:00:00,-1.15,1.93,0.46,0.55,0.56,-0.22,0.7,-0.54,-0.19,0,1,-64.00
2000-10-03T17:00:00,1.7,-0.78,1.73,0.52,0.44,-0.65,0.69,-0.58,-0.19,0,1,-62.00
2000-10-03T18:00:00,1.71,-0.8,1.81,0.55,0.6,-0.78,0.96,-0.58,-0.19,0,1,-50.00
2000-10-03T19:00:00,1.81,-0.72,1.9,0.63,0.47,-0.89,0.87,-0.58,-0.19,0,1,-47.00
2000-10-03T20:00:00,1.71,-0.38,2.14,0.64,0.31,-1.03,1.14,-0.58,-0.19,0,1,-45.00
2000-10-03T21:00:00,1.93,0.12,2.16,0.61,0.26,-1.17,0.66,-0.58,-0.19,0,1,-42.00
2000-10-03T22:00:00,2.19,0.29,1.99,0.57,0.07,-1.59,0.95,-0.55,-0.19,0,1,-36.00
2000-10-03T23:00:00,2.33,1.1,1.47,0.43,-0.21,-1.71,1.36,-0.55,-0.19,0,1,-32.00
2000-10-04T00:00:00,2.04,1.14,1.63,0.49,0.16,-1.27,1.4,-0.56,-0.19,0,1,-26.00
2000-10-04T01:00:00,1.81,1.88,1.19,0.57,-0.32,-0.94,1.3,-0.58,-0.19,0,1,-31.00
2000-10-04T02:00:00,1.85,2.02,0.94,0.58,-0.34,-0.59,1.26,-0.59,-0.19,0,1,-26.00
2000-10-04T03:00:00,1.88,2.19,0.52,0.61,-0.38,-0.49,1.29,-0.59,-0.19,0,1,-28.00
2000-10-04T04:00:00,1.78,2.16,-0.24,0.61,-0.25,-0.06,2.07,-0.59,-0.19,0,1,-32.00
2000-10-04T05:00:00,1.69,1.84,-0.72,0.67,-0.02,0.08,3.28,-0.59,-0.19,0,1,-35.00
2000-10-04T06:00:00,1.41,1.76,-1.25,0.7,0.21,0.26,3.17,-0.58,-0.19,0,1,-37.00
2000-10-04T07:00:00,1.66,2.16,-1.02,0.61,0.13,0.23,3.73,-0.58,-0.19,0,1,-41.00
2000-10-04T08:00:00,1.42,1.91,-1.21,0.65,0.17,0.31,3.41,-0.58,-0.19,0,1,-41.00
2000-10-04T09:00:00,1.23,1.64,-1.36,0.7,0.04,0.26,2.9,-0.58,-0.19,0,1,-57.00
2000-10-04T10:00:00,0.94,1.16,-1.61,0.77,0.12,0.22,1.14,-0.6,-0.19,0,1,-63.00
2000-10-04T11:00:00,0.3,0.52,-1.73,0.79,0.18,0.17,1.78,-0.59,-0.19,0,1,-60.00
2000-10-04T12:00:00,-0.05,0.4,-1.53,0.81,0.32,0.16,1.34,-0.59,-0.19,0,1,-72.00
2000-10-04T13:00:00,-0.04,0.69,-1.48,0.8,0.11,0.35,0.23,-0.54,-0.19,0,1,-75.00
2000-10-04T14:00:00,-0.05,0.76,-1.74,0.6,-0.13,0.33,0.3,-0.54,-0.19,0,1,-94.00
2000-10-04T15:00:00,-0.03,0.85,-1.87,0.46,-0.35,0.32,0.77,-0.52,-0.19,0,1,-70.00
2000-10-04T16:00:00,-0.14,0.76,-1.7,0.49,-0.77,0.08,0.84,-0.52,-0.18,0,1,-87.00
2000-10-04T17:00:00,-0.63,0.53,-1.63,0.59,-0.89,0.27,0.79,-0.51,-0.18,0,1,-101.00
2000-10-04T18:00:00,-0.39,0.31,-1.66,0.67,-1.0,0.38,0.46,-0.51,-0.18,0,1,-111.00
2000-10-04T19:00:00,-0.39,-0.24,-1.63,0.72,-0.86,0.72,0.39,-0.52,-0.18,0,1,-122.00
2000-10-04T20:00:00,-0.19,-0.22,-1.46,0.76,-0.96,0.49,0.58,-0.52,-0.18,0,1,-142.00
2000-10-04T21:00:00,-0.12,0.11,-1.32,0.84,-1.33,0.32,0.65,-0.53,-0.18,0,1,-143.00
2000-10-04T22:00:00,-0.15,0.01,-1.23,0.88,-1.12,0.31,0.46,-0.54,-0.18,0,1,-139.00
2000-10-04T23:00:00,-0.1,-0.26,-1.21,0.95,-1.19,0.43,0.16,-0.55,-0.18,0,1,-118.00
2000-10-05T00:00:00,-0.18,-0.37,-1.12,0.99,-1.09,0.41,0.12,-0.55,-0.18,0,1,-120.00
2000-10-05T01:00:00,-0.27,-0.4,-1.03,1.04,-0.95,0.34,0.14,-0.54,-0.18,0,1,-124.00
2000-10-05T02:00:00,-0.44,-0.28,-0.88,1.07,-1.17,0.36,0.37,-0.5,-0.16,0,1,-122.00
2000-10-05T03:00:00,-0.63,-0.93,-1.57,0.57,-1.11,0.63,1.63,-0.35,-0.16,0,1,-106.00
2000-10-05T04:00:00,-1.13,-2.28,-2.35,0.24,-0.58,1.1,2.62,-0.22,-0.17,0,1,-91.00
2000-10-05T05:00:00,-1.47,-2.71,-3.04,0.01,0.18,0.99,2.1,-0.13,-0.18,0,1,-108.00
2000-10-05T06:00:00,-1.06,-0.8,-2.0,-0.11,0.57,0.48,6.26,-0.01,-0.07,0,1,-141.00
2000-10-05T07:00:00,0.14,-2.02,1.58,-0.21,0.42,-0.3,4.5,0.74,0.03,0,0,-166.00
2000-10-05T08:00:00,0.35,-1.5,2.55,-0.13,0.69,1.1,3.34,0.66,-0.08,0,0,-175.00
2000-10-05T09:00:00,0.16,1.5,1.86,-0.28,0.24,-0.28,4.49,0.28,-0.03,0,0,-153.00
2000-10-05T10:00:00,1.63,3.11,0.42,-0.44,-0.53,-0.4,5.06,-0.17,-0.14,0,0,-132.00
2000-10-05T11:00:00,1.51,0.6,-2.66,-0.42,-0.42,-0.4,5.22,-0.21,-0.15,0,0,-119.00
2000-10-05T12:00:00,1.17,-0.92,-1.72,-0.46,-0.13,-0.49,4.25,-0.2,-0.12,0,0,-118.00
2000-10-05T13:00:00,0.8,-1.45,-0.97,-0.45,0.28,-0.74,4.0,-0.22,-0.09,0,0,-166.00
2000-10-05T14:00:00,-0.13,-0.5,-1.13,-0.4,-0.56,-0.81,3.58,-0.33,-0.06,0,0,-182.00
2000-10-05T15:00:00,0.49,-1.13,-0.84,-0.34,0.09,-0.52,2.56,-0.44,-0.13,0,0,-165.00
2000-10-05T16:00:00,0.88,-0.99,-0.8,-0.33,0.25,-0.45,3.57,-0.41,-0.11,0,0,-167.00
2000-10-05T17:00:00,0.79,-0.41,-0.02,-0.29,0.15,-0.26,5.42,-0.39,0.25,0,0,-150.00
2000-10-05T18:00:00,0.25,-0.27,-0.07,-0.36,0.42,-0.32,3.17,-0.42,1.12,0,0,-148.00
2000-10-05T19:00:00,-1.06,0.72,-0.57,-0.47,0.82,-1.0,1.36,-0.35,-0.13,0,0,-143.00
2000-10-05T20:00:00,-1.14,0.79,-0.56,-0.43,1.0,-1.02,0.98,-0.38,-0.15,0,0,-142.00
2000-10-05T21:00:00,-1.29,0.48,-0.16,-0.52,1.04,-0.95,0.62,-0.33,-0.14,0,0,-136.00
2000-10-05T22:00:00,-1.11,0.33,-0.32,-0.51,0.83,-1.36,0.28,-0.32,-0.14,0,0,-134.00
2000-10-05T23:00:00,-1.03,0.22,-0.22,-0.52,0.6,-0.99,-0.03,-0.42,-0.15,0,0,-115.00
2000-10-06T00:00:00,-0.93,-0.01,0.08,-0.51,0.31,-0.16,-0.24,-0.45,-0.15,0,1,-107.00
2000-10-06T01:00:00,-0.79,-0.33,0.45,-0.43,-0.19,0.92,-0.39,-0.48,-0.17,0,1,-104.00
2000-10-06T02:00:00,-0.8,-0.24,0.42,-0.39,-0.04,0.89,-0.54,-0.5,-0.18,0,1,-102.00
2000-10-06T03:00:00,-0.9,-0.16,0.15,-0.42,0.11,0.19,-0.49,-0.51,-0.17,0,1,-96.00
2000-10-06T04:00:00,-0.84,-0.18,0.19,-0.31,0.0,0.18,-0.46,-0.51,-0.17,0,1,-90.00
2000-10-06T05:00:00,-0.82,-0.17,0.11,-0.23,-0.16,-0.02,-0.41,-0.5,-0.17,0,1,-87.00
2000-10-06T06:00:00,-0.58,-0.3,0.35,-0.03,-0.32,0.37,-0.4,-0.5,-0.16,0,1,-85.00
2000-10-06T07:00:00,-0.38,-0.47,0.46,0.13,-0.6,0.66,-0.4,-0.51,-0.16,0,1,-83.00
2000-10-06T08:00:00,-0.39,-0.52,0.46,0.17,-0.74,0.62,-0.34,-0.52,-0.16,0,1,-83.00
2000-10-06T09:00:00,-0.24,-0.61,0.42,0.28,-0.97,0.4,-0.39,-0.53,-0.17,0,1,-83.00
2000-10-06T10:00:00,-0.05,-0.45,0.53,0.4,-0.7,0.44,-0.39,-0.5,-0.15,0,1,-80.00
2000-10-06T11:00:00,-0.15,-0.72,0.25,0.34,-1.11,-0.28,-0.43,-0.52,-0.17,0,1,-77.00
2000-10-06T12:00:00,0.02,-0.78,0.21,0.42,-1.07,-0.35,-0.44,-0.54,-0.17,0,1,-71.00
2000-10-06T13:00:00,0.31,-0.62,0.26,0.51,-0.64,-0.15,-0.38,-0.5,-0.15,0,1,-69.00
2000-10-06T14:00:00,0.0,-0.44,0.59,0.44,-0.55,0.53,-0.5,-0.53,-0.17,0,1,-67.00
2000-10-06T15:00:00,0.19,-0.45,0.53,0.52,-0.46,0.34,-0.39,-0.51,-0.16,0,1,-66.00
2000-10-06T16:00:00,0.19,-0.4,0.56,0.51,-0.42,0.23,-0.31,-0.5,-0.15,0,1,-64.00
2000-10-06T17:00:00,0.25,-0.57,0.28,0.53,-0.74,-0.05,-0.3,-0.5,-0.14,0,1,-60.00
2000-10-06T18:00:00,0.53,-0.41,0.19,0.67,-0.42,-0.53,-0.39,-0.48,-0.15,0,1,-56.00
2000-10-06T19:00:00,0.07,-0.63,0.29,0.46,-0.74,-0.19,-0.35,-0.5,-0.15,0,0,-50.00
2000-10-06T20:00:00,0.08,-0.14,0.52,0.48,0.07,-0.09,-0.1,-0.45,-0.07,0,0,-48.00
2000-10-06T21:00:00,-0.21,-0.4,0.43,0.39,-0.29,-0.37,0.02,-0.54,-0.13,0,0,-48.00
2000-10-06T22:00:00,-0.28,-0.5,0.44,0.4,-0.28,-0.36,0.0,-0.58,-0.17,0,0,-46.00
2000-10-06T23:00:00,-0.29,-0.56,0.36,0.42,-0.32,-0.37,0.09,-0.58,-0.17,0,0,-45.00
2000-10-07T00:00:00,-0.18,-0.66,0.25,0.5,-0.33,-0.62,0.4,-0.57,-0.15,0,0,-44.00
2000-10-07T01:00:00,-0.0,-0.73,0.08,0.55,-0.41,-0.64,0.25,-0.52,-0.13,0,0,-39.00
2000-10-07T02:00:00,0.13,-0.72,0.03,0.59,-0.4,-0.69,0.13,-0.52,-0.13,0,0,-35.00
2000-10-07T03:00:00,0.08,-0.76,0.0,0.63,-0.6,-0.67,-0.0,-0.5,-0.14,0,0,-36.00
2000-10-07T04:00:00,0.07,-0.75,-0.01,0.64,-0.58,-0.68,0.06,-0.53,-0.15,0,0,-37.00
2000-10-07T05:00:00,-0.07,-0.8,0.01,0.64,-0.64,-0.63,-0.12,-0.54,-0.16,0,0,-36.00
2000-10-07T06:00:00,0.03,-0.66,0.02,0.69,-0.64,-0.57,0.05,-0.52,-0.13,0,0,-39.00
2000-10-07T07:00:00,0.34,-0.57,0.13,0.73,-0.55,-0.35,-0.18,-0.48,-0.13,0,0,-42.00
2000-10-07T08:00:00,0.08,-0.63,0.04,0.72,-0.6,-0.45,-0.05,-0.52,-0.13,0,0,-44.00
2000-10-07T09:00:00,-0.17,-0.69,-0.11,0.66,-0.55,-0.55,0.08,-0.52,-0.14,0,0,-41.00
2000-10-07T10:00:00,0.07,-0.57,-0.27,0.76,-0.47,-0.62,0.15,-0.53,-0.14,0,0,-38.00
2000-10-07T11:00:00,0.27,-0.39,-0.35,0.8,-0.41,-0.63,0.16,-0.53,-0.13,0,0,-37.00
2000-10-07T12:00:00,0.29,-0.02,-0.41,0.81,-0.18,-0.7,0.0,-0.51,-0.12,0,0,-38.00
2000-10-07T13:00:00,0.2,0.12,-0.39,0.84,-0.07,-0.74,-0.24,-0.52,-0.14,0,0,-41.00
2000-10-07T14:00:00,0.21,0.02,-0.33,0.87,-0.11,-0.62,-0.25,-0.5,-0.11,0,0,-43.00
2000-10-07T15:00:00,0.47,0.11,-0.06,0.94,-0.1,-0.31,-0.16,-0.41,-0.02,0,0,-44.00
2000-10-07T16:00:00,0.4,-0.25,0.27,0.95,-0.39,-0.0,-0.15,-0.41,-0.03,0,0,-42.00
2000-10-07T17:00:00,0.28,-0.41,0.08,0.97,-0.48,-0.11,-0.17,-0.42,-0.02,0,0,-40.00
2000-10-07T18:00:00,0.33,-0.44,0.15,1.04,-0.28,-0.23,-0.18,-0.44,-0.07,0,0,-38.00
2000-10-07T19:00:00,0.07,-0.53,0.17,1.01,-0.41,-0.11,-0.21,-0.5,-0.1,0,0,-35.00
2000-10-07T20:00:00,0.26,-0.52,0.03,1.07,-0.26,-0.26,-0.23,-0.49,-0.11,0,0,-29.00
2000-10-07T21:00:00,0.39,-0.26,0.43,1.11,-0.25,0.01,-0.26,-0.47,-0.12,0,0,-27.00
2000-10-07T22:00:00,0.38,-0.35,0.2,1.1,-0.22,-0.26,-0.26,-0.46,-0.09,0,0,-26.00
2000-10-07T23:00:00,0.4,-0.36,0.07,1.11,-0.23,-0.31,-0.12,-0.44,-0.05,0,0,-25.00
2000-10-08T00:00:00,0.14,-0.28,0.09,1.02,-0.09,-0.34,0.03,-0.5,0.15,0,0,-26.00
2000-10-08T01:00:00,0.28,-0.29,0.05,1.07,-0.2,-0.32,0.02,-0.46,0.07,0,0,-26.00
2000-10-08T02:00:00,0.34,-0.43,0.16,1.14,-0.43,-0.24,-0.15,-0.5,-0.1,0,0,-24.00
2000-10-08T03:00:00,0.08,-0.55,0.18,1.14,-0.56,-0.24,-0.13,-0.55,-0.13,0,0,-22.00
2000-10-08T04:00:00,0.27,-0.39,0.1,1.18,-0.39,-0.18,0.01,-0.5,-0.04,0,0,-22.00
2000-10-08T05:00:00,0.22,-0.4,0.05,1.17,-0.35,-0.34,0.05,-0.51,-0.04,0,0,-23.00
2000-10-08T06:00:00,0.4,-0.35,0.04,1.22,-0.39,-0.21,8.88,1.12,14.14,0,0,-23.00
2000-10-08T07:00:00,-0.05,-0.6,0.12,1.16,-0.52,-0.28,-0.08,-0.54,-0.13,0,0,-25.00
2000-10-08T08:00:00,0.15,-0.52,-0.03,1.22,-0.48,-0.4,0.0,-0.52,-0.1,0,0,-26.00
2000-10-08T09:00:00,0.43,-0.29,-0.03,1.25,-0.27,-0.2,0.22,-0.46,-0.01,0,0,-25.00
2000-10-08T10:00:00,0.44,-0.24,-0.04,1.24,-0.2,-0.11,0.3,-0.47,0.0,0,0,-24.00
2000-10-08T11:00:00,0.34,-0.12,0.1,1.21,-0.15,-0.14,0.34,-0.53,0.07,0,0,-20.00
2000-10-08T12:00:00,0.44,-0.1,0.11,1.28,-0.18,-0.18,0.24,-0.53,-0.04,0,0,-18.00
2000-10-08T13:00:00,0.46,-0.16,0.16,1.31,-0.2,-0.14,0.2,-0.53,-0.06,0,0,-15.00
2000-10-08T14:00:00,0.34,-0.04,0.28,1.28,-0.08,0.04,0.31,-0.53,-0.02,0,0,-15.00
2000-10-08T15:00:00,0.08,-0.0,0.13,1.25,-0.11,0.09,0.31,-0.51,3.6,0,0,-17.00
2000-10-08T16:00:00,-0.34,0.54,0.06,1.29,-0.5,-0.06,-0.03,-0.53,-0.14,0,0,-18.00
2000-10-08T17:00:00,-0.21,0.6,0.08,1.29,-0.59,-0.08,0.07,-0.53,-0.14,0,0,-17.00
2000-10-08T18:00:00,-0.14,0.62,0.07,1.28,-0.6,-0.09,-0.03,-0.56,-0.15,0,0,-17.00
2000-10-08T19:00:00,-0.33,0.55,0.09,1.33,-0.58,-0.16,0.04,-0.53,-0.14,0,0,-16.00
2000-10-08T20:00:00,-0.46,0.27,-0.12,1.35,-0.28,0.04,-0.01,-0.5,-0.11,0,0,-16.00
2000-10-08T21:00:00,-0.32,0.53,0.01,1.36,-0.89,0.44,0.8,-0.52,-0.08,0,0,-18.00
2000-10-08T22:00:00,-0.33,0.52,-0.05,1.34,-0.55,-0.14,0.03,-0.51,-0.12,0,0,-17.00
2000-10-08T23:00:00,-0.4,0.34,-0.17,1.35,-0.44,-0.02,0.1,-0.5,-0.1,0,0,-18.00
2000-10-09T00:00:00,-0.32,0.36,-0.3,1.33,-0.47,-0.05,0.12,-0.51,-0.12,0,0,-19.00
2000-10-09T01:00:00,-0.47,0.47,-0.1,1.36,-0.51,-0.24,0.22,-0.5,-0.12,0,0,-17.00
2000-10-09T02:00:00,-0.24,0.66,0.44,1.34,-0.52,-0.3,0.28,-0.52,-0.15,0,0,-17.00
2000-10-09T03:00:00,-0.28,0.63,0.45,1.38,-0.58,-0.46,0.3,-0.52,-0.15,0,0,-15.00
2000-10-09T04:00:00,-0.48,0.24,0.67,1.42,-0.65,-0.59,0.22,-0.52,-0.15,0,0,-12.00
2000-10-09T05:00:00,-0.62,0.57,0.08,1.45,-0.78,-0.34,0.2,-0.52,-0.15,0,0,-14.00
2000-10-09T06:00:00,-0.35,0.54,0.39,1.38,-0.59,-0.25,0.34,-0.5,-0.12,0,0,-16.00
2000-10-09T07:00:00,-0.53,0.61,0.39,1.39,-0.47,-0.05,0.54,-0.48,-0.13,0,0,-15.00
2000-10-09T08:00:00,-0.53,0.7,0.24,1.4,-0.56,0.01,0.59,-0.47,-0.12,0,0,-15.00
2000-10-09T09:00:00,-0.71,0.5,0.27,1.44,-0.41,-0.06,0.51,-0.45,-0.12,0,0,-15.00
2000-10-09T10:00:00,-0.95,0.44,0.27,1.49,-0.4,-0.17,0.58,-0.44,-0.13,0,0,-14.00
2000-10-09T11:00:00,-0.97,0.38,-0.13,1.49,-0.42,-0.07,0.51,-0.4,-0.12,0,0,-13.00
2000-10-09T12:00:00,-0.74,0.37,0.21,1.46,-0.37,-0.09,0.62,-0.46,-0.1,0,0,-12.00
2000-10-09T13:00:00,-0.72,0.34,0.53,1.48,-0.44,-0.38,1.06,-0.47,-0.11,0,0,-10.00
2000-10-09T14:00:00,-0.86,0.38,0.22,1.53,-0.51,-0.28,1.04,-0.4,-0.08,0,0,-10.00
2000-10-09T15:00:00,-0.78,0.15,0.35,1.48,-0.35,-0.32,1.09,-0.35,-0.01,0,0,-8.00
2000-10-09T16:00:00,-0.86,0.11,-0.04,1.53,-0.29,0.02,1.04,-0.33,-0.01,0,0,-5.00
2000-10-09T17:00:00,-0.86,-0.18,0.07,1.54,-0.26,0.03,1.02,-0.35,-0.03,0,0,-7.00
2000-10-09T18:00:00,-0.56,-0.46,0.36,1.48,-0.18,-0.26,1.08,-0.42,-0.04,0,0,-9.00
2000-10-09T19:00:00,-0.58,0.32,-0.42,1.47,-0.61,0.15,1.28,-0.43,-0.06,0,0,-14.00
2000-10-09T20:00:00,-0.49,0.4,-0.13,1.45,-0.65,-0.18,1.46,-0.4,0.07,0,0,-16.00
2000-10-09T21:00:00,-0.31,0.56,0.43,1.41,-0.7,-0.55,1.32,-0.44,-0.03,0,0,-13.00
2000-10-09T22:00:00,-0.45,0.82,0.08,1.44,-0.76,-0.39,1.38,-0.44,-0.09,0,0,-11.00
2000-10-09T23:00:00,-0.4,1.0,0.07,1.4,-0.66,-0.51,1.24,-0.45,-0.12,0,0,-12.00
2000-10-10T00:00:00,-0.13,1.04,0.05,1.4,-0.94,-0.56,1.72,-0.47,-0.11,0,0,-12.00
2000-10-10T01:00:00,-0.38,0.98,-0.15,1.45,-1.03,-0.4,1.85,-0.46,-0.1,0,0,-13.00
2000-10-10T02:00:00,-0.12,0.98,-0.33,1.42,-0.96,-0.25,1.98,-0.47,-0.11,0,0,-13.00
2000-10-10T03:00:00,-0.26,1.05,-0.02,1.45,-0.87,-0.64,1.91,-0.44,-0.09,0,0,-16.00
2000-10-10T04:00:00,-0.64,1.0,0.26,1.46,-0.64,-0.69,1.51,-0.37,-0.1,0,0,-18.00
2000-10-10T05:00:00,-0.48,1.05,-0.32,1.44,-0.71,-0.41,1.19,-0.37,-0.11,0,0,-20.00
2000-10-10T06:00:00,-0.14,0.32,-0.29,1.41,-0.53,-0.1,1.23,-0.36,0.21,0,0,-23.00
2000-10-10T07:00:00,0.39,-0.39,-0.57,1.37,-0.37,0.13,1.0,-0.34,-0.04,0,0,-24.00
2000-10-10T08:00:00,0.81,-0.91,-0.86,1.29,0.09,0.24,0.22,-0.36,-0.16,0,0,-25.00
2000-10-10T09:00:00,0.73,-0.26,-1.05,1.32,0.09,0.27,0.31,-0.35,-0.16,0,0,-30.00
2000-10-10T10:00:00,0.48,-0.1,-0.86,1.37,0.27,-0.01,0.58,-0.32,-0.11,0,0,-28.00
2000-10-10T11:00:00,0.53,-0.77,-0.57,1.29,0.46,-0.12,0.76,-0.31,-0.1,0,0,-29.00
2000-10-10T12:00:00,0.28,-0.41,-0.48,1.34,0.16,-0.27,1.02,-0.25,0.06,0,0,-31.00
2000-10-10T13:00:00,-0.12,0.17,-0.44,1.34,0.19,-0.16,1.13,-0.25,0.22,0,0,-29.00
2000-10-10T14:00:00,-0.07,-0.11,-0.61,1.32,0.28,-0.14,0.97,-0.2,0.09,0,0,-25.00
2000-10-10T15:00:00,-0.2,0.11,-0.11,1.31,0.59,-0.22,0.96,-0.18,1.73,0,0,-25.00
2000-10-10T16:00:00,0.14,0.35,-0.52,1.32,0.53,-0.34,0.86,-0.13,0.12,0,0,-29.00
2000-10-10T17:00:00,-0.28,0.6,0.45,1.33,0.37,-0.52,0.79,-0.17,0.07,0,0,-28.00
2000-10-10T18:00:00,-0.62,0.75,0.5,1.33,0.38,-0.32,0.64,-0.17,-0.06,0,0,-28.00
2000-10-10T19:00:00,-0.63,0.84,0.32,1.32,0.35,-0.18,0.65,-0.18,-0.06,0,0,-18.00
2000-10-10T20:00:00,-0.17,0.93,-0.16,1.31,0.11,0.05,0.72,-0.26,-0.05,0,0,-13.00
2000-10-10T21:00:00,-0.25,1.07,-0.11,1.35,-0.02,0.0,0.72,-0.33,-0.11,0,0,-13.00
2000-10-10T22:00:00,-0.39,1.14,0.38,1.37,-0.11,-0.28,0.67,-0.37,-0.13,0,0,-14.00
2000-10-10T23:00:00,-0.47,1.22,0.39,1.39,-0.26,-0.27,0.55,-0.42,-0.15,0,0,-14.00
2000-10-11T00:00:00,-0.46,0.8,-0.26,1.42,-0.29,0.3,0.76,-0.4,-0.11,0,0,-10.00
2000-10-11T01:00:00,-0.33,-0.83,-0.82,1.4,0.01,0.39,1.02,-0.47,-0.15,0,0,-8.00
2000-10-11T02:00:00,-0.12,-0.49,-0.82,1.36,0.0,0.62,1.29,-0.46,-0.13,0,0,-13.00
2000-10-11T03:00:00,0.13,0.01,-1.3,1.31,-0.05,0.57,0.81,-0.46,-0.17,0,0,-18.00
2000-10-11T04:00:00,-0.13,-0.24,-1.2,1.33,0.06,0.61,0.91,-0.44,-0.16,0,0,-25.00
2000-10-11T05:00:00,-0.49,0.89,-1.0,1.38,-0.4,0.49,0.79,-0.43,-0.16,0,0,-31.00
2000-10-11T06:00:00,-0.54,1.15,-0.76,1.38,-0.46,0.71,0.92,-0.38,-0.15,0,0,-42.00
2000-10-11T07:00:00,-0.24,1.28,-0.4,1.37,-0.54,0.79,1.0,-0.39,-0.14,0,0,-46.00
2000-10-11T08:00:00,-0.32,1.3,-0.33,1.41,-0.64,0.68,0.7,-0.4,-0.15,0,0,-45.00
2000-10-11T09:00:00,-0.35,1.26,-0.21,1.41,-0.6,0.74,0.84,-0.39,-0.14,0,0,-45.00
2000-10-11T10:00:00,-0.02,-0.55,-0.55,1.36,-0.15,0.42,0.85,-0.47,-0.11,0,0,-41.00
2000-10-11T11:00:00,0.26,-1.43,-0.33,1.33,0.25,0.25,0.89,-0.5,-0.17,0,0,-35.00
2000-10-11T12:00:00,-0.24,-0.08,-0.43,1.3,-0.01,-0.38,0.41,-0.1,0.2,0,0,-34.00
2000-10-11T13:00:00,-0.36,0.05,-0.44,1.24,-0.06,-0.22,0.17,0.04,0.14,0,0,-29.00
2000-10-11T14:00:00,-0.67,0.58,-0.41,1.13,-0.01,-0.11,-0.06,0.11,-0.06,0,0,-30.00
2000-10-11T15:00:00,-0.6,1.06,-0.14,1.05,0.04,-0.74,-0.13,0.11,-0.11,0,0,-28.00
2000-10-11T16:00:00,-0.62,0.94,-0.17,1.01,0.52,-0.53,-0.22,0.16,-0.1,0,0,-27.00
2000-10-11T17:00:00,-0.92,0.45,-0.43,1.01,1.08,-0.46,-0.21,0.23,-0.09,0,0,-28.00
2000-10-11T18:00:00,-0.83,0.81,-0.04,0.98,0.76,-0.46,-0.22,0.19,-0.09,0,0,-28.00
2000-10-11T19:00:00,-0.76,0.74,-0.35,0.91,0.87,-0.15,-0.24,0.15,-0.1,0,0,-29.00
2000-10-11T20:00:00,-0.78,0.75,-0.28,0.93,0.69,-0.09,-0.26,0.06,-0.11,0,0,-20.00
2000-10-11T21:00:00,-0.86,0.71,-0.28,1.01,0.85,-0.16,-0.3,-0.05,-0.13,0,0,-20.00
2000-10-11T22:00:00,-0.79,0.75,-0.3,1.04,0.6,-0.04,-0.32,-0.08,-0.13,0,0,-22.00
2000-10-11T23:00:00,-0.86,0.74,-0.31,1.11,0.4,0.24,-0.36,-0.21,-0.15,0,0,-22.00
2000-10-12T00:00:00,-0.89,0.75,-0.18,1.13,0.42,0.1,-0.39,-0.26,-0.16,0,0,-24.00
2000-10-12T01:00:00,-0.76,0.75,0.08,1.12,0.34,-0.02,-0.22,-0.25,-0.14,0,0,-20.00
2000-10-12T02:00:00,-0.88,0.55,-0.1,1.13,0.45,0.33,-0.34,-0.26,-0.14,0,0,-20.00
2000-10-12T03:00:00,-0.89,0.64,-0.06,1.12,0.31,0.2,-0.38,-0.31,-0.16,0,0,-22.00
2000-10-12T04:00:00,-0.83,0.6,-0.04,1.18,0.18,0.43,-0.32,-0.34,-0.15,0,0,-21.00
2000-10-12T05:00:00,-0.83,0.57,-0.17,1.15,0.33,0.67,-0.38,-0.32,-0.15,0,0,-21.00
2000-10-12T06:00:00,-0.74,0.59,-0.2,1.17,0.18,0.68,-0.3,-0.29,-0.14,0,0,-22.00
2000-10-12T07:00:00,-0.69,0.64,-0.05,1.22,-0.13,0.63,-0.26,-0.3,-0.13,0,0,-21.00
2000-10-12T08:00:00,-0.84,0.43,-0.27,1.22,0.53,0.86,-0.34,-0.29,-0.15,0,0,-22.00
2000-10-12T09:00:00,-0.8,0.56,-0.23,1.21,0.49,0.88,-0.37,-0.3,-0.15,0,0,-22.00
2000-10-12T10:00:00,-0.51,0.26,-0.37,1.2,0.71,0.89,-0.18,-0.41,-0.12,0,0,-20.00
2000-10-12T11:00:00,-0.52,0.37,-0.38,1.3,0.26,0.9,-0.03,-0.46,-0.14,0,0,-22.00
2000-10-12T12:00:00,-0.52,0.51,-0.12,1.33,0.07,0.62,-0.04,-0.46,-0.13,0,0,-21.00
2000-10-12T13:00:00,-0.76,0.39,-0.19,1.45,0.18,0.79,-0.04,-0.47,-0.15,0,0,-16.00
2000-10-12T14:00:00,-0.49,0.63,0.0,1.38,-0.11,0.54,-0.09,-0.5,-0.15,0,0,-15.00
2000-10-12T15:00:00,-0.36,0.65,-0.27,1.33,-0.22,1.09,-0.02,-0.47,-0.14,0,0,-16.00
2000-10-12T16:00:00,-0.79,0.35,0.01,1.5,0.02,0.75,0.0,-0.45,-0.14,0,0,-17.00
2000-10-12T17:00:00,-0.66,0.57,0.02,1.44,-0.25,0.6,0.06,-0.44,-0.13,0,0,-21.00
2000-10-12T18:00:00,-0.47,0.33,-0.3,1.33,-0.27,1.57,0.1,-0.43,-0.1,0,0,-17.00
2000-10-12T19:00:00,-0.54,0.6,-0.1,1.37,-0.17,0.9,0.07,-0.43,-0.12,0,0,-13.00
2000-10-12T20:00:00,-0.34,0.97,0.26,1.38,-0.4,0.68,-0.02,-0.48,-0.16,0,0,-10.00
2000-10-12T21:00:00,-0.21,0.89,0.41,1.35,-0.49,0.7,-0.02,-0.45,-0.15,0,0,-8.00
2000-10-12T22:00:00,-0.29,1.58,0.81,0.87,-1.05,0.92,0.53,-0.28,-0.16,0,0,-6.00
2000-10-12T23:00:00,-0.56,2.7,1.11,0.24,-1.56,0.44,1.08,-0.06,-0.16,0,0,5.00
2000-10-13T00:00:00,-0.89,2.31,-1.59,0.21,-1.33,2.02,0.83,-0.07,-0.17,0,0,16.00
2000-10-13T01:00:00,-0.65,2.22,-1.4,0.25,-1.64,1.87,1.66,-0.13,-0.16,0,0,2.00
2000-10-13T02:00:00,-0.24,2.29,0.15,0.24,-1.64,1.35,3.16,-0.11,-0.11,0,0,-30.00
2000-10-13T03:00:00,-0.62,0.19,-2.14,0.24,-1.11,1.61,2.85,0.01,-0.12,0,0,-45.00
2000-10-13T04:00:00,-0.69,-0.62,-1.51,0.19,-0.18,1.1,3.27,0.42,0.03,0,0,-39.00
2000-10-13T05:00:00,-0.47,1.16,-0.24,0.1,-0.92,0.24,3.78,1.09,0.79,0,0,-64.00
2000-10-13T06:00:00,0.25,1.23,1.92,0.02,-0.62,-1.36,2.59,0.62,-0.04,0,0,-71.00
2000-10-13T07:00:00,0.07,1.5,2.15,0.05,-0.85,-0.64,4.57,-0.1,-0.12,0,0,-59.00
2000-10-13T08:00:00,-0.12,2.03,1.94,0.1,-0.85,-0.19,4.71,-0.23,-0.14,0,0,-51.00
2000-10-13T09:00:00,-0.08,2.03,1.92,0.18,-0.61,-0.16,6.67,-0.35,-0.14,0,0,-52.00
2000-10-13T10:00:00,0.13,1.47,2.14,0.25,-0.29,-0.69,7.94,-0.31,-0.12,0,0,-42.00
2000-10-13T11:00:00,-0.24,-0.15,2.46,0.34,0.29,-0.94,5.61,-0.29,-0.13,0,0,-31.00
2000-10-13T12:00:00,-0.26,-0.61,2.04,0.34,-0.23,-0.91,4.94,-0.24,-0.11,0,0,-21.00
2000-10-13T13:00:00,-0.02,-2.44,0.86,0.37,0.07,0.27,5.18,-0.43,-0.15,0,0,-12.00
2000-10-13T14:00:00,0.01,-2.02,0.52,0.34,0.33,0.25,6.38,-0.48,-0.13,0,0,-9.00
2000-10-13T15:00:00,-0.47,-1.49,0.1,0.33,-0.24,0.77,6.41,-0.44,-0.06,0,0,-7.00
2000-10-13T16:00:00,-1.15,0.29,1.21,0.6,0.09,-0.25,4.23,-0.43,-0.12,0,0,-13.00
2000-10-13T17:00:00,-1.04,0.79,0.44,0.61,0.46,0.21,3.64,-0.39,-0.06,0,0,-24.00
2000-10-13T18:00:00,-0.79,1.94,-0.17,0.55,0.28,0.53,2.21,-0.59,-0.18,0,1,-24.00
2000-10-13T19:00:00,-1.05,1.84,0.05,0.59,0.38,0.41,1.19,-0.59,-0.19,0,1,-24.00
2000-10-13T20:00:00,-0.95,1.85,-0.04,0.6,0.44,0.37,0.48,-0.59,-0.19,0,1,-32.00
2000-10-13T21:00:00,-0.69,1.85,-0.24,0.68,0.53,0.22,0.29,-0.58,-0.19,0,1,-34.00
2000-10-13T22:00:00,-0.53,1.82,-0.39,0.68,0.45,0.12,0.16,-0.58,-0.19,0,1,-40.00
2000-10-13T23:00:00,-0.58,1.89,-0.51,0.69,0.5,-0.06,-0.07,-0.59,-0.19,0,1,-45.00
2000-10-14T00:00:00,-0.56,1.7,-0.76,0.68,0.41,-0.01,-0.2,-0.6,-0.19,0,1,-51.00
2000-10-14T01:00:00,-0.85,1.37,-0.97,0.71,0.32,-0.16,-0.09,-0.6,-0.19,0,1,-56.00
2000-10-14T02:00:00,-0.94,1.16,-1.13,0.68,0.31,-0.09,0.04,-0.61,-0.19,0,1,-57.00
2000-10-14T03:00:00,-0.63,1.16,-1.21,0.8,0.34,-0.16,0.33,-0.6,-0.19,0,1,-52.00
2000-10-14T04:00:00,-0.9,0.98,-1.24,0.77,0.3,-0.06,0.26,-0.58,-0.19,0,1,-57.00
2000-10-14T05:00:00,-1.1,0.5,-1.31,0.73,-0.14,0.21,0.1,-0.54,-0.19,0,1,-66.00
2000-10-14T06:00:00,-1.21,0.09,-1.21,0.81,-0.39,0.69,0.79,-0.47,-0.17,0,1,-83.00
2000-10-14T07:00:00,-1.51,-0.14,-0.93,0.67,-0.48,0.63,0.54,-0.51,-0.18,0,1,-96.00
2000-10-14T08:00:00,-1.41,-0.21,-1.2,0.65,-0.73,-0.04,0.04,-0.57,-0.19,0,1,-87.00
2000-10-14T09:00:00,-1.26,-0.19,-1.4,0.71,-0.83,-0.2,0.17,-0.57,-0.19,0,1,-96.00
2000-10-14T10:00:00,-1.22,-0.3,-1.5,0.69,-0.77,0.1,-0.17,-0.56,-0.19,0,1,-99.00
2000-10-14T11:00:00,-1.09,-0.42,-1.41,0.74,-1.0,-0.15,0.73,-0.57,-0.19,0,1,-81.00
2000-10-14T12:00:00,-1.05,-0.42,-1.44,0.77,-1.06,-0.16,0.71,-0.59,-0.19,0,1,-88.00
2000-10-14T13:00:00,-0.64,-0.55,-1.68,0.76,-1.26,-0.32,0.66,-0.56,-0.19,0,1,-93.00
2000-10-14T14:00:00,-0.85,-0.39,-1.62,0.55,-0.62,-0.21,0.27,-0.52,-0.19,0,1,-93.00
2000-10-14T15:00:00,-0.54,-0.44,-1.25,0.75,-1.45,-0.22,0.57,-0.47,-0.17,0,1,-107.00
2000-10-14T16:00:00,-0.19,-1.36,-1.46,1.0,-1.24,1.36,0.27,-0.5,-0.18,0,0,-100.00
2000-10-14T17:00:00,-0.21,-1.22,-1.72,0.81,-0.73,0.88,-0.06,-0.5,-0.19,0,0,-105.00
2000-10-14T18:00:00,-0.71,-0.2,-1.58,0.74,-0.99,0.06,-0.26,-0.38,-0.18,0,0,-91.00
2000-10-14T19:00:00,1.17,-0.79,0.61,0.54,-0.27,-0.22,0.62,-0.15,-0.12,0,0,-81.00
2000-10-14T20:00:00,1.46,-0.72,0.98,0.54,-0.19,0.01,0.79,-0.16,-0.14,0,0,-73.00
2000-10-14T21:00:00,1.73,-1.32,0.58,0.45,-0.48,-0.27,0.37,-0.08,-0.16,0,0,-68.00
2000-10-14T22:00:00,1.19,-0.77,-0.65,0.23,0.28,-0.35,0.41,0.25,-0.09,0,0,-67.00
2000-10-14T23:00:00,1.27,-1.22,-0.03,0.14,0.06,0.68,0.34,0.44,-0.09,0,0,-69.00
2000-10-15T00:00:00,1.5,-1.38,0.23,0.11,0.32,0.23,0.14,0.1,-0.15,0,0,-61.00
2000-10-15T01:00:00,1.17,-1.3,1.1,-0.03,0.65,0.97,0.21,-0.01,-0.15,0,0,-48.00
2000-10-15T02:00:00,1.19,-1.3,0.5,-0.11,1.06,0.01,0.03,0.33,-0.13,0,0,-42.00
2000-10-15T03:00:00,1.23,-1.15,0.39,-0.23,1.51,-0.49,-0.0,0.45,-0.11,0,0,-42.00
2000-10-15T04:00:00,0.89,-1.07,0.51,-0.25,1.17,-0.52,-0.03,0.81,-0.05,0,0,-44.00
2000-10-15T05:00:00,1.06,-0.86,0.65,-0.17,1.12,-0.54,0.03,0.62,-0.07,0,0,-45.00
2000-10-15T06:00:00,0.66,-0.5,1.13,-0.34,1.52,-0.1,0.08,0.49,-0.07,0,0,-43.00
2000-10-15T07:00:00,0.68,-0.86,0.96,-0.28,0.92,-0.7,0.17,0.53,-0.06,0,0,-41.00
2000-10-15T08:00:00,1.29,-0.72,0.77,0.02,0.91,-0.5,-0.03,0.13,-0.13,0,0,-40.00
2000-10-15T09:00:00,1.25,-0.07,0.65,-0.07,1.42,-0.9,0.03,0.12,-0.11,0,0,-39.00
2000-10-15T10:00:00,1.01,-0.35,0.59,-0.21,0.26,-0.27,-0.28,0.04,-0.12,0,0,-36.00
2000-10-15T11:00:00,1.15,-0.31,0.25,-0.22,0.09,-0.55,-0.32,-0.16,-0.14,0,0,-35.00
