2000-10-15T12:00:00,1.02,-0.34,0.47,-0.27,0.13,-0.02,-0.32,-0.1,-0.13,0,0,-35.00
2000-10-15T13:00:00,0.03,-1.03,0.78,-0.74,-0.78,0.47,-0.28,0.13,-0.12,0,0,-34.00
2000-10-15T14:00:00,0.24,-0.88,0.95,-0.63,-0.42,0.73,-0.23,0.24,-0.12,0,0,-35.00
2000-10-15T15:00:00,0.49,-1.04,0.67,-0.45,-0.6,0.19,-0.2,0.27,-0.11,0,0,-33.00
2000-10-15T16:00:00,0.49,-1.05,0.76,-0.42,-0.45,0.27,-0.23,0.08,-0.13,0,0,-30.00
2000-10-15T17:00:00,1.06,-0.77,0.22,-0.16,0.01,-0.66,-0.12,0.03,-0.12,0,0,-27.00
2000-10-15T18:00:00,1.14,-0.65,0.46,-0.11,0.12,-0.17,-0.18,-0.01,-0.13,1,0,-26.00
2000-10-15T19:00:00,0.92,-0.95,0.38,-0.19,-0.29,-0.36,-0.2,0.08,-0.12,1,0,-24.00
2000-10-15T20:00:00,1.12,-0.72,-0.17,-0.11,0.08,-1.69,-0.07,0.12,-0.11,1,0,-17.00
2000-10-15T21:00:00,0.91,-1.06,0.03,-0.25,-0.44,-1.07,-0.1,0.23,-0.1,1,0,-17.00
2000-10-15T22:00:00,0.75,-1.17,0.24,-0.33,-0.53,-0.84,-0.01,0.36,-0.08,1,0,-21.00
2000-10-15T23:00:00,0.6,-1.37,0.5,-0.43,-0.76,-0.49,0.04,0.41,-0.1,1,0,-22.00
2000-10-16T00:00:00,0.63,-0.13,-0.38,-0.67,0.85,-0.98,-0.09,0.86,0.24,1,0,-21.00
2000-10-16T01:00:00,0.22,0.46,-0.43,-0.87,0.88,-0.41,-0.22,1.18,0.29,1,0,-21.00
2000-10-16T02:00:00,0.92,-0.43,-0.34,-0.89,0.51,-1.44,-0.33,1.21,0.02,1,0,-37.00
2000-10-16T03:00:00,0.94,-0.96,0.25,-0.96,-0.12,-0.91,-0.39,0.96,-0.07,1,0,-40.00
2000-10-16T04:00:00,0.58,-0.92,0.55,-1.01,-0.13,-0.29,-0.41,0.93,-0.06,1,0,-36.00
2000-10-16T05:00:00,0.75,-0.86,0.46,-0.96,-0.25,-0.54,-0.4,0.68,-0.07,1,0,-33.00
2000-10-16T06:00:00,0.9,-0.47,0.46,-0.9,-0.03,-0.37,-0.45,0.28,-0.1,1,0,-35.00
2000-10-16T07:00:00,0.92,-0.47,0.4,-0.93,0.09,-0.57,-0.47,0.16,-0.11,1,0,-36.00
2000-10-16T08:00:00,0.75,-0.8,0.35,-1.03,-0.41,-0.59,-0.51,0.28,-0.12,1,0,-36.00
2000-10-16T09:00:00,0.96,-0.48,0.31,-0.91,-0.1,-0.43,-0.51,0.1,-0.13,1,0,-31.00
2000-10-16T10:00:00,0.89,-0.5,0.25,-0.93,-0.11,-0.41,-0.51,0.12,-0.11,1,0,-29.00
2000-10-16T11:00:00,1.13,-0.16,0.16,-0.8,0.26,-0.61,-0.53,-0.05,-0.14,1,0,-30.00
2000-10-16T12:00:00,1.05,0.11,0.29,-0.84,0.53,0.06,-0.54,0.04,-0.13,1,0,-28.00
2000-10-16T13:00:00,0.63,0.22,0.36,-0.86,0.6,0.14,-0.5,0.23,-0.03,0,0,-26.00
2000-10-16T14:00:00,0.41,-0.02,0.58,-0.95,0.2,0.58,-0.5,0.2,-0.02,0,0,-26.00
2000-10-16T15:00:00,0.22,0.3,0.45,-1.0,0.68,0.34,-0.52,0.15,0.04,0,0,-25.00
2000-10-16T16:00:00,0.84,0.3,0.12,-0.74,0.79,0.03,-0.5,0.21,-0.07,0,0,-23.00
2000-10-16T17:00:00,0.66,0.41,0.29,-0.85,0.55,0.07,-0.54,0.12,-0.08,0,0,-19.00
2000-10-16T18:00:00,1.08,0.25,0.1,-0.67,0.5,-0.09,-0.56,-0.05,-0.15,0,0,-19.00
2000-10-16T19:00:00,0.92,0.47,0.1,-0.69,0.92,-0.21,-0.5,0.14,-0.11,0,0,-14.00
2000-10-16T20:00:00,0.74,0.49,-0.23,-0.77,0.9,-1.0,-0.49,0.18,-0.09,0,0,-15.00
2000-10-16T21:00:00,0.81,0.04,-0.13,-0.68,0.35,-0.79,-0.5,0.13,-0.07,0,0,-13.00
2000-10-16T22:00:00,0.89,-0.01,0.14,-0.59,0.25,-0.2,-0.46,0.03,-0.09,0,0,-13.00
2000-10-16T23:00:00,0.79,-0.3,0.37,-0.61,-0.5,0.38,-0.45,0.14,-0.08,0,0,-13.00
2000-10-17T00:00:00,0.87,0.12,-0.16,-0.54,0.47,-1.19,-0.4,0.07,-0.08,0,0,-14.00
2000-10-17T01:00:00,0.72,-0.27,0.15,-0.6,-0.27,-0.51,-0.32,0.17,0.02,0,0,-13.00
2000-10-17T02:00:00,0.65,-0.65,0.16,-0.67,-0.97,-0.29,-0.43,0.16,-0.07,0,0,-14.00
2000-10-17T03:00:00,0.94,-0.29,0.14,-0.54,-0.43,-0.56,-0.45,-0.05,-0.12,0,0,-16.00
2000-10-17T04:00:00,0.81,-0.15,0.24,-0.49,-0.05,-0.29,-0.4,-0.11,-0.09,0,0,-19.00
2000-10-17T05:00:00,0.36,-0.62,0.21,-0.66,-0.94,-0.61,-0.29,-0.05,-0.02,0,0,-18.00
2000-10-17T06:00:00,0.25,-0.88,0.36,-0.69,-1.17,-0.34,-0.33,0.09,-0.08,0,0,-16.00
2000-10-17T07:00:00,0.53,-0.85,0.04,-0.57,-1.34,-1.31,-0.24,0.13,-0.06,0,0,-12.00
2000-10-17T08:00:00,0.67,-0.58,0.1,-0.49,-0.89,-1.26,-0.26,0.13,-0.03,0,0,-13.00
2000-10-17T09:00:00,0.89,-0.62,0.28,-0.41,-0.57,-1.09,-0.32,0.11,-0.1,0,0,-14.00
2000-10-17T10:00:00,0.26,-0.54,0.57,-0.59,-0.78,-0.45,-0.32,0.08,-0.04,0,0,-11.00
2000-10-17T11:00:00,0.06,-0.79,0.51,-0.62,-1.07,-0.5,-0.33,0.08,-0.07,0,0,-9.00
2000-10-17T12:00:00,0.67,-0.3,0.6,-0.25,-0.52,-0.34,-0.3,-0.04,-0.09,0,0,-11.00
2000-10-17T13:00:00,0.68,0.61,0.57,-0.23,0.86,-0.41,-0.34,-0.1,-0.13,0,0,-12.00
2000-10-17T14:00:00,0.77,0.13,0.48,-0.12,0.38,-0.03,-0.32,-0.13,-0.1,0,0,-10.00
2000-10-17T15:00:00,0.76,-0.4,-0.01,-0.11,-0.43,-0.93,-0.3,-0.14,-0.09,0,0,-12.00
2000-10-17T16:00:00,0.83,-0.15,0.51,-0.07,0.08,0.8,0.18,-0.14,-0.06,0,0,-16.00
2000-10-17T17:00:00,0.84,-0.2,0.49,-0.02,-0.01,0.04,-0.21,-0.05,-0.09,0,0,-14.00
2000-10-17T18:00:00,0.92,0.36,0.18,-0.03,0.85,-0.45,-0.22,-0.04,-0.09,0,0,-13.00
2000-10-17T19:00:00,0.83,0.63,-0.0,-0.04,1.93,-0.59,-0.2,-0.11,-0.11,0,0,-9.00
2000-10-17T20:00:00,0.88,0.49,-0.24,-0.01,1.16,-1.24,-0.23,-0.13,-0.12,0,0,-5.00
2000-10-17T21:00:00,0.7,-0.25,0.04,-0.06,0.01,-0.45,-0.22,-0.12,-0.03,0,0,-11.00
2000-10-17T22:00:00,0.76,-0.55,0.12,0.01,-0.43,-0.39,-0.29,-0.24,-0.12,0,0,-16.00
2000-10-17T23:00:00,0.87,-0.38,-0.02,0.14,-0.17,-0.86,-0.39,-0.35,-0.15,0,0,-15.00
2000-10-18T00:00:00,0.9,0.1,-0.15,0.07,0.73,-1.05,-0.27,-0.23,-0.12,0,0,-13.00
2000-10-18T01:00:00,0.78,-0.34,0.13,0.01,0.08,-0.29,-0.17,-0.15,-0.07,0,0,-14.00
2000-10-18T02:00:00,0.75,-0.41,0.31,0.03,-0.1,-0.09,-0.15,-0.06,-0.05,0,0,-15.00
2000-10-18T03:00:00,0.61,-0.58,0.36,-0.02,-0.43,0.03,-0.15,-0.08,-0.06,0,0,-16.00
2000-10-18T04:00:00,0.92,-0.36,0.17,0.08,-0.22,-0.12,-0.15,-0.23,-0.11,0,0,-14.00
2000-10-18T05:00:00,0.91,-0.18,0.21,0.05,0.04,-0.01,0.0,-0.2,-0.08,0,0,-14.00
2000-10-18T06:00:00,0.82,0.08,0.4,0.04,0.43,0.03,-0.05,-0.16,-0.07,0,0,-16.00
2000-10-18T07:00:00,0.85,-0.09,0.44,0.05,0.13,-0.02,-0.0,-0.17,-0.08,0,0,-14.00
2000-10-18T08:00:00,0.74,0.28,0.45,0.02,0.5,-0.14,-0.03,-0.22,-0.08,0,0,-11.00
2000-10-18T09:00:00,0.75,-0.14,0.57,0.06,-0.09,0.25,-0.05,-0.22,-0.1,0,0,-11.00
2000-10-18T10:00:00,0.87,0.1,0.01,0.12,0.44,-0.87,-0.01,-0.24,-0.07,0,0,-13.00
2000-10-18T11:00:00,0.67,-0.44,0.45,0.08,-0.42,0.01,-0.06,-0.26,-0.1,0,0,-14.00
2000-10-18T12:00:00,0.76,-0.51,0.2,0.14,-0.49,-0.5,-0.05,-0.25,-0.09,0,0,-11.00
2000-10-18T13:00:00,0.84,-0.51,-0.2,0.18,-0.49,-1.34,-0.11,-0.28,-0.13,0,0,-8.00
2000-10-18T14:00:00,0.82,0.27,-0.31,0.16,0.74,-1.46,-0.04,-0.22,-0.1,0,0,-8.00
2000-10-18T15:00:00,0.92,0.51,-0.03,0.24,1.17,-0.91,-0.02,-0.15,-0.1,0,0,-5.00
2000-10-18T16:00:00,0.81,0.65,-0.07,0.21,1.21,-0.95,-0.01,-0.22,-0.11,0,0,-2.00
2000-10-18T17:00:00,0.72,0.66,-0.22,0.2,1.41,-1.16,-0.12,-0.26,-0.13,0,0,-6.00
2000-10-18T18:00:00,0.8,0.61,-0.15,0.27,1.47,-0.96,-0.08,-0.22,-0.11,0,0,-8.00
2000-10-18T19:00:00,0.81,0.2,-0.11,0.29,0.75,-0.81,-0.08,-0.25,-0.09,0,0,-10.00
2000-10-18T20:00:00,0.8,0.39,-0.02,0.3,1.02,-0.78,-0.03,-0.24,-0.09,0,0,-11.00
2000-10-18T21:00:00,0.96,-0.18,0.03,0.42,0.65,-0.62,-0.01,-0.19,-0.09,0,0,-12.00
2000-10-18T22:00:00,0.93,0.23,0.08,0.43,1.22,-0.43,0.01,-0.21,-0.09,0,0,-12.00
2000-10-18T23:00:00,0.98,0.26,0.05,0.44,1.12,-0.5,0.06,-0.14,-0.08,0,0,-12.00
2000-10-19T00:00:00,0.79,0.48,-0.0,0.35,1.19,-0.55,0.12,-0.21,-0.07,0,0,-19.00
2000-10-19T01:00:00,0.91,0.16,0.01,0.44,0.84,-0.61,0.17,-0.17,-0.05,0,0,-17.00
2000-10-19T02:00:00,0.85,-0.48,-0.16,0.44,0.01,-0.97,0.21,-0.12,-0.06,0,0,-15.00
2000-10-19T03:00:00,1.0,0.04,-0.17,0.48,0.59,-1.01,0.25,-0.18,-0.07,0,0,-17.00
2000-10-19T04:00:00,0.84,0.55,0.12,0.37,1.03,-0.67,0.3,-0.19,-0.07,0,0,-14.00
2000-10-19T05:00:00,0.93,0.07,0.15,0.43,0.51,-0.5,0.42,-0.1,0.01,0,0,-11.00
2000-10-19T06:00:00,0.63,-0.59,0.47,0.35,-0.3,-0.09,0.28,-0.18,-0.06,0,0,-9.00
2000-10-19T07:00:00,0.66,-0.69,0.1,0.37,-0.47,-0.52,0.2,-0.15,-0.05,0,0,-7.00
2000-10-19T08:00:00,0.43,-0.93,0.37,0.3,-0.65,-0.03,0.17,-0.2,-0.1,0,0,-10.00
2000-10-19T09:00:00,0.46,-0.76,0.54,0.33,-0.41,0.23,0.24,-0.15,-0.07,0,0,-12.00
2000-10-19T10:00:00,0.18,-0.85,0.33,0.24,-0.47,-0.32,0.23,-0.16,-0.04,0,0,-10.00
2000-10-19T11:00:00,-0.2,-0.85,0.63,0.18,-0.47,0.24,0.12,-0.21,-0.1,0,0,-9.00
2000-10-19T12:00:00,0.48,-0.47,0.58,0.4,-0.05,0.29,0.14,-0.13,-0.03,0,0,-10.00
2000-10-19T13:00:00,-0.11,-0.74,0.6,0.25,-0.28,0.25,-0.02,-0.3,-0.12,0,0,-9.00
2000-10-19T14:00:00,-0.07,-0.49,0.73,0.3,-0.05,0.54,-0.01,-0.31,-0.11,0,0,-11.00
2000-10-19T15:00:00,0.47,-0.26,0.55,0.5,0.3,0.29,-0.0,-0.25,-0.05,0,0,-10.00
2000-10-19T16:00:00,0.75,0.05,0.23,0.6,0.58,-0.07,0.13,-0.18,0.0,0,0,-9.00
2000-10-19T17:00:00,0.2,-0.42,0.32,0.4,-0.0,-0.02,0.03,-0.27,0.09,0,0,-5.00
2000-10-19T18:00:00,0.24,-0.18,0.47,0.49,0.83,0.18,0.02,-0.26,0.09,0,0,-4.00
2000-10-19T19:00:00,0.2,-0.67,0.45,0.4,-0.29,0.25,0.0,-0.29,-0.08,0,0,-2.00
2000-10-19T20:00:00,0.33,-0.52,0.29,0.45,-0.29,0.06,0.06,-0.24,0.02,0,0,-4.00
2000-10-19T21:00:00,0.35,-0.57,0.15,0.43,-0.29,-0.25,0.12,-0.28,0.01,0,0,-4.00
2000-10-19T22:00:00,0.86,-0.35,0.24,0.6,-0.14,-0.01,0.26,-0.27,-0.07,0,0,-3.00
2000-10-19T23:00:00,-0.06,-0.36,0.9,0.32,-0.08,0.72,0.11,-0.37,-0.13,0,0,-4.00
2000-10-20T00:00:00,-0.21,-0.18,0.94,0.26,0.17,0.6,0.12,-0.38,-0.14,0,0,-1.00
2000-10-20T01:00:00,-0.35,-0.48,0.87,0.27,-0.45,0.25,0.21,-0.36,-0.13,0,0,2.00
2000-10-20T02:00:00,-0.1,-0.9,0.4,0.35,-0.73,-0.24,0.34,-0.28,-0.08,0,0,1.00
2000-10-20T03:00:00,-0.16,-0.59,0.77,0.32,-0.57,0.16,0.25,-0.29,-0.1,0,0,0.00
2000-10-20T04:00:00,0.6,-0.62,0.04,0.43,-0.51,-0.36,0.32,-0.14,0.01,0,0,-1.00
2000-10-20T05:00:00,-0.03,-0.53,0.51,0.3,-0.46,-0.06,0.18,-0.14,0.04,0,0,-1.00
2000-10-20T06:00:00,-0.59,-0.42,0.74,0.18,-0.35,0.28,0.17,-0.2,-0.09,0,0,-2.00
2000-10-20T07:00:00,-0.25,-0.41,0.69,0.26,-0.19,0.14,0.14,-0.2,-0.05,0,0,0.00
2000-10-20T08:00:00,-0.12,-0.57,0.65,0.29,-0.26,0.16,0.01,-0.21,-0.07,0,0,0.00
2000-10-20T09:00:00,0.01,-0.59,0.48,0.31,-0.24,0.06,-0.11,-0.19,-0.04,0,0,-2.00
2000-10-20T10:00:00,-0.58,0.04,0.61,0.18,0.21,0.17,-0.15,-0.25,-0.09,0,0,-3.00
2000-10-20T11:00:00,0.0,-0.6,0.46,0.39,-0.22,-0.19,-0.33,-0.24,-0.09,0,0,-4.00
2000-10-20T12:00:00,-0.13,-0.62,0.45,0.38,-0.45,-0.36,-0.26,-0.27,-0.09,0,0,-6.00
2000-10-20T13:00:00,-0.46,-0.44,0.36,0.26,-0.39,-0.22,-0.23,-0.35,-0.1,0,0,-7.00
2000-10-20T14:00:00,-0.24,-0.5,0.55,0.32,-0.29,0.11,-0.32,-0.35,-0.12,0,0,-3.00
2000-10-20T15:00:00,-0.5,-0.57,0.3,0.29,-0.37,0.09,-0.42,-0.44,-0.15,0,0,-1.00
2000-10-20T16:00:00,-0.18,-0.64,0.2,0.46,-0.62,-0.05,-0.39,-0.45,-0.14,0,0,-1.00
2000-10-20T17:00:00,0.39,-0.59,0.19,0.68,-0.6,0.13,-0.16,-0.45,-0.12,0,0,-2.00
2000-10-20T18:00:00,0.36,-0.39,0.0,0.36,0.47,0.02,-0.47,-0.22,-0.01,0,0,-1.00
2000-10-20T19:00:00,-0.42,-0.32,0.44,0.43,0.18,-0.17,-0.5,-0.15,-0.08,0,0,-1.00
2000-10-20T20:00:00,-0.18,0.07,0.38,0.55,-0.14,-0.18,-0.51,-0.32,0.0,0,0,-3.00
2000-10-20T21:00:00,0.31,0.14,0.26,0.68,0.51,0.25,-0.46,-0.34,0.03,0,0,-4.00
2000-10-20T22:00:00,0.09,-0.54,0.29,0.64,-0.26,0.49,-0.31,-0.43,-0.11,0,0,-7.00
2000-10-20T23:00:00,-0.31,-0.62,0.1,0.62,-0.29,0.31,-0.34,-0.5,-0.15,0,0,-6.00
2000-10-21T00:00:00,-0.51,-0.61,0.1,0.71,-0.3,0.52,-0.29,-0.53,-0.16,0,0,-5.00
2000-10-21T01:00:00,-0.4,-0.65,0.19,0.78,-0.35,0.6,-0.29,-0.54,-0.17,0,0,-3.00
2000-10-21T02:00:00,-0.29,-0.62,0.31,0.81,-0.38,0.76,-0.26,-0.54,-0.16,0,0,-4.00
2000-10-21T03:00:00,-0.18,-0.68,0.41,0.79,-0.45,0.67,-0.28,-0.53,-0.17,0,0,-4.00
2000-10-21T04:00:00,-0.16,-0.56,0.5,0.78,-0.33,0.74,-0.26,-0.5,-0.15,0,0,-3.00
2000-10-21T05:00:00,-0.25,-0.52,0.49,0.74,-0.42,0.7,-0.19,-0.47,-0.14,0,0,-2.00
2000-10-21T06:00:00,-0.21,-0.62,0.46,0.77,-0.65,0.57,-0.18,-0.47,-0.15,0,0,1.00
2000-10-21T07:00:00,0.41,-0.57,0.22,0.9,-0.32,0.29,-0.31,-0.35,-0.11,0,0,3.00
2000-10-21T08:00:00,0.14,-0.52,0.44,0.83,-0.39,0.49,-0.27,-0.42,-0.12,0,0,3.00
2000-10-21T09:00:00,-0.19,-0.22,0.53,0.76,-0.19,0.47,-0.2,-0.45,-0.1,0,0,4.00
2000-10-21T10:00:00,0.32,-0.36,0.26,0.89,-0.29,0.21,-0.08,-0.31,0.05,0,0,6.00
2000-10-21T11:00:00,0.03,-0.19,0.64,0.86,-0.13,0.54,-0.14,-0.46,-0.12,0,0,7.00
2000-10-21T12:00:00,0.08,-0.08,0.61,0.89,0.01,0.55,-0.13,-0.46,-0.11,0,0,6.00
2000-10-21T13:00:00,0.36,-0.53,0.19,0.98,-0.45,0.11,-0.1,-0.4,-0.08,0,0,3.00
2000-10-21T14:00:00,0.58,-0.29,-0.11,1.04,-0.21,-0.16,-0.08,-0.4,-0.08,0,0,1.00
2000-10-21T15:00:00,0.38,-0.37,0.31,1.01,-0.34,0.31,-0.08,-0.42,-0.06,0,0,-2.00
2000-10-21T16:00:00,0.38,-0.41,0.18,1.03,-0.39,0.27,-0.07,-0.41,-0.04,0,0,-1.00
2000-10-21T17:00:00,0.49,-0.28,0.02,1.1,-0.29,-0.14,-0.04,-0.35,0.01,0,0,1.00
2000-10-21T18:00:00,0.58,-0.08,0.18,1.15,-0.31,0.27,0.0,-0.4,-0.04,0,0,2.00
2000-10-21T19:00:00,0.59,-0.1,0.2,1.14,-0.25,0.43,0.08,-0.41,-0.04,0,0,6.00
2000-10-21T20:00:00,0.5,-0.36,0.27,1.09,-0.37,0.29,0.05,-0.34,-0.03,0,0,12.00
2000-10-21T21:00:00,0.5,-0.32,0.43,1.08,-0.23,0.41,0.04,-0.39,-0.08,0,0,13.00
2000-10-21T22:00:00,0.52,-0.18,0.43,1.12,-0.25,0.38,0.06,-0.38,-0.06,0,0,14.00
2000-10-21T23:00:00,0.62,-0.32,0.12,1.15,-0.43,0.06,0.06,-0.37,-0.06,0,0,14.00
2000-10-22T00:00:00,0.38,-0.46,0.03,1.09,-0.56,0.11,0.09,-0.42,-0.04,0,0,12.00
2000-10-22T01:00:00,0.13,-0.36,0.41,1.07,-0.56,0.34,0.13,-0.47,-0.05,0,0,9.00
2000-10-22T02:00:00,0.54,-0.4,-0.05,1.15,-0.63,0.08,0.14,-0.42,-0.07,0,0,7.00
2000-10-22T03:00:00,0.55,-0.52,0.2,1.1,-0.68,0.41,0.02,-0.41,-0.1,0,0,4.00
2000-10-22T04:00:00,0.49,-0.54,0.17,1.04,-0.64,0.54,0.04,-0.39,-0.08,0,0,3.00
2000-10-22T05:00:00,-0.13,-0.02,0.54,1.01,-0.87,0.6,0.42,-0.45,-0.02,1,0,4.00
2000-10-22T06:00:00,0.39,-0.19,0.82,0.97,-1.07,0.98,0.75,-0.42,-0.11,1,0,9.00
2000-10-22T07:00:00,0.71,-0.58,0.73,0.91,-1.26,1.17,1.41,-0.4,-0.1,1,0,15.00
2000-10-22T08:00:00,0.85,-0.74,0.79,0.95,-1.5,1.45,1.69,-0.43,-0.13,1,0,19.00
2000-10-22T09:00:00,0.68,-0.1,0.76,0.82,-1.32,1.48,2.96,-0.41,-0.02,1,0,25.00
2000-10-22T10:00:00,-1.23,1.88,0.24,0.38,0.17,1.62,0.74,-0.02,-0.15,1,0,20.00
2000-10-22T11:00:00,-1.09,2.11,0.24,0.26,0.54,1.74,-0.2,0.5,-0.16,1,0,7.00
2000-10-22T12:00:00,-1.18,1.67,-0.15,-0.08,0.98,0.96,-0.05,0.86,-0.12,1,0,5.00
2000-10-22T13:00:00,-1.19,1.51,-0.09,-0.28,0.38,0.51,-0.18,1.22,-0.11,1,0,-2.00
2000-10-22T14:00:00,-1.39,0.64,-0.5,-0.39,0.91,0.37,-0.15,0.77,-0.1,1,0,-1.00
2000-10-22T15:00:00,-1.12,0.71,-0.19,-0.58,0.28,-0.68,-0.22,0.64,-0.08,1,0,-7.00
2000-10-22T16:00:00,-1.11,0.39,-0.36,-0.56,1.01,-0.31,-0.18,0.78,-0.04,1,0,-15.00
2000-10-22T17:00:00,-1.05,0.54,0.05,-0.57,0.9,-0.74,-0.18,0.86,-0.0,1,0,-15.00
2000-10-22T18:00:00,-0.98,0.56,-0.25,-0.57,1.01,0.28,-0.14,1.19,0.04,1,0,-28.00
2000-10-22T19:00:00,-0.66,0.95,-0.47,-0.61,0.8,0.59,-0.11,1.47,0.03,1,0,-34.00
2000-10-22T20:00:00,-0.5,1.5,-0.45,-0.53,0.59,0.21,-0.13,1.61,-0.05,1,0,-41.00
2000-10-22T21:00:00,-0.51,1.61,0.1,-0.34,0.89,-0.27,-0.12,1.68,-0.05,1,0,-37.00
2000-10-22T22:00:00,-0.84,1.59,0.03,-0.27,1.25,-0.26,-0.15,1.41,-0.08,1,0,-36.00
2000-10-22T23:00:00,-0.56,1.41,0.28,-0.6,2.06,-0.55,-0.08,1.29,-0.04,1,0,-36.00
2000-10-23T00:00:00,-1.18,1.5,0.01,-0.36,1.76,-0.12,-0.15,0.72,-0.12,1,0,-38.00
2000-10-23T01:00:00,0.17,1.38,0.03,-0.63,0.65,0.8,-0.22,0.89,-0.07,1,0,-42.00
2000-10-23T02:00:00,0.19,1.27,0.48,-0.32,-0.27,-0.17,-0.11,1.2,-0.01,1,0,-37.00
2000-10-23T03:00:00,0.2,0.93,0.95,-0.51,0.67,-0.57,-0.22,0.86,-0.07,1,0,-25.00
2000-10-23T04:00:00,0.16,1.05,0.12,-0.51,0.5,-0.09,-0.07,1.08,0.1,1,0,-26.00
2000-10-23T05:00:00,-0.3,0.88,-0.16,-0.39,0.56,-0.63,-0.13,0.83,0.08,1,0,-36.00
2000-10-23T06:00:00,-0.84,0.38,-0.55,-0.28,1.19,-0.38,-0.18,0.54,-0.04,1,0,-38.00
2000-10-23T07:00:00,-0.62,0.28,-0.21,-0.57,0.7,-0.39,-0.39,0.27,0.01,1,0,-47.00
2000-10-23T08:00:00,-0.45,0.29,-0.31,-0.68,0.66,-0.08,-0.45,0.25,0.02,1,0,-53.00
2000-10-23T09:00:00,-0.35,0.39,-0.3,-0.72,0.59,-0.31,-0.42,0.23,0.03,0,0,-44.00
2000-10-23T10:00:00,0.57,0.34,-0.15,-1.09,0.5,-0.41,-0.44,0.17,0.0,0,0,-36.00
2000-10-23T11:00:00,-0.24,0.14,-0.21,-0.71,0.77,-0.46,-0.49,0.21,0.29,0,0,-29.00
2000-10-23T12:00:00,-0.69,0.22,-0.28,-0.43,0.75,-0.27,-0.44,0.21,-0.04,0,0,-29.00
2000-10-23T13:00:00,-0.81,0.12,-0.04,-0.27,0.77,-0.45,-0.4,0.15,-0.04,0,0,-25.00
2000-10-23T14:00:00,-0.41,0.21,0.19,-0.3,0.36,-0.75,-0.44,0.31,0.28,0,0,-24.00
2000-10-23T15:00:00,-0.0,0.34,0.4,-0.21,0.16,-0.96,-0.37,0.26,0.24,0,0,-28.00
2000-10-23T16:00:00,-0.52,0.17,0.3,-0.06,0.39,-0.52,-0.39,0.28,0.13,0,0,-28.00
2000-10-23T17:00:00,0.6,0.34,0.38,-0.45,-0.04,-0.76,-0.44,-0.07,-0.08,0,0,-27.00
2000-10-23T18:00:00,-0.06,0.11,0.58,-0.2,0.66,-1.06,-0.42,0.16,0.07,0,0,-26.00
2000-10-23T19:00:00,0.57,0.5,0.28,-0.43,-0.07,-0.36,-0.38,0.03,-0.05,0,0,-20.00
2000-10-23T20:00:00,0.59,0.41,0.01,-0.42,-0.04,0.07,-0.38,-0.06,-0.05,0,0,-17.00
2000-10-23T21:00:00,-0.11,0.35,-0.04,-0.06,0.25,0.12,-0.43,0.09,0.33,0,0,-13.00
2000-10-23T22:00:00,-0.01,0.64,-0.35,-0.08,-0.2,0.58,-0.49,-0.18,-0.12,0,0,-14.00
2000-10-23T23:00:00,-0.18,0.71,-0.34,0.02,-0.33,0.5,-0.49,-0.1,-0.12,0,0,-19.00
2000-10-24T00:00:00,-0.31,0.41,-0.38,0.07,0.23,0.56,-0.51,-0.22,-0.11,0,0,-21.00
2000-10-24T01:00:00,-0.5,0.3,-0.27,0.15,0.4,0.1,-0.41,-0.18,-0.08,0,0,-19.00
2000-10-24T02:00:00,-0.28,0.59,-0.16,0.08,-0.1,-0.05,-0.45,-0.15,-0.08,0,0,-21.00
2000-10-24T03:00:00,-0.28,0.71,-0.18,0.08,-0.62,0.03,-0.46,-0.04,-0.1,0,0,-24.00
2000-10-24T04:00:00,-0.58,0.51,-0.16,0.3,-0.52,-0.01,-0.46,-0.08,-0.1,0,0,-26.00
2000-10-24T05:00:00,-0.93,0.04,0.15,0.44,0.38,-1.05,-0.52,-0.33,-0.15,0,0,-27.00
2000-10-24T06:00:00,-0.58,0.25,-0.24,0.31,0.07,-0.29,-0.48,-0.23,-0.11,0,0,-28.00
2000-10-24T07:00:00,0.26,0.31,-0.58,-0.07,-0.04,0.59,-0.51,-0.27,-0.14,0,0,-28.00
2000-10-24T08:00:00,0.57,0.4,-0.53,-0.17,-0.4,0.53,-0.5,-0.3,-0.15,0,0,-31.00
2000-10-24T09:00:00,-0.33,0.02,-0.63,0.24,0.18,0.29,-0.45,-0.14,-0.12,0,0,-32.00
2000-10-24T10:00:00,-0.64,-0.2,-0.53,0.34,0.46,-0.03,-0.53,-0.14,-0.14,0,0,-26.00
2000-10-24T11:00:00,-0.63,-0.26,-0.45,0.37,0.67,-0.11,-0.57,-0.19,-0.14,0,0,-32.00
2000-10-24T12:00:00,-0.55,-0.13,-0.37,0.37,0.49,0.2,-0.49,-0.04,-0.08,0,0,-35.00
2000-10-24T13:00:00,-0.39,0.11,-0.17,0.32,0.37,-0.06,-0.47,0.31,0.25,0,0,-40.00
2000-10-24T14:00:00,-0.07,0.32,0.49,0.24,0.01,-1.53,-0.46,0.24,0.08,0,0,-36.00
2000-10-24T15:00:00,-0.53,0.18,-0.04,0.54,0.32,-0.29,-0.48,0.31,0.12,0,0,-32.00
2000-10-24T16:00:00,-0.52,-0.04,-0.26,0.55,0.83,0.56,-0.5,0.26,0.03,0,0,-29.00
2000-10-24T17:00:00,-0.21,0.34,-0.12,0.49,0.42,0.53,-0.5,0.4,0.3,0,0,-28.00
2000-10-24T18:00:00,-0.11,0.4,-0.4,0.39,0.07,1.62,-0.42,-0.04,-0.05,0,0,-25.00
2000-10-24T19:00:00,-0.75,0.39,-0.12,0.88,-0.3,0.53,-0.6,-0.35,-0.16,0,0,-21.00
2000-10-24T20:00:00,-0.48,0.58,-0.21,0.7,-0.56,0.76,-0.6,-0.21,-0.14,0,0,-18.00
2000-10-24T21:00:00,0.0,0.45,-0.03,0.46,-0.45,0.23,-0.57,0.03,0.06,0,0,-19.00
2000-10-24T22:00:00,-0.82,-0.4,0.04,0.96,1.64,-0.01,-0.63,-0.34,-0.16,0,0,-22.00
2000-10-24T23:00:00,-0.38,0.71,-0.03,0.68,-0.76,0.18,-0.59,0.04,-0.11,0,0,-24.00
2000-10-25T00:00:00,-0.19,0.86,0.12,0.61,-0.98,-0.26,-0.6,-0.11,-0.14,0,0,-24.00
2000-10-25T01:00:00,-0.27,0.86,0.11,0.67,-1.35,-0.24,-0.68,-0.36,-0.17,0,0,-23.00
2000-10-25T02:00:00,0.16,0.98,0.27,0.35,-1.36,-0.81,-0.68,-0.46,-0.18,0,0,-23.00
2000-10-25T03:00:00,-0.0,0.93,0.3,0.46,-1.34,-0.95,-0.66,-0.44,-0.18,0,0,-23.00
2000-10-25T04:00:00,0.07,0.89,0.35,0.39,-0.95,-1.09,-0.6,-0.42,-0.17,0,0,-22.00
2000-10-25T05:00:00,0.08,0.96,0.3,0.4,-1.08,-0.86,-0.6,-0.45,-0.18,0,0,-21.00
2000-10-25T06:00:00,0.54,0.92,-0.09,0.06,-1.42,0.47,-0.64,-0.42,-0.18,0,0,-21.00
2000-10-25T07:00:00,-0.36,0.89,-0.31,0.75,-1.16,0.88,-0.62,-0.42,-0.18,0,0,-21.00
2000-10-25T08:00:00,-0.44,0.83,-0.18,0.81,-1.26,0.56,-0.63,-0.37,-0.17,0,0,-22.00
2000-10-25T09:00:00,-0.7,0.1,-0.36,1.01,0.29,1.14,-0.58,-0.26,-0.15,0,0,-25.00
2000-10-25T10:00:00,-0.15,0.52,-0.57,0.65,-0.27,1.58,-0.56,-0.34,-0.16,0,0,-24.00
2000-10-25T11:00:00,-0.28,0.56,-0.65,0.72,-0.29,1.63,-0.56,-0.34,-0.17,0,0,-24.00
2000-10-25T12:00:00,-0.33,0.29,-0.67,0.71,0.22,1.43,-0.52,-0.23,-0.15,0,0,-28.00
2000-10-25T13:00:00,-0.43,0.1,-0.51,0.71,0.54,0.81,-0.45,-0.18,-0.11,0,0,-32.00
2000-10-25T14:00:00,0.12,0.74,0.5,0.51,-0.44,-0.69,-0.43,0.06,-0.09,0,0,-30.00
2000-10-25T15:00:00,0.25,0.37,0.52,0.47,0.13,-0.82,-0.36,0.12,0.02,0,0,-22.00
2000-10-25T16:00:00,0.15,0.73,-0.06,0.53,-0.38,0.17,-0.38,0.06,-0.04,0,0,-14.00
2000-10-25T17:00:00,0.26,0.64,-0.2,0.5,-0.48,0.36,-0.4,-0.08,-0.07,0,0,-13.00
2000-10-25T18:00:00,0.15,0.74,-0.12,0.54,-0.6,0.15,-0.37,-0.14,-0.09,0,0,-15.00
2000-10-25T19:00:00,0.33,0.76,0.1,0.48,-0.67,-0.04,-0.4,-0.19,-0.11,0,0,-14.00
2000-10-25T20:00:00,0.07,0.74,0.2,0.63,-0.66,-0.16,-0.38,-0.2,-0.1,0,0,-11.00
2000-10-25T21:00:00,0.01,0.77,-0.08,0.63,-0.59,0.28,-0.37,-0.25,-0.11,0,0,-11.00
2000-10-25T22:00:00,-0.22,0.65,-0.29,0.69,-0.55,0.47,-0.36,-0.27,-0.12,0,0,-11.00
2000-10-25T23:00:00,-0.03,0.86,0.07,0.67,-0.84,-0.02,-0.34,-0.35,-0.14,0,0,-13.00
2000-10-26T00:00:00,-0.16,0.81,-0.09,0.76,-0.85,0.23,-0.36,-0.4,-0.15,0,0,-24.00
2000-10-26T01:00:00,-0.25,0.84,0.06,0.8,-0.89,-0.21,-0.34,-0.39,-0.15,0,0,-24.00
2000-10-26T02:00:00,-0.25,0.88,-0.1,0.81,-1.15,-0.08,-0.39,-0.45,-0.16,0,0,-21.00
2000-10-26T03:00:00,-0.39,0.5,-0.45,0.88,-0.62,0.52,-0.37,-0.5,-0.17,0,0,-18.00
2000-10-26T04:00:00,-0.4,0.55,-0.43,0.9,-0.6,0.39,-0.38,-0.5,-0.17,0,0,-17.00
2000-10-26T05:00:00,-0.25,0.43,-0.62,0.88,-0.32,0.52,-0.36,-0.45,-0.16,0,0,-22.00
2000-10-26T06:00:00,-0.07,-0.3,-0.78,0.86,0.2,0.72,-0.42,-0.47,-0.17,0,0,-28.00
2000-10-26T07:00:00,-0.04,-0.45,-0.54,0.89,0.44,0.49,-0.47,-0.46,-0.16,0,0,-32.00
2000-10-26T08:00:00,-0.36,0.3,-0.27,1.01,-0.29,0.36,-0.3,-0.42,-0.11,0,0,-36.00
2000-10-26T09:00:00,-0.42,0.62,-0.14,1.09,-0.66,0.08,-0.35,-0.44,-0.15,0,0,-36.00
2000-10-26T10:00:00,-0.46,0.39,-0.25,1.07,-0.38,0.1,-0.36,-0.43,-0.14,0,0,-30.00
2000-10-26T11:00:00,-0.66,0.06,-0.16,1.19,-0.02,0.32,-0.32,-0.42,-0.13,0,0,-29.00
2000-10-26T12:00:00,-0.38,0.2,-0.21,1.08,-0.0,0.86,1.59,-0.43,0.19,0,0,-29.00
2000-10-26T13:00:00,-0.07,0.54,-0.31,1.03,0.22,-1.3,0.63,-0.47,-0.08,0,0,-29.00
2000-10-26T14:00:00,-0.19,0.45,-0.18,1.0,-0.54,0.23,-0.39,-0.42,-0.11,0,0,-21.00
2000-10-26T15:00:00,0.15,0.62,-0.11,0.84,-0.8,0.16,-0.43,-0.46,-0.15,0,0,-19.00
2000-10-26T16:00:00,-0.16,0.62,-0.08,1.01,-0.74,0.13,-0.41,-0.45,-0.14,0,0,-17.00
2000-10-26T17:00:00,-0.46,0.41,0.11,1.17,-0.44,-0.24,-0.41,-0.42,-0.12,0,0,-17.00
2000-10-26T18:00:00,-0.57,0.44,0.08,1.25,-0.64,-0.14,-0.47,-0.46,-0.15,0,0,-16.00
2000-10-26T19:00:00,-0.46,0.59,0.11,1.18,-0.82,-0.11,-0.4,-0.44,-0.15,0,0,-14.00
2000-10-26T20:00:00,-0.26,0.43,-0.33,1.12,-0.46,0.62,-0.39,-0.46,-0.15,0,0,-11.00
2000-10-26T21:00:00,-0.13,0.14,-0.52,1.04,0.01,0.84,-0.39,-0.47,-0.15,0,0,-7.00
2000-10-26T22:00:00,0.01,0.25,-0.45,1.01,-0.3,0.86,-0.41,-0.48,-0.15,0,0,-10.00
2000-10-26T23:00:00,-0.07,0.63,-0.26,1.04,-0.69,0.59,-0.48,-0.49,-0.16,0,0,-19.00
2000-10-27T00:00:00,-0.19,0.6,-0.26,1.12,-0.74,0.52,-0.46,-0.48,-0.16,0,0,-24.00
2000-10-27T01:00:00,-0.29,0.62,-0.06,1.17,-0.83,0.39,-0.45,-0.45,-0.15,0,0,-22.00
2000-10-27T02:00:00,-0.28,0.44,0.03,1.16,-0.54,0.06,-0.42,-0.37,-0.07,0,0,-21.00
2000-10-27T03:00:00,-0.34,0.28,-0.04,1.18,-0.3,0.3,-0.36,-0.31,0.01,0,0,-20.00
2000-10-27T04:00:00,-0.47,0.09,0.06,1.27,-0.08,0.1,-0.36,-0.23,0.05,0,0,-20.00
2000-10-27T05:00:00,-0.43,0.07,0.25,1.25,-0.12,-0.36,-0.42,-0.28,0.0,0,0,-17.00
2000-10-27T06:00:00,-0.38,-0.12,-0.12,1.21,0.09,0.5,-0.42,-0.3,0.01,0,0,-17.00
2000-10-27T07:00:00,-0.34,0.35,-0.05,1.22,-0.56,0.38,-0.41,-0.28,-0.03,0,0,-19.00
2000-10-27T08:00:00,-0.32,0.42,0.05,1.24,-0.61,0.16,-0.41,-0.28,-0.04,0,0,-18.00
2000-10-27T09:00:00,-0.32,0.25,0.39,1.24,-0.42,-0.43,-0.42,-0.31,-0.07,0,0,-17.00
2000-10-27T10:00:00,-0.28,0.3,-0.12,1.23,-0.35,0.4,-0.45,-0.35,-0.05,0,0,-14.00
2000-10-27T11:00:00,-0.16,0.34,-0.37,1.2,-0.37,0.82,-0.43,-0.35,-0.11,0,0,-13.00
2000-10-27T12:00:00,-0.3,0.24,-0.28,1.27,-0.42,0.69,-0.43,-0.32,-0.07,0,0,-17.00
2000-10-27T13:00:00,-0.53,0.23,0.16,1.36,-0.4,0.04,-0.42,-0.35,-0.09,0,0,-20.00
2000-10-27T14:00:00,-0.33,0.31,0.1,1.29,-0.55,0.25,-0.35,-0.32,0.01,0,0,-17.00
2000-10-27T15:00:00,0.08,0.4,-0.15,1.16,-0.61,0.58,-0.4,-0.47,-0.1,0,0,-13.00
2000-10-27T16:00:00,-0.37,0.25,0.01,1.32,-0.53,0.36,-0.39,-0.45,-0.07,0,0,-11.00
2000-10-27T17:00:00,-0.59,0.03,-0.11,1.42,-0.22,0.75,-0.38,-0.43,-0.12,0,0,-11.00
2000-10-27T18:00:00,-0.55,-0.21,-0.03,1.41,-0.03,0.5,-0.29,-0.43,-0.1,0,0,-8.00
2000-10-27T19:00:00,-0.42,0.09,0.19,1.41,-0.27,0.17,-0.31,-0.45,-0.05,0,0,-3.00
2000-10-27T20:00:00,-0.2,0.31,-0.09,1.33,-0.58,0.65,-0.32,-0.47,-0.06,0,0,0.00
2000-10-27T21:00:00,-0.11,0.5,-0.2,1.32,-0.8,0.73,-0.31,-0.5,-0.14,0,0,-1.00
2000-10-27T22:00:00,-0.16,0.59,-0.07,1.36,-0.93,0.58,-0.32,-0.51,-0.15,0,0,-6.00
2000-10-27T23:00:00,0.04,0.54,-0.16,1.31,-0.9,0.77,-0.3,-0.51,-0.14,0,0,-9.00
2000-10-28T00:00:00,-0.04,0.62,0.07,1.35,-0.97,0.3,-0.28,-0.51,-0.15,0,0,-10.00
2000-10-28T01:00:00,-0.29,0.52,-0.14,1.44,-0.94,0.65,-0.3,-0.51,-0.15,0,0,-10.00
2000-10-28T02:00:00,-0.35,0.54,0.02,1.46,-1.02,0.39,-0.3,-0.5,-0.15,0,0,-9.00
2000-10-28T03:00:00,-0.4,0.51,0.08,1.46,-0.84,0.28,-0.2,-0.46,-0.12,0,0,-8.00
2000-10-28T04:00:00,-0.41,0.44,0.12,1.48,-0.72,0.27,-0.18,-0.45,-0.11,0,0,-8.00
2000-10-28T05:00:00,-0.53,0.43,-0.04,1.54,-1.01,0.58,-0.16,-0.42,-0.11,0,0,-9.00
2000-10-28T06:00:00,-0.49,0.69,-0.21,1.37,-0.91,0.71,0.15,-0.42,-0.13,0,0,-11.00
2000-10-28T07:00:00,-0.48,0.71,0.07,1.04,-1.08,1.13,0.79,0.01,0.13,0,0,-10.00
2000-10-28T08:00:00,-0.91,0.73,0.1,1.16,-1.08,1.28,0.86,-0.19,-0.06,0,0,-9.00
2000-10-28T09:00:00,-0.76,0.96,-0.59,0.86,-0.58,2.37,2.2,0.16,0.06,0,0,-5.00
2000-10-28T10:00:00,-0.78,1.4,-1.22,0.63,-0.33,2.72,4.0,-0.11,-0.08,0,0,-2.00
2000-10-28T11:00:00,-0.62,0.8,-0.29,0.69,-0.55,2.31,6.88,-0.35,0.19,0,0,14.00
2000-10-28T12:00:00,0.55,0.51,0.48,0.79,-0.75,2.33,6.26,-0.37,0.31,0,0,-10.00
2000-10-28T13:00:00,-0.41,1.12,-0.17,0.92,-0.37,2.08,6.74,-0.39,0.07,0,0,-19.00
2000-10-28T14:00:00,-0.66,1.28,-0.25,0.97,-0.37,1.84,6.01,-0.39,-0.03,0,0,-1.00
2000-10-28T15:00:00,1.12,-0.23,0.78,0.99,-0.63,1.71,5.96,-0.26,0.1,0,0,-7.00
2000-10-28T16:00:00,1.61,-0.73,0.8,1.11,-0.74,1.32,5.6,-0.27,-0.06,0,0,-11.00
2000-10-28T17:00:00,1.35,-0.31,0.89,1.16,-0.77,1.11,5.14,-0.23,0.0,0,0,-2.00
2000-10-28T18:00:00,1.16,-0.73,0.28,1.25,-0.77,0.7,4.69,-0.21,0.09,0,0,1.00
2000-10-28T19:00:00,0.8,-1.1,-0.04,1.05,-0.92,0.01,6.68,-0.12,0.27,0,0,1.00
2000-10-28T20:00:00,0.36,-0.52,0.47,0.83,-0.73,0.25,7.63,-0.17,1.24,0,0,11.00
2000-10-28T21:00:00,-0.69,0.17,-1.36,0.72,0.11,-0.66,4.81,0.05,0.06,0,0,15.00
2000-10-28T22:00:00,-0.59,0.08,-0.25,0.69,1.08,-0.52,2.93,0.02,0.91,0,0,-1.00
2000-10-28T23:00:00,-1.03,0.2,-2.4,0.74,1.22,-0.86,2.13,-0.38,-0.17,0,1,-11.00
2000-10-29T00:00:00,-1.26,0.34,-2.39,0.75,0.1,-1.0,0.52,-0.49,-0.19,0,1,-52.00
2000-10-29T01:00:00,-1.35,0.17,-2.36,0.67,-1.27,-1.67,0.17,-0.53,-0.19,0,1,-99.00
2000-10-29T02:00:00,-1.13,0.9,-2.29,0.68,-1.11,-1.69,0.03,-0.57,-0.19,0,1,-116.00
2000-10-29T03:00:00,-0.94,1.09,-2.25,0.7,-0.91,-1.52,-0.39,-0.58,-0.19,0,1,-126.00
2000-10-29T04:00:00,-0.84,1.2,-2.18,0.69,-0.8,-1.54,-0.51,-0.58,-0.19,0,1,-127.00
2000-10-29T05:00:00,-0.82,1.35,-2.06,0.73,-0.76,-1.35,-0.65,-0.58,-0.19,0,1,-109.00
2000-10-29T06:00:00,-0.78,1.55,-1.89,0.79,-0.64,-1.39,-0.71,-0.57,-0.19,0,1,-112.00
2000-10-29T07:00:00,-0.64,1.72,-1.71,0.83,-0.47,-1.33,-0.68,-0.58,-0.19,0,1,-112.00
2000-10-29T08:00:00,-0.74,1.75,-1.53,0.82,-0.41,-1.55,-0.6,-0.58,-0.19,0,1,-115.00
2000-10-29T09:00:00,-0.71,1.59,-1.58,0.88,-0.16,-1.29,-0.72,-0.59,-0.19,0,1,-119.00
2000-10-29T10:00:00,-0.67,1.57,-1.47,0.97,-0.02,-0.95,-0.66,-0.55,-0.19,0,1,-109.00
2000-10-29T11:00:00,-0.59,1.66,-1.34,0.97,0.19,-0.57,-0.69,-0.55,-0.19,0,1,-82.00
2000-10-29T12:00:00,-0.48,1.76,-1.23,0.91,0.17,-0.38,-0.72,-0.57,-0.19,0,1,-83.00
2000-10-29T13:00:00,-0.4,1.68,-1.22,0.87,-0.14,-0.28,-0.64,-0.53,-0.19,0,1,-85.00
2000-10-29T14:00:00,-0.14,1.62,-1.2,0.97,-0.49,-0.08,-0.38,-0.51,-0.19,0,1,-79.00
2000-10-29T15:00:00,-0.12,1.58,-1.05,0.84,-0.27,-0.06,0.18,-0.49,-0.18,0,1,-75.00
2000-10-29T16:00:00,0.08,1.6,-1.03,0.88,-0.21,-0.26,0.07,-0.51,-0.19,0,1,-71.00
2000-10-29T17:00:00,0.16,1.72,-0.89,0.8,0.02,-0.35,-0.18,-0.54,-0.19,0,1,-74.00
2000-10-29T18:00:00,0.15,1.73,-0.69,0.89,-0.14,-0.38,0.18,-0.55,-0.19,0,1,-77.00
2000-10-29T19:00:00,-0.04,1.82,-0.45,1.0,0.19,-0.85,-0.17,-0.54,-0.19,0,1,-73.00
2000-10-29T20:00:00,-0.21,1.87,-0.19,1.11,0.23,-1.0,-0.18,-0.54,-0.19,0,1,-73.00
2000-10-29T21:00:00,-0.13,1.85,-0.16,1.16,0.23,-1.19,-0.09,-0.53,-0.19,0,1,-64.00
2000-10-29T22:00:00,-0.1,1.84,-0.06,1.23,0.21,-0.96,0.01,-0.53,-0.19,0,1,-60.00
2000-10-29T23:00:00,-0.08,1.38,-0.22,1.19,0.15,-0.45,0.37,-0.4,-0.16,0,1,-58.00
2000-10-30T00:00:00,0.14,1.13,-0.06,1.16,0.19,-0.0,0.52,-0.32,-0.11,0,0,-56.00
2000-10-30T01:00:00,0.81,0.65,-0.81,1.1,0.16,-0.44,0.52,-0.38,-0.15,0,0,-54.00
2000-10-30T02:00:00,0.74,-0.87,-0.29,0.99,-0.12,-0.13,0.34,-0.39,-0.14,0,0,-54.00
2000-10-30T03:00:00,1.03,-1.84,0.11,0.85,-0.74,-0.13,0.04,-0.37,-0.18,0,0,-52.00
2000-10-30T04:00:00,1.04,-1.57,0.12,0.85,-0.93,-0.2,-0.05,-0.37,-0.18,0,0,-42.00
2000-10-30T05:00:00,1.52,-0.82,0.03,0.97,-0.67,0.25,-0.18,-0.31,-0.17,0,0,-41.00
2000-10-30T06:00:00,1.13,-1.03,0.44,0.88,-0.94,0.6,-0.16,-0.3,-0.17,0,0,-45.00
2000-10-30T07:00:00,1.17,-1.19,0.27,0.89,-0.84,0.66,-0.19,-0.42,-0.18,0,0,-44.00
2000-10-30T08:00:00,1.01,-1.11,0.29,0.88,-0.88,0.62,-0.13,-0.36,-0.17,0,0,-39.00
2000-10-30T09:00:00,0.68,-1.3,-0.66,0.91,-1.08,-0.33,0.0,-0.46,-0.18,0,0,-35.00
2000-10-30T10:00:00,0.6,-1.43,-0.27,0.87,-0.86,-0.12,0.02,-0.47,-0.18,0,0,-38.00
2000-10-30T11:00:00,0.44,-1.7,-0.26,0.82,-0.58,0.12,0.32,-0.52,-0.18,0,0,-40.00
2000-10-30T12:00:00,0.92,-1.44,-0.32,0.9,-0.46,-0.18,0.29,-0.5,-0.18,0,0,-36.00
2000-10-30T13:00:00,1.02,-1.5,0.14,0.98,-0.41,0.14,0.2,-0.51,-0.18,0,0,-34.00
2000-10-30T14:00:00,0.93,-1.52,-0.11,1.03,-0.32,0.31,0.04,-0.51,-0.18,0,0,-35.00
2000-10-30T15:00:00,1.08,-1.44,-0.16,1.12,-0.27,0.41,-0.03,-0.5,-0.18,0,0,-38.00
2000-10-30T16:00:00,1.34,-1.24,0.06,1.22,0.1,0.54,-0.02,-0.51,-0.18,0,0,-40.00
2000-10-30T17:00:00,1.22,-1.34,0.09,1.16,-0.17,0.37,0.1,-0.48,-0.18,0,0,-36.00
2000-10-30T18:00:00,1.18,-1.46,0.07,1.12,-0.02,0.05,1.4,-0.51,-0.17,0,0,-31.00
2000-10-30T19:00:00,0.71,-1.68,-0.03,1.1,-0.36,0.29,0.02,-0.51,-0.18,0,0,-27.00
2000-10-30T20:00:00,0.66,-1.74,0.11,1.1,-0.49,0.26,-0.01,-0.51,-0.18,0,0,-29.00
2000-10-30T21:00:00,0.87,-1.63,0.43,1.18,-0.3,0.8,-0.09,-0.52,-0.19,0,0,-30.00
2000-10-30T22:00:00,0.84,-1.5,0.68,1.18,-0.22,0.97,-0.05,-0.49,-0.18,0,0,-31.00
2000-10-30T23:00:00,0.81,-1.35,0.87,1.23,-0.16,0.68,-0.08,-0.53,-0.19,0,0,-30.00
2000-10-31T00:00:00,0.67,-1.14,0.63,1.19,-0.21,0.49,0.17,-0.48,-0.17,0,0,-29.00
2000-10-31T01:00:00,0.7,-1.12,-0.53,1.17,-0.31,0.61,0.59,-0.34,-0.15,0,0,-26.00
2000-10-31T02:00:00,0.12,-1.36,-0.52,1.06,-0.15,0.41,0.64,-0.34,-0.15,0,0,-23.00
2000-10-31T03:00:00,0.43,-1.58,0.34,1.08,-0.03,0.63,0.44,-0.33,-0.16,0,0,-24.00
2000-10-31T04:00:00,0.84,-1.03,0.96,1.18,0.03,0.79,0.43,-0.32,-0.16,0,0,-24.00
2000-10-31T05:00:00,0.52,-0.88,0.85,1.19,0.0,0.82,0.4,-0.39,-0.15,0,0,-20.00
2000-10-31T06:00:00,-0.26,-1.16,-0.07,1.1,-0.09,0.25,1.84,-0.42,-0.1,0,0,-19.00
2000-10-31T07:00:00,-0.46,-0.3,-0.63,1.14,0.16,0.21,3.28,-0.49,-0.05,0,0,-19.00
2000-10-31T08:00:00,-0.5,0.99,-0.34,1.11,0.0,0.09,3.55,-0.5,-0.1,0,0,-17.00
2000-10-31T09:00:00,-0.4,1.16,-0.11,1.12,0.19,0.11,2.06,-0.4,-0.09,0,0,-19.00
2000-10-31T10:00:00,-0.41,1.22,-0.42,1.07,0.04,0.21,0.41,-0.33,-0.15,0,0,-23.00
2000-10-31T11:00:00,-0.52,1.3,-0.04,1.14,-0.1,-0.11,0.22,-0.37,-0.16,0,0,-24.00
2000-10-31T12:00:00,-0.53,1.21,-0.02,1.18,-0.09,-0.08,0.15,-0.38,-0.16,0,0,-25.00
2000-10-31T13:00:00,-0.57,1.1,-0.01,1.22,-0.07,-0.03,0.15,-0.38,-0.15,0,0,-26.00
2000-10-31T14:00:00,-0.13,1.13,-0.21,1.07,-0.15,0.39,0.2,-0.38,-0.15,0,0,-24.00
2000-10-31T15:00:00,-0.27,1.15,0.04,1.13,-0.22,0.03,0.17,-0.37,-0.15,0,0,-23.00
2000-10-31T16:00:00,-0.22,0.96,-0.34,1.12,-0.15,0.45,0.26,-0.35,-0.13,0,0,-22.00
2000-10-31T17:00:00,-0.96,1.98,-0.16,0.64,-0.74,1.53,1.51,0.06,-0.12,0,0,-22.00
2000-10-31T18:00:00,-0.4,1.64,-0.6,0.47,-0.4,2.65,1.71,0.15,-0.07,0,0,-12.00
2000-10-31T19:00:00,-0.66,1.84,-0.24,0.54,-0.66,2.55,1.79,0.2,-0.07,0,0,-12.00
2000-10-31T20:00:00,-1.06,2.26,0.13,0.58,-0.74,1.75,1.37,-0.15,-0.15,0,0,-11.00
2000-10-31T21:00:00,-1.13,2.12,-0.14,0.61,-0.91,1.87,1.08,-0.19,-0.16,0,0,-15.00
2000-10-31T22:00:00,-1.34,1.91,-0.24,0.67,-0.92,1.69,0.94,-0.25,-0.16,0,0,-19.00
2000-10-31T23:00:00,-1.37,1.53,-0.37,0.58,-0.82,1.41,1.25,-0.24,-0.15,0,0,-21.00
2000-11-01T00:00:00,-1.41,0.57,-0.53,0.32,-0.45,0.74,2.03,-0.41,-0.14,0,0,---
2000-11-01T01:00:00,-0.03,-0.0,0.08,0.39,-0.41,0.71,2.02,-0.19,159.97,0,0,-17.00
2000-11-01T02:00:00,0.71,-0.67,0.41,0.14,-0.8,0.11,0.76,0.39,0.17,0,0,-24.00
2000-11-01T03:00:00,-0.12,-1.31,-0.04,0.32,-0.21,0.57,0.56,0.02,-0.07,0,0,-24.00
2000-11-01T04:00:00,0.14,-1.3,0.16,0.33,-0.29,0.46,0.39,-0.1,-0.1,0,0,-21.00
2000-11-01T05:00:00,0.05,-1.33,0.04,0.38,-0.3,0.35,0.48,-0.14,-0.1,0,0,-24.00
2000-11-01T06:00:00,0.06,-0.12,0.2,0.37,-0.18,0.31,1.08,-0.13,6.08,0,0,-22.00
2000-11-01T07:00:00,1.08,-0.19,0.69,0.19,-0.03,-0.07,0.23,-0.02,-0.09,0,0,-16.00
2000-11-01T08:00:00,0.79,-0.4,0.91,0.16,-0.44,0.27,0.3,-0.11,-0.11,0,0,-18.00
2000-11-01T09:00:00,1.05,-0.08,0.72,0.18,-0.19,0.06,0.26,-0.03,-0.09,0,0,-15.00
2000-11-01T10:00:00,0.96,-0.13,0.76,0.23,-0.29,0.07,0.27,-0.06,-0.09,0,0,-15.00
2000-11-01T11:00:00,0.82,-0.05,0.78,0.33,-0.03,-0.05,0.33,-0.11,-0.08,0,0,-16.00
2000-11-01T12:00:00,0.86,-0.23,0.58,0.4,0.03,0.01,0.39,-0.01,-0.03,0,0,-17.00
2000-11-01T13:00:00,0.92,-0.4,0.32,0.47,-0.06,-0.2,0.34,-0.01,-0.02,0,0,-18.00
2000-11-01T14:00:00,0.84,0.05,0.63,0.58,0.38,0.28,0.26,-0.19,-0.08,0,0,-17.00
2000-11-01T15:00:00,0.5,-0.3,0.43,0.61,0.06,0.18,0.31,-0.25,0.03,0,0,-12.00
2000-11-01T16:00:00,-0.11,-0.19,0.52,0.54,0.23,0.41,0.26,-0.27,0.11,0,0,-12.00
2000-11-01T17:00:00,0.19,-0.62,0.1,0.68,0.02,0.17,0.28,-0.26,0.06,0,0,-14.00
2000-11-01T18:00:00,0.41,-0.77,-0.02,0.75,-0.1,0.2,0.28,-0.31,-0.07,0,0,-16.00
2000-11-01T19:00:00,0.62,-0.22,0.07,0.76,-0.06,-0.03,0.27,-0.27,0.06,0,0,-16.00
2000-11-01T20:00:00,0.68,-0.1,-0.04,0.77,-0.2,-0.09,0.24,-0.27,0.02,0,0,-15.00
2000-11-01T21:00:00,0.53,-0.38,-0.05,0.8,-0.23,-0.04,0.26,-0.37,-0.02,0,0,-12.00
2000-11-01T22:00:00,0.75,-0.3,0.0,0.81,-0.29,0.2,0.41,-0.28,-0.02,0,0,-14.00
2000-11-01T23:00:00,0.43,-0.42,-0.34,0.79,-0.34,-0.08,0.4,-0.39,-0.06,0,0,-17.00
2000-11-02T00:00:00,0.41,-0.44,-0.4,0.81,-0.4,-0.06,0.36,-0.4,-0.08,0,0,-20.00
2000-11-02T01:00:00,0.46,-0.52,-0.13,0.85,-0.56,0.15,0.25,-0.4,-0.07,0,0,-21.00
2000-11-02T02:00:00,0.43,-0.33,-0.16,0.86,-0.47,0.13,0.18,-0.37,0.0,0,0,-19.00
2000-11-02T03:00:00,0.48,-0.42,0.2,0.85,-0.44,0.14,0.13,-0.36,-0.03,0,0,-21.00
2000-11-02T04:00:00,0.44,-0.4,0.36,0.87,-0.43,0.19,0.04,-0.38,-0.07,0,0,-18.00
2000-11-02T05:00:00,0.53,-0.38,0.19,0.92,-0.42,0.1,-0.03,-0.36,-0.05,0,0,-17.00
2000-11-02T06:00:00,0.62,-0.27,0.11,0.96,-0.42,0.23,-0.0,-0.29,-0.02,0,0,-18.00
2000-11-02T07:00:00,0.52,-0.3,0.3,0.96,-0.42,0.17,-0.12,-0.36,-0.06,0,0,-18.00
2000-11-02T08:00:00,0.51,-0.29,0.31,0.98,-0.5,0.15,-0.13,-0.38,-0.07,0,0,-16.00
2000-11-02T09:00:00,0.55,-0.26,0.25,1.03,-0.33,0.09,-0.09,-0.38,-0.06,0,0,-15.00
2000-11-02T10:00:00,0.59,-0.25,0.12,1.07,-0.26,-0.02,-0.09,-0.39,-0.06,0,0,-14.00
2000-11-02T11:00:00,0.58,-0.27,0.0,1.09,-0.24,-0.13,-0.09,-0.38,-0.06,0,0,-15.00
2000-11-02T12:00:00,0.47,-0.33,-0.06,1.1,-0.33,-0.3,-0.11,-0.42,-0.06,0,0,-17.00
2000-11-02T13:00:00,0.35,-0.35,-0.18,1.11,-0.42,-0.3,-0.07,-0.46,-0.08,0,0,-17.00
2000-11-02T14:00:00,0.32,-0.38,-0.2,1.14,-0.43,-0.33,-0.04,-0.46,-0.08,0,0,-18.00
2000-11-02T15:00:00,0.17,-0.5,-0.1,1.13,-0.46,-0.17,2.84,-0.48,0.24,0,0,-17.00
2000-11-02T16:00:00,0.51,-0.14,-0.05,1.15,-0.21,-0.2,-0.02,-0.36,0.02,0,0,-12.00
2000-11-02T17:00:00,0.23,-0.01,-0.37,1.14,-0.06,-0.29,-0.03,-0.45,-0.07,0,0,-9.00
2000-11-02T18:00:00,0.36,-0.11,0.04,1.13,-0.13,0.05,0.05,-0.4,0.22,0,0,-8.00
2000-11-02T19:00:00,0.02,-0.33,0.41,1.06,-0.2,0.33,0.06,-0.47,-0.04,0,0,-7.00
2000-11-02T20:00:00,-0.09,-0.51,0.33,1.08,-0.1,0.22,0.03,-0.47,-0.09,0,0,-4.00
2000-11-02T21:00:00,0.1,-0.39,0.36,1.07,-0.09,0.3,0.09,-0.46,-0.04,0,0,-4.00
2000-11-02T22:00:00,0.38,0.17,0.22,1.11,0.25,0.05,0.12,-0.43,0.06,0,0,3.00
2000-11-02T23:00:00,0.5,0.37,0.18,1.15,0.32,-0.04,0.14,-0.42,-0.06,0,0,2.00
2000-11-03T00:00:00,0.54,-0.25,0.26,1.18,-0.16,0.07,0.16,-0.42,-0.04,0,0,-1.00
2000-11-03T01:00:00,0.66,-0.19,0.2,1.22,0.09,0.09,0.22,-0.4,-0.06,0,0,-2.00
2000-11-03T02:00:00,0.64,-0.32,0.21,1.21,0.0,0.06,0.21,-0.42,-0.08,0,0,-2.00
2000-11-03T03:00:00,0.59,-0.39,0.28,1.22,-0.11,0.17,0.24,-0.42,-0.08,0,0,-3.00
2000-11-03T04:00:00,0.35,-0.73,0.06,1.18,-0.35,-0.05,0.18,-0.45,-0.11,0,0,-3.00
2000-11-03T05:00:00,0.49,-0.7,0.0,1.23,-0.34,-0.03,0.23,-0.43,-0.11,0,0,-1.00
2000-11-03T06:00:00,0.79,-0.18,0.27,1.3,-0.04,0.11,0.29,-0.3,-0.05,0,0,2.00
2000-11-03T07:00:00,0.75,-0.25,0.25,1.34,-0.12,-0.0,0.17,-0.25,-0.04,0,0,4.00
2000-11-03T08:00:00,0.73,-0.26,-0.09,1.34,-0.08,-0.42,0.14,-0.28,-0.05,0,0,6.00
2000-11-03T09:00:00,0.71,-0.27,0.15,1.37,-0.07,-0.31,0.18,-0.27,-0.03,0,0,8.00
2000-11-03T10:00:00,0.7,0.01,0.25,1.38,0.04,-0.23,0.14,-0.23,0.0,0,0,7.00
2000-11-03T11:00:00,0.61,-0.2,0.3,1.37,-0.15,-0.41,0.13,-0.32,-0.02,0,0,6.00
2000-11-03T12:00:00,0.7,0.04,0.08,1.4,-0.04,-0.56,0.22,-0.25,0.02,0,0,5.00
2000-11-03T13:00:00,0.23,-0.02,-0.23,1.3,-0.26,-0.97,0.24,-0.39,0.18,0,0,3.00
2000-11-03T14:00:00,-0.13,-0.43,-0.19,1.25,-0.46,-0.79,0.29,-0.46,-0.01,0,0,-2.00
2000-11-03T15:00:00,0.23,-0.34,-0.11,1.35,-0.39,-0.64,0.41,-0.46,0.07,0,0,-5.00
2000-11-03T16:00:00,0.18,-0.51,0.31,1.36,-0.44,-0.3,0.4,-0.47,-0.05,0,0,-6.00
2000-11-03T17:00:00,0.46,-0.4,0.54,1.39,-0.29,-0.09,0.39,-0.46,-0.11,0,0,-5.00
2000-11-03T18:00:00,0.65,-0.09,0.37,1.39,-0.12,-0.21,0.69,-0.42,-0.04,0,0,-3.00
2000-11-03T19:00:00,0.62,0.18,-0.28,1.38,0.13,-0.79,0.93,-0.42,-0.03,0,0,2.00
2000-11-03T20:00:00,0.56,-0.22,0.39,1.37,-0.21,-0.19,0.97,-0.4,0.02,1,0,9.00
2000-11-03T21:00:00,0.54,-0.45,0.49,1.37,-0.45,0.04,1.14,-0.43,-0.06,1,0,6.00
2000-11-03T22:00:00,0.63,-0.66,0.06,1.34,-0.58,0.05,1.4,-0.41,-0.04,1,0,4.00
2000-11-03T23:00:00,0.58,-0.85,0.43,1.23,-0.68,0.6,1.65,-0.45,-0.1,1,0,1.00
2000-11-04T00:00:00,0.69,-0.34,0.56,1.23,-0.6,0.54,1.9,-0.44,-0.05,1,0,3.00
2000-11-04T01:00:00,1.0,-0.32,0.74,1.16,-0.95,0.45,1.79,-0.41,-0.11,1,0,5.00
2000-11-04T02:00:00,1.4,-1.27,1.19,0.85,-1.16,1.66,4.57,-0.4,-0.14,1,0,8.00
2000-11-04T03:00:00,0.99,-3.48,-0.45,0.73,-1.56,1.91,6.28,-0.36,-0.16,1,0,26.00
2000-11-04T04:00:00,-0.25,-3.37,-1.39,0.77,-1.46,1.35,6.52,-0.4,-0.16,1,0,35.00
2000-11-04T05:00:00,-1.8,-0.1,-1.55,0.86,-0.6,1.39,7.13,-0.42,-0.14,1,0,11.00
2000-11-04T06:00:00,-1.57,2.78,-0.43,0.67,-0.26,0.61,1.36,-0.18,-0.17,1,0,-12.00
2000-11-04T07:00:00,-1.22,1.97,-0.46,0.57,-0.14,0.2,1.37,0.25,-0.11,1,0,-38.00
2000-11-04T08:00:00,-0.83,1.75,-0.93,0.53,-0.37,0.11,1.2,0.28,-0.11,1,0,-34.00
2000-11-04T09:00:00,-0.68,1.51,-0.48,0.56,-0.28,-0.46,1.18,0.37,-0.05,1,0,-47.00
2000-11-04T10:00:00,-0.77,1.35,0.09,0.59,-0.18,-1.13,0.97,0.33,-0.03,1,0,-50.00
2000-11-04T11:00:00,-1.46,0.87,-0.18,0.72,-0.1,-0.84,0.87,0.26,-0.07,1,0,-42.00
2000-11-04T12:00:00,-1.0,0.85,-0.75,0.69,0.07,-0.32,0.56,0.2,-0.09,1,0,-30.00
2000-11-04T13:00:00,-0.85,0.99,-0.58,0.5,0.4,-0.44,0.39,0.29,-0.07,1,0,-30.00
2000-11-04T14:00:00,-0.71,0.9,-0.57,0.43,0.65,-0.41,0.33,0.16,-0.07,1,0,-26.00
2000-11-04T15:00:00,-1.21,0.7,-0.04,0.46,0.72,-0.54,0.13,0.05,-0.11,1,0,-30.00
2000-11-04T16:00:00,-1.45,0.84,0.09,0.38,0.48,-0.6,-0.1,0.08,-0.14,1,0,-31.00
2000-11-04T17:00:00,-0.68,0.77,-0.62,0.11,0.49,0.43,0.01,0.27,-0.08,1,0,-28.00
2000-11-04T18:00:00,-0.95,0.46,-0.52,0.19,0.66,0.61,-0.02,0.39,-0.06,1,0,-34.00
2000-11-04T19:00:00,-1.36,0.66,-0.61,0.14,1.09,-0.35,-0.16,0.36,-0.13,1,0,-33.00
2000-11-04T20:00:00,-1.41,0.6,-0.48,0.16,0.98,-0.97,-0.11,0.42,-0.12,1,0,-27.00
2000-11-04T21:00:00,-1.34,0.75,0.08,0.17,0.58,-2.29,-0.13,0.43,-0.11,1,0,-38.00
2000-11-04T22:00:00,-0.84,0.63,0.78,-0.26,1.49,-3.23,-0.02,0.86,-0.02,1,0,-43.00
2000-11-04T23:00:00,-0.22,0.82,1.54,-0.61,2.0,-2.61,0.1,1.22,-0.08,1,0,-35.00
2000-11-05T00:00:00,-0.67,1.56,0.63,-0.41,0.99,-2.37,-0.08,1.46,-0.07,1,0,-32.00
2000-11-05T01:00:00,-0.74,1.37,-0.05,-0.79,1.97,-1.06,0.22,2.81,0.16,1,0,-33.00
2000-11-05T02:00:00,-0.59,1.02,0.41,-1.01,2.19,-2.06,0.37,3.0,0.46,1,0,-30.00
2000-11-05T03:00:00,-0.44,2.17,-0.13,-0.9,0.16,-1.01,0.32,2.89,0.0,1,0,-28.00
2000-11-05T04:00:00,-0.92,1.19,1.12,-0.74,1.79,-4.03,0.38,2.76,0.07,1,0,-28.00
2000-11-05T05:00:00,0.13,1.92,1.34,-1.06,0.64,-4.76,0.15,2.37,-0.07,1,0,-29.00
2000-11-05T06:00:00,-0.05,1.54,1.57,-0.99,0.9,-4.72,0.14,1.98,-0.08,0,0,-27.00
2000-11-05T07:00:00,-0.15,1.3,1.52,-1.0,1.02,-4.66,0.04,1.56,-0.09,0,0,-23.00
