1996-01-14T04:00:00,2.02,1.56,2.49,2.01,-3.25,0.32,2.36,0.08,-0.16,0,0,-28.00
1996-01-14T05:00:00,1.58,2.34,-0.32,1.98,-2.8,-0.71,1.55,0.12,-0.14,0,0,-26.00
1996-01-14T06:00:00,0.88,2.01,0.2,1.31,-0.58,0.19,1.08,-0.24,-0.16,0,0,-28.00
1996-01-14T07:00:00,1.03,1.69,0.28,1.13,-0.94,-0.12,1.01,-0.35,-0.16,0,0,-31.00
1996-01-14T08:00:00,0.83,0.92,-0.32,0.76,-0.76,-0.3,0.76,-0.3,-0.12,0,0,-30.00
1996-01-14T09:00:00,0.2,0.81,-0.56,0.73,-0.59,-0.36,1.11,-0.32,-0.08,0,0,-25.00
1996-01-14T10:00:00,-0.6,0.13,-1.25,0.66,-0.58,-0.19,1.25,-0.38,-0.15,1,0,-26.00
1996-01-14T11:00:00,-0.73,-0.16,-1.26,0.59,-0.52,0.13,1.51,-0.35,-0.14,1,0,-34.00
1996-01-14T12:00:00,0.21,-0.84,-0.88,0.74,-0.76,-0.08,1.78,-0.31,-0.09,1,0,-37.00
1996-01-14T13:00:00,0.71,-0.48,-0.49,0.9,-0.9,0.23,2.38,-0.25,0.06,1,0,-48.00
1996-01-14T14:00:00,0.55,-0.28,-0.42,0.91,-0.76,0.09,2.39,-0.26,0.2,1,0,-45.00
1996-01-14T15:00:00,0.97,-0.21,0.09,0.78,-0.84,0.41,3.95,-0.05,0.46,1,0,-41.00
1996-01-14T16:00:00,0.18,-0.08,0.37,0.49,-1.18,0.0,4.49,0.06,5.03,1,0,-29.00
1996-01-14T17:00:00,0.84,-1.17,0.41,0.25,-0.58,0.15,2.66,0.65,0.26,1,0,-21.00
1996-01-14T18:00:00,1.05,-1.14,-0.22,-0.36,0.78,-0.22,1.06,1.02,0.1,1,0,-26.00
1996-01-14T19:00:00,1.3,-1.05,-0.06,-0.66,0.68,-0.44,0.59,1.0,0.01,1,0,-36.00
1996-01-14T20:00:00,1.16,-0.91,0.45,-0.76,0.59,0.47,0.34,0.81,-0.01,1,0,-38.00
1996-01-14T21:00:00,0.22,-0.96,-0.66,-1.11,0.39,-0.99,0.22,1.04,0.07,1,0,-37.00
1996-01-14T22:00:00,0.29,-0.88,-0.3,-1.12,0.57,-0.73,0.08,0.8,0.13,1,0,-37.00
1996-01-14T23:00:00,0.65,-0.62,0.26,-1.05,0.63,0.29,0.11,0.84,0.24,1,0,-44.00
1996-01-15T00:00:00,0.17,-0.63,-0.04,-1.26,0.47,-0.06,-0.05,0.99,0.6,1,0,-35.00
1996-01-15T01:00:00,-0.39,-0.93,-0.46,-1.46,-0.06,-0.98,-0.19,0.78,-0.02,0,0,-31.00
1996-01-15T02:00:00,0.38,0.02,0.24,-1.18,1.24,0.32,-0.14,1.04,1.55,0,0,-31.00
1996-01-15T03:00:00,0.4,-0.45,0.21,-1.17,0.46,-0.12,-0.21,0.76,0.46,0,0,-38.00
1996-01-15T04:00:00,0.56,-0.61,0.36,-1.22,0.31,0.2,-0.23,0.62,0.07,0,0,-37.00
1996-01-15T05:00:00,1.11,0.26,0.3,-1.13,1.58,-0.21,-0.2,0.48,-0.05,0,0,-33.00
1996-01-15T06:00:00,0.75,-0.46,0.13,-1.25,0.78,-0.7,-0.16,0.59,0.11,0,0,-31.00
1996-01-15T07:00:00,0.64,-0.59,0.14,-1.22,0.42,-0.77,-0.2,0.67,0.12,0,0,-33.00
1996-01-15T08:00:00,0.98,-0.02,0.24,-1.07,1.19,-0.65,-0.18,0.43,0.01,0,0,-31.00
1996-01-15T09:00:00,0.81,-0.8,0.1,-0.99,0.12,-0.74,-0.3,0.28,-0.08,0,0,-32.00
1996-01-15T10:00:00,0.93,-0.52,-0.15,-0.9,0.52,-1.35,-0.29,0.3,-0.07,0,0,-33.00
1996-01-15T11:00:00,1.1,0.12,0.26,-0.83,1.37,-0.37,-0.24,0.12,-0.09,0,0,-36.00
1996-01-15T12:00:00,0.72,-0.67,-0.19,-0.85,0.15,-1.31,-0.3,0.16,-0.07,0,0,-41.00
1996-01-15T13:00:00,0.75,-0.55,-0.09,-0.76,0.17,-0.75,-0.33,0.11,-0.07,0,0,-30.00
1996-01-15T14:00:00,0.78,-0.52,-0.15,-0.75,-0.13,-0.53,-0.42,-0.07,-0.11,0,0,-27.00
1996-01-15T15:00:00,0.65,-0.74,0.2,-0.77,-0.5,0.16,-0.38,0.02,-0.1,0,0,-28.00
1996-01-15T16:00:00,0.18,-0.79,0.35,-1.04,-0.27,0.38,-0.38,0.1,-0.06,0,0,-27.00
1996-01-15T17:00:00,0.22,-0.94,-0.07,-1.01,-0.59,-0.34,-0.4,0.09,-0.09,0,0,-28.00
1996-01-15T18:00:00,0.08,-0.74,0.01,-0.98,-0.3,-0.09,-0.45,-0.06,-0.06,0,0,-33.00
1996-01-15T19:00:00,0.94,-0.13,0.14,-0.64,0.47,-0.09,-0.28,0.06,-0.07,0,0,-38.00
1996-01-15T20:00:00,0.88,-0.12,0.15,-0.63,0.19,0.14,-0.32,0.14,-0.04,0,0,-37.00
1996-01-15T21:00:00,0.33,0.03,0.13,-0.88,0.53,0.12,-0.39,0.1,0.71,0,0,-32.00
1996-01-15T22:00:00,-0.24,-0.8,-0.08,-1.04,-0.59,-0.29,-0.44,0.1,-0.07,0,0,-24.00
1996-01-15T23:00:00,0.15,-0.51,-0.1,-0.87,-0.11,-0.3,-0.37,0.24,0.19,0,0,-23.00
1996-01-16T00:00:00,0.36,-0.55,0.06,-0.73,-0.29,0.18,-0.36,0.25,0.11,0,0,-27.00
1996-01-16T01:00:00,0.14,-0.61,0.0,-0.82,-0.43,-0.05,-0.31,0.24,0.15,0,0,-24.00
1996-01-16T02:00:00,0.33,-0.41,0.13,-0.73,-0.17,0.07,-0.28,0.17,0.28,0,0,-20.00
1996-01-16T03:00:00,0.22,-0.37,0.44,-0.71,-0.13,0.63,-0.34,0.12,0.11,0,0,-19.00
1996-01-16T04:00:00,0.56,-0.32,0.2,-0.49,-0.19,0.41,-0.42,-0.01,0.0,0,0,-21.00
1996-01-16T05:00:00,1.02,-0.08,0.12,-0.21,0.1,0.17,-0.51,-0.3,-0.15,0,0,-24.00
1996-01-16T06:00:00,0.65,-0.57,-0.08,-0.36,-0.52,-0.22,-0.46,-0.06,-0.1,0,0,-26.00
1996-01-16T07:00:00,0.38,-0.56,-0.16,-0.52,-0.5,-0.28,-0.4,0.16,0.01,0,0,-24.00
1996-01-16T08:00:00,0.28,-0.54,-0.3,-0.54,-0.35,-0.75,-0.34,0.12,0.01,0,0,-21.00
1996-01-16T09:00:00,0.4,-0.62,-0.26,-0.46,-0.5,-0.62,-0.3,0.15,-0.02,0,0,-22.00
1996-01-16T10:00:00,0.61,-0.62,0.18,-0.38,-0.51,0.07,-0.26,0.18,-0.02,0,0,-23.00
1996-01-16T11:00:00,0.72,-0.28,0.4,-0.31,-0.17,0.53,-0.34,0.01,-0.06,0,0,-26.00
1996-01-16T12:00:00,0.79,-0.4,0.35,-0.25,-0.47,0.51,-0.37,-0.14,-0.11,0,0,-24.00
1996-01-16T13:00:00,0.52,-0.59,0.31,-0.35,-0.67,0.53,-0.34,-0.12,-0.08,0,0,-21.00
1996-01-16T14:00:00,0.09,-0.47,-0.09,-0.52,-0.11,-0.1,-0.29,0.14,0.28,0,0,-22.00
1996-01-16T15:00:00,0.56,0.18,0.21,-0.36,0.77,0.4,-0.21,0.15,0.18,0,0,-23.00
1996-01-16T16:00:00,0.16,-0.49,0.13,-0.5,-0.02,0.1,-0.29,0.07,0.24,0,0,-25.00
1996-01-16T17:00:00,0.21,-0.3,-0.04,-0.49,0.05,-0.16,-0.3,0.18,0.71,0,0,-24.00
1996-01-16T18:00:00,0.24,-0.59,0.12,-0.47,-0.36,0.15,-0.36,-0.02,0.03,0,0,-26.00
1996-01-16T19:00:00,0.13,-0.52,-0.1,-0.49,-0.25,-0.25,-0.35,-0.03,0.08,0,0,-24.00
1996-01-16T20:00:00,0.72,-0.36,0.03,-0.19,-0.06,0.01,-0.31,-0.15,-0.07,0,0,-22.00
1996-01-16T21:00:00,0.64,-0.51,-0.01,-0.12,-0.5,-0.34,-0.37,-0.21,-0.1,0,0,-19.00
1996-01-16T22:00:00,0.61,-0.35,0.28,-0.09,-0.12,0.42,-0.21,0.01,0.02,0,0,-19.00
1996-01-16T23:00:00,0.3,-0.37,-0.04,-0.18,-0.38,-0.33,-0.2,-0.14,0.2,0,0,-18.00
1996-01-17T00:00:00,0.25,-0.43,0.64,-0.18,-0.4,0.78,-0.09,-0.23,-0.07,0,0,-16.00
1996-01-17T01:00:00,-0.03,-0.77,-0.12,-0.22,-0.83,-0.36,-0.06,-0.19,-0.05,0,0,-14.00
1996-01-17T02:00:00,-0.08,0.08,-0.19,-0.23,0.04,-0.24,-0.05,-0.04,0.91,0,0,-12.00
1996-01-17T03:00:00,0.55,-0.05,0.2,-0.06,-0.06,0.35,-0.03,0.04,0.26,0,0,-16.00
1996-01-17T04:00:00,0.19,-0.17,-0.07,-0.13,-0.08,-0.05,-0.05,0.06,1.55,0,0,-21.00
1996-01-17T05:00:00,-0.16,-0.66,0.01,-0.19,-0.58,-0.05,-0.16,-0.14,0.01,0,0,-18.00
1996-01-17T06:00:00,-0.06,-0.58,0.04,-0.16,-0.6,-0.12,-0.16,-0.1,0.11,0,0,-18.00
1996-01-17T07:00:00,-0.07,-0.3,-0.24,-0.15,-0.21,-0.33,-0.16,-0.16,0.2,0,0,-18.00
1996-01-17T08:00:00,0.47,-0.28,0.11,0.04,-0.31,0.06,-0.15,-0.16,0.12,0,0,-18.00
1996-01-17T09:00:00,0.49,-0.15,-0.14,0.07,-0.24,-0.09,-0.09,-0.21,0.08,0,0,-16.00
1996-01-17T10:00:00,0.54,-0.43,0.04,0.09,-0.41,0.07,-0.12,-0.18,0.0,0,0,-16.00
1996-01-17T11:00:00,0.64,-0.31,0.22,0.15,-0.37,0.23,-0.04,-0.2,-0.01,0,0,-20.00
1996-01-17T12:00:00,0.5,-0.36,0.14,0.18,-0.64,0.08,-0.06,-0.15,0.08,0,0,-20.00
1996-01-17T13:00:00,0.71,-0.15,-0.13,0.23,-0.31,-0.24,0.04,-0.09,0.03,0,0,-19.00
1996-01-17T14:00:00,0.59,-0.26,-0.29,0.19,-0.44,-0.4,0.06,-0.13,0.01,0,0,-20.00
1996-01-17T15:00:00,0.75,-0.29,0.12,0.24,-0.56,0.12,0.16,-0.17,0.0,0,0,-22.00
1996-01-17T16:00:00,0.28,-0.5,-0.1,0.0,-0.55,-0.09,0.0,-0.11,0.14,0,0,-26.00
1996-01-17T17:00:00,-0.08,-0.63,-0.47,-0.07,-0.57,-0.44,-0.02,-0.2,-0.08,0,0,-24.00
1996-01-17T18:00:00,0.15,-0.65,-0.39,0.0,-0.59,-0.43,-0.06,-0.26,-0.08,0,0,-26.00
1996-01-17T19:00:00,0.71,-0.48,-0.14,0.09,-0.49,-0.42,0.02,-0.1,-0.03,0,0,-28.00
1996-01-17T20:00:00,0.71,-0.49,0.14,0.04,-0.45,-0.11,0.04,-0.17,-0.04,0,0,-23.00
1996-01-17T21:00:00,0.61,-0.71,-0.42,-0.1,-0.56,-0.68,0.13,-0.11,-0.08,0,0,-16.00
1996-01-17T22:00:00,0.54,-0.82,-0.32,-0.26,-0.38,-0.64,0.14,-0.02,-0.06,0,0,-12.00
1996-01-17T23:00:00,0.7,-0.78,-0.0,-0.14,-0.47,-0.19,0.13,0.03,-0.04,0,0,-18.00
1996-01-18T00:00:00,0.82,-0.33,0.23,-0.09,-0.15,0.18,0.11,0.07,0.02,0,0,-18.00
1996-01-18T01:00:00,0.81,-0.47,0.49,-0.11,-0.12,0.48,0.08,0.05,-0.05,0,0,-17.00
1996-01-18T02:00:00,0.75,-0.47,0.53,-0.11,-0.0,0.64,0.01,-0.02,-0.06,0,0,-13.00
1996-01-18T03:00:00,0.01,0.14,0.15,-0.39,0.55,0.26,-0.05,0.18,4.67,0,0,-14.00
1996-01-18T04:00:00,0.53,-0.44,-0.24,-0.2,-0.09,-0.07,-0.07,0.07,0.05,0,0,-17.00
1996-01-18T05:00:00,0.49,-0.55,-0.19,-0.23,-0.12,-0.02,-0.08,-0.04,0.01,0,0,-22.00
1996-01-18T06:00:00,0.0,-0.3,-0.08,-0.34,0.25,0.04,-0.13,0.02,0.9,0,0,-26.00
1996-01-18T07:00:00,0.38,-0.6,-0.13,-0.3,0.05,-0.17,-0.15,-0.02,0.02,0,0,-24.00
1996-01-18T08:00:00,0.47,-0.57,0.17,-0.31,0.07,0.17,-0.16,0.07,0.05,0,0,-23.00
1996-01-18T09:00:00,0.64,-0.1,0.13,-0.31,0.46,0.02,-0.08,0.03,0.14,0,0,-19.00
1996-01-18T10:00:00,0.5,-0.52,0.11,-0.32,0.17,-0.07,-0.14,0.03,0.06,0,0,-19.00
1996-01-18T11:00:00,0.28,-0.44,-0.16,-0.28,0.08,-0.24,-0.13,0.09,0.22,0,0,-19.00
1996-01-18T12:00:00,0.26,-0.46,0.2,-0.23,0.04,0.09,-0.11,0.12,0.32,0,0,-16.00
1996-01-18T13:00:00,0.12,-0.33,0.06,-0.23,-0.04,-0.3,-0.12,0.11,1.08,0,0,-17.00
1996-01-18T14:00:00,0.44,-0.28,0.36,-0.2,-0.06,-0.14,-0.12,0.05,0.16,0,0,-18.00
1996-01-18T15:00:00,0.29,-0.32,0.2,-0.2,0.08,-0.57,-0.18,-0.03,0.35,0,0,-18.00
1996-01-18T16:00:00,0.49,-0.38,-0.04,-0.06,0.2,-0.07,-0.14,0.04,0.15,0,0,-15.00
1996-01-18T17:00:00,0.35,-0.57,-0.17,-0.02,0.24,-0.05,-0.2,-0.09,-0.0,0,0,-16.00
1996-01-18T18:00:00,0.54,-0.39,0.32,0.07,0.12,0.21,-0.25,-0.19,-0.05,0,0,-18.00
1996-01-18T19:00:00,-0.28,-0.69,0.09,-0.16,-0.09,-0.05,-0.39,-0.26,-0.1,0,0,-18.00
1996-01-18T20:00:00,-0.18,-0.41,-0.11,0.02,0.04,-0.49,-0.41,-0.2,0.05,0,0,-15.00
1996-01-18T21:00:00,0.14,-0.38,-0.26,0.32,-0.07,-0.95,-0.39,-0.21,-0.01,0,0,-15.00
1996-01-18T22:00:00,0.43,-0.44,-0.05,0.42,-0.23,-0.75,-0.34,-0.17,-0.01,0,0,-18.00
1996-01-18T23:00:00,0.63,-0.38,-0.03,0.55,-0.49,-0.87,-0.34,-0.08,-0.04,0,0,-20.00
1996-01-19T00:00:00,0.57,-0.41,0.16,0.55,-0.48,-0.7,-0.01,-0.19,0.01,0,0,-19.00
1996-01-19T01:00:00,0.57,-0.3,0.11,0.57,-0.5,-0.71,0.22,-0.19,0.11,0,0,-13.00
1996-01-19T02:00:00,0.48,-0.29,0.23,0.59,-0.61,-0.55,0.27,-0.27,0.11,0,0,-11.00
1996-01-19T03:00:00,0.52,-0.39,0.13,0.65,-0.83,-0.52,0.16,-0.29,0.02,0,0,-13.00
1996-01-19T04:00:00,0.65,-0.33,0.16,0.6,-0.57,-0.41,0.36,-0.23,0.05,0,0,-17.00
1996-01-19T05:00:00,0.76,-0.12,0.23,0.59,-0.47,-0.55,0.44,-0.23,0.02,0,0,-18.00
1996-01-19T06:00:00,0.64,-0.14,-0.08,0.6,-0.85,-0.67,0.48,-0.25,0.09,0,0,-19.00
1996-01-19T07:00:00,0.55,-0.21,-0.3,0.61,-0.78,-0.82,0.49,-0.26,0.05,0,0,-19.00
1996-01-19T08:00:00,0.55,-0.25,-0.13,0.65,-1.01,-0.53,0.57,-0.27,0.12,0,0,-22.00
1996-01-19T09:00:00,0.77,-0.03,-0.04,0.71,-0.73,-0.53,0.63,-0.2,0.07,0,0,-20.00
1996-01-19T10:00:00,0.73,-0.25,-0.02,0.71,-0.76,-0.68,0.72,-0.23,0.07,0,0,-18.00
1996-01-19T11:00:00,0.66,-0.26,0.03,0.72,-0.87,-0.71,1.01,-0.26,0.15,0,0,-16.00
1996-01-19T12:00:00,0.48,-0.23,-0.09,0.75,-0.79,-0.77,1.11,-0.41,0.15,0,0,-10.00
1996-01-19T13:00:00,0.18,-0.07,-0.03,0.75,-0.7,-0.78,1.08,-0.49,1.32,0,0,-2.00
1996-01-19T14:00:00,-0.68,0.31,0.15,0.86,-0.83,-0.92,0.51,-0.48,-0.1,1,0,-5.00
1996-01-19T15:00:00,-0.81,0.18,0.26,0.85,-0.89,-0.91,0.74,-0.47,-0.11,1,0,-8.00
1996-01-19T16:00:00,-0.91,0.16,0.23,0.76,-1.18,-0.63,2.03,-0.33,0.04,1,0,-9.00
1996-01-19T17:00:00,-0.59,0.52,-0.1,0.61,-1.11,-0.9,1.89,-0.37,0.06,1,0,-5.00
1996-01-19T18:00:00,-0.56,0.46,0.05,0.44,-0.37,-1.39,1.66,-0.19,0.27,1,0,-5.00
1996-01-19T19:00:00,-0.48,0.59,0.38,0.43,-0.33,-1.48,1.79,-0.17,0.19,1,0,-5.00
1996-01-19T20:00:00,-0.94,0.7,-0.43,0.43,-0.31,-1.03,1.88,-0.11,-0.01,1,0,-5.00
1996-01-19T21:00:00,-0.48,0.79,-0.88,0.35,-0.35,-0.77,1.85,-0.11,-0.04,1,0,0.00
1996-01-19T22:00:00,-0.4,0.86,-0.69,0.31,-0.1,-1.04,2.34,0.07,0.09,1,0,-7.00
1996-01-19T23:00:00,-0.6,0.04,0.09,0.14,0.64,-0.83,1.85,0.2,1.22,1,0,-22.00
1996-01-20T00:00:00,-0.89,0.67,0.79,-0.13,1.09,-0.58,0.69,0.35,-0.01,1,0,-33.00
1996-01-20T01:00:00,-0.93,0.54,0.59,-0.18,1.17,-0.87,0.72,0.56,0.09,1,0,-28.00
1996-01-20T02:00:00,-0.49,0.13,1.01,-0.25,1.28,-1.0,0.5,0.46,0.04,1,0,-23.00
1996-01-20T03:00:00,-0.26,0.26,0.97,-0.35,1.42,-1.37,0.22,0.5,0.04,1,0,-23.00
1996-01-20T04:00:00,-1.11,1.44,0.18,-0.42,1.24,-2.23,0.04,0.65,-0.11,1,0,-24.00
1996-01-20T05:00:00,-1.28,1.55,0.13,-0.29,1.04,-2.48,0.09,0.46,-0.13,0,0,-28.00
1996-01-20T06:00:00,-1.19,1.1,-0.48,-0.12,1.47,-1.79,0.23,0.31,-0.11,0,0,-33.00
1996-01-20T07:00:00,-1.2,0.89,-0.69,-0.05,1.12,-1.64,0.99,0.06,-0.09,0,0,-37.00
1996-01-20T08:00:00,-1.08,0.72,-0.34,0.08,0.84,-0.9,1.31,-0.08,-0.05,0,0,-31.00
1996-01-20T09:00:00,-0.92,0.43,0.2,0.0,0.24,-0.33,0.43,-0.13,-0.04,0,0,-23.00
1996-01-20T10:00:00,-0.68,0.3,0.26,-0.01,0.23,-0.12,1.1,-0.24,0.1,0,0,-27.00
1996-01-20T11:00:00,-0.57,0.06,-0.06,0.01,0.31,-0.04,1.45,-0.26,0.37,0,0,-16.00
1996-01-20T12:00:00,0.27,-0.42,-0.01,0.08,0.37,0.1,1.98,-0.31,0.7,0,0,-6.00
1996-01-20T13:00:00,0.8,-0.82,-0.48,0.25,-0.08,-0.21,0.95,-0.41,-0.14,0,0,-4.00
1996-01-20T14:00:00,0.91,-1.05,-0.42,0.37,-0.37,-0.21,0.77,-0.44,-0.16,0,0,-11.00
1996-01-20T15:00:00,0.94,-1.3,-0.06,0.39,-0.69,0.15,0.7,-0.44,-0.16,0,0,-23.00
1996-01-20T16:00:00,1.19,-1.21,0.14,0.48,-0.8,0.38,1.01,-0.42,-0.16,0,0,-33.00
1996-01-20T17:00:00,1.61,-0.37,0.49,0.62,-0.04,1.0,0.94,-0.42,-0.16,0,0,-30.00
1996-01-20T18:00:00,1.32,-0.11,0.73,0.57,-0.01,1.23,0.88,-0.41,-0.15,0,0,-24.00
1996-01-20T19:00:00,0.82,0.59,0.75,0.44,0.28,0.95,1.26,-0.35,-0.11,0,0,-18.00
1996-01-20T20:00:00,0.71,0.68,0.59,0.44,0.43,0.92,0.93,-0.35,-0.1,0,0,-12.00
1996-01-20T21:00:00,-0.07,0.83,0.69,0.21,0.61,0.95,0.79,-0.36,-0.11,0,0,-10.00
1996-01-20T22:00:00,-0.02,0.48,0.69,0.27,0.41,0.95,0.81,-0.34,-0.04,0,0,-8.00
1996-01-20T23:00:00,-0.16,0.41,0.5,0.31,0.26,0.6,1.37,-0.33,0.14,0,0,-6.00
1996-01-21T00:00:00,-0.04,0.52,0.48,0.46,0.15,0.2,1.07,-0.43,-0.02,0,0,0.00
1996-01-21T01:00:00,0.08,0.46,0.32,0.47,0.16,0.24,0.37,-0.35,0.07,0,0,3.00
1996-01-21T02:00:00,0.3,0.4,0.15,0.47,-0.05,0.07,0.38,-0.36,0.1,0,0,-1.00
1996-01-21T03:00:00,-0.3,0.35,0.33,0.41,0.06,0.17,0.57,-0.4,0.05,0,0,-6.00
1996-01-21T04:00:00,0.05,0.28,0.1,0.4,0.15,0.07,0.56,-0.35,0.83,0,0,-8.00
1996-01-21T05:00:00,0.08,0.49,0.06,0.36,0.15,0.26,0.33,-0.41,0.06,0,0,-11.00
1996-01-21T06:00:00,0.04,0.05,0.22,0.33,0.29,0.17,0.52,-0.44,1.61,0,0,-15.00
1996-01-21T07:00:00,-0.22,0.49,0.04,0.38,0.28,0.11,0.52,-0.45,0.01,0,0,-16.00
1996-01-21T08:00:00,-0.45,0.31,0.07,0.39,0.29,0.16,0.37,-0.44,-0.0,0,0,-14.00
1996-01-21T09:00:00,-0.07,-0.31,0.09,0.37,0.23,0.03,0.57,-0.42,0.62,0,0,-15.00
1996-01-21T10:00:00,0.52,-0.35,0.29,0.55,0.2,0.34,0.19,-0.35,-0.02,0,0,-15.00
1996-01-21T11:00:00,0.82,-0.53,0.45,0.58,-0.3,0.32,0.48,-0.26,-0.08,0,0,-17.00
1996-01-21T12:00:00,0.52,-0.26,0.41,0.43,0.18,0.37,0.47,-0.24,0.07,0,0,-12.00
1996-01-21T13:00:00,0.6,-0.73,0.19,0.35,0.17,-0.09,0.12,-0.26,-0.09,0,0,-5.00
1996-01-21T14:00:00,0.58,-0.74,0.13,0.37,0.21,-0.06,0.16,-0.24,-0.07,0,0,-5.00
1996-01-21T15:00:00,0.46,-1.01,0.09,0.36,-0.1,-0.12,0.09,-0.33,-0.13,0,0,-6.00
1996-01-21T16:00:00,0.79,-0.96,-0.0,0.55,-0.33,-0.22,0.27,-0.33,-0.13,0,0,-8.00
1996-01-21T17:00:00,0.89,-0.8,-0.15,0.63,-0.05,-0.34,0.43,-0.36,-0.13,0,0,-14.00
1996-01-21T18:00:00,0.85,-0.75,-0.11,0.72,0.0,-0.56,0.54,-0.34,-0.11,0,0,-18.00
1996-01-21T19:00:00,0.35,-0.84,0.07,0.65,-0.1,-0.3,0.84,-0.41,-0.08,0,0,-18.00
1996-01-21T20:00:00,0.35,0.07,-0.2,0.63,0.08,-0.21,1.41,-0.48,0.18,0,0,-14.00
1996-01-21T21:00:00,0.54,0.45,-0.31,0.64,0.02,-0.14,1.14,-0.5,-0.1,0,0,-8.00
1996-01-21T22:00:00,0.31,0.76,-0.25,0.69,-0.28,-0.11,0.58,-0.5,-0.14,0,0,-10.00
1996-01-21T23:00:00,0.14,0.82,-0.04,0.74,-0.3,-0.39,0.81,-0.49,-0.11,0,0,-15.00
1996-01-22T00:00:00,0.07,0.76,-0.07,0.75,-0.15,-0.52,1.0,-0.42,-0.05,0,0,-12.00
1996-01-22T01:00:00,-0.57,-0.47,0.09,0.74,0.58,-0.42,0.87,-0.35,0.03,0,0,-8.00
1996-01-22T02:00:00,-0.67,-0.09,0.19,0.72,0.14,-0.52,0.59,-0.37,0.0,0,0,-8.00
1996-01-22T03:00:00,-0.68,-0.1,0.1,0.78,0.13,-0.32,0.5,-0.43,-0.05,0,0,-6.00
1996-01-22T04:00:00,-0.71,-0.17,0.3,0.81,0.22,-0.23,0.26,-0.43,-0.1,0,0,-7.00
1996-01-22T05:00:00,-0.48,-0.32,0.34,0.85,0.19,-0.49,0.65,-0.42,-0.01,0,0,-9.00
1996-01-22T06:00:00,-0.52,-0.31,0.44,0.87,0.17,-0.61,0.7,-0.42,-0.05,0,0,-9.00
1996-01-22T07:00:00,-0.48,-0.24,0.34,0.91,0.14,-0.48,0.64,-0.39,0.04,0,0,-8.00
1996-01-22T08:00:00,-0.48,-0.42,0.17,0.97,0.22,-0.5,0.78,-0.4,0.03,0,0,-12.00
1996-01-22T09:00:00,-0.11,-0.57,-0.01,0.95,0.3,-0.16,0.63,-0.36,0.1,0,0,-12.00
1996-01-22T10:00:00,0.04,-0.73,0.05,0.87,0.34,-0.19,0.59,-0.34,0.01,0,0,-12.00
1996-01-22T11:00:00,-0.06,0.55,-0.02,0.78,-0.12,-0.07,0.38,-0.24,0.14,0,0,-12.00
1996-01-22T12:00:00,-0.38,0.07,0.04,0.8,-0.16,-0.08,0.51,-0.24,0.63,0,0,-12.00
1996-01-22T13:00:00,-0.48,0.13,0.01,0.83,-0.1,0.08,0.62,-0.18,0.43,0,0,-11.00
1996-01-22T14:00:00,-0.42,0.41,-0.18,0.81,-0.0,0.36,0.9,-0.2,0.2,0,0,-8.00
1996-01-22T15:00:00,-0.61,0.34,-0.13,0.91,0.05,0.47,1.23,-0.23,0.15,0,0,-2.00
1996-01-22T16:00:00,-0.45,0.6,0.19,0.89,-0.01,0.2,1.3,-0.33,0.06,0,0,0.00
1996-01-22T17:00:00,0.12,0.79,-0.19,0.81,-0.11,0.35,1.19,-0.39,-0.04,0,0,-1.00
1996-01-22T18:00:00,0.01,0.69,-0.11,0.8,-0.06,0.27,1.15,-0.37,0.02,0,0,-3.00
1996-01-22T19:00:00,0.29,0.68,-0.32,0.82,0.21,0.08,0.66,-0.4,-0.08,0,0,-5.00
1996-01-22T20:00:00,0.36,0.58,-0.31,0.85,0.26,0.26,0.62,-0.4,-0.07,0,0,-5.00
1996-01-22T21:00:00,0.26,0.34,-0.35,0.91,0.2,0.14,0.78,-0.43,-0.01,0,0,-8.00
1996-01-22T22:00:00,0.2,0.11,-0.24,0.97,0.37,0.13,0.77,-0.45,0.18,0,0,-10.00
1996-01-22T23:00:00,-0.32,0.37,-0.15,1.02,0.31,0.14,1.02,-0.49,0.01,0,0,-12.00
1996-01-23T00:00:00,-0.35,0.3,-0.27,1.03,0.34,0.25,1.21,-0.5,-0.03,0,0,-10.00
1996-01-23T01:00:00,-0.5,0.51,0.06,1.04,0.23,0.04,1.15,-0.5,-0.07,0,0,-5.00
1996-01-23T02:00:00,-0.55,0.4,0.34,1.03,0.25,-0.04,1.35,-0.5,-0.07,0,0,-3.00
1996-01-23T03:00:00,-0.68,0.02,0.43,1.03,0.28,-0.1,1.33,-0.5,-0.08,0,0,-3.00
1996-01-23T04:00:00,-0.59,0.04,0.48,0.97,0.2,0.13,0.87,-0.45,-0.07,0,0,0.00
1996-01-23T05:00:00,-0.51,-0.09,0.45,0.85,0.27,0.3,0.68,-0.4,-0.01,0,0,-1.00
1996-01-23T06:00:00,-0.71,0.3,0.2,0.88,0.18,0.3,0.73,-0.35,-0.02,0,0,-3.00
1996-01-23T07:00:00,-0.56,0.25,0.21,0.9,0.27,0.14,0.76,-0.36,0.06,0,0,-6.00
1996-01-23T08:00:00,0.01,-0.04,-0.13,0.85,0.2,0.11,1.35,-0.43,1.62,0,0,-7.00
1996-01-23T09:00:00,-0.29,0.04,0.25,0.89,-0.01,-0.53,1.53,-0.43,0.66,0,0,-7.00
1996-01-23T10:00:00,-0.44,0.31,-0.1,0.94,-0.22,-0.36,1.25,-0.43,0.09,0,0,-6.00
1996-01-23T11:00:00,-0.44,0.56,0.01,0.93,-0.18,-0.17,0.79,-0.37,0.0,0,0,-9.00
1996-01-23T12:00:00,-0.71,0.54,0.09,0.91,0.03,0.02,0.68,-0.41,-0.09,0,0,-12.00
1996-01-23T13:00:00,-0.47,0.66,-0.02,0.92,-0.19,0.16,0.58,-0.45,-0.1,0,0,-8.00
1996-01-23T14:00:00,-0.5,0.32,0.06,0.99,-0.07,-0.02,0.68,-0.4,0.05,0,0,-5.00
1996-01-23T15:00:00,-0.57,0.16,0.1,1.05,-0.15,0.35,0.66,-0.45,-0.01,0,0,-5.00
1996-01-23T16:00:00,-0.45,0.58,0.11,1.03,-0.17,0.23,0.42,-0.44,-0.09,0,0,-8.00
1996-01-23T17:00:00,-0.41,0.52,0.02,1.05,-0.36,0.25,0.48,-0.47,-0.08,0,0,-11.00
1996-01-23T18:00:00,0.15,0.35,0.33,1.05,-0.48,0.15,0.8,-0.5,0.01,0,0,-13.00
1996-01-23T19:00:00,-0.26,0.45,0.09,1.14,-0.54,0.29,0.63,-0.49,-0.02,0,0,-10.00
1996-01-23T20:00:00,-0.02,0.29,-0.2,1.17,-0.66,0.41,0.72,-0.55,-0.03,0,0,-5.00
1996-01-23T21:00:00,-0.14,0.27,-0.09,1.23,-0.66,0.32,0.82,-0.56,0.05,0,0,-2.00
1996-01-23T22:00:00,-0.31,0.16,0.16,1.29,-0.53,0.16,1.11,-0.56,0.08,0,0,-3.00
1996-01-23T23:00:00,-0.38,0.35,0.17,1.23,-0.77,0.43,0.8,-0.54,-0.07,0,0,-5.00
1996-01-24T00:00:00,-0.41,0.39,0.25,1.2,-0.78,0.82,0.8,-0.53,-0.08,0,0,-4.00
1996-01-24T01:00:00,-0.56,0.4,0.07,1.21,-0.54,0.48,0.65,-0.51,-0.1,0,0,1.00
1996-01-24T02:00:00,-0.67,0.33,-0.0,1.17,-0.3,0.43,0.46,-0.54,-0.14,0,0,5.00
1996-01-24T03:00:00,-0.7,0.24,-0.05,1.19,-0.3,0.46,0.78,-0.55,-0.13,0,0,3.00
1996-01-24T04:00:00,-0.65,0.47,0.15,1.24,-0.47,0.36,0.58,-0.56,-0.15,0,0,3.00
1996-01-24T05:00:00,-0.62,0.49,0.19,1.27,-0.63,0.36,0.79,-0.56,-0.15,0,0,1.00
1996-01-24T06:00:00,-0.61,0.51,0.28,1.25,-0.68,0.42,1.19,-0.56,-0.14,0,0,0.00
1996-01-24T07:00:00,-0.61,0.52,0.34,1.25,-0.66,0.37,1.29,-0.56,-0.14,0,0,-2.00
1996-01-24T08:00:00,-0.43,0.47,0.56,1.27,-0.46,0.29,1.1,-0.55,-0.14,0,0,-1.00
1996-01-24T09:00:00,-0.47,0.19,-0.25,1.23,-0.19,0.57,0.87,-0.46,-0.02,0,0,1.00
1996-01-24T10:00:00,-0.63,0.28,-0.19,1.24,-0.23,0.4,0.94,-0.51,-0.1,0,0,-1.00
1996-01-24T11:00:00,-0.58,0.32,0.25,1.24,-0.09,0.35,0.86,-0.47,-0.05,0,0,-9.00
1996-01-25T15:00:00,0.76,-0.67,0.23,0.85,-0.27,-0.15,0.12,-0.36,-0.13,0,0,-3.00
1996-01-25T16:00:00,0.84,-0.34,0.06,0.87,-0.32,-0.18,0.27,-0.22,-0.05,0,0,-1.00
1996-01-25T17:00:00,0.71,-0.34,-0.18,0.87,-0.33,-0.21,0.28,-0.2,-0.01,0,0,-4.00
1996-01-25T18:00:00,0.64,0.05,-0.21,0.87,-0.13,-0.35,0.37,-0.18,0.08,0,0,-7.00
1996-01-25T19:00:00,0.15,0.05,-0.44,0.78,-0.28,-0.44,0.33,-0.27,0.08,0,0,-5.00
1996-01-25T20:00:00,-0.35,-0.03,-0.54,0.68,-0.41,-0.1,0.49,-0.27,-0.01,0,0,-3.00
1996-01-25T21:00:00,-0.17,0.12,-0.34,0.66,-0.25,0.24,0.84,-0.23,0.36,0,0,-2.00
1996-01-25T22:00:00,-0.15,-0.06,-0.33,0.64,-0.46,0.45,1.21,-0.19,0.64,0,0,-2.00
1996-01-25T23:00:00,0.5,-0.22,0.58,0.6,-0.42,0.87,1.29,-0.21,0.13,0,0,-2.00
1996-01-26T00:00:00,0.23,-0.78,-0.01,0.57,-0.47,0.61,1.07,-0.24,0.08,0,0,-3.00
1996-01-26T01:00:00,-0.11,-0.37,-0.54,0.61,-0.41,0.3,0.85,-0.22,0.06,0,0,0.00
1996-01-26T02:00:00,0.11,-0.68,-0.07,0.58,-0.32,0.35,0.63,-0.24,0.09,0,0,0.00
1996-01-26T03:00:00,0.74,-0.37,0.11,0.65,-0.09,0.6,0.7,-0.19,0.06,0,0,-3.00
1996-01-26T04:00:00,0.66,-0.74,-0.22,0.68,0.39,0.83,1.2,-0.25,-0.02,0,0,-2.00
1996-01-26T05:00:00,0.28,-0.77,-0.19,0.69,-0.15,0.43,0.58,-0.34,-0.05,0,0,3.00
1996-01-26T06:00:00,0.1,-0.75,-0.05,0.69,-0.08,0.37,0.6,-0.36,-0.03,0,0,0.00
1996-01-26T07:00:00,-0.64,-0.53,-0.23,0.62,0.14,0.25,0.71,-0.33,-0.05,0,0,-6.00
1996-01-26T08:00:00,-0.29,-0.44,-0.01,0.55,0.38,0.16,0.7,-0.27,0.29,0,0,-6.00
1996-01-26T09:00:00,-0.68,-0.71,-0.1,0.5,0.2,0.01,0.53,-0.3,-0.08,0,0,-7.00
1996-01-26T10:00:00,0.42,-0.67,0.26,0.51,0.29,0.05,0.54,-0.19,0.04,0,0,-10.00
1996-01-26T11:00:00,1.16,0.1,0.47,0.53,0.57,0.23,0.64,-0.06,-0.06,0,0,-12.00
1996-01-26T12:00:00,1.0,0.13,0.41,0.48,0.76,0.09,0.7,-0.0,0.01,0,0,-11.00
1996-01-26T13:00:00,1.25,0.27,0.54,0.58,0.61,0.31,0.5,-0.21,-0.12,0,0,-8.00
1996-01-26T14:00:00,0.78,-0.12,0.17,0.39,0.84,-0.35,0.37,0.32,0.28,0,0,-6.00
1996-01-26T15:00:00,0.39,-0.24,-0.01,0.42,0.99,-0.27,0.37,0.31,1.15,0,0,-3.00
1996-01-26T16:00:00,-0.75,0.4,-0.25,0.43,1.47,-0.4,0.3,0.03,0.02,0,0,-2.00
1996-01-26T17:00:00,0.86,-0.56,-0.34,0.77,0.82,-0.0,0.28,0.01,-0.05,0,0,-5.00
1996-01-26T18:00:00,0.77,-0.68,-0.21,0.82,0.81,-0.12,0.02,-0.06,-0.08,0,0,-8.00
1996-01-26T19:00:00,0.58,-0.64,-0.16,0.92,0.71,-0.07,0.14,-0.09,-0.02,0,0,-16.00
1996-01-26T20:00:00,0.7,-0.73,0.02,0.92,0.81,-0.04,-0.1,-0.09,-0.08,0,0,-15.00
1996-01-26T21:00:00,0.49,-0.41,-0.08,1.05,0.32,-0.2,0.4,-0.18,0.15,0,0,-17.00
1996-01-26T22:00:00,-0.6,-0.25,-0.01,0.9,-0.03,-0.4,0.8,-0.19,0.21,0,0,-15.00
1996-01-26T23:00:00,-0.23,-0.18,-0.15,0.84,0.0,-0.46,0.91,-0.2,0.98,0,0,-10.00
1996-01-27T00:00:00,0.44,-0.92,-0.21,0.87,-0.7,-0.51,0.55,-0.38,-0.11,0,0,-8.00
1996-01-27T01:00:00,0.88,-0.48,0.54,0.77,-0.22,-0.28,0.39,-0.26,-0.1,0,0,-9.00
1996-01-27T02:00:00,0.78,0.38,0.53,0.62,0.12,-0.52,0.29,-0.24,-0.08,0,0,-11.00
1996-01-27T03:00:00,0.58,0.54,0.46,0.73,-0.22,-0.47,0.41,-0.22,-0.04,0,0,-8.00
1996-01-27T04:00:00,0.35,-0.92,-0.28,0.57,-0.07,-0.59,0.11,-0.31,-0.12,0,0,-5.00
1996-01-27T05:00:00,0.63,-0.85,0.3,0.31,0.78,-0.81,-0.27,-0.19,-0.13,0,0,-5.00
1996-01-27T06:00:00,0.54,-0.63,0.02,0.3,0.7,-0.55,-0.19,-0.19,-0.08,0,0,-9.00
1996-01-27T07:00:00,0.57,-0.76,-0.02,0.34,0.72,-0.52,-0.25,-0.27,-0.12,0,0,-13.00
1996-01-27T08:00:00,0.48,-0.79,-0.02,0.29,0.45,-0.67,-0.18,-0.26,-0.11,0,0,-12.00
1996-01-27T09:00:00,0.78,-0.43,0.17,0.33,0.64,-0.69,0.05,-0.2,-0.06,0,0,-11.00
1996-01-27T10:00:00,0.52,-0.07,0.08,0.33,0.58,-0.71,0.04,-0.27,0.12,0,0,-13.00
1996-01-27T11:00:00,-0.37,-0.79,-0.31,0.14,-0.25,-1.58,-0.13,-0.35,-0.13,0,0,-12.00
1996-01-27T12:00:00,-0.19,-0.8,-0.2,0.15,-0.27,-1.47,-0.17,-0.35,-0.12,0,0,-10.00
1996-01-27T13:00:00,0.55,-0.65,-0.01,0.34,-0.08,-0.8,-0.1,-0.26,-0.09,0,0,-15.00
1996-01-27T14:00:00,0.43,-0.63,-0.13,0.28,-0.2,-0.89,-0.17,-0.32,-0.1,0,0,-15.00
1996-01-27T15:00:00,0.78,-0.12,-0.03,0.4,0.21,-0.28,-0.17,-0.28,-0.09,0,0,-10.00
1996-01-27T16:00:00,0.9,-0.22,-0.03,0.37,0.11,0.04,-0.12,-0.35,-0.12,0,0,-11.00
1996-01-27T17:00:00,0.73,-0.35,-0.09,0.38,-0.04,-0.59,-0.12,-0.27,-0.09,0,0,-11.00
1996-01-27T18:00:00,0.82,-0.43,0.1,0.36,0.07,-0.17,-0.17,-0.28,-0.11,0,0,-9.00
1996-01-27T19:00:00,0.81,-0.54,0.06,0.39,-0.01,-0.2,-0.19,-0.34,-0.13,0,0,-12.00
1996-01-27T20:00:00,0.73,-0.5,-0.27,0.5,-0.05,-0.51,-0.2,-0.43,-0.15,0,0,-11.00
1996-01-27T21:00:00,0.6,-0.41,-0.21,0.59,-0.22,-0.28,-0.04,-0.48,-0.14,0,0,-9.00
1996-01-27T22:00:00,0.25,-0.32,-0.24,0.63,-0.32,-0.18,0.13,-0.46,-0.04,0,0,-11.00
1996-01-27T23:00:00,0.27,-0.48,-0.09,0.66,-0.68,-0.08,0.23,-0.46,-0.04,0,0,-11.00
1996-01-28T00:00:00,-0.15,-0.44,-0.22,0.54,-0.74,-0.16,0.48,-0.42,0.03,0,0,-9.00
1996-01-28T01:00:00,0.13,-0.35,-0.1,0.54,-0.77,-0.21,0.59,-0.35,0.4,0,0,-6.00
1996-01-28T02:00:00,0.2,-0.7,-0.24,0.42,-0.48,-0.28,0.5,-0.33,-0.03,0,0,-5.00
1996-01-28T03:00:00,0.14,-0.71,-0.35,0.39,-0.21,-0.25,0.49,-0.35,-0.07,0,0,-6.00
1996-01-28T04:00:00,0.27,-0.69,-0.39,0.35,0.09,-0.15,0.63,-0.32,-0.06,0,0,-7.00
1996-01-28T05:00:00,0.46,-0.06,-0.22,0.41,0.33,-0.01,0.82,-0.2,0.35,0,0,-7.00
1996-01-28T06:00:00,1.04,0.05,-0.1,0.54,0.17,0.07,0.78,-0.21,-0.04,0,0,-12.00
1996-01-28T07:00:00,1.48,0.16,-0.18,0.61,0.08,0.18,0.61,-0.26,-0.13,0,0,-13.00
1996-01-28T08:00:00,1.24,0.12,-0.36,0.63,-0.16,0.44,0.66,-0.12,-0.09,0,0,-13.00
1996-01-28T09:00:00,0.91,0.45,0.66,0.58,-0.27,0.62,0.62,-0.22,-0.1,0,0,-4.00
1996-01-28T10:00:00,0.98,0.18,0.68,0.61,-0.38,0.53,0.68,-0.26,-0.1,0,0,0.00
1996-01-28T11:00:00,0.19,-0.53,0.36,0.57,-0.67,0.33,0.85,-0.18,0.24,0,0,-3.00
1996-01-28T12:00:00,0.55,-0.56,0.41,0.69,-0.77,0.27,0.72,-0.17,0.04,0,0,-4.00
1996-01-28T13:00:00,0.82,-0.2,0.51,0.78,-0.78,0.24,0.48,-0.12,-0.02,0,0,-3.00
1996-01-28T14:00:00,0.85,-0.67,0.08,0.69,-0.6,0.01,0.38,-0.23,-0.08,0,0,-5.00
1996-01-28T15:00:00,1.02,-0.52,0.05,0.75,-0.79,0.1,0.4,-0.08,-0.06,1,0,-5.00
1996-01-28T16:00:00,1.14,-0.4,0.08,0.73,-0.67,0.1,0.42,-0.06,-0.07,1,0,-2.00
1996-01-28T17:00:00,1.15,-0.24,-0.04,0.73,-0.81,0.03,0.39,-0.07,-0.07,1,0,-2.00
1996-01-28T18:00:00,1.23,-0.18,0.02,0.72,-0.76,0.02,0.56,0.03,-0.04,1,0,1.00
1996-01-28T19:00:00,1.01,-0.32,0.08,0.77,-0.63,0.01,0.8,-0.05,0.02,1,0,0.00
1996-01-28T20:00:00,0.35,-0.69,-0.35,0.64,-0.78,-0.15,1.23,-0.28,0.02,1,0,3.00
1996-01-28T21:00:00,-0.55,-0.25,-0.98,0.51,-0.72,0.06,1.41,-0.35,-0.11,1,0,-1.00
1996-01-28T22:00:00,0.34,-0.26,-0.46,0.42,-0.73,-0.15,1.83,-0.23,0.26,1,0,-1.00
1996-01-28T23:00:00,0.58,-0.91,0.72,-0.17,0.56,-0.17,0.64,0.22,-0.02,1,0,-10.00
1996-01-29T00:00:00,0.86,-0.66,-0.5,-0.16,0.35,-0.44,0.47,0.27,-0.01,1,0,-20.00
1996-01-29T01:00:00,0.54,-0.43,-0.18,-0.24,0.15,0.17,0.42,0.44,0.42,1,0,-15.00
1996-01-29T02:00:00,0.78,-0.14,0.09,-0.2,0.16,0.62,0.98,0.66,0.73,1,0,-15.00
1996-01-29T03:00:00,0.38,0.08,0.53,-0.4,0.37,0.62,0.28,0.36,0.42,1,0,-17.00
1996-01-29T04:00:00,0.54,0.26,-0.01,-0.44,0.47,0.16,0.27,0.31,0.52,1,0,-15.00
1996-01-29T05:00:00,-0.05,-0.13,-0.76,-0.6,-0.1,-0.94,0.17,0.22,0.02,1,0,-12.00
1996-01-29T06:00:00,0.13,0.22,-0.59,-0.6,0.11,-0.84,0.15,0.27,0.14,1,0,-14.00
1996-01-29T07:00:00,-0.29,0.25,-0.55,-0.73,-0.01,-0.42,-0.13,0.12,0.01,1,0,-26.00
1996-01-29T08:00:00,0.3,-0.02,-0.19,-0.72,-0.03,0.05,-0.08,0.33,0.9,1,0,-33.00
1996-01-29T09:00:00,0.21,-0.13,-0.37,-0.8,-0.12,-0.22,-0.1,0.37,0.41,1,0,-38.00
1996-01-29T10:00:00,0.56,-0.24,-0.28,-0.75,-0.08,-0.17,-0.1,0.34,0.17,1,0,-30.00
1996-01-29T11:00:00,0.42,-0.14,-0.2,-0.78,0.14,-0.33,-0.12,0.22,0.38,1,0,-22.00
1996-01-29T12:00:00,0.16,-0.16,-0.47,-0.76,0.25,-0.77,-0.12,0.06,0.1,1,0,-24.00
1996-01-29T13:00:00,0.57,-0.07,0.52,-0.61,0.52,0.54,-0.06,0.16,0.08,0,0,-26.00
1996-01-29T14:00:00,0.69,-0.58,0.02,-0.57,-0.1,-0.01,-0.08,0.12,0.0,0,0,-20.00
1996-01-29T15:00:00,0.37,-0.86,-0.41,-0.64,0.41,-0.14,-0.29,0.14,-0.09,0,0,-14.00
1996-01-29T16:00:00,0.24,-1.05,-0.1,-0.77,0.75,-0.1,-0.24,0.4,-0.05,0,0,-16.00
1996-01-29T17:00:00,0.85,-0.77,-0.17,-0.72,0.85,0.06,-0.29,0.54,-0.06,0,0,-17.00
1996-01-29T18:00:00,0.76,-0.73,-0.27,-0.69,0.42,0.08,-0.27,0.35,-0.07,0,0,-20.00
1996-01-29T19:00:00,0.69,-0.64,-0.14,-0.46,-0.28,0.02,-0.23,0.08,-0.06,0,0,-21.00
1996-01-29T20:00:00,0.68,-0.41,-0.11,-0.35,-0.21,-0.21,-0.24,0.07,-0.01,0,0,-21.00
1996-01-29T21:00:00,0.48,-0.36,-0.2,-0.34,-0.18,-0.35,-0.29,0.09,0.06,0,0,-19.00
1996-01-29T22:00:00,-0.28,-0.5,-0.11,-0.27,-0.23,-0.42,-0.27,-0.14,0.03,0,0,-21.00
1996-01-29T23:00:00,-0.52,-0.42,-0.21,-0.23,-0.11,-0.55,-0.23,-0.21,-0.06,0,0,-21.00
1996-01-30T00:00:00,-0.43,-0.56,-0.22,-0.19,-0.28,-0.47,-0.06,-0.18,-0.03,0,0,-19.00
1996-01-30T01:00:00,-0.23,-0.52,-0.38,-0.18,-0.22,-0.42,0.14,-0.14,0.01,0,0,-17.00
1996-01-30T02:00:00,-0.08,-0.51,-0.39,-0.21,-0.23,-0.21,0.29,-0.01,0.12,0,0,-17.00
1996-01-30T03:00:00,1.13,-0.11,0.59,-0.25,0.21,0.35,0.26,0.22,-0.05,0,0,-18.00
1996-01-30T04:00:00,0.32,-0.78,0.22,-0.49,-0.17,-0.0,0.21,0.46,0.2,0,0,-18.00
1996-01-30T05:00:00,1.29,-0.44,0.6,-0.96,0.29,-0.4,-0.15,0.5,-0.1,0,0,-14.00
1996-01-30T06:00:00,1.33,-0.36,0.63,-0.83,0.63,-0.37,-0.29,0.21,-0.13,0,0,-16.00
1996-01-30T07:00:00,1.14,-0.34,0.71,-0.77,0.76,-0.1,-0.33,0.11,-0.13,0,0,-19.00
1996-01-30T08:00:00,1.35,-0.06,0.36,-0.69,0.9,-0.21,-0.3,0.11,-0.13,0,0,-19.00
1996-01-30T09:00:00,1.34,-0.25,0.29,-0.68,0.64,-0.23,-0.36,0.06,-0.14,0,0,-20.00
1996-01-30T10:00:00,1.24,-0.28,0.22,-0.61,0.19,-0.46,-0.48,-0.04,-0.15,0,0,-21.00
1996-01-30T11:00:00,1.25,-0.44,0.21,-0.53,0.27,-0.38,-0.4,0.17,-0.13,0,0,-23.00
1996-01-30T12:00:00,1.18,-0.52,-0.04,-0.42,0.27,-0.38,-0.34,0.07,-0.13,0,0,-21.00
1996-01-30T13:00:00,1.19,-0.55,0.12,-0.42,0.05,-0.16,-0.31,0.06,-0.13,0,0,-17.00
1996-01-30T14:00:00,1.11,-0.62,0.15,-0.36,0.16,-0.12,-0.31,0.14,-0.12,0,0,-15.00
1996-01-30T15:00:00,1.09,-0.53,0.09,-0.34,0.32,-0.22,-0.39,0.21,-0.11,0,0,-14.00
1996-01-30T16:00:00,1.09,-0.47,0.1,-0.3,0.51,-0.26,-0.41,0.22,-0.11,0,0,-15.00
1996-01-30T17:00:00,1.0,-0.45,0.03,-0.41,0.92,-0.49,-0.42,0.26,-0.09,0,0,-15.00
1996-01-30T18:00:00,0.87,-0.44,-0.02,-0.39,0.66,-0.36,-0.42,0.08,-0.09,0,0,-13.00
1996-01-30T19:00:00,0.84,-0.3,-0.02,-0.34,0.71,-0.38,-0.44,-0.03,-0.1,0,0,-11.00
1996-01-30T20:00:00,0.69,-0.31,-0.04,-0.28,0.6,-0.37,-0.4,-0.01,-0.04,0,0,-14.00
1996-01-30T21:00:00,0.52,-0.38,-0.08,-0.35,0.23,-0.49,-0.39,0.05,0.03,0,0,-15.00
1996-01-30T22:00:00,0.59,-0.05,0.02,-0.36,0.11,-0.16,-0.3,0.2,0.18,0,0,-14.00
1996-01-30T23:00:00,0.67,-0.24,0.11,-0.24,-0.02,-0.23,-0.27,0.1,0.05,0,0,-15.00
1996-01-04T02:00:00,0.58,-0.43,0.01,0.42,-0.61,-0.0,0.05,-0.25,-0.01,0,0,2.00
1996-01-04T02:00:00,0.58,-0.43,0.01,0.42,-0.61,-0.0,0.05,-0.25,-0.01,0,0,2.00
1996-01-04T02:00:00,0.58,-0.43,0.01,0.42,-0.61,-0.0,0.05,-0.25,-0.01,0,0,0.00
1996-01-04T02:00:00,0.58,-0.43,0.01,0.42,-0.61,-0.0,0.05,-0.25,-0.01,0,0,-1.00
1996-01-04T02:00:00,0.58,-0.43,0.01,0.42,-0.61,-0.0,0.05,-0.25,-0.01,0,0,-2.00
1996-01-04T02:00:00,0.58,-0.43,0.01,0.42,-0.61,-0.0,0.05,-0.25,-0.01,0,0,-3.00
1996-01-04T02:00:00,0.58,-0.43,0.01,0.42,-0.61,-0.0,0.05,-0.25,-0.01,0,0,-6.00
1996-01-04T02:00:00,0.58,-0.43,0.01,0.42,-0.61,-0.0,0.05,-0.25,-0.01,0,0,-7.00
1996-01-04T02:00:00,0.58,-0.43,0.01,0.42,-0.61,-0.0,0.05,-0.25,-0.01,0,0,-4.00
1996-01-04T02:00:00,0.58,-0.43,0.01,0.42,-0.61,-0.0,0.05,-0.25,-0.01,0,0,-1.00
1996-01-04T02:00:00,0.58,-0.43,0.01,0.42,-0.61,-0.0,0.05,-0.25,-0.01,0,0,-3.00
1996-01-04T02:00:00,0.58,-0.43,0.01,0.42,-0.61,-0.0,0.05,-0.25,-0.01,0,0,-8.00
1996-01-04T02:00:00,0.58,-0.43,0.01,0.42,-0.61,-0.0,0.05,-0.25,-0.01,0,0,-12.00
1996-01-04T02:00:00,0.58,-0.43,0.01,0.42,-0.61,-0.0,0.05,-0.25,-0.01,0,0,-13.00
1996-01-04T02:00:00,0.58,-0.43,0.01,0.42,-0.61,-0.0,0.05,-0.25,-0.01,0,0,-7.00
1996-01-04T02:00:00,0.58,-0.43,0.01,0.42,-0.61,-0.0,0.05,-0.25,-0.01,0,0,-6.00
1996-01-04T02:00:00,0.58,-0.43,0.01,0.42,-0.61,-0.0,0.05,-0.25,-0.01,0,0,-7.00
1996-01-04T02:00:00,0.58,-0.43,0.01,0.42,-0.61,-0.0,0.05,-0.25,-0.01,0,0,-8.00
1996-01-04T02:00:00,0.58,-0.43,0.01,0.42,-0.61,-0.0,0.05,-0.25,-0.01,0,0,-9.00
1996-01-04T02:00:00,0.58,-0.43,0.01,0.42,-0.61,-0.0,0.05,-0.25,-0.01,0,0,-6.00
1996-01-04T02:00:00,0.58,-0.43,0.01,0.42,-0.61,-0.0,0.05,-0.25,-0.01,0,0,-3.00
1996-01-04T02:00:00,0.58,-0.43,0.01,0.42,-0.61,-0.0,0.05,-0.25,-0.01,0,0,-2.00
1996-01-04T02:00:00,0.58,-0.43,0.01,0.42,-0.61,-0.0,0.05,-0.25,-0.01,0,0,-3.00
1996-01-04T03:00:00,0.62,-0.31,0.17,0.44,-0.68,0.11,0.17,-0.23,0.03,0,0,0.00
1996-01-04T03:00:00,0.62,-0.31,0.17,0.44,-0.68,0.11,0.17,-0.23,0.03,0,0,2.00
1996-01-04T03:00:00,0.62,-0.31,0.17,0.44,-0.68,0.11,0.17,-0.23,0.03,0,0,2.00
1996-01-04T03:00:00,0.62,-0.31,0.17,0.44,-0.68,0.11,0.17,-0.23,0.03,0,0,0.00
1996-01-04T03:00:00,0.62,-0.31,0.17,0.44,-0.68,0.11,0.17,-0.23,0.03,0,0,-1.00
1996-01-04T03:00:00,0.62,-0.31,0.17,0.44,-0.68,0.11,0.17,-0.23,0.03,0,0,-2.00
1996-01-04T03:00:00,0.62,-0.31,0.17,0.44,-0.68,0.11,0.17,-0.23,0.03,0,0,-3.00
1996-01-04T03:00:00,0.62,-0.31,0.17,0.44,-0.68,0.11,0.17,-0.23,0.03,0,0,-6.00
1996-01-04T03:00:00,0.62,-0.31,0.17,0.44,-0.68,0.11,0.17,-0.23,0.03,0,0,-7.00
1996-01-04T03:00:00,0.62,-0.31,0.17,0.44,-0.68,0.11,0.17,-0.23,0.03,0,0,-4.00
1996-01-04T03:00:00,0.62,-0.31,0.17,0.44,-0.68,0.11,0.17,-0.23,0.03,0,0,-1.00
1996-01-04T03:00:00,0.62,-0.31,0.17,0.44,-0.68,0.11,0.17,-0.23,0.03,0,0,-3.00
1996-01-04T03:00:00,0.62,-0.31,0.17,0.44,-0.68,0.11,0.17,-0.23,0.03,0,0,-8.00
1996-01-04T03:00:00,0.62,-0.31,0.17,0.44,-0.68,0.11,0.17,-0.23,0.03,0,0,-12.00
1996-01-04T03:00:00,0.62,-0.31,0.17,0.44,-0.68,0.11,0.17,-0.23,0.03,0,0,-13.00
1996-01-04T03:00:00,0.62,-0.31,0.17,0.44,-0.68,0.11,0.17,-0.23,0.03,0,0,-7.00
1996-01-04T03:00:00,0.62,-0.31,0.17,0.44,-0.68,0.11,0.17,-0.23,0.03,0,0,-6.00
1996-01-04T03:00:00,0.62,-0.31,0.17,0.44,-0.68,0.11,0.17,-0.23,0.03,0,0,-7.00
1996-01-04T03:00:00,0.62,-0.31,0.17,0.44,-0.68,0.11,0.17,-0.23,0.03,0,0,-8.00
1996-01-04T03:00:00,0.62,-0.31,0.17,0.44,-0.68,0.11,0.17,-0.23,0.03,0,0,-9.00
1996-01-04T03:00:00,0.62,-0.31,0.17,0.44,-0.68,0.11,0.17,-0.23,0.03,0,0,-6.00
1996-01-04T03:00:00,0.62,-0.31,0.17,0.44,-0.68,0.11,0.17,-0.23,0.03,0,0,-3.00
1996-01-04T03:00:00,0.62,-0.31,0.17,0.44,-0.68,0.11,0.17,-0.23,0.03,0,0,-2.00
1996-01-04T03:00:00,0.62,-0.31,0.17,0.44,-0.68,0.11,0.17,-0.23,0.03,0,0,-3.00
1996-01-04T04:00:00,0.56,-0.17,0.27,0.5,-0.5,0.47,0.24,-0.19,0.12,0,0,0.00
1996-01-04T04:00:00,0.56,-0.17,0.27,0.5,-0.5,0.47,0.24,-0.19,0.12,0,0,2.00
1996-01-04T04:00:00,0.56,-0.17,0.27,0.5,-0.5,0.47,0.24,-0.19,0.12,0,0,2.00
1996-01-04T04:00:00,0.56,-0.17,0.27,0.5,-0.5,0.47,0.24,-0.19,0.12,0,0,0.00
1996-01-04T04:00:00,0.56,-0.17,0.27,0.5,-0.5,0.47,0.24,-0.19,0.12,0,0,-1.00
1996-01-04T04:00:00,0.56,-0.17,0.27,0.5,-0.5,0.47,0.24,-0.19,0.12,0,0,-2.00
1996-01-04T04:00:00,0.56,-0.17,0.27,0.5,-0.5,0.47,0.24,-0.19,0.12,0,0,-3.00
1996-01-04T04:00:00,0.56,-0.17,0.27,0.5,-0.5,0.47,0.24,-0.19,0.12,0,0,-6.00
1996-01-04T04:00:00,0.56,-0.17,0.27,0.5,-0.5,0.47,0.24,-0.19,0.12,0,0,-7.00
1996-01-04T04:00:00,0.56,-0.17,0.27,0.5,-0.5,0.47,0.24,-0.19,0.12,0,0,-4.00
1996-01-04T04:00:00,0.56,-0.17,0.27,0.5,-0.5,0.47,0.24,-0.19,0.12,0,0,-1.00
1996-01-04T04:00:00,0.56,-0.17,0.27,0.5,-0.5,0.47,0.24,-0.19,0.12,0,0,-3.00
1996-01-04T04:00:00,0.56,-0.17,0.27,0.5,-0.5,0.47,0.24,-0.19,0.12,0,0,-8.00
1996-01-04T04:00:00,0.56,-0.17,0.27,0.5,-0.5,0.47,0.24,-0.19,0.12,0,0,-12.00
1996-01-04T04:00:00,0.56,-0.17,0.27,0.5,-0.5,0.47,0.24,-0.19,0.12,0,0,-13.00
1996-01-04T04:00:00,0.56,-0.17,0.27,0.5,-0.5,0.47,0.24,-0.19,0.12,0,0,-7.00
1996-01-04T04:00:00,0.56,-0.17,0.27,0.5,-0.5,0.47,0.24,-0.19,0.12,0,0,-6.00
1996-01-04T04:00:00,0.56,-0.17,0.27,0.5,-0.5,0.47,0.24,-0.19,0.12,0,0,-7.00
1996-01-04T04:00:00,0.56,-0.17,0.27,0.5,-0.5,0.47,0.24,-0.19,0.12,0,0,-8.00
1996-01-04T04:00:00,0.56,-0.17,0.27,0.5,-0.5,0.47,0.24,-0.19,0.12,0,0,-9.00
1996-01-04T04:00:00,0.56,-0.17,0.27,0.5,-0.5,0.47,0.24,-0.19,0.12,0,0,-6.00
1996-01-04T04:00:00,0.56,-0.17,0.27,0.5,-0.5,0.47,0.24,-0.19,0.12,0,0,-3.00
1996-01-04T04:00:00,0.56,-0.17,0.27,0.5,-0.5,0.47,0.24,-0.19,0.12,0,0,-2.00
1996-01-04T04:00:00,0.56,-0.17,0.27,0.5,-0.5,0.47,0.24,-0.19,0.12,0,0,-3.00
1996-01-04T05:00:00,0.7,-0.11,0.05,0.51,-0.39,0.36,0.34,-0.15,0.1,0,0,0.00
1996-01-04T05:00:00,0.7,-0.11,0.05,0.51,-0.39,0.36,0.34,-0.15,0.1,0,0,2.00
1996-01-04T05:00:00,0.7,-0.11,0.05,0.51,-0.39,0.36,0.34,-0.15,0.1,0,0,2.00
1996-01-04T05:00:00,0.7,-0.11,0.05,0.51,-0.39,0.36,0.34,-0.15,0.1,0,0,0.00
1996-01-04T05:00:00,0.7,-0.11,0.05,0.51,-0.39,0.36,0.34,-0.15,0.1,0,0,-1.00
1996-01-04T05:00:00,0.7,-0.11,0.05,0.51,-0.39,0.36,0.34,-0.15,0.1,0,0,-2.00
1996-01-04T05:00:00,0.7,-0.11,0.05,0.51,-0.39,0.36,0.34,-0.15,0.1,0,0,-3.00
1996-01-04T05:00:00,0.7,-0.11,0.05,0.51,-0.39,0.36,0.34,-0.15,0.1,0,0,-6.00
1996-01-04T05:00:00,0.7,-0.11,0.05,0.51,-0.39,0.36,0.34,-0.15,0.1,0,0,-7.00
1996-01-04T05:00:00,0.7,-0.11,0.05,0.51,-0.39,0.36,0.34,-0.15,0.1,0,0,-4.00
1996-01-04T05:00:00,0.7,-0.11,0.05,0.51,-0.39,0.36,0.34,-0.15,0.1,0,0,-1.00
1996-01-04T05:00:00,0.7,-0.11,0.05,0.51,-0.39,0.36,0.34,-0.15,0.1,0,0,-3.00
1996-01-04T05:00:00,0.7,-0.11,0.05,0.51,-0.39,0.36,0.34,-0.15,0.1,0,0,-8.00
1996-01-04T05:00:00,0.7,-0.11,0.05,0.51,-0.39,0.36,0.34,-0.15,0.1,0,0,-12.00
1996-01-04T05:00:00,0.7,-0.11,0.05,0.51,-0.39,0.36,0.34,-0.15,0.1,0,0,-13.00
1996-01-04T05:00:00,0.7,-0.11,0.05,0.51,-0.39,0.36,0.34,-0.15,0.1,0,0,-7.00
1996-01-04T05:00:00,0.7,-0.11,0.05,0.51,-0.39,0.36,0.34,-0.15,0.1,0,0,-6.00
1996-01-04T05:00:00,0.7,-0.11,0.05,0.51,-0.39,0.36,0.34,-0.15,0.1,0,0,-7.00
1996-01-04T05:00:00,0.7,-0.11,0.05,0.51,-0.39,0.36,0.34,-0.15,0.1,0,0,-8.00
1996-01-04T05:00:00,0.7,-0.11,0.05,0.51,-0.39,0.36,0.34,-0.15,0.1,0,0,-9.00
1996-01-04T05:00:00,0.7,-0.11,0.05,0.51,-0.39,0.36,0.34,-0.15,0.1,0,0,-6.00
1996-01-04T05:00:00,0.7,-0.11,0.05,0.51,-0.39,0.36,0.34,-0.15,0.1,0,0,-3.00
1996-01-04T05:00:00,0.7,-0.11,0.05,0.51,-0.39,0.36,0.34,-0.15,0.1,0,0,-2.00
1996-01-04T05:00:00,0.7,-0.11,0.05,0.51,-0.39,0.36,0.34,-0.15,0.1,0,0,-3.00
1996-01-04T06:00:00,0.77,-0.1,0.04,0.52,-0.33,0.18,0.26,-0.26,-0.01,0,0,0.00
1996-01-04T06:00:00,0.77,-0.1,0.04,0.52,-0.33,0.18,0.26,-0.26,-0.01,0,0,2.00
1996-01-04T06:00:00,0.77,-0.1,0.04,0.52,-0.33,0.18,0.26,-0.26,-0.01,0,0,2.00
1996-01-04T06:00:00,0.77,-0.1,0.04,0.52,-0.33,0.18,0.26,-0.26,-0.01,0,0,0.00
1996-01-04T06:00:00,0.77,-0.1,0.04,0.52,-0.33,0.18,0.26,-0.26,-0.01,0,0,-1.00
1996-01-04T06:00:00,0.77,-0.1,0.04,0.52,-0.33,0.18,0.26,-0.26,-0.01,0,0,-2.00
1996-01-04T06:00:00,0.77,-0.1,0.04,0.52,-0.33,0.18,0.26,-0.26,-0.01,0,0,-3.00
1996-01-04T06:00:00,0.77,-0.1,0.04,0.52,-0.33,0.18,0.26,-0.26,-0.01,0,0,-6.00
1996-01-04T06:00:00,0.77,-0.1,0.04,0.52,-0.33,0.18,0.26,-0.26,-0.01,0,0,-7.00
1996-01-04T06:00:00,0.77,-0.1,0.04,0.52,-0.33,0.18,0.26,-0.26,-0.01,0,0,-4.00
1996-01-04T06:00:00,0.77,-0.1,0.04,0.52,-0.33,0.18,0.26,-0.26,-0.01,0,0,-1.00
1996-01-04T06:00:00,0.77,-0.1,0.04,0.52,-0.33,0.18,0.26,-0.26,-0.01,0,0,-3.00
1996-01-04T06:00:00,0.77,-0.1,0.04,0.52,-0.33,0.18,0.26,-0.26,-0.01,0,0,-8.00
1996-01-04T06:00:00,0.77,-0.1,0.04,0.52,-0.33,0.18,0.26,-0.26,-0.01,0,0,-12.00
1996-01-04T06:00:00,0.77,-0.1,0.04,0.52,-0.33,0.18,0.26,-0.26,-0.01,0,0,-13.00
1996-01-04T06:00:00,0.77,-0.1,0.04,0.52,-0.33,0.18,0.26,-0.26,-0.01,0,0,-7.00
1996-01-04T06:00:00,0.77,-0.1,0.04,0.52,-0.33,0.18,0.26,-0.26,-0.01,0,0,-6.00
1996-01-04T06:00:00,0.77,-0.1,0.04,0.52,-0.33,0.18,0.26,-0.26,-0.01,0,0,-7.00
1996-01-04T06:00:00,0.77,-0.1,0.04,0.52,-0.33,0.18,0.26,-0.26,-0.01,0,0,-8.00
1996-01-04T06:00:00,0.77,-0.1,0.04,0.52,-0.33,0.18,0.26,-0.26,-0.01,0,0,-9.00
1996-01-04T06:00:00,0.77,-0.1,0.04,0.52,-0.33,0.18,0.26,-0.26,-0.01,0,0,-6.00
1996-01-04T06:00:00,0.77,-0.1,0.04,0.52,-0.33,0.18,0.26,-0.26,-0.01,0,0,-3.00
1996-01-04T06:00:00,0.77,-0.1,0.04,0.52,-0.33,0.18,0.26,-0.26,-0.01,0,0,-2.00
1996-01-04T06:00:00,0.77,-0.1,0.04,0.52,-0.33,0.18,0.26,-0.26,-0.01,0,0,-3.00
1996-01-04T07:00:00,0.57,-0.42,0.11,0.39,-0.33,0.18,0.12,-0.28,-0.01,0,0,0.00
1996-01-04T07:00:00,0.57,-0.42,0.11,0.39,-0.33,0.18,0.12,-0.28,-0.01,0,0,2.00
1996-01-04T07:00:00,0.57,-0.42,0.11,0.39,-0.33,0.18,0.12,-0.28,-0.01,0,0,2.00
1996-01-04T07:00:00,0.57,-0.42,0.11,0.39,-0.33,0.18,0.12,-0.28,-0.01,0,0,0.00
