2001-11-24T17:00:00,2.95,0.09,1.91,-3.83,-2.43,0.41,-0.81,-0.17,-0.19,0,1,-221.00
2001-11-24T18:00:00,3.06,-0.19,2.18,-3.54,-1.77,-1.13,-0.92,-0.13,-0.19,0,1,-216.00
2001-11-24T19:00:00,3.11,0.17,1.86,-3.25,-1.78,0.16,-0.82,-0.16,-0.19,0,1,-205.00
2001-11-24T20:00:00,2.95,0.23,1.8,-3.31,-2.2,-0.04,-0.89,-0.17,-0.19,0,1,-187.00
2001-11-24T21:00:00,3.01,0.3,1.56,-3.21,-2.25,0.46,-0.93,-0.09,-0.19,0,1,-177.00
2001-11-24T22:00:00,2.87,0.54,1.85,-2.51,-3.4,-1.19,-0.68,-0.28,-0.19,0,1,-172.00
2001-11-24T23:00:00,2.24,0.62,1.83,-2.64,-2.03,0.43,-0.28,-0.43,-0.19,0,1,-153.00
2001-11-25T00:00:00,2.38,0.47,1.71,-2.69,-1.2,0.41,-0.63,-0.34,-0.19,0,1,-150.00
2001-11-25T01:00:00,2.0,0.28,1.86,-2.73,-1.42,0.48,-0.66,-0.44,-0.19,0,1,-145.00
2001-11-25T02:00:00,1.37,0.46,1.94,-2.46,-1.78,0.87,-0.68,-0.42,-0.19,0,1,-145.00
2001-11-25T03:00:00,0.38,0.08,2.24,-2.01,-1.21,0.88,-0.46,-0.33,-0.19,0,1,-144.00
2001-11-25T04:00:00,-0.11,0.35,2.3,-1.92,-1.03,1.85,-0.23,-0.47,-0.19,0,1,-134.00
2001-11-25T05:00:00,0.17,0.72,2.22,-1.86,-1.16,1.62,-0.27,-0.49,-0.19,0,1,-124.00
2001-11-25T06:00:00,0.74,1.2,1.96,-1.76,-0.56,1.28,0.02,-0.48,-0.19,0,1,-118.00
2001-11-25T07:00:00,1.1,1.32,1.97,-1.69,-1.16,1.13,-0.47,-0.52,-0.19,0,1,-111.00
2001-11-25T08:00:00,-0.08,0.22,2.23,-1.49,-0.69,0.76,-0.8,-0.49,-0.19,0,1,-114.00
2001-11-25T09:00:00,-0.93,-0.27,1.99,-1.62,-1.46,0.61,-0.38,-0.55,-0.19,0,1,-113.00
2001-11-25T10:00:00,-0.77,-0.36,1.95,-1.65,-1.98,0.28,-0.63,-0.48,-0.19,0,1,-106.00
2001-11-25T11:00:00,-0.15,-0.25,1.94,-1.55,-1.36,0.01,-0.89,-0.47,-0.19,0,1,-103.00
2001-11-25T12:00:00,-0.09,-0.2,1.71,-1.52,-1.7,0.11,-0.89,-0.43,-0.19,0,1,-107.00
2001-11-25T13:00:00,0.55,0.09,1.48,-1.51,-1.67,-0.02,-0.82,-0.11,-0.19,0,1,-104.00
2001-11-25T14:00:00,0.35,-0.25,1.12,-1.45,-1.56,-0.6,-0.73,0.49,-0.15,0,1,-98.00
2001-11-25T15:00:00,0.12,-0.69,1.07,-1.35,-2.15,-1.65,-0.76,-0.47,-0.19,0,1,-96.00
2001-11-25T16:00:00,-0.08,-0.59,0.7,-1.4,-1.83,-2.21,-0.74,-0.28,-0.17,0,1,-92.00
2001-11-25T17:00:00,0.07,-0.43,1.0,-1.28,-1.22,-0.99,-0.81,-0.46,-0.19,0,0,-89.00
2001-11-25T18:00:00,0.36,-0.13,1.08,-1.12,-0.45,-0.28,-0.85,-0.44,-0.19,0,0,-90.00
2001-11-25T19:00:00,0.38,-0.3,1.04,-1.11,-1.05,-0.18,-0.86,-0.13,-0.18,0,0,-88.00
2001-11-25T20:00:00,0.25,-0.53,1.01,-1.13,-1.45,-0.39,-0.87,0.3,-0.17,0,0,-86.00
2001-11-25T21:00:00,0.26,-0.73,0.76,-1.15,-1.47,-0.45,-0.85,-0.03,-0.18,0,0,-85.00
2001-11-25T22:00:00,0.13,-1.08,0.46,-1.19,-0.98,0.1,-0.85,0.13,-0.17,0,0,-84.00
2001-11-25T23:00:00,0.13,-1.0,0.5,-1.14,-0.92,-0.04,-0.86,0.14,-0.17,0,0,-83.00
2001-11-26T00:00:00,0.15,-0.89,0.41,-1.24,-1.1,-0.09,-0.83,-0.1,-0.17,0,0,-81.00
2001-11-26T01:00:00,0.37,-0.44,0.07,-1.4,0.18,0.02,-0.88,-0.24,-0.15,0,0,-83.00
2001-11-26T02:00:00,0.58,-0.37,0.23,-1.27,0.06,1.13,-0.87,-0.3,-0.17,0,0,-86.00
2001-11-26T03:00:00,0.41,-0.6,0.15,-1.41,-0.51,0.68,-0.88,-0.27,-0.17,0,0,-85.00
2001-11-26T04:00:00,0.35,-0.54,0.39,-1.39,-0.28,1.67,-0.87,-0.25,-0.17,0,0,-82.00
2001-11-26T05:00:00,0.65,-0.26,0.14,-1.04,0.29,0.53,-0.88,-0.42,-0.18,0,0,-78.00
2001-11-26T06:00:00,0.69,-0.03,-0.2,-0.98,1.05,-0.99,-0.88,-0.36,-0.18,0,0,-75.00
2001-11-26T07:00:00,0.74,-0.21,0.04,-0.86,0.5,-0.1,-0.88,-0.45,-0.18,0,0,-75.00
2001-11-26T08:00:00,0.51,-0.5,0.2,-1.0,-0.33,0.49,-0.87,-0.35,-0.17,0,0,-73.00
2001-11-26T09:00:00,0.31,-0.72,0.21,-1.16,-0.86,0.51,-0.86,-0.32,-0.18,0,0,-67.00
2001-11-26T10:00:00,0.49,-0.59,0.26,-0.93,-0.67,0.64,-0.87,-0.37,-0.18,0,0,-63.00
2001-11-26T11:00:00,0.69,-0.33,0.22,-0.72,-0.04,0.55,-0.87,-0.44,-0.18,0,0,-60.00
2001-11-26T12:00:00,0.65,-0.39,0.22,-0.69,-0.32,0.61,-0.87,-0.44,-0.18,0,0,-57.00
2001-11-26T13:00:00,0.73,-0.38,0.12,-0.54,-0.21,0.38,-0.86,-0.48,-0.18,0,0,-56.00
2001-11-26T14:00:00,0.71,-0.32,0.14,-0.49,-0.13,0.59,-0.86,-0.49,-0.18,0,0,-54.00
2001-11-26T15:00:00,0.71,-0.35,0.13,-0.56,-0.2,0.65,-0.75,-0.35,-0.16,0,0,-50.00
2001-11-26T16:00:00,0.73,-0.25,0.17,-0.5,-0.3,0.55,-0.74,-0.34,-0.16,0,0,-50.00
2001-11-26T17:00:00,0.77,-0.17,0.06,-0.4,0.36,-0.02,-0.76,-0.41,-0.17,0,0,-50.00
2001-11-26T18:00:00,0.78,-0.04,0.12,-0.39,0.43,0.69,-0.63,-0.37,-0.15,0,0,-48.00
2001-11-26T19:00:00,0.79,-0.15,0.1,-0.3,0.44,0.69,-0.6,-0.44,-0.16,0,0,-45.00
2001-11-26T20:00:00,0.73,-0.26,0.11,-0.28,-0.05,0.67,-0.62,-0.47,-0.17,0,0,-45.00
2001-11-26T21:00:00,0.8,-0.21,0.16,-0.24,0.36,0.57,-0.59,-0.42,-0.16,0,0,-45.00
2001-11-26T22:00:00,0.81,-0.32,0.13,-0.13,0.19,0.53,-0.67,-0.45,-0.17,0,0,-43.00
2001-11-26T23:00:00,0.82,-0.31,0.05,0.07,-0.07,0.3,-0.76,-0.51,-0.18,0,0,-43.00
2001-11-27T00:00:00,0.9,-0.13,-0.04,0.17,0.32,0.02,-0.73,-0.52,-0.18,0,0,-43.00
2001-11-27T01:00:00,0.8,-0.24,0.17,0.16,-0.15,0.68,-0.74,-0.5,-0.18,0,0,-50.00
2001-11-27T02:00:00,0.84,-0.32,0.25,0.16,-0.2,0.88,-0.71,-0.5,-0.18,0,0,-55.00
2001-11-27T03:00:00,0.78,-0.41,0.22,0.08,-0.18,0.66,-0.48,-0.38,-0.15,0,0,-53.00
2001-11-27T04:00:00,0.82,-0.33,0.28,0.09,-0.1,0.72,-0.38,-0.35,-0.14,0,0,-48.00
2001-11-27T05:00:00,0.77,-0.5,0.41,0.07,-0.34,1.11,-0.38,-0.31,-0.15,0,0,-42.00
2001-11-27T06:00:00,0.47,-0.67,0.49,-0.06,-0.45,1.22,-0.41,-0.42,-0.16,0,0,-37.00
2001-11-27T07:00:00,-0.07,-0.83,0.54,-0.25,-0.44,1.19,-0.45,-0.53,-0.18,0,0,-36.00
2001-11-27T08:00:00,0.02,-0.79,0.55,-0.14,-0.4,1.17,-0.42,-0.52,-0.18,0,0,-33.00
2001-11-27T09:00:00,0.47,-0.76,0.5,0.13,-0.49,1.22,-0.62,-0.53,-0.18,0,0,-29.00
2001-11-27T10:00:00,0.53,-0.77,0.46,0.15,-0.64,1.01,-0.66,-0.54,-0.18,0,0,-31.00
2001-11-27T11:00:00,0.67,-0.71,0.41,0.25,-0.48,1.01,-0.54,-0.5,-0.18,0,0,-30.00
2001-11-27T12:00:00,0.68,-0.69,0.39,0.29,-0.63,0.94,-0.56,-0.5,-0.18,0,0,-30.00
2001-11-27T13:00:00,0.8,-0.51,0.32,0.29,-0.31,0.51,-0.47,-0.41,-0.16,0,0,-30.00
2001-11-27T14:00:00,0.71,-0.62,0.25,0.27,-0.22,0.5,-0.46,-0.4,-0.16,0,0,-29.00
2001-11-27T15:00:00,0.74,-0.57,0.27,0.34,-0.29,0.63,-0.47,-0.36,-0.16,0,0,-28.00
2001-11-27T16:00:00,0.69,-0.45,0.05,0.31,-0.02,0.57,-0.4,-0.32,-0.13,0,0,-26.00
2001-11-27T17:00:00,0.66,-0.55,0.01,0.27,-0.09,0.61,-0.45,-0.26,-0.13,0,0,-27.00
2001-11-27T19:00:00,0.65,-0.73,0.11,0.35,-0.8,0.65,-0.45,-0.35,-0.15,0,0,-25.00
2001-11-27T20:00:00,0.86,-0.37,0.06,0.49,-0.09,0.85,-0.38,-0.32,-0.14,0,0,-25.00
2001-11-27T21:00:00,0.86,-0.3,0.23,0.5,0.07,0.85,-0.36,-0.25,-0.13,0,0,-25.00
2001-11-27T22:00:00,0.44,-0.7,-0.04,0.35,-0.6,0.49,-0.48,-0.33,-0.14,0,0,-26.00
2001-11-27T23:00:00,0.63,-0.54,0.06,0.38,-1.03,0.13,-0.41,-0.1,-0.08,0,0,-26.00
2001-11-28T00:00:00,0.74,-0.33,0.09,0.45,-0.11,0.65,-0.41,-0.2,-0.1,0,0,-28.00
2001-11-28T01:00:00,1.06,-0.1,0.19,0.51,0.4,0.52,-0.35,-0.34,-0.15,0,0,-30.00
2001-11-28T02:00:00,1.09,-0.04,0.13,0.57,0.45,0.57,-0.4,-0.4,-0.16,0,0,-31.00
2001-11-28T03:00:00,1.05,-0.06,0.04,0.6,0.35,0.31,-0.48,-0.35,-0.16,0,0,-33.00
2001-11-28T04:00:00,1.01,-0.19,-0.01,0.63,0.22,0.29,-0.49,-0.3,-0.15,0,0,-33.00
2001-11-28T05:00:00,1.01,-0.26,0.05,0.65,0.05,0.32,-0.44,-0.27,-0.15,0,0,-32.00
2001-11-28T06:00:00,0.91,-0.33,0.21,0.65,0.02,0.49,-0.45,-0.32,-0.15,0,0,-28.00
2001-11-28T07:00:00,0.81,-0.51,0.33,0.6,-0.18,0.46,-0.39,-0.31,-0.15,0,0,-25.00
2001-11-28T08:00:00,0.73,-0.71,0.41,0.57,-0.34,0.37,-0.34,-0.34,-0.15,0,0,-20.00
2001-11-28T09:00:00,0.66,-0.72,0.38,0.55,-0.24,0.62,-0.36,-0.37,-0.16,0,0,-17.00
2001-11-28T10:00:00,0.94,-0.33,0.45,0.6,0.19,0.77,-0.46,-0.37,-0.16,0,0,-16.00
2001-11-28T11:00:00,1.06,-0.22,0.27,0.63,0.15,0.66,-0.58,-0.37,-0.17,0,0,-17.00
2001-11-28T12:00:00,0.88,-0.47,0.09,0.63,-0.02,0.53,-0.59,-0.31,-0.16,0,0,-16.00
2001-11-28T13:00:00,0.84,-0.49,0.21,0.73,-0.33,0.42,-0.53,-0.38,-0.16,0,0,-16.00
2001-11-28T14:00:00,0.89,-0.36,0.32,0.78,-0.34,0.44,-0.54,-0.41,-0.17,0,0,-16.00
2001-11-28T15:00:00,0.72,-0.49,0.24,0.66,-0.69,0.11,-0.56,-0.28,-0.15,0,0,-15.00
2001-11-28T16:00:00,0.49,-0.76,0.2,0.46,-1.28,-0.02,-0.52,-0.4,-0.16,0,0,-13.00
2001-11-28T17:00:00,0.47,-0.86,0.18,0.39,-1.28,-0.38,-0.49,-0.4,-0.16,0,0,-13.00
2001-11-28T18:00:00,0.63,-0.62,0.31,0.5,-0.62,-0.0,-0.39,-0.32,-0.14,0,0,-14.00
2001-11-28T19:00:00,0.98,-0.03,0.33,0.69,0.06,0.17,-0.39,-0.17,-0.13,0,0,-13.00
2001-11-28T20:00:00,0.66,-0.41,0.37,0.58,-0.04,0.1,-0.48,-0.27,-0.13,0,0,-13.00
2001-11-28T21:00:00,-0.15,-0.63,0.1,0.16,0.19,-0.69,-0.32,-0.31,-0.07,0,0,-13.00
2001-11-28T22:00:00,-0.23,-0.71,0.14,0.23,0.36,-0.48,-0.25,-0.2,-0.06,0,0,-12.00
2001-11-28T23:00:00,0.11,-0.73,0.12,0.38,0.09,-0.19,-0.27,-0.15,-0.05,0,0,-14.00
2001-11-29T00:00:00,0.6,-0.45,0.44,0.44,0.35,-0.05,-0.23,0.03,-0.04,0,0,-15.00
2001-11-29T01:00:00,0.11,-0.71,0.02,0.28,0.07,-0.91,-0.19,0.11,0.07,0,0,-15.00
2001-11-29T02:00:00,0.27,-0.7,0.17,0.34,-0.02,-0.73,-0.18,0.11,0.04,0,0,-15.00
2001-11-29T03:00:00,-0.06,-0.69,0.11,0.29,-0.08,-0.83,-0.25,0.0,0.03,0,0,-17.00
2001-11-29T04:00:00,-0.18,-0.75,0.22,0.3,0.08,-0.71,-0.3,-0.03,-0.04,0,0,-19.00
2001-11-29T05:00:00,-0.02,-0.41,0.29,0.36,0.2,-0.61,-0.33,0.08,0.27,0,0,-20.00
2001-11-29T06:00:00,-0.45,-0.74,-0.1,0.29,-0.16,-1.29,-0.37,-0.09,-0.1,0,0,-18.00
2001-11-29T07:00:00,-0.16,-0.81,0.2,0.35,-0.24,-1.09,-0.33,-0.1,-0.08,0,0,-18.00
2001-11-29T08:00:00,-0.48,-0.79,-0.12,0.36,-0.46,-1.11,-0.33,-0.12,-0.11,0,0,-19.00
2001-11-29T09:00:00,0.05,-0.62,0.42,0.46,-0.21,-0.69,-0.31,-0.06,-0.03,0,0,-17.00
2001-11-29T10:00:00,0.5,-0.1,0.63,0.59,-0.02,-0.4,-0.38,-0.14,-0.1,0,0,-17.00
2001-11-29T11:00:00,0.16,-0.4,0.16,0.5,0.0,-0.81,-0.41,-0.2,0.12,0,0,-17.00
2001-11-29T12:00:00,-0.04,-0.55,0.28,0.5,0.06,-0.47,-0.4,-0.25,-0.05,0,0,-16.00
2001-11-29T13:00:00,0.24,-0.62,0.15,0.58,-0.11,-0.56,-0.42,-0.23,-0.07,0,0,-17.00
2001-11-29T14:00:00,0.16,-0.22,0.45,0.56,0.35,0.01,-0.44,-0.27,-0.03,0,0,-16.00
2001-11-29T15:00:00,0.38,-0.55,0.1,0.68,-0.1,-0.57,-0.42,-0.27,-0.08,0,0,-12.00
2001-11-29T16:00:00,0.19,-0.28,0.36,0.63,0.06,-0.12,-0.42,-0.32,-0.01,0,0,-12.00
2001-11-29T17:00:00,0.28,-0.36,0.42,0.7,-0.06,0.13,-0.38,-0.38,-0.09,0,0,-14.00
2001-11-29T18:00:00,0.26,-0.57,0.22,0.72,-0.11,-0.19,-0.38,-0.42,-0.12,0,0,-14.00
2001-11-29T19:00:00,0.26,-0.51,0.28,0.74,-0.02,-0.1,-0.35,-0.39,-0.1,0,0,-14.00
2001-11-29T20:00:00,0.0,-0.63,0.27,0.69,-0.12,-0.09,-0.4,-0.46,-0.14,0,0,-14.00
2001-11-29T21:00:00,0.03,-0.7,0.14,0.76,-0.26,-0.2,-0.39,-0.46,-0.14,0,0,-14.00
2001-11-29T22:00:00,0.26,-0.71,0.03,0.87,-0.28,-0.38,-0.46,-0.46,-0.15,0,0,-14.00
2001-11-29T23:00:00,0.22,-0.7,-0.03,0.91,-0.28,-0.43,-0.46,-0.47,-0.15,0,0,-15.00
2001-11-30T00:00:00,0.15,-0.61,-0.04,0.93,-0.41,-0.34,-0.38,-0.44,-0.12,0,0,-17.00
2001-11-30T01:00:00,0.1,-0.63,-0.07,0.93,-0.45,-0.44,-0.41,-0.47,-0.14,0,0,-19.00
2001-11-30T02:00:00,0.05,-0.54,0.08,0.91,-0.38,-0.05,-0.3,-0.44,-0.08,0,0,-22.00
2001-11-30T03:00:00,0.18,-0.54,0.13,0.99,-0.4,0.09,-0.32,-0.44,-0.1,0,0,-22.00
2001-11-30T04:00:00,0.13,-0.43,0.41,0.99,-0.34,0.45,-0.31,-0.45,-0.11,0,0,-20.00
2001-11-30T05:00:00,0.22,-0.3,0.5,1.03,-0.22,0.49,-0.29,-0.44,-0.11,0,0,-16.00
2001-11-30T06:00:00,0.34,-0.4,0.35,1.08,-0.42,0.31,-0.26,-0.43,-0.1,0,0,-13.00
2001-11-30T07:00:00,0.34,-0.54,0.21,1.13,-0.59,0.24,-0.26,-0.46,-0.12,0,0,-13.00
2001-11-30T08:00:00,0.3,-0.56,0.21,1.13,-0.58,0.22,-0.28,-0.47,-0.13,0,0,-12.00
2001-11-30T09:00:00,0.04,-0.62,0.19,1.07,-0.65,0.15,-0.28,-0.5,-0.13,0,0,-13.00
2001-11-30T10:00:00,0.03,-0.62,0.23,1.09,-0.64,0.19,-0.27,-0.49,-0.13,0,0,-16.00
2001-11-30T11:00:00,0.21,-0.6,0.18,1.16,-0.66,0.28,-0.24,-0.49,-0.13,0,0,-17.00
2001-11-30T12:00:00,0.42,-0.34,0.32,1.25,-0.35,0.35,-0.2,-0.42,-0.09,0,0,-16.00
2001-11-30T13:00:00,0.53,-0.18,0.34,1.3,-0.18,0.36,-0.15,-0.38,-0.07,0,0,-13.00
2001-11-30T14:00:00,0.52,-0.02,0.34,1.27,-0.03,0.35,-0.12,-0.41,-0.07,0,0,-9.00
2001-11-30T15:00:00,0.38,-0.3,0.38,1.23,-0.32,0.44,-0.16,-0.47,-0.1,0,0,0.00
2001-11-30T16:00:00,0.36,-0.5,0.13,1.25,-0.38,0.23,-0.13,-0.44,-0.09,0,0,-5.00
2001-11-30T17:00:00,0.35,-0.49,0.04,1.27,-0.41,0.12,-0.1,-0.42,-0.07,0,0,-5.00
2001-11-30T18:00:00,0.32,-0.75,0.41,1.1,-0.63,0.57,0.05,-0.48,-0.15,0,0,-7.00
2001-11-30T19:00:00,0.17,-0.8,0.31,1.03,-0.56,0.38,0.42,-0.43,-0.11,0,0,-5.00
2001-11-30T20:00:00,-0.1,-0.92,0.3,0.97,-0.52,0.15,0.56,-0.46,-0.13,0,0,-1.00
2001-11-30T21:00:00,-0.54,-0.81,0.01,0.94,-0.51,-0.11,0.91,-0.49,-0.13,0,0,0.00
2001-11-30T22:00:00,0.22,-0.76,0.13,1.05,-0.54,-0.08,1.05,-0.41,-0.02,0,0,3.00
2001-11-30T23:00:00,0.63,-0.71,0.07,1.06,-0.78,-0.18,1.21,-0.35,-0.03,0,0,2.00
2001-12-01T00:00:00,0.82,-0.76,0.13,1.09,-0.71,-0.29,1.57,-0.34,-0.05,0,0,---
2001-12-01T01:00:00,1.07,-0.69,-0.04,1.15,-0.7,-0.05,1.56,-0.38,-0.1,0,0,1.00
2001-12-01T02:00:00,0.87,-0.85,0.41,1.18,-0.87,0.14,1.58,-0.38,-0.1,0,0,-3.00
2001-12-01T03:00:00,0.64,-0.57,0.74,1.2,-0.91,0.21,1.48,-0.38,-0.09,0,0,-3.00
2001-12-01T04:00:00,0.68,-0.95,0.53,1.2,-1.1,-0.07,1.05,-0.5,-0.15,0,0,-5.00
2001-12-01T05:00:00,0.31,-1.08,0.22,1.14,-0.85,-0.34,1.89,-0.5,-0.12,0,0,-4.00
2001-12-01T06:00:00,-0.1,-1.17,-0.15,1.09,-0.72,-0.3,2.71,-0.52,-0.13,0,0,4.00
2001-12-01T07:00:00,-0.04,-1.34,0.07,1.09,-0.78,-0.2,3.05,-0.54,-0.14,0,0,8.00
2001-12-01T08:00:00,-0.39,-1.21,0.24,1.1,-0.68,-0.07,3.27,-0.54,-0.13,0,0,7.00
2001-12-01T09:00:00,-0.67,-0.9,0.75,1.15,-0.55,0.04,2.86,-0.53,-0.15,0,0,9.00
2001-12-01T10:00:00,-0.5,-0.69,0.7,1.2,-0.39,0.17,4.27,-0.53,-0.1,0,0,6.00
2001-12-01T11:00:00,-0.4,-0.76,0.21,1.21,-0.45,-0.0,5.84,-0.54,0.0,0,0,8.00
2001-12-01T12:00:00,-0.6,-1.32,0.17,1.24,-0.14,0.33,3.86,-0.52,-0.13,0,0,13.00
2001-12-01T13:00:00,0.47,0.38,1.56,1.39,0.57,-0.08,0.97,-0.52,-0.18,0,0,7.00
2001-12-01T14:00:00,0.58,0.19,1.45,1.44,0.89,-0.1,0.66,-0.55,-0.18,0,0,-2.00
2001-12-01T15:00:00,0.01,-1.04,1.24,1.5,0.63,1.1,0.36,-0.54,-0.18,0,0,-2.00
2001-12-01T16:00:00,-0.46,-1.43,0.85,1.25,-0.42,0.65,0.02,-0.49,-0.18,0,0,-3.00
2001-12-01T17:00:00,0.14,-1.0,0.96,1.24,-0.14,-0.02,1.76,-0.51,-0.16,0,0,-9.00
2001-12-01T18:00:00,-0.09,-0.95,0.92,1.21,-0.1,-0.05,1.64,-0.5,-0.15,0,0,-1.00
2001-12-01T19:00:00,-0.15,-0.91,1.08,1.19,-0.34,0.11,0.62,-0.49,-0.17,0,0,-1.00
2001-12-01T20:00:00,0.2,-0.64,1.18,1.22,-0.26,0.15,0.25,-0.48,-0.17,0,0,-4.00
2001-12-01T21:00:00,-0.03,-1.34,1.31,1.41,0.49,0.64,0.06,-0.41,-0.18,0,0,-6.00
2001-12-01T22:00:00,-0.21,-3.48,2.63,3.14,-1.84,0.11,-0.63,0.07,-0.19,0,0,-4.00
2001-12-01T23:00:00,-0.33,-1.23,0.73,0.95,-0.25,0.0,0.35,-0.47,-0.17,0,0,-7.00
2001-12-02T00:00:00,-0.21,-0.71,0.89,1.0,-0.61,-0.23,0.82,-0.46,-0.15,0,0,-2.00
2001-12-02T01:00:00,-0.27,-0.92,0.79,0.94,-0.71,-0.19,0.75,-0.45,-0.15,0,0,-1.00
2001-12-02T02:00:00,-0.04,-1.4,1.62,1.36,-0.83,0.36,0.43,-0.32,-0.17,0,0,-2.00
2001-12-02T03:00:00,0.54,-2.79,3.63,1.74,2.08,-2.23,-0.62,0.35,-0.19,0,0,-3.00
2001-12-02T04:00:00,1.09,-3.49,3.57,3.0,-0.68,-0.05,-0.63,0.23,-0.19,0,0,-2.00
2001-12-02T05:00:00,1.71,-3.71,3.7,2.52,-1.98,-1.46,0.04,0.3,-0.19,0,0,0.00
2001-12-02T06:00:00,1.6,0.4,5.3,3.22,-1.62,1.61,-0.76,0.79,-0.19,0,0,3.00
2001-12-02T07:00:00,-1.94,8.86,4.27,2.22,6.78,0.85,-0.93,0.04,-0.19,0,0,0.00
2001-12-02T08:00:00,-2.37,9.89,4.05,4.33,-1.13,-0.18,-0.96,10.65,-0.19,1,0,3.00
2001-12-02T09:00:00,-3.89,10.77,3.83,4.34,-1.09,-0.05,-0.95,16.14,-0.19,1,0,6.00
2001-12-02T10:00:00,-5.37,10.2,3.44,9.24,50.91,64.84,-0.94,21.27,-0.19,1,0,10.00
2001-12-02T11:00:00,-6.43,8.57,3.27,0.98,-8.76,-5.7,-0.95,17.48,-0.19,1,0,12.00
2001-12-02T12:00:00,-6.89,7.37,3.09,0.35,-1.52,-7.96,-0.95,23.41,-0.19,1,0,13.00
2001-12-02T14:00:00,-6.44,3.52,1.54,-0.06,4.37,4.0,-0.94,18.16,-0.19,1,0,15.00
2001-12-02T15:00:00,-7.59,3.22,1.11,0.66,6.17,4.72,-0.94,15.17,-0.19,1,0,16.00
2001-12-02T16:00:00,-4.82,1.74,1.24,2.48,-1.94,8.99,-0.93,37.34,-0.17,1,0,13.00
2001-12-02T17:00:00,0.04,-1.17,1.51,2.67,5.59,11.27,-0.94,28.97,-0.09,1,0,9.00
2001-12-02T18:00:00,2.47,-1.9,1.04,3.58,1.28,3.14,-0.94,15.26,-0.17,1,0,6.00
2001-12-02T22:00:00,5.91,-1.03,0.98,3.1,-4.12,-5.63,-0.99,2.1,-0.19,1,0,0.00
2001-12-02T23:00:00,4.18,0.23,0.8,-1.94,9.24,6.72,-0.99,3.76,-0.19,1,0,-1.00
2001-12-03T00:00:00,3.62,-0.15,0.5,4.3,-0.95,-0.37,-0.92,1.0,-0.19,1,0,-2.00
2001-12-03T11:00:00,1.43,0.33,1.29,2.45,2.78,-1.43,-0.89,0.31,-0.19,1,0,-3.00
2001-12-03T12:00:00,1.83,0.24,1.37,1.02,-2.66,0.29,-0.66,0.65,-0.18,1,0,-1.00
2001-12-03T13:00:00,0.99,0.34,1.19,1.85,-0.3,-2.83,-0.65,0.51,-0.16,1,0,5.00
2001-12-03T14:00:00,0.82,0.38,1.18,0.98,2.42,-2.07,-0.27,0.72,-0.11,1,0,5.00
2001-12-03T15:00:00,0.43,0.29,2.08,1.03,-0.58,0.45,0.1,1.42,-0.11,1,0,6.00
2001-12-03T16:00:00,0.31,0.09,1.01,1.13,-2.8,-2.67,-0.41,0.38,-0.1,1,0,6.00
2001-12-03T17:00:00,-0.82,-0.16,1.26,1.6,-0.25,-1.76,-0.32,0.54,-0.13,1,0,5.00
2001-12-03T18:00:00,-0.36,-1.09,-1.81,0.91,-0.39,-0.3,0.74,1.44,-0.07,1,0,1.00
2001-12-03T19:00:00,-2.19,-0.75,-0.82,1.02,-0.49,-0.09,0.13,1.37,-0.11,1,0,1.00
2001-12-03T20:00:00,-0.97,-1.48,-2.88,0.93,-0.64,0.91,0.18,1.75,-0.15,1,0,-20.00
2001-12-03T21:00:00,-0.5,-1.26,2.87,0.83,-1.18,-0.52,0.33,1.8,-0.14,1,0,-29.00
2001-12-03T22:00:00,0.95,-0.91,3.37,0.65,-0.6,0.12,0.44,1.62,-0.15,1,0,-32.00
2001-12-03T23:00:00,-0.41,-0.93,0.56,0.9,-0.63,-0.42,0.11,1.6,0.2,1,0,-25.00
2001-12-04T00:00:00,-1.37,-0.84,0.82,0.96,-1.75,-0.16,0.51,2.59,0.12,1,0,-24.00
2001-12-04T01:00:00,-1.63,-0.75,-0.02,0.8,-1.84,-1.24,-0.01,2.6,0.02,1,0,-27.00
2001-12-04T02:00:00,-1.58,-0.77,-0.1,0.94,-1.76,0.48,-0.24,2.01,-0.05,1,0,-30.00
2001-12-04T03:00:00,-0.6,-0.63,0.44,0.82,-1.64,0.14,0.08,2.47,0.58,1,0,-28.00
2001-12-04T04:00:00,0.16,-0.58,0.3,0.98,0.49,0.19,0.27,2.39,1.76,1,0,-25.00
2001-12-04T05:00:00,0.75,0.25,1.12,0.49,-1.35,0.19,0.17,1.82,0.09,1,0,-23.00
2001-12-04T06:00:00,0.92,0.25,1.01,0.39,-1.11,0.07,0.03,2.52,0.14,1,0,-22.00
2001-12-04T07:00:00,0.89,0.31,1.21,0.36,-2.02,-0.03,-0.02,2.35,0.04,1,0,-22.00
2001-12-04T08:00:00,0.77,0.15,0.87,0.31,-1.88,0.41,0.04,2.48,0.27,1,0,-25.00
2001-12-04T09:00:00,0.25,-0.85,-0.09,0.39,-1.33,0.81,-0.13,2.62,0.57,1,0,-24.00
2001-12-04T10:00:00,-0.53,-1.27,-0.31,1.03,0.29,2.12,-0.2,2.29,0.05,1,0,-26.00
2001-12-04T11:00:00,-0.61,-1.67,-0.53,0.78,-1.78,1.49,0.1,1.93,-0.03,1,0,-29.00
2001-12-04T12:00:00,1.34,-0.53,-0.16,0.46,-2.6,0.88,0.17,1.27,0.04,1,0,-25.00
2001-12-04T13:00:00,1.63,0.47,1.12,0.42,-2.95,0.98,0.04,0.96,-0.11,1,0,-25.00
2001-12-04T14:00:00,1.45,0.22,1.39,0.33,-3.15,0.34,0.1,1.15,-0.1,1,0,-26.00
2001-12-04T15:00:00,0.31,-0.93,0.24,0.39,-2.94,0.06,0.23,1.45,0.37,1,0,-20.00
2001-12-04T16:00:00,1.33,-0.11,1.25,0.32,-3.3,0.01,0.39,0.98,-0.06,1,0,-20.00
2001-12-04T17:00:00,2.23,0.47,1.01,0.44,-2.91,0.39,0.63,0.64,-0.12,1,0,-24.00
2001-12-04T18:00:00,2.16,-0.15,0.31,0.34,-3.11,0.09,0.67,0.54,-0.1,1,0,-22.00
2001-12-04T19:00:00,0.24,-0.91,-0.91,0.48,-3.21,0.22,0.83,1.27,0.14,0,0,-19.00
2001-12-04T20:00:00,0.93,-0.74,-0.15,0.42,-2.65,-0.13,0.67,0.46,0.08,0,0,-22.00
2001-12-04T21:00:00,1.29,-0.35,0.31,0.52,-2.86,-0.01,0.6,0.31,-0.01,0,0,-26.00
2001-12-04T22:00:00,0.44,-0.82,-0.04,0.43,-1.0,0.1,0.42,0.02,0.04,0,0,-20.00
2001-12-04T23:00:00,-0.4,-0.74,-0.78,0.28,-0.95,0.07,0.57,-0.11,-0.09,0,0,-17.00
2001-12-05T00:00:00,-1.05,-1.5,-2.34,0.82,-3.7,0.82,1.83,0.91,-0.11,0,0,-19.00
2001-12-05T01:00:00,-1.45,-1.93,-1.79,0.78,-3.43,0.9,2.08,0.6,-0.12,0,0,-34.00
2001-12-05T02:00:00,-0.6,-1.7,-1.44,0.6,-2.32,0.23,1.69,0.36,-0.1,0,0,-38.00
2001-12-05T03:00:00,-1.24,-1.89,-0.9,1.0,-3.8,1.18,1.81,1.16,-0.02,0,0,-34.00
2001-12-05T04:00:00,-1.04,-1.87,-1.17,0.83,-3.12,1.09,0.93,1.2,-0.08,0,0,-32.00
2001-12-05T05:00:00,-0.44,-1.65,-0.89,0.59,-2.03,1.23,0.44,1.12,-0.06,0,0,-30.00
2001-12-05T06:00:00,-0.16,0.43,0.97,0.06,1.04,0.19,0.12,0.48,0.0,0,0,-28.00
2001-12-05T07:00:00,-0.12,-1.44,0.05,0.2,-1.13,-0.86,0.07,0.47,-0.07,0,0,-27.00
2001-12-05T08:00:00,-0.09,-1.32,-0.0,0.15,-0.91,-1.16,0.02,0.45,-0.06,0,0,-26.00
2001-12-05T09:00:00,0.2,-1.09,0.29,0.28,-0.93,-0.76,0.08,0.49,0.01,0,0,-30.00
2001-12-05T10:00:00,0.16,-1.22,0.26,0.31,-0.81,-0.58,0.06,0.37,-0.04,0,0,-30.00
2001-12-05T11:00:00,0.23,-0.94,0.51,0.33,-0.72,-0.14,0.08,0.17,-0.03,0,0,-28.00
2001-12-05T12:00:00,0.42,0.81,0.63,0.34,0.5,-0.02,0.17,0.21,-0.03,0,0,-26.00
2001-12-05T13:00:00,0.59,0.01,0.92,0.39,-0.36,0.23,0.24,0.09,-0.05,0,0,-24.00
2001-12-05T14:00:00,0.48,-1.37,0.15,0.39,-0.95,-0.47,0.29,0.02,-0.1,0,0,-21.00
2001-12-05T15:00:00,0.49,-1.27,-0.07,0.38,-0.74,-0.81,0.22,-0.0,-0.1,0,0,-18.00
2001-12-05T16:00:00,0.79,0.26,0.85,0.49,0.15,0.42,-0.25,0.01,-0.12,0,0,-20.00
2001-12-05T17:00:00,0.65,0.3,0.71,0.92,-2.27,1.04,-0.41,-0.03,-0.12,0,0,-16.00
2001-12-05T18:00:00,0.71,-0.38,0.06,0.54,-0.13,0.01,0.18,0.05,0.09,0,0,-10.00
2001-12-05T19:00:00,0.7,-0.72,-0.18,0.55,-0.67,-0.28,0.16,0.03,-0.03,0,0,-11.00
2001-12-05T20:00:00,0.59,-0.38,-0.16,0.43,-0.24,-0.19,0.24,-0.05,0.1,0,0,-11.00
2001-12-05T21:00:00,0.96,0.09,0.26,0.53,0.32,0.51,0.26,-0.1,-0.04,0,0,-13.00
2001-12-05T22:00:00,0.71,0.07,0.33,0.47,0.19,0.55,0.2,-0.11,0.04,0,0,-10.00
2001-12-05T23:00:00,0.17,-0.65,-0.33,0.29,-0.5,-0.32,0.12,-0.19,-0.03,0,0,-8.00
2001-12-06T00:00:00,0.5,-0.63,-0.23,0.36,-0.39,-0.32,0.16,-0.16,-0.03,0,0,-18.00
2001-12-06T01:00:00,0.73,-0.58,0.26,0.42,-0.38,0.27,0.15,-0.17,-0.06,0,0,-28.00
2001-12-06T02:00:00,0.85,-0.35,0.32,0.48,-0.12,0.31,0.07,-0.2,-0.08,0,0,-32.00
2001-12-06T03:00:00,0.73,-0.47,0.13,0.47,-0.35,0.2,0.06,-0.21,-0.06,0,0,-27.00
2001-12-06T04:00:00,0.14,-0.85,0.42,0.26,-0.6,0.73,0.02,-0.2,-0.08,0,0,-25.00
2001-12-06T05:00:00,0.94,-0.23,0.36,0.57,-0.16,0.65,-0.11,-0.36,-0.14,0,0,-20.00
2001-12-06T06:00:00,1.07,-0.11,0.17,0.65,0.07,0.38,-0.15,-0.43,-0.16,0,0,-19.00
2001-12-06T07:00:00,0.79,-0.53,-0.01,0.56,-0.44,0.11,-0.08,-0.28,-0.11,0,0,-19.00
2001-12-06T08:00:00,0.75,-0.71,-0.18,0.5,-0.64,-0.18,0.06,-0.22,-0.11,0,0,-22.00
2001-12-06T09:00:00,0.07,-0.87,-0.21,0.22,-0.77,-0.14,0.08,-0.22,-0.08,0,0,-22.00
2001-12-06T10:00:00,0.11,-0.17,-0.01,0.28,0.15,0.13,0.06,-0.25,1.77,0,0,-19.00
2001-12-06T11:00:00,0.62,0.21,-0.16,0.47,0.59,-0.24,0.11,-0.2,0.02,0,0,-21.00
2001-12-06T12:00:00,0.71,0.01,0.1,0.55,0.3,0.17,0.13,-0.13,0.06,0,0,-21.00
2001-12-06T13:00:00,0.64,-0.15,0.64,0.5,0.05,1.19,0.14,-0.2,-0.07,0,0,-24.00
2001-12-06T14:00:00,0.65,-0.22,-0.19,0.51,-0.19,-0.29,0.19,-0.19,0.02,0,0,-25.00
2001-12-06T15:00:00,0.43,-0.81,-0.24,0.4,-0.92,-0.34,0.1,-0.14,-0.07,0,0,-20.00
2001-12-06T16:00:00,0.67,-0.34,0.27,0.5,-0.29,0.53,0.19,-0.06,0.06,0,0,-18.00
2001-12-06T17:00:00,0.79,-0.17,-0.3,0.52,-0.17,-0.61,0.2,-0.09,-0.02,0,0,-16.00
2001-12-06T18:00:00,0.99,-0.08,0.03,0.57,-0.1,-0.13,0.34,-0.12,-0.03,0,0,-12.00
2001-12-06T19:00:00,0.83,-0.45,0.4,0.52,-0.35,0.33,0.32,-0.04,-0.02,0,0,-16.00
2001-12-06T20:00:00,0.72,-0.25,0.68,0.47,-0.11,0.71,0.31,-0.03,-0.03,0,0,-11.00
2001-12-06T21:00:00,0.89,-0.44,-0.05,0.57,-0.37,-0.28,0.22,-0.12,-0.05,0,0,-9.00
2001-12-06T22:00:00,0.52,-0.57,0.31,0.41,-0.57,0.16,0.26,-0.02,0.07,0,0,-18.00
2001-12-06T23:00:00,0.79,-0.67,0.47,0.18,-0.5,0.87,0.81,0.25,0.08,0,0,-19.00
2001-12-07T00:00:00,0.51,-1.22,-0.15,0.12,-1.0,-0.35,0.62,0.2,-0.03,0,0,-10.00
2001-12-07T01:00:00,0.84,-0.6,0.94,0.2,-0.05,1.0,0.26,0.15,-0.09,0,0,-15.00
2001-12-07T02:00:00,0.86,-1.07,0.46,0.25,-0.51,0.23,0.06,0.06,-0.11,0,0,-20.00
2001-12-07T03:00:00,0.99,-0.78,0.2,0.28,0.06,-0.42,-0.15,-0.01,-0.12,0,0,-17.00
2001-12-07T04:00:00,1.01,-0.68,0.04,0.23,0.23,-1.0,-0.18,0.1,-0.1,0,0,-17.00
2001-12-07T05:00:00,0.94,-0.37,0.7,0.13,0.56,0.04,-0.2,0.18,-0.1,0,0,-17.00
2001-12-07T06:00:00,0.88,-0.29,0.63,0.15,0.46,-0.04,-0.24,0.07,-0.1,0,0,-16.00
2001-12-07T07:00:00,0.82,-0.56,0.44,0.18,0.47,0.23,-0.37,-0.07,-0.12,0,0,-16.00
2001-12-07T08:00:00,0.92,-0.8,0.2,0.23,0.13,-0.23,-0.39,-0.14,-0.15,0,0,-19.00
2001-12-07T09:00:00,0.6,-0.99,0.48,0.13,-0.28,0.08,-0.38,-0.21,-0.15,0,0,-23.00
2001-12-07T10:00:00,0.47,-1.1,0.21,0.09,-0.54,-0.27,-0.4,-0.21,-0.15,0,0,-23.00
2001-12-07T11:00:00,0.79,-0.73,0.26,0.26,-0.32,-0.02,-0.44,-0.28,-0.15,0,0,-24.00
2001-12-07T12:00:00,0.84,-0.7,-0.01,0.29,-0.16,-0.88,-0.42,-0.3,-0.15,0,0,-23.00
2001-12-07T13:00:00,0.73,-0.83,-0.05,0.2,-0.33,-0.77,-0.37,-0.28,-0.15,0,0,-20.00
2001-12-07T14:00:00,0.73,-0.55,-0.1,0.2,0.03,-0.52,-0.29,-0.19,-0.11,0,0,-21.00
2001-12-07T15:00:00,0.52,-0.64,-0.29,0.08,-0.16,-0.87,-0.29,-0.17,-0.11,0,0,-18.00
2001-12-07T16:00:00,0.4,-0.7,-0.15,0.05,-0.34,-0.43,-0.31,-0.16,-0.09,0,0,-23.00
2001-12-07T17:00:00,0.73,-0.4,-0.15,0.23,0.09,-0.38,-0.22,-0.19,-0.09,0,0,-26.00
2001-12-07T18:00:00,0.56,-0.59,0.29,0.14,-0.14,0.14,-0.28,-0.18,-0.09,0,0,-23.00
2001-12-07T19:00:00,0.44,-0.68,0.18,0.12,-0.27,0.22,-0.29,-0.11,-0.07,0,0,-18.00
2001-12-07T20:00:00,0.42,-0.19,0.67,0.09,0.49,1.05,-0.32,-0.14,-0.09,0,0,-16.00
2001-12-07T21:00:00,0.34,-0.43,0.6,0.08,0.16,0.98,-0.35,-0.17,-0.09,0,0,-18.00
2001-12-07T22:00:00,0.42,-0.39,0.13,0.11,0.22,0.19,-0.34,-0.15,0.03,0,0,-18.00
2001-12-07T23:00:00,0.1,-0.58,-0.24,0.02,-0.08,-0.39,-0.32,-0.15,-0.04,0,0,-15.00
2001-12-08T00:00:00,-0.04,-0.71,-0.23,-0.03,-0.13,-0.61,-0.31,-0.2,-0.08,0,0,-19.00
2001-12-08T01:00:00,0.3,-0.42,-0.19,0.14,0.2,-0.54,-0.31,-0.14,0.03,0,0,-26.00
2001-12-08T02:00:00,0.66,-0.25,0.19,0.22,0.42,0.16,-0.32,-0.19,-0.06,0,0,-27.00
2001-12-08T03:00:00,0.66,-0.09,0.3,0.28,0.51,0.24,-0.29,-0.23,-0.07,0,0,-25.00
2001-12-08T04:00:00,0.63,-0.26,0.05,0.3,0.17,-0.13,-0.25,-0.19,-0.03,0,0,-23.00
2001-12-08T05:00:00,0.47,-0.32,0.35,0.27,-0.05,0.33,-0.34,-0.17,-0.03,0,0,-20.00
2001-12-08T06:00:00,0.57,-0.33,0.36,0.32,0.2,0.16,-0.26,-0.12,-0.03,0,0,-17.00
2001-12-08T07:00:00,0.56,-0.55,-0.05,0.36,-0.15,-0.18,-0.3,-0.12,-0.06,0,0,-14.00
2001-12-08T08:00:00,0.46,-0.59,-0.02,0.39,-0.3,-0.22,-0.31,-0.14,-0.06,0,0,-16.00
2001-12-08T09:00:00,0.43,-0.59,0.2,0.41,-0.34,0.09,-0.3,-0.17,-0.06,0,0,-20.00
2001-12-08T10:00:00,0.15,-0.78,0.06,0.38,-0.42,-0.07,-0.34,-0.3,-0.11,0,0,-19.00
2001-12-08T11:00:00,0.06,-0.87,0.1,0.41,-0.54,0.13,-0.36,-0.42,-0.15,0,0,-19.00
2001-12-08T12:00:00,-0.02,-0.78,-0.11,0.48,-0.46,0.16,-0.28,-0.48,-0.15,0,0,-20.00
2001-12-08T13:00:00,-0.28,-0.73,-0.43,0.45,-0.44,0.11,-0.21,-0.5,-0.17,0,0,-20.00
2001-12-08T14:00:00,-0.52,-0.49,-0.35,0.37,-0.17,0.08,-0.24,-0.48,-0.16,0,0,-21.00
2001-12-08T15:00:00,0.61,-0.7,0.16,0.46,-0.31,0.0,-0.36,-0.52,-0.17,0,0,-22.00
2001-12-08T16:00:00,0.73,-0.76,0.37,0.54,-0.41,0.2,-0.33,-0.52,-0.18,0,0,-24.00
2001-12-08T17:00:00,0.38,-0.92,0.19,0.41,-0.55,-0.13,-0.32,-0.48,-0.17,0,0,-19.00
2001-12-08T18:00:00,0.55,-0.58,0.21,0.48,-0.04,-0.01,-0.23,-0.41,-0.13,0,0,-14.00
2001-12-08T19:00:00,0.44,-0.19,0.84,0.57,0.21,0.92,-0.35,-0.38,-0.16,0,0,-13.00
2001-12-08T20:00:00,0.69,-0.28,0.68,0.61,0.08,0.8,-0.33,-0.38,-0.16,0,0,-10.00
2001-12-08T21:00:00,0.57,-0.23,0.74,0.56,0.18,0.94,-0.4,-0.38,-0.16,0,0,-10.00
2001-12-08T22:00:00,0.66,-0.59,0.47,0.62,-0.19,0.53,-0.42,-0.34,-0.15,0,0,-12.00
2001-12-08T23:00:00,0.37,-0.68,-0.19,0.5,-0.37,-0.63,-0.44,-0.34,-0.14,0,0,-13.00
2001-12-09T00:00:00,0.52,-0.75,0.35,0.64,-0.51,0.44,-0.57,-0.48,-0.18,0,0,-14.00
2001-12-09T01:00:00,0.7,-0.47,0.51,0.78,-0.31,0.68,-0.64,-0.51,-0.18,0,0,-17.00
2001-12-09T02:00:00,0.79,-0.43,0.34,0.78,-0.36,0.37,-0.56,-0.47,-0.17,0,0,-15.00
2001-12-09T03:00:00,0.81,-0.16,0.46,0.8,0.3,0.57,-0.5,-0.42,-0.16,0,0,-15.00
2001-12-09T04:00:00,0.82,-0.33,0.35,0.83,-0.18,0.34,-0.5,-0.42,-0.16,0,0,-16.00
2001-12-09T05:00:00,0.92,-0.18,0.06,0.91,0.12,-0.15,-0.52,-0.35,-0.15,0,0,-14.00
2001-12-09T06:00:00,0.49,-0.45,0.3,0.81,-0.21,0.01,-0.51,-0.42,-0.15,0,0,-11.00
2001-12-09T07:00:00,0.46,-0.55,0.39,0.83,-0.19,0.19,-0.53,-0.43,-0.16,0,0,-11.00
2001-12-09T08:00:00,0.69,-0.11,0.35,0.91,0.14,0.5,-0.53,-0.34,-0.14,0,0,-11.00
2001-12-09T09:00:00,0.7,-0.17,0.13,0.99,0.14,-0.12,-0.57,-0.4,-0.15,0,0,-10.00
2001-12-09T10:00:00,0.73,-0.1,0.28,1.02,0.31,0.01,-0.57,-0.38,-0.15,0,0,-11.00
2001-12-09T11:00:00,0.61,-0.13,0.45,0.93,0.18,0.48,-0.54,-0.35,-0.14,0,0,-13.00
2001-12-09T12:00:00,0.65,-0.22,0.4,0.96,-0.17,0.38,-0.56,-0.34,-0.14,0,0,-15.00
2001-12-09T13:00:00,0.37,-0.44,0.34,0.93,-0.39,0.17,-0.54,-0.33,-0.12,0,0,-13.00
2001-12-09T14:00:00,0.12,-0.43,0.36,0.79,-0.24,0.06,-0.48,-0.33,-0.07,0,0,-11.00
2001-12-09T15:00:00,0.4,-0.36,0.33,0.79,-0.15,-0.2,-0.44,-0.23,-0.05,0,0,-9.00
2001-12-09T16:00:00,0.45,-0.27,0.37,0.74,0.06,-0.23,-0.48,-0.22,-0.07,0,0,-9.00
2001-12-09T17:00:00,0.49,-0.35,0.34,0.85,-0.26,0.09,-0.45,-0.29,-0.1,0,0,-10.00
2001-12-09T18:00:00,0.23,-0.48,0.28,0.87,-0.44,0.13,-0.42,-0.35,-0.08,0,0,-5.00
2001-12-09T19:00:00,-0.05,-0.48,-0.09,0.82,-0.45,-0.25,-0.42,-0.37,-0.06,0,0,-5.00
2001-12-09T20:00:00,0.36,-0.47,0.17,0.9,-0.53,-0.24,-0.39,-0.33,-0.07,0,0,-7.00
2001-12-09T21:00:00,0.13,-0.33,-0.15,0.81,-0.08,-0.32,-0.13,-0.42,0.03,0,0,-10.00
2001-12-09T22:00:00,0.1,-0.2,-0.13,0.81,0.1,-0.23,-0.01,-0.4,0.32,0,0,-9.00
2001-12-09T23:00:00,0.24,-0.4,-0.04,0.82,0.15,-0.22,-0.02,-0.4,0.04,0,0,-10.00
2001-12-10T00:00:00,0.38,-0.43,0.0,0.83,0.19,-0.18,-0.06,-0.52,-0.11,0,0,-11.00
2001-12-10T01:00:00,0.41,-0.28,0.21,0.87,0.13,-0.27,0.06,-0.54,-0.11,0,0,-11.00
2001-12-10T02:00:00,0.15,-0.07,0.28,0.91,-0.04,-0.27,0.01,-0.52,0.11,0,0,-12.00
2001-12-10T03:00:00,-0.32,0.22,0.28,0.95,-0.19,-0.27,0.05,-0.5,-0.04,0,0,-12.00
2001-12-10T04:00:00,-0.44,0.1,0.31,1.0,-0.19,-0.29,0.06,-0.5,-0.08,0,0,-14.00
2001-12-10T05:00:00,-0.57,0.2,0.23,1.09,-0.32,-0.3,-0.03,-0.51,-0.13,0,0,-10.00
2001-12-10T06:00:00,-0.58,0.18,0.09,1.1,-0.37,-0.24,0.01,-0.48,-0.1,0,0,-7.00
2001-12-10T07:00:00,-0.5,0.23,0.15,1.05,-0.4,-0.27,0.21,-0.42,-0.01,0,0,-6.00
2001-12-10T08:00:00,-0.37,0.01,0.13,1.02,-0.31,-0.46,0.4,-0.44,0.22,0,0,-3.00
2001-12-10T09:00:00,-0.31,0.04,0.27,1.02,-0.43,-0.48,0.52,-0.49,0.11,0,0,-2.00
2001-12-10T10:00:00,-0.29,0.21,0.07,1.03,-0.5,-0.19,0.56,-0.49,0.18,0,0,-2.00
2001-12-10T11:00:00,-0.23,0.24,-0.03,1.03,-0.53,-0.06,0.71,-0.5,0.18,0,0,-3.00
2001-12-10T12:00:00,-0.18,0.31,-0.31,1.02,-0.5,0.11,0.61,-0.5,-0.05,0,0,-1.00
2001-12-10T13:00:00,-0.04,0.31,-0.45,1.03,-0.48,0.24,0.37,-0.51,-0.12,0,0,-1.00
2001-12-10T14:00:00,-0.31,0.7,-0.05,1.11,-0.74,-0.03,0.19,-0.51,-0.14,0,0,-7.00
2001-12-10T15:00:00,-0.49,0.56,0.16,1.2,-0.84,-0.11,-0.02,-0.51,-0.15,0,0,-9.00
2001-12-10T16:00:00,-0.55,0.38,-0.09,1.22,-0.51,0.05,0.05,-0.48,-0.12,0,0,-10.00
2001-12-10T17:00:00,-0.59,0.29,0.11,1.24,-0.45,-0.11,0.13,-0.42,-0.07,0,0,-8.00
2001-12-10T18:00:00,-0.47,0.51,-0.04,1.2,-0.71,-0.14,-0.02,-0.47,-0.12,0,0,-9.00
2001-12-10T19:00:00,-0.51,0.47,0.3,1.2,-0.55,-0.56,-0.05,-0.46,-0.13,0,0,-9.00
2001-12-10T20:00:00,-0.43,0.46,0.2,1.18,-0.57,-0.52,-0.02,-0.46,-0.11,0,0,-9.00
2001-12-10T21:00:00,-0.15,0.67,-0.11,1.15,-0.73,-0.2,-0.07,-0.48,-0.13,0,0,-8.00
2001-12-10T22:00:00,-0.24,0.42,-0.13,1.18,-0.48,-0.14,-0.0,-0.43,-0.05,0,0,-10.00
2001-12-10T23:00:00,-0.3,0.16,0.06,1.2,-0.3,-0.39,0.05,-0.42,0.2,0,0,-11.00
2001-12-11T00:00:00,-0.27,0.77,0.31,1.24,-0.65,-0.75,0.23,-0.53,-0.16,0,0,-11.00
2001-12-11T01:00:00,-0.33,0.8,0.19,1.28,-0.71,-0.73,0.26,-0.53,-0.15,0,0,-11.00
2001-12-11T02:00:00,-0.18,0.85,0.01,1.25,-0.63,-0.5,0.22,-0.5,-0.15,0,0,-10.00
2001-12-11T03:00:00,-0.1,0.94,-0.04,1.26,-0.81,-0.38,0.33,-0.53,-0.16,0,0,-10.00
2001-12-11T04:00:00,-0.37,0.9,0.01,1.35,-0.78,-0.5,0.2,-0.52,-0.16,0,0,-8.00
2001-12-11T05:00:00,-0.47,0.85,0.07,1.35,-0.76,-0.5,0.12,-0.5,-0.16,0,0,-10.00
2001-12-11T06:00:00,-0.43,0.8,-0.03,1.37,-0.73,-0.4,0.12,-0.49,-0.15,0,0,-10.00
2001-12-11T07:00:00,-0.36,0.89,0.06,1.41,-0.68,-0.41,0.27,-0.51,-0.15,0,0,-8.00
2001-12-11T08:00:00,-0.58,0.73,-0.11,1.45,-0.53,-0.03,0.41,-0.49,-0.14,0,0,-6.00
2001-12-11T09:00:00,-0.55,0.43,-0.35,1.47,-0.37,0.37,0.46,-0.45,-0.11,0,0,-3.00
2001-12-11T10:00:00,-0.37,0.58,-0.3,1.43,-0.52,0.39,0.4,-0.5,-0.13,0,0,-6.00
2001-12-11T11:00:00,-0.5,-0.06,-0.17,1.48,-0.04,0.22,0.33,-0.49,-0.07,0,0,-7.00
2001-12-11T12:00:00,-0.76,-0.37,-0.22,1.54,0.11,0.32,0.4,-0.54,-0.15,0,0,-10.00
2001-12-11T13:00:00,-0.53,-0.69,-0.13,1.45,0.45,0.05,0.5,-0.51,-0.14,0,0,-11.00
2001-12-11T14:00:00,-0.32,0.55,-0.11,1.36,-0.26,0.08,0.22,-0.5,-0.11,0,0,-10.00
2001-12-11T15:00:00,-0.17,1.06,-0.15,1.34,-0.58,0.17,0.01,-0.51,-0.17,0,0,-10.00
2001-12-11T16:00:00,-0.15,1.05,-0.15,1.38,-0.53,0.12,0.01,-0.52,-0.17,0,0,-11.00
2001-12-11T17:00:00,-0.06,1.1,-0.05,1.37,-0.44,0.05,0.1,-0.51,-0.17,0,0,-12.00
2001-12-11T18:00:00,-0.82,0.4,-0.25,1.55,-0.09,0.23,0.24,-0.41,-0.13,0,0,-12.00
2001-12-11T19:00:00,-0.48,0.65,-0.26,1.5,-0.16,0.38,0.15,-0.45,-0.14,0,0,-10.00
2001-12-11T20:00:00,-0.67,0.46,-0.19,1.56,0.05,0.22,0.19,-0.41,-0.11,0,0,-10.00
2001-12-11T21:00:00,-0.49,0.71,0.3,1.48,-0.25,-0.4,0.11,-0.46,-0.14,0,0,-13.00
2001-12-11T22:00:00,-0.43,0.94,-0.06,1.48,-0.47,0.06,0.04,-0.49,-0.16,0,0,-11.00
2001-12-11T23:00:00,-0.4,1.31,0.19,1.28,-0.54,-0.22,0.48,-0.43,-0.16,0,0,-9.00
2001-12-12T00:00:00,-0.38,1.37,0.31,1.12,-0.33,-0.33,0.96,-0.36,-0.14,0,0,-5.00
2001-12-12T01:00:00,-0.32,1.5,-0.1,1.09,-0.45,0.1,1.03,-0.33,-0.14,0,0,0.00
2001-12-12T02:00:00,-0.59,1.44,0.34,1.15,-0.49,-0.51,0.92,-0.33,-0.14,0,0,-1.00
2001-12-12T03:00:00,-0.11,1.6,0.15,1.05,-0.5,-0.39,1.04,-0.33,-0.14,0,0,-4.00
2001-12-12T04:00:00,-0.39,1.38,0.21,1.13,-0.44,-0.42,1.07,-0.26,-0.11,0,0,-3.00
2001-12-12T05:00:00,-0.6,1.31,-0.35,1.16,-0.34,0.27,0.97,-0.26,-0.13,0,0,-9.00
2001-12-12T06:00:00,-0.18,1.43,-0.74,1.05,-0.48,0.66,0.94,-0.31,-0.15,0,0,-10.00
2001-12-12T07:00:00,0.04,1.68,-0.69,1.0,-0.62,0.43,0.82,-0.45,-0.17,0,0,-12.00
2001-12-12T08:00:00,-0.44,1.75,-0.39,1.18,-0.65,0.12,0.93,-0.51,-0.18,0,0,-18.00
2001-12-12T09:00:00,0.38,-0.08,-1.2,0.98,0.88,1.0,1.14,-0.42,-0.15,0,0,-20.00
2001-12-12T10:00:00,0.32,-1.04,-0.8,1.04,0.87,0.11,1.71,-0.4,-0.13,0,0,-18.00
2001-12-12T11:00:00,0.09,-1.14,-0.57,1.13,0.36,-0.56,2.36,-0.5,-0.14,0,0,-25.00
2001-12-12T12:00:00,-0.14,-1.0,-0.3,1.2,0.13,-0.71,3.31,-0.53,-0.11,0,0,-27.00
2001-12-12T13:00:00,0.07,-1.0,-0.59,1.27,0.39,-0.5,2.62,-0.5,-0.12,0,0,-21.00
2001-12-12T14:00:00,-0.04,-0.92,-0.65,1.32,0.25,-0.43,2.53,-0.5,-0.13,0,0,-13.00
2001-12-12T15:00:00,-0.04,-0.77,-0.66,1.32,0.19,-0.27,2.56,-0.51,-0.12,0,0,-15.00
2001-12-12T16:00:00,-0.26,-0.51,-0.77,1.33,0.09,-0.26,2.44,-0.54,-0.13,0,0,-20.00
2001-12-12T17:00:00,-0.22,-0.43,-0.77,1.33,0.12,-0.2,2.37,-0.53,-0.13,0,0,-25.00
2001-12-12T18:00:00,-0.22,-0.33,-0.69,1.33,0.13,-0.12,2.4,-0.54,-0.11,0,0,-26.00
2001-12-12T19:00:00,-0.25,-0.42,-0.78,1.33,0.35,-0.04,1.73,-0.55,-0.15,0,0,-28.00
2001-12-12T20:00:00,-0.5,-0.16,-0.69,1.35,0.2,-0.12,1.78,-0.55,-0.14,0,0,-32.00
2001-12-12T21:00:00,-0.38,-0.12,-0.73,1.36,0.18,0.08,1.62,-0.52,-0.13,0,0,-34.00
2001-12-12T22:00:00,-0.07,-0.65,-0.75,1.37,0.21,0.24,1.33,-0.52,-0.15,0,0,-38.00
2001-12-12T23:00:00,0.15,-0.76,-0.74,1.37,0.25,0.33,1.29,-0.53,-0.16,0,0,-36.00
2001-12-13T00:00:00,0.14,-0.67,-0.79,1.35,0.21,0.3,1.12,-0.53,-0.16,0,0,-34.00
2001-12-13T01:00:00,0.28,-0.66,-0.83,1.33,0.2,0.47,0.84,-0.52,-0.16,0,0,-38.00
2001-12-13T02:00:00,0.37,-0.89,-0.7,1.32,0.2,0.36,0.77,-0.51,-0.16,0,0,-39.00
2001-12-13T03:00:00,0.1,-1.02,-0.62,1.39,0.24,0.31,0.73,-0.52,-0.17,0,0,-37.00
2001-12-13T04:00:00,-0.05,-1.04,-0.54,1.44,0.27,0.21,0.69,-0.52,-0.16,0,0,-35.00
2001-12-13T05:00:00,-0.68,-0.7,-0.17,1.45,-0.02,-0.03,1.0,-0.55,-0.15,0,0,-33.00
2001-12-13T06:00:00,-1.03,-0.37,0.03,1.44,-0.27,-0.13,1.16,-0.58,-0.17,0,1,-34.00
2001-12-13T07:00:00,-1.1,-0.11,0.13,1.45,-0.48,-0.19,1.13,-0.58,-0.17,0,1,-36.00
2001-12-13T08:00:00,-1.12,0.09,0.19,1.44,-0.65,-0.15,1.06,-0.58,-0.17,0,1,-38.00
2001-12-13T09:00:00,-1.11,0.03,0.19,1.46,-0.6,-0.1,1.05,-0.59,-0.17,0,1,-36.00
2001-12-13T10:00:00,-1.15,0.11,0.23,1.46,-0.63,-0.05,0.88,-0.59,-0.18,0,1,-32.00
2001-12-13T11:00:00,-1.18,0.09,0.22,1.49,-0.63,0.0,0.85,-0.59,-0.18,0,1,-29.00
2001-12-13T12:00:00,-1.18,0.12,0.18,1.53,-0.63,0.02,0.89,-0.59,-0.18,0,1,-28.00
2001-12-13T13:00:00,-1.16,0.01,0.1,1.58,-0.61,0.09,1.12,-0.59,-0.17,0,1,-26.00
2001-12-13T14:00:00,-1.15,0.02,-0.01,1.59,-0.58,0.21,1.24,-0.59,-0.17,0,1,-24.00
2001-12-13T15:00:00,-1.15,-0.25,-0.17,1.58,-0.53,0.28,0.97,-0.58,-0.18,0,1,-23.00
2001-12-13T16:00:00,-1.25,0.24,0.03,1.6,-0.78,0.06,0.81,-0.59,-0.18,0,1,-20.00
2001-12-13T17:00:00,-1.24,-0.07,0.17,1.65,-0.66,-0.06,0.94,-0.58,-0.18,0,1,-17.00
2001-12-13T18:00:00,-1.27,0.02,0.05,1.66,-0.7,0.05,0.95,-0.58,-0.18,0,1,-15.00
2001-12-13T19:00:00,-1.26,-0.17,-0.17,1.65,-0.49,0.32,0.94,-0.58,-0.18,0,1,-15.00
2001-12-13T20:00:00,-1.3,0.11,-0.12,1.67,-0.72,0.26,1.05,-0.58,-0.18,0,1,-15.00
2001-12-13T21:00:00,-1.37,0.17,-0.03,1.69,-0.75,0.27,1.06,-0.58,-0.18,0,1,-17.00
2001-12-13T22:00:00,-1.45,-0.13,0.08,1.71,-0.54,0.14,0.93,-0.58,-0.18,0,1,-15.00
2001-12-13T23:00:00,-1.51,-0.13,0.01,1.73,-0.59,0.19,0.75,-0.58,-0.18,0,1,-15.00
2001-12-14T00:00:00,-1.48,-0.22,-0.06,1.73,-0.51,0.29,0.71,-0.58,-0.18,0,1,-15.00
2001-12-14T01:00:00,-1.46,-0.3,0.27,1.72,-0.34,-0.05,0.73,-0.58,-0.18,0,1,-15.00
2001-12-14T02:00:00,-1.32,-0.75,0.37,1.7,0.11,-0.07,0.71,-0.58,-0.18,0,1,-14.00
2001-12-14T03:00:00,-1.54,-0.42,0.06,1.74,-0.17,0.22,0.67,-0.57,-0.18,0,1,-14.00
2001-12-14T04:00:00,-1.46,0.42,-0.02,1.75,-0.62,0.33,0.99,-0.57,-0.18,0,1,-12.00
2001-12-14T05:00:00,-1.57,-0.1,0.1,1.78,-0.21,0.14,0.96,-0.57,-0.18,0,1,-13.00
2001-12-14T06:00:00,-1.56,0.13,-0.38,1.8,-0.48,0.78,1.01,-0.56,-0.18,0,1,-11.00
2001-12-14T07:00:00,-1.58,-0.27,-0.24,1.83,-0.39,0.6,0.99,-0.54,-0.18,0,1,-11.00
2001-12-14T08:00:00,-1.74,-0.42,-0.04,1.85,-0.14,0.5,1.0,-0.56,-0.18,0,1,-14.00
2001-12-14T09:00:00,-1.7,-0.39,-0.22,1.89,-0.23,0.64,0.69,-0.55,-0.18,0,1,-14.00
2001-12-14T10:00:00,-1.33,-0.37,0.49,1.82,-0.18,0.07,1.16,-0.46,-0.15,0,1,-14.00
2001-12-14T11:00:00,-1.29,-0.08,0.76,1.79,-0.29,0.14,1.47,-0.53,-0.17,0,0,-15.00
2001-12-14T12:00:00,-1.37,0.32,0.62,1.82,-0.57,0.17,1.56,-0.5,-0.16,0,0,-21.00
2001-12-14T13:00:00,-1.21,0.7,0.31,1.82,-0.67,0.25,1.44,-0.4,-0.13,0,0,-25.00
2001-12-14T14:00:00,-1.21,0.83,-0.02,1.82,-0.82,0.58,1.47,-0.44,-0.14,0,0,-24.00
2001-12-14T15:00:00,-1.35,-0.09,-0.38,1.86,-0.32,1.19,1.34,-0.41,-0.14,0,0,-19.00
2001-12-14T16:00:00,-1.36,0.07,0.02,1.83,-0.35,0.67,1.4,-0.36,-0.11,0,0,-19.00
2001-12-14T17:00:00,-1.39,0.02,-0.26,1.83,-0.41,0.92,1.57,-0.33,-0.11,0,0,-18.00
2001-12-14T18:00:00,-1.36,-0.51,-0.34,1.82,0.12,1.07,1.68,-0.38,-0.13,0,0,-14.00
2001-12-14T19:00:00,-1.45,-0.17,-0.37,1.86,-0.19,1.18,1.7,-0.37,-0.12,0,0,-14.00
2001-12-14T20:00:00,-1.09,-0.14,0.32,1.76,-0.18,0.33,2.25,-0.32,-0.02,0,0,-14.00
2001-12-14T21:00:00,-1.38,-0.52,-0.59,1.66,0.1,1.45,3.16,-0.27,-0.07,1,0,-14.00
2001-12-14T22:00:00,-1.82,-0.15,-0.63,1.58,-0.18,1.99,4.31,-0.15,-0.05,1,0,-9.00
2001-12-14T23:00:00,-0.54,1.76,-0.15,1.44,-0.97,1.33,5.68,-0.15,0.0,1,0,-2.00
2001-12-15T00:00:00,-0.91,0.11,-0.35,1.38,0.12,1.33,5.26,0.13,0.75,1,0,3.00
2001-12-15T01:00:00,-0.62,0.82,-0.33,1.37,-0.11,1.37,5.47,0.06,0.53,1,0,2.00
2001-12-15T02:00:00,-1.0,0.78,-0.54,1.46,-0.25,1.54,5.57,0.18,0.34,1,0,-1.00
2001-12-15T03:00:00,0.62,1.05,0.57,1.24,-0.5,0.71,4.91,-0.02,0.22,1,0,0.00
2001-12-15T04:00:00,0.82,1.05,1.19,1.24,-0.48,0.52,4.43,-0.16,-0.04,1,0,-2.00
2001-12-15T05:00:00,1.13,1.25,1.24,1.26,-0.48,0.54,4.34,-0.19,-0.09,1,0,-1.00
2001-12-15T06:00:00,0.99,1.93,-0.14,1.3,-0.83,1.21,4.16,-0.13,-0.08,1,0,4.00
2001-12-15T07:00:00,0.79,1.55,-0.49,1.32,-0.63,1.44,3.56,-0.14,-0.05,1,0,4.00
2001-12-15T08:00:00,1.1,1.13,-0.33,1.22,-0.34,1.21,3.33,-0.14,-0.02,1,0,-5.00
2001-12-15T09:00:00,0.14,1.7,0.05,1.37,-0.64,0.91,3.67,-0.06,-0.0,1,0,-11.00
2001-12-15T10:00:00,0.97,1.22,0.44,1.25,-0.49,0.69,3.55,-0.03,0.03,1,0,-8.00
2001-12-15T11:00:00,-0.5,1.56,-0.18,1.42,-0.51,1.03,3.86,0.04,0.05,1,0,-5.00
2001-12-15T12:00:00,-0.03,1.9,-0.11,1.26,-0.5,0.94,4.25,0.04,0.01,1,0,1.00
2001-12-15T13:00:00,0.65,1.68,1.32,1.07,-0.48,-0.06,3.62,-0.12,-0.1,1,0,2.00
2001-12-15T14:00:00,0.92,1.26,1.8,1.13,-0.76,0.32,5.18,-0.02,-0.07,1,0,0.00
2001-12-15T15:00:00,0.54,1.02,2.52,1.01,-0.76,0.44,6.48,0.19,-0.06,1,0,11.00
2001-12-15T16:00:00,0.71,1.58,1.61,0.99,-1.11,0.74,8.93,0.24,0.1,1,0,29.00
2001-12-15T17:00:00,1.9,-1.14,2.74,0.99,-0.53,0.29,6.99,-0.17,-0.14,1,0,31.00
2001-12-15T18:00:00,1.74,-1.3,2.64,0.97,-0.31,0.1,6.48,-0.08,-0.13,1,0,30.00
2001-12-15T19:00:00,2.07,-1.71,2.87,0.88,-0.25,-0.3,4.13,-0.12,-0.16,1,0,29.00
2001-12-15T20:00:00,0.62,1.0,2.93,1.03,-1.17,-0.16,4.55,0.06,-0.13,1,0,26.00
2001-12-15T21:00:00,-0.29,2.47,2.07,0.93,-0.82,0.19,3.8,0.52,-0.09,1,0,24.00
2001-12-15T22:00:00,-1.56,2.02,0.67,0.66,0.85,0.25,1.21,1.09,-0.08,1,0,18.00
2001-12-15T23:00:00,-0.41,1.63,1.0,0.35,1.92,-0.62,1.02,1.54,0.03,1,0,9.00
2001-12-16T00:00:00,-0.85,2.47,0.84,0.2,1.4,-1.44,1.23,1.64,-0.05,1,0,2.00
2001-12-16T01:00:00,-0.92,2.86,1.09,-0.28,1.82,-3.97,0.82,1.76,-0.11,1,0,5.00
2001-12-16T02:00:00,-0.58,2.75,1.74,-0.46,2.81,-4.62,1.1,1.99,-0.09,1,0,2.00
2001-12-16T03:00:00,-0.66,2.9,1.19,-0.44,2.29,-4.06,1.1,1.83,-0.09,1,0,5.00
