1996-05-13T11:00:00,0.75,-0.63,0.03,1.5,0.52,10.25,-1.0,-0.04,-0.19,1,0,-9.00
1996-05-13T19:00:00,0.71,-0.98,0.28,-0.03,0.66,0.79,0.41,0.64,0.07,1,0,1.00
1996-05-13T20:00:00,1.01,-0.92,0.12,-0.15,0.87,0.85,0.13,0.55,-0.03,1,0,1.00
1996-05-13T21:00:00,1.09,-1.0,-0.17,-0.28,1.01,0.83,-0.26,0.35,-0.12,1,0,-3.00
1996-05-13T22:00:00,1.07,-0.8,-0.33,-0.24,1.19,0.94,-0.39,0.26,-0.13,1,0,-10.00
1996-05-13T23:00:00,0.75,-1.0,-0.2,-0.14,0.43,1.07,-0.21,0.24,-0.1,1,0,-15.00
1996-05-14T00:00:00,0.72,-0.74,-0.24,-0.17,0.79,1.25,-0.22,0.08,-0.09,1,0,-11.00
1996-05-14T01:00:00,0.97,-0.15,-0.42,-0.09,0.9,0.94,-0.2,0.02,-0.1,1,0,-11.00
1996-05-14T02:00:00,0.84,-0.51,-0.27,-0.09,0.48,0.98,-0.14,0.08,-0.07,1,0,-10.00
1996-05-14T03:00:00,0.76,-0.5,-0.18,-0.07,0.36,0.74,-0.15,0.06,-0.04,1,0,-10.00
1996-05-14T04:00:00,0.21,-0.49,-0.39,-0.16,0.27,0.24,-0.13,-0.02,0.01,1,0,-15.00
1996-05-14T05:00:00,0.43,-0.67,0.05,0.03,0.1,0.62,-0.09,0.02,0.02,1,0,-12.00
1996-05-14T06:00:00,0.55,-0.51,-0.19,0.12,0.27,0.06,-0.13,0.07,0.02,1,0,-16.00
1996-05-14T07:00:00,0.61,-0.43,0.05,0.22,0.47,0.32,-0.1,0.05,0.06,1,0,-16.00
1996-05-14T08:00:00,0.59,-0.33,0.06,0.26,0.48,0.1,-0.17,-0.02,0.07,1,0,-15.00
1996-05-14T09:00:00,0.57,-0.5,-0.06,0.27,0.15,0.07,-0.12,-0.07,-0.0,1,0,-13.00
1996-05-14T10:00:00,0.47,-0.63,0.06,0.26,-0.23,0.29,-0.23,-0.14,-0.05,1,0,-14.00
1996-05-14T11:00:00,-0.05,-0.78,0.17,0.24,-0.35,0.2,-0.24,-0.32,-0.11,1,0,-15.00
1996-05-14T12:00:00,0.13,-0.9,-0.08,0.31,-0.44,-0.1,-0.24,-0.35,-0.14,1,0,-13.00
1996-05-14T13:00:00,0.14,-0.78,-0.22,0.29,-0.36,-0.36,-0.19,-0.32,-0.11,1,0,-12.00
1996-05-14T14:00:00,0.69,-0.72,-0.02,0.41,-0.47,0.01,-0.2,-0.25,-0.12,1,0,-13.00
1996-05-14T15:00:00,0.81,-0.64,-0.16,0.53,-0.52,-0.48,-0.11,-0.24,-0.12,1,0,-16.00
1996-05-14T16:00:00,0.92,-0.71,-0.14,0.53,-0.4,-0.51,-0.03,-0.27,-0.13,1,0,-14.00
1996-05-14T17:00:00,0.61,-1.1,-0.41,0.42,-0.81,-0.52,0.23,-0.33,-0.15,1,0,-11.00
1996-05-14T18:00:00,0.71,-1.17,-0.21,0.34,-1.05,-0.19,0.19,-0.36,-0.15,1,0,-8.00
1996-05-14T19:00:00,-0.15,-0.72,-0.54,0.24,-0.11,-0.36,0.35,-0.36,-0.11,1,0,-12.00
1996-05-14T20:00:00,-0.93,-0.18,-0.72,0.21,0.06,-0.24,0.57,-0.36,-0.14,1,0,-10.00
1996-05-14T21:00:00,-0.5,-0.65,-0.42,0.28,-0.18,-0.24,0.96,-0.23,-0.02,1,0,-14.00
1996-05-14T22:00:00,0.66,0.47,0.61,0.4,0.24,0.02,1.1,-0.13,0.02,1,0,-23.00
1996-05-14T23:00:00,0.37,-0.05,-0.15,0.43,0.27,-0.08,0.92,-0.07,0.97,1,0,-29.00
1996-05-15T00:00:00,0.61,-0.15,0.46,0.51,0.06,0.13,0.58,-0.05,0.15,1,0,-24.00
1996-05-15T01:00:00,0.74,-0.02,0.29,0.55,0.22,-0.21,0.23,-0.04,0.07,1,0,-20.00
1996-05-15T02:00:00,0.7,0.21,0.35,0.55,0.44,-0.23,0.16,-0.11,0.01,1,0,-20.00
1996-05-15T03:00:00,0.84,0.09,0.37,0.59,0.28,-0.24,0.12,-0.1,-0.03,1,0,-21.00
1996-05-15T04:00:00,0.79,0.23,0.42,0.46,0.59,-0.07,0.25,-0.02,0.01,1,0,-21.00
1996-05-15T05:00:00,0.4,-0.71,0.03,0.27,0.25,-0.14,0.2,0.06,0.09,1,0,-18.00
1996-05-15T06:00:00,-0.46,-0.83,-0.39,0.08,-0.17,-0.54,0.3,-0.07,-0.06,1,0,-13.00
1996-05-15T07:00:00,0.68,-0.69,0.32,0.1,-0.02,-0.25,0.06,-0.04,-0.05,1,0,-9.00
1996-05-15T08:00:00,-0.17,0.13,0.01,0.06,0.13,-0.29,0.45,0.25,4.66,1,0,-18.00
1996-05-15T09:00:00,0.15,-0.09,-0.15,0.07,0.34,-0.48,0.29,0.19,2.25,1,0,-12.00
1996-05-15T10:00:00,0.31,0.28,0.01,-0.19,0.75,-0.51,-0.06,0.04,0.56,1,0,-10.00
1996-05-15T11:00:00,0.01,0.28,0.0,-0.3,0.62,-0.63,-0.16,0.03,1.01,1,0,-10.00
1996-05-15T12:00:00,-0.5,-0.43,-0.12,-0.3,0.46,-0.42,-0.22,0.02,0.04,1,0,-14.00
1996-05-15T13:00:00,-0.19,-0.48,-0.07,-0.29,0.46,-0.3,-0.25,0.01,0.18,1,0,-18.00
1996-05-15T14:00:00,0.36,-0.08,-0.1,-0.25,0.56,-0.43,-0.13,0.12,0.66,1,0,-20.00
1996-05-15T15:00:00,0.55,-0.32,0.3,-0.09,0.77,-0.08,0.1,-0.0,0.14,1,0,-18.00
1996-05-15T16:00:00,0.43,-0.49,0.3,-0.06,0.74,-0.26,0.02,-0.07,0.07,1,0,-12.00
1996-05-15T17:00:00,-0.11,-0.76,-0.12,-0.12,0.68,-0.43,0.03,-0.09,0.0,1,0,-5.00
1996-05-15T18:00:00,0.24,-0.75,-0.16,0.02,0.48,-0.45,-0.14,-0.22,-0.08,1,0,-2.00
1996-05-15T19:00:00,0.5,-0.84,0.03,0.09,0.13,0.12,-0.37,-0.24,-0.13,1,0,-7.00
1996-05-15T20:00:00,0.47,-0.73,0.01,0.19,-0.14,-0.45,-0.43,-0.31,-0.14,1,0,-14.00
1996-05-15T21:00:00,0.63,-0.42,-0.02,0.29,-0.17,-0.39,-0.38,-0.08,-0.06,1,0,-11.00
1996-05-15T22:00:00,0.26,-0.53,-0.2,0.27,-0.55,-0.77,-0.39,-0.31,-0.09,1,0,-11.00
1996-05-15T23:00:00,0.57,-0.19,-0.16,0.32,-0.4,-0.67,-0.29,0.0,0.05,1,0,-14.00
1996-05-16T00:00:00,0.53,-0.01,-0.23,0.39,-0.21,-0.71,-0.29,-0.07,0.03,1,0,-18.00
1996-05-16T01:00:00,0.51,-0.3,-0.08,0.43,-0.43,-0.63,-0.26,-0.15,0.03,1,0,-19.00
1996-05-16T02:00:00,-0.16,-0.09,-0.35,0.31,-0.21,-0.57,-0.27,-0.43,-0.07,1,0,-16.00
1996-05-16T03:00:00,-0.49,-0.05,-0.26,0.28,-0.02,-0.28,-0.25,-0.43,-0.1,1,0,-12.00
1996-05-16T04:00:00,-0.38,-0.22,-0.16,0.33,-0.22,-0.23,-0.24,-0.42,-0.05,1,0,-15.00
1996-05-16T05:00:00,-0.2,-0.09,-0.35,0.43,-0.11,-0.45,-0.2,-0.45,-0.08,1,0,-18.00
1996-05-16T06:00:00,0.0,-0.16,-0.18,0.44,-0.22,-0.16,-0.09,-0.37,0.29,1,0,-18.00
1996-05-16T07:00:00,-0.15,-0.16,-0.16,0.38,-0.18,-0.22,-0.12,-0.38,0.21,0,0,-14.00
1996-05-16T08:00:00,-0.27,-0.0,-0.15,0.3,-0.05,-0.11,-0.09,-0.37,0.19,0,0,-12.00
1996-05-16T09:00:00,-0.01,-0.39,-0.12,0.39,-0.32,-0.32,-0.06,-0.39,0.08,0,0,-11.00
1996-05-16T10:00:00,-0.05,-0.39,-0.11,0.37,-0.34,-0.43,-0.1,-0.43,0.01,0,0,-10.00
1996-05-16T11:00:00,0.14,-0.2,0.03,0.47,-0.08,-0.25,-0.03,-0.43,0.65,0,0,-11.00
1996-05-16T12:00:00,0.37,-0.4,0.17,0.53,-0.21,-0.06,0.04,-0.4,-0.01,0,0,-14.00
1996-05-16T13:00:00,0.37,-0.17,-0.06,0.56,-0.21,-0.3,0.15,-0.33,0.26,0,0,-16.00
1996-05-16T14:00:00,0.06,-0.3,-0.15,0.44,-0.14,-0.42,0.17,-0.36,0.26,0,0,-18.00
1996-05-16T15:00:00,0.14,-0.27,-0.26,0.46,-0.01,-0.31,0.22,-0.35,0.13,0,0,-17.00
1996-05-16T16:00:00,0.34,-0.43,-0.26,0.49,-0.13,-0.31,0.25,-0.34,0.0,0,0,-15.00
1996-05-16T17:00:00,0.23,-0.5,-0.36,0.43,-0.14,-0.21,0.27,-0.33,-0.04,0,0,-12.00
1996-05-16T18:00:00,0.22,-0.71,-0.37,0.38,-0.23,-0.37,0.31,-0.37,-0.1,0,0,-10.00
1996-05-16T19:00:00,0.38,-0.71,-0.28,0.5,-0.32,-0.23,0.34,-0.33,-0.08,0,0,-10.00
1996-05-16T23:00:00,0.78,-0.14,-0.07,0.56,-0.02,0.11,0.6,-0.2,0.05,0,0,-9.00
1996-05-17T00:00:00,0.76,-0.54,-0.13,0.54,-0.44,-0.19,0.66,-0.27,-0.04,0,0,-4.00
1996-05-17T01:00:00,0.12,-0.49,1.07,0.31,1.07,1.28,0.24,-0.35,-0.15,0,0,-3.00
1996-05-17T02:00:00,0.57,-1.06,0.75,0.42,-0.36,0.57,0.13,-0.36,-0.16,0,0,-3.00
1996-05-17T03:00:00,0.91,-1.12,0.24,0.53,-0.58,0.31,0.13,-0.37,-0.16,0,0,-2.00
1996-05-17T04:00:00,0.03,-1.19,-0.24,0.49,-0.75,-0.02,0.26,-0.35,-0.14,0,0,-2.00
1996-05-17T05:00:00,0.41,-1.0,-0.28,0.59,-0.48,-0.07,0.13,-0.36,-0.14,0,0,-2.00
1996-05-17T06:00:00,0.23,-0.94,-0.32,0.58,-0.34,-0.18,0.02,-0.36,-0.14,0,0,-9.00
1996-05-17T07:00:00,0.03,-0.97,-0.56,0.59,-0.29,-0.5,0.11,-0.4,-0.15,0,0,-17.00
1996-05-17T08:00:00,-0.17,-0.5,-0.89,0.53,-0.16,-0.67,-0.06,-0.42,-0.16,0,0,-18.00
1996-05-17T09:00:00,-0.28,-0.18,-0.75,0.52,0.2,-0.59,-0.01,-0.33,-0.13,0,0,-24.00
1996-05-17T10:00:00,0.73,-0.81,-0.02,0.58,0.39,0.11,-0.04,-0.24,-0.12,0,0,-25.00
1996-05-17T11:00:00,1.05,-0.26,-0.23,0.59,0.22,0.01,-0.04,-0.31,-0.14,0,0,-26.00
1996-05-17T12:00:00,0.94,-0.22,0.1,0.6,0.01,0.17,-0.1,-0.25,-0.11,0,0,-20.00
1996-05-17T13:00:00,0.73,-0.35,0.08,0.65,0.17,-0.17,-0.2,-0.04,-0.03,0,0,-18.00
1996-05-17T14:00:00,0.76,-0.28,0.01,0.62,0.07,0.18,-0.27,-0.23,-0.09,0,0,-16.00
1996-05-17T15:00:00,0.74,-0.24,-0.04,0.62,0.44,-0.17,-0.26,-0.23,-0.08,0,0,-19.00
1996-05-17T16:00:00,0.64,-0.11,-0.03,0.74,0.2,-0.39,-0.22,-0.2,-0.02,0,0,-21.00
1996-05-17T17:00:00,0.58,0.14,-0.07,0.79,0.44,-0.59,-0.28,-0.23,-0.02,0,0,-19.00
1996-05-17T18:00:00,0.51,-0.05,-0.02,0.9,0.5,-0.44,-0.25,-0.26,0.05,0,0,-20.00
1996-05-17T19:00:00,0.52,-0.18,0.03,0.9,0.42,-0.47,-0.33,-0.26,0.0,0,0,-20.00
1996-05-17T20:00:00,0.35,-0.22,-0.2,0.82,0.72,-0.33,-0.37,-0.36,-0.05,0,0,-23.00
1996-05-17T21:00:00,0.2,-0.34,-0.23,0.95,1.19,0.77,-0.4,-0.45,-0.1,0,0,-19.00
1996-05-17T22:00:00,0.29,-0.19,-0.23,1.0,0.57,-0.65,-0.39,-0.47,-0.1,0,0,-19.00
1996-05-17T23:00:00,0.22,0.07,-0.09,1.14,0.36,-0.96,-0.16,-0.45,0.22,0,0,-21.00
1996-05-18T00:00:00,0.31,-0.16,-0.07,1.18,0.47,-0.88,-0.12,-0.44,0.08,0,0,-21.00
1996-05-18T01:00:00,0.3,-0.29,-0.03,1.23,0.49,-0.99,-0.18,-0.46,-0.0,0,0,-20.00
1996-05-18T02:00:00,0.23,-0.23,-0.11,1.3,0.45,-1.12,-0.1,-0.48,0.03,0,0,-18.00
1996-05-18T03:00:00,0.19,-0.22,-0.09,1.34,0.34,-1.17,0.03,-0.52,0.05,0,0,-15.00
1996-05-18T04:00:00,0.15,-0.27,0.06,1.34,0.2,-1.04,0.16,-0.56,0.07,0,0,-13.00
1996-05-18T05:00:00,0.18,-0.13,0.01,1.36,0.08,-0.97,0.36,-0.57,0.25,0,0,-10.00
1996-05-18T06:00:00,-0.07,-0.12,0.12,1.4,0.02,-1.01,0.32,-0.56,1.01,0,0,-8.00
1996-05-18T07:00:00,-0.31,-0.03,0.25,1.5,-0.02,-1.19,0.08,-0.53,-0.01,0,0,-6.00
1996-05-18T08:00:00,-0.28,0.37,-0.01,1.51,-0.13,-1.15,-0.2,-0.52,-0.11,0,0,-7.00
1996-05-18T09:00:00,-0.28,0.4,-0.14,1.47,0.03,-0.91,-0.3,-0.51,-0.13,0,0,-10.00
1996-05-18T10:00:00,-0.4,0.33,0.01,1.54,0.15,-0.65,-0.18,-0.47,-0.08,0,0,-14.00
1996-05-18T11:00:00,-0.46,0.26,-0.11,1.55,0.02,-0.73,-0.18,-0.48,-0.11,0,0,-12.00
1996-05-18T12:00:00,-0.52,0.24,0.03,1.59,0.02,-0.78,-0.1,-0.45,-0.08,0,0,-12.00
1996-05-18T13:00:00,-0.5,0.32,0.03,1.58,-0.06,-0.68,-0.08,-0.47,-0.1,0,0,-13.00
1996-05-18T14:00:00,-0.44,0.45,0.05,1.58,-0.33,-0.76,-0.09,-0.48,-0.12,0,0,-12.00
1996-05-18T15:00:00,-0.45,0.38,0.25,1.53,-0.27,-0.85,0.02,-0.47,-0.1,0,0,-10.00
1996-05-18T16:00:00,-0.43,0.34,0.02,1.52,-0.28,-0.61,0.01,-0.46,-0.07,0,0,-9.00
1996-05-18T17:00:00,-0.26,0.36,-0.25,1.47,-0.15,-0.29,0.1,-0.5,-0.1,0,0,-7.00
1996-05-18T18:00:00,-0.07,0.37,-0.29,1.44,-0.04,-0.12,0.12,-0.52,-0.1,0,0,-5.00
1996-05-18T19:00:00,-0.45,0.38,0.01,1.52,-0.09,-0.46,0.25,-0.51,-0.1,0,0,-4.00
1996-05-18T20:00:00,-0.5,0.3,0.14,1.55,-0.05,-0.77,0.29,-0.49,-0.07,1,0,-3.00
1996-05-18T21:00:00,-0.44,0.21,0.32,1.49,0.03,-0.7,0.32,-0.47,-0.04,1,0,-2.00
1996-05-18T22:00:00,-0.59,0.34,0.34,1.45,-0.13,-0.52,0.62,-0.43,-0.07,1,0,-1.00
1996-05-18T23:00:00,-0.45,0.45,0.52,1.38,-0.23,-0.53,0.68,-0.45,-0.1,1,0,-2.00
1996-05-19T00:00:00,-0.53,0.26,0.43,1.37,-0.25,-0.25,0.96,-0.47,-0.06,1,0,-2.00
1996-05-19T01:00:00,-0.25,0.12,-0.14,1.35,-0.47,-0.1,2.05,-0.5,0.41,1,0,-2.00
1996-05-19T02:00:00,-0.2,0.06,0.04,1.39,-0.49,0.08,2.34,-0.51,1.74,1,0,1.00
1996-05-19T03:00:00,-0.09,-0.0,0.31,1.44,-0.5,-0.07,2.46,-0.53,0.68,1,0,0.00
1996-05-19T04:00:00,0.02,-0.12,0.47,1.44,-0.48,0.04,2.35,-0.54,0.12,1,0,0.00
1996-05-19T05:00:00,0.26,-0.21,0.12,1.5,-0.53,0.04,2.28,-0.54,0.46,1,0,1.00
1996-05-19T06:00:00,0.02,-0.17,-0.2,1.48,-0.45,-0.07,2.51,-0.55,0.33,1,0,2.00
1996-05-19T07:00:00,0.26,-0.47,-0.15,1.4,-0.77,0.0,3.2,-0.52,0.13,1,0,6.00
1996-05-19T08:00:00,1.02,-0.83,0.57,1.2,-0.35,0.47,0.98,-0.43,-0.15,1,0,10.00
1996-05-19T09:00:00,0.63,-1.07,-0.14,1.13,-0.54,-0.14,1.05,-0.38,-0.12,1,0,6.00
1996-05-19T10:00:00,0.82,-0.88,-0.15,1.11,-0.55,-0.13,1.05,-0.31,-0.09,1,0,5.00
1996-05-19T11:00:00,1.03,-1.11,0.15,1.08,-0.41,0.27,0.65,-0.44,-0.16,1,0,3.00
1996-05-19T12:00:00,0.88,-1.01,0.15,1.14,-0.41,0.24,0.84,-0.37,-0.13,1,0,0.00
1996-05-19T13:00:00,0.76,-1.05,0.0,1.12,-0.56,0.08,0.79,-0.39,-0.13,1,0,-4.00
1996-05-19T14:00:00,0.96,-0.53,0.54,1.17,-0.38,0.3,0.81,-0.35,-0.11,1,0,-4.00
1996-05-19T15:00:00,0.56,-0.9,0.27,1.09,-0.58,0.24,0.71,-0.36,-0.1,1,0,-2.00
1996-05-19T16:00:00,0.91,-0.8,-0.29,1.05,-0.53,-0.04,0.78,-0.32,-0.11,1,0,1.00
1996-05-19T17:00:00,0.92,-0.6,-0.35,1.02,-0.5,0.21,1.06,-0.23,-0.06,1,0,3.00
1996-05-19T18:00:00,0.83,-0.02,0.25,1.06,-0.24,0.45,1.11,-0.22,0.08,1,0,2.00
1996-05-19T19:00:00,0.62,-1.07,-0.56,0.99,-0.57,-0.05,0.74,-0.35,-0.14,1,0,-3.00
1996-05-19T20:00:00,0.67,-0.61,-0.3,1.04,-0.23,0.08,0.62,-0.3,-0.07,1,0,-1.00
1996-05-19T21:00:00,0.49,-0.13,-0.56,1.03,0.1,-0.42,0.69,-0.26,-0.02,1,0,-3.00
1996-05-19T22:00:00,0.62,-0.06,-0.62,1.01,0.11,-0.51,0.48,-0.31,-0.09,1,0,-2.00
1996-05-19T23:00:00,0.77,-0.19,-1.0,0.98,-0.13,-0.46,0.32,-0.39,-0.16,1,0,-3.00
1996-05-20T00:00:00,1.0,-0.83,-0.7,0.97,-0.56,-0.13,0.66,-0.38,-0.15,1,0,-8.00
1996-05-20T01:00:00,0.66,-1.27,0.26,0.91,-0.79,0.53,0.94,-0.33,-0.13,1,0,-16.00
1996-05-20T02:00:00,1.04,-0.88,0.27,0.99,-0.73,0.75,0.97,-0.27,-0.11,1,0,-18.00
1996-05-20T03:00:00,0.43,-0.57,0.88,0.91,-0.52,0.83,0.71,-0.31,-0.11,1,0,-21.00
1996-05-20T04:00:00,0.62,-0.67,0.68,0.87,-0.44,0.88,0.72,-0.28,-0.09,1,0,-16.00
1996-05-20T05:00:00,0.9,-0.18,-0.23,0.99,0.09,0.29,0.72,-0.07,0.03,1,0,-14.00
1996-05-20T06:00:00,1.05,-0.44,-0.02,1.05,-0.34,0.95,0.64,-0.16,-0.06,1,0,-12.00
1996-05-20T07:00:00,1.01,-0.87,-0.21,0.95,-0.51,0.83,0.46,-0.16,-0.11,1,0,-13.00
1996-05-20T08:00:00,0.86,-0.89,-0.05,0.81,-0.23,0.68,0.35,-0.08,-0.08,1,0,-10.00
1996-05-20T09:00:00,0.52,-0.84,-0.04,0.86,-0.14,1.06,0.17,-0.18,-0.07,1,0,-9.00
1996-05-20T10:00:00,1.13,0.01,0.28,0.65,0.75,0.97,0.06,-0.13,-0.1,1,0,-11.00
1996-05-20T11:00:00,1.19,-0.0,-0.18,0.66,0.56,0.06,0.07,-0.16,-0.12,1,0,-12.00
1996-05-20T12:00:00,0.46,-0.16,-0.88,0.65,0.23,-0.62,0.22,-0.24,-0.12,1,0,-10.00
1996-05-20T13:00:00,0.66,-0.37,-0.54,0.69,0.18,-0.39,0.36,-0.08,-0.04,1,0,-8.00
1996-05-20T14:00:00,0.75,0.91,0.02,0.69,1.22,0.29,0.46,-0.03,-0.06,1,0,-10.00
1996-05-20T15:00:00,1.1,0.18,0.35,0.47,0.97,0.62,0.19,0.08,-0.05,1,0,-12.00
1996-05-20T16:00:00,0.93,0.88,0.46,0.34,1.3,0.69,0.25,-0.1,-0.11,1,0,-11.00
1996-05-20T17:00:00,1.01,0.45,0.46,0.23,0.77,0.31,0.18,0.03,-0.07,1,0,-7.00
1996-05-20T18:00:00,0.94,0.81,0.36,0.17,1.14,-0.35,0.32,0.14,-0.06,1,0,-7.00
1996-05-20T19:00:00,0.05,0.0,-0.26,0.03,0.74,-0.74,0.38,0.25,1.53,1,0,-4.00
1996-05-20T20:00:00,-0.43,-0.34,-0.6,-0.04,0.7,-0.87,0.31,0.03,0.01,1,0,-2.00
1996-05-20T21:00:00,0.01,-0.55,-0.18,0.07,0.6,-0.54,0.25,0.16,0.36,1,0,-3.00
1996-05-20T22:00:00,0.86,-0.34,-0.25,0.27,0.82,-0.27,0.35,0.0,0.01,1,0,-15.00
1996-05-20T23:00:00,0.29,-0.93,-0.33,0.18,0.56,-0.24,0.14,-0.13,-0.08,1,0,-19.00
1996-05-21T00:00:00,0.32,-0.92,-0.08,0.24,0.03,-0.19,0.3,-0.17,-0.06,1,0,-19.00
1996-05-21T01:00:00,0.78,-0.61,0.02,0.31,0.13,-0.19,0.33,-0.12,-0.03,1,0,-14.00
1996-05-21T02:00:00,0.71,-0.37,0.15,0.17,0.43,-0.18,0.26,0.03,0.1,1,0,-16.00
1996-05-21T03:00:00,0.12,-0.32,-0.03,0.04,0.38,-0.73,0.16,-0.04,1.07,1,0,-20.00
1996-05-21T04:00:00,0.5,0.63,0.21,0.09,1.0,-0.93,-0.03,0.09,0.03,1,0,-17.00
1996-05-21T05:00:00,0.62,0.19,0.12,0.11,0.89,-0.68,-0.01,0.56,0.43,1,0,-19.00
1996-05-21T06:00:00,0.45,-0.48,-0.18,0.12,0.35,-0.97,0.06,0.36,0.27,1,0,-18.00
1996-05-21T07:00:00,0.66,-0.58,-0.07,0.16,0.36,-0.9,0.01,0.11,0.02,1,0,-15.00
1996-05-21T08:00:00,0.78,-0.65,-0.01,0.23,0.28,-0.96,0.0,-0.11,-0.07,1,0,-10.00
1996-05-21T09:00:00,0.71,-0.71,-0.12,0.27,0.26,-0.92,-0.07,-0.15,-0.1,1,0,-13.00
1996-05-21T10:00:00,0.43,-0.67,-0.13,0.27,0.01,-1.03,-0.01,-0.18,-0.04,1,0,-10.00
1996-05-21T11:00:00,0.66,-0.36,0.05,0.41,-0.06,-0.5,0.19,-0.19,0.02,0,0,-8.00
1996-05-21T12:00:00,0.94,0.16,0.03,0.63,0.52,-0.95,0.26,-0.1,-0.02,0,0,-7.00
1996-05-21T13:00:00,0.8,-0.21,0.23,0.62,0.23,-0.77,0.35,-0.12,0.03,0,0,-7.00
1996-05-21T14:00:00,0.06,-0.56,-0.53,0.43,0.06,-1.31,0.37,-0.3,-0.07,0,0,-8.00
1996-05-21T15:00:00,0.98,-0.84,-0.38,0.46,0.19,-0.94,0.21,-0.15,-0.12,0,0,-3.00
1996-05-21T16:00:00,1.14,-0.95,0.22,0.47,0.12,-0.26,0.34,-0.18,-0.13,0,0,-4.00
1996-05-21T17:00:00,1.15,0.11,0.61,0.56,0.63,0.01,0.29,-0.1,-0.1,0,0,-8.00
1996-05-21T18:00:00,0.31,-0.41,-0.19,0.31,0.52,-0.58,0.21,0.02,0.3,0,0,-9.00
1996-05-21T19:00:00,0.99,-0.47,0.21,0.27,0.51,-0.29,0.06,-0.06,-0.08,0,0,-7.00
1996-05-21T20:00:00,1.06,-0.39,0.28,0.37,0.86,0.3,-0.09,-0.29,-0.14,0,0,-9.00
1996-05-21T21:00:00,0.99,-0.42,0.18,0.38,0.67,0.14,-0.03,-0.3,-0.13,0,0,-13.00
1996-05-21T22:00:00,0.98,-0.31,0.07,0.36,0.5,-0.08,-0.06,-0.29,-0.12,0,0,-13.00
1996-05-21T23:00:00,0.9,-0.1,-0.02,0.41,0.64,-0.05,-0.18,-0.26,-0.11,0,0,-13.00
1996-05-22T00:00:00,0.91,-0.03,-0.03,0.42,0.73,-0.12,-0.16,-0.25,-0.1,0,0,-15.00
1996-05-22T01:00:00,0.88,-0.26,0.08,0.42,0.01,-0.16,-0.14,-0.22,-0.09,0,0,-14.00
1996-05-22T02:00:00,0.88,-0.38,0.17,0.5,-0.1,-0.03,0.02,-0.13,-0.07,0,0,-9.00
1996-05-22T03:00:00,0.91,-0.41,0.18,0.5,-0.0,-0.48,0.02,-0.26,-0.11,0,0,-9.00
1996-05-22T04:00:00,0.85,-0.49,0.22,0.54,-0.22,-0.31,0.03,-0.3,-0.11,0,0,-10.00
1996-05-22T05:00:00,0.84,-0.5,0.27,0.58,-0.2,0.17,0.0,-0.38,-0.14,0,0,-10.00
1996-05-22T06:00:00,0.74,-0.12,0.25,0.57,0.18,0.04,0.1,-0.34,-0.07,0,0,-8.00
1996-05-22T07:00:00,0.75,-0.15,0.31,0.6,0.33,0.18,0.16,-0.35,-0.08,0,0,-6.00
1996-05-22T08:00:00,0.68,-0.38,0.12,0.61,-0.21,0.05,0.14,-0.33,-0.06,0,0,-3.00
1996-05-22T09:00:00,0.74,-0.1,0.23,0.59,-0.05,0.16,0.23,-0.32,-0.04,0,0,-3.00
1996-05-22T10:00:00,0.87,0.12,-0.03,0.59,0.09,-0.09,0.4,-0.29,-0.05,0,0,-3.00
1996-05-22T11:00:00,0.83,-0.3,0.01,0.63,-0.65,0.29,0.38,-0.25,-0.03,0,0,-2.00
1996-05-22T12:00:00,0.64,-0.28,-0.08,0.54,-0.26,-0.12,0.54,-0.15,0.14,0,0,-3.00
1996-05-22T13:00:00,0.72,-0.19,0.22,0.46,-0.55,0.56,1.02,-0.03,0.28,0,0,-2.00
1996-05-22T14:00:00,0.99,-0.42,0.28,0.6,-0.34,0.24,0.62,-0.15,-0.04,0,0,-3.00
1996-05-22T15:00:00,0.99,-0.53,0.04,0.66,-0.61,-0.09,0.52,-0.06,-0.03,0,0,-5.00
1996-05-22T16:00:00,0.85,-0.47,-0.25,0.65,-0.41,-0.23,0.5,-0.14,-0.04,0,0,-5.00
1996-05-22T17:00:00,0.46,-0.54,-0.21,0.62,-0.36,-0.1,0.95,-0.36,0.0,0,0,-4.00
1996-05-22T18:00:00,0.4,-0.61,-0.42,0.62,-0.35,-0.16,0.69,-0.35,-0.07,0,0,-3.00
1996-05-22T19:00:00,0.39,-0.64,-0.36,0.63,-0.35,-0.23,0.63,-0.31,-0.05,0,0,-6.00
1996-05-22T20:00:00,0.64,-0.16,-0.04,0.64,-0.08,-0.07,1.19,-0.33,0.15,0,0,-9.00
1996-05-22T21:00:00,0.69,0.13,0.13,0.74,0.11,-0.12,1.52,-0.37,0.11,0,0,-10.00
1996-05-22T22:00:00,0.51,0.0,-0.02,0.74,0.14,-0.14,1.57,-0.37,0.37,0,0,-11.00
1996-05-22T23:00:00,-0.22,0.44,0.27,0.8,-0.05,-0.26,1.03,-0.38,0.15,0,0,-5.00
1996-05-23T00:00:00,0.03,0.62,0.15,0.75,-0.24,-0.13,1.1,-0.43,0.03,0,0,-4.00
1996-05-23T01:00:00,0.19,0.45,0.17,0.76,0.0,-0.29,1.68,-0.47,0.16,0,0,-6.00
1996-05-23T02:00:00,-0.04,0.5,0.26,0.76,-0.01,-0.17,1.74,-0.5,0.06,0,0,-4.00
1996-05-23T03:00:00,-0.0,0.47,0.22,0.75,0.08,-0.25,1.6,-0.49,0.12,0,0,0.00
1996-05-23T04:00:00,-0.02,0.35,0.31,0.7,0.02,-0.31,2.32,-0.5,0.25,0,0,-5.00
1996-05-23T05:00:00,-0.08,0.3,0.19,0.66,0.27,-0.57,1.96,-0.42,0.87,0,0,-4.00
1996-05-23T06:00:00,-0.37,0.89,0.24,0.61,0.32,-0.55,0.52,-0.35,-0.1,0,0,2.00
1996-05-23T07:00:00,-0.64,0.73,0.41,0.58,0.28,-0.58,0.52,-0.36,-0.11,0,0,-1.00
1996-05-23T08:00:00,-0.53,0.75,0.31,0.61,0.33,-0.72,0.95,-0.36,-0.07,0,0,-1.00
1996-05-23T09:00:00,-0.53,0.83,0.14,0.61,0.37,-0.73,0.55,-0.37,-0.1,0,0,1.00
1996-05-23T10:00:00,-0.42,0.88,0.13,0.63,0.24,-0.81,0.54,-0.39,-0.11,0,0,3.00
1996-05-23T11:00:00,0.18,0.62,0.35,0.73,0.07,-0.71,1.0,-0.41,-0.01,0,0,3.00
1996-05-23T12:00:00,-0.36,0.75,0.08,0.75,0.2,-0.52,0.97,-0.43,-0.07,0,0,4.00
1996-05-23T13:00:00,-0.16,0.6,0.07,0.82,0.16,-0.47,1.68,-0.45,0.07,0,0,5.00
1996-05-23T14:00:00,0.2,0.17,0.27,0.87,0.01,-0.55,2.07,-0.44,0.82,0,0,7.00
1996-05-23T15:00:00,0.35,-0.19,0.11,0.88,0.02,-0.54,2.3,-0.46,0.66,0,0,8.00
1996-05-23T16:00:00,0.49,0.27,0.01,0.91,0.02,-0.42,2.2,-0.5,0.11,0,0,8.00
1996-05-23T17:00:00,0.58,0.08,0.37,0.95,0.0,-0.33,2.11,-0.51,0.0,0,0,9.00
1996-05-23T18:00:00,0.19,-0.15,0.27,0.96,-0.09,-0.3,2.22,-0.51,0.6,0,0,7.00
1996-05-23T19:00:00,0.11,-0.27,0.13,0.88,-0.76,-0.56,2.63,-0.51,1.13,0,0,6.00
1996-05-23T20:00:00,0.12,-0.23,0.21,0.98,-0.05,-0.38,2.1,-0.48,0.99,0,0,7.00
1996-05-23T21:00:00,0.29,-0.34,0.17,1.03,-0.12,-0.37,1.72,-0.46,0.34,0,0,10.00
1996-05-23T22:00:00,0.51,-0.43,0.27,1.05,-0.13,-0.2,1.53,-0.43,0.05,0,0,9.00
1996-05-23T23:00:00,0.16,0.01,0.24,1.05,-0.14,-0.06,2.64,-0.47,1.79,0,0,9.00
1996-05-24T00:00:00,0.41,-0.34,0.2,1.02,-0.23,-0.03,2.78,-0.45,0.34,0,0,10.00
1996-05-24T01:00:00,-0.19,0.22,0.06,0.97,-0.16,0.14,2.91,-0.48,1.23,0,0,10.00
1996-05-24T02:00:00,0.03,0.15,-0.01,0.92,-0.19,0.17,3.48,-0.45,4.32,0,0,9.00
1996-05-24T03:00:00,0.47,-0.61,0.46,0.84,-0.28,-0.11,4.04,-0.44,0.08,0,0,9.00
1996-05-24T04:00:00,0.62,-0.52,0.43,0.8,-0.42,-0.22,3.95,-0.43,0.08,0,0,11.00
1996-05-24T05:00:00,-0.19,0.68,0.4,0.86,-0.77,-0.52,2.83,-0.39,0.11,0,0,13.00
1996-05-24T06:00:00,-0.51,0.71,0.04,0.71,-0.03,-0.25,1.11,-0.14,0.09,0,0,12.00
1996-05-24T07:00:00,-0.16,0.45,0.59,0.6,0.16,-0.38,1.76,-0.19,0.23,0,0,8.00
1996-05-24T08:00:00,-0.64,0.76,0.03,0.61,-0.02,-0.26,1.33,-0.19,0.03,0,0,6.00
1996-05-24T09:00:00,-0.74,0.49,0.25,0.59,0.15,-0.26,1.1,-0.08,0.11,0,0,11.00
1996-05-24T10:00:00,-0.52,0.72,0.27,0.53,0.28,-0.54,1.02,-0.17,0.04,0,0,9.00
1996-05-24T11:00:00,-0.58,0.41,0.37,0.55,0.31,-0.27,1.18,-0.1,0.19,0,0,6.00
1996-05-24T12:00:00,-0.88,0.45,0.02,0.46,0.36,-0.25,1.12,-0.22,0.0,0,0,10.00
1996-05-24T13:00:00,-0.64,0.61,0.33,0.41,0.13,-0.27,1.0,-0.26,-0.01,0,0,9.00
1996-05-24T14:00:00,-1.07,0.32,0.2,0.48,0.38,-0.28,0.53,-0.11,-0.06,0,0,7.00
1996-05-24T15:00:00,-0.97,0.59,0.3,0.51,0.19,-0.23,0.5,-0.1,-0.07,0,0,3.00
1996-05-24T16:00:00,-1.02,0.56,0.33,0.56,0.0,-0.09,0.15,-0.18,-0.11,0,0,2.00
1996-05-24T17:00:00,-0.7,0.88,0.45,0.41,0.16,0.2,0.05,-0.28,-0.14,0,0,0.00
1996-05-24T18:00:00,-0.34,1.01,-0.1,0.4,-0.21,0.42,0.32,-0.26,-0.11,0,0,0.00
1996-05-24T19:00:00,-0.57,0.66,0.51,0.37,-0.0,0.65,0.15,-0.15,-0.08,0,0,2.00
1996-05-24T20:00:00,-0.53,0.9,0.51,0.33,-0.08,0.5,0.12,-0.11,-0.1,0,0,1.00
1996-05-24T21:00:00,-0.43,0.86,0.28,0.25,0.21,0.48,0.17,-0.09,-0.06,0,0,2.00
1996-05-24T22:00:00,-0.37,0.57,0.38,0.21,0.46,0.42,0.38,-0.07,0.08,0,0,1.00
1996-05-24T23:00:00,0.02,0.46,0.29,0.08,0.63,0.54,0.35,-0.01,0.42,0,0,2.00
1996-05-25T00:00:00,0.17,0.64,0.23,0.14,0.68,0.7,0.26,-0.11,0.09,0,0,4.00
1996-05-25T01:00:00,-0.12,0.5,0.16,0.16,0.68,0.71,0.52,-0.28,0.19,0,0,3.00
1996-05-25T02:00:00,-0.14,-0.31,-0.19,0.2,0.02,0.23,1.12,-0.39,0.36,0,0,4.00
1996-05-25T03:00:00,0.1,-0.27,-0.25,0.3,0.03,0.15,0.89,-0.29,0.45,0,0,6.00
1996-05-25T04:00:00,0.79,0.1,0.24,0.52,0.37,0.92,0.75,-0.24,0.03,0,0,5.00
1996-05-25T05:00:00,0.76,-0.3,0.39,0.53,0.16,1.07,0.39,-0.28,-0.05,0,0,-2.00
1996-05-25T06:00:00,0.94,-0.42,0.39,0.53,0.02,0.87,0.08,-0.16,-0.09,0,0,1.00
1996-05-25T07:00:00,0.94,-0.49,0.45,0.44,-0.04,0.54,-0.24,-0.12,-0.12,0,0,2.00
1996-05-25T08:00:00,0.76,-0.58,0.33,0.5,-0.23,0.68,-0.08,-0.16,-0.09,0,0,2.00
1996-05-25T09:00:00,0.49,-0.65,0.25,0.53,-0.38,0.6,0.08,-0.21,-0.05,0,0,0.00
1996-05-25T10:00:00,0.67,-0.56,0.17,0.65,-0.44,0.41,0.16,-0.24,-0.06,0,0,0.00
1996-05-25T11:00:00,0.53,-0.55,0.1,0.71,-0.5,0.39,0.21,-0.35,-0.05,0,0,0.00
1996-05-25T12:00:00,0.55,-0.51,0.17,0.72,-0.45,0.53,0.29,-0.33,-0.03,0,0,0.00
1996-05-25T13:00:00,0.84,-0.22,0.03,0.8,-0.08,0.38,0.46,-0.24,-0.02,0,0,0.00
1996-05-25T14:00:00,0.61,-0.32,-0.22,0.74,-0.3,0.12,0.44,-0.31,-0.01,0,0,1.00
1996-05-25T15:00:00,0.77,-0.15,0.01,0.81,-0.14,0.26,0.35,-0.34,-0.04,0,0,2.00
1996-05-25T16:00:00,0.47,-0.54,0.07,0.79,-0.47,0.22,0.43,-0.36,-0.02,0,0,3.00
1996-05-25T17:00:00,0.59,-0.47,-0.38,0.82,-0.47,-0.21,0.73,-0.43,-0.1,0,0,1.00
1996-05-25T18:00:00,0.41,-0.53,-0.46,0.8,-0.5,-0.36,0.9,-0.44,-0.09,0,0,1.00
1996-05-25T19:00:00,0.4,-0.47,-0.38,0.75,-0.33,-0.05,1.21,-0.47,-0.06,0,0,-1.00
1996-05-25T20:00:00,-0.13,-0.3,-0.37,0.7,-0.29,-0.07,1.61,-0.47,0.06,0,0,0.00
1996-05-25T21:00:00,-0.01,-0.16,-0.45,0.72,-0.28,-0.12,1.88,-0.49,0.05,0,0,3.00
1996-05-25T22:00:00,0.49,0.14,-0.25,0.82,-0.16,-0.08,1.87,-0.42,0.15,0,0,3.00
1996-05-25T23:00:00,0.38,-0.01,-0.45,0.81,-0.36,-0.0,1.68,-0.46,0.01,0,0,-3.00
1996-05-26T00:00:00,0.51,-0.3,-0.07,0.68,-0.31,0.16,1.1,-0.38,0.14,0,0,-9.00
1996-05-26T01:00:00,0.68,-0.73,-0.24,0.5,-0.07,-0.02,0.38,-0.23,-0.08,0,0,-8.00
1996-05-26T02:00:00,0.68,-1.03,0.16,0.51,-0.18,0.14,0.13,-0.26,-0.13,0,0,-11.00
1996-05-26T03:00:00,0.41,-0.56,-0.02,0.44,-0.17,0.01,0.19,-0.27,0.01,0,0,-12.00
1996-05-26T04:00:00,0.18,-0.44,-0.27,0.38,-0.0,0.03,0.27,-0.26,0.09,0,0,-13.00
1996-05-26T05:00:00,0.21,-0.51,-0.2,0.38,-0.03,-0.22,0.2,-0.25,0.06,0,0,-9.00
1996-05-26T06:00:00,0.17,-0.45,0.15,0.38,0.12,0.1,0.15,-0.27,0.21,0,0,-12.00
1996-05-26T07:00:00,0.32,-0.52,0.19,0.4,0.07,0.18,0.01,-0.27,0.02,0,0,-13.00
1996-05-26T08:00:00,0.56,-0.15,0.18,0.46,0.42,0.19,0.05,-0.12,0.15,0,0,-9.00
1996-05-26T09:00:00,0.54,-0.25,0.21,0.47,0.28,0.23,-0.02,-0.15,0.09,0,0,-8.00
1996-05-26T10:00:00,0.6,-0.24,0.35,0.49,0.27,0.17,-0.07,-0.16,0.0,0,0,-9.00
1996-05-26T11:00:00,0.37,-0.17,0.31,0.44,0.37,0.07,-0.08,-0.31,0.09,0,0,-7.00
1996-05-26T12:00:00,0.43,-0.12,0.34,0.47,0.42,0.13,-0.1,-0.26,0.06,0,0,-6.00
1996-05-26T13:00:00,0.53,-0.1,-0.06,0.55,0.42,0.02,-0.09,-0.2,0.1,0,0,-5.00
1996-05-26T14:00:00,0.44,0.0,-0.16,0.55,0.49,-0.13,-0.1,-0.3,0.07,0,0,-8.00
1996-05-26T15:00:00,0.49,0.14,-0.18,0.58,0.45,-0.15,-0.13,-0.35,-0.03,0,0,-9.00
1996-05-26T16:00:00,0.54,0.15,-0.06,0.6,0.44,-0.01,-0.12,-0.35,-0.02,0,0,-7.00
1996-05-26T17:00:00,0.6,0.1,-0.03,0.63,0.41,0.03,-0.11,-0.36,-0.05,0,0,-5.00
1996-05-26T18:00:00,0.6,0.08,-0.04,0.63,0.28,0.13,-0.01,-0.34,-0.02,0,0,-3.00
1996-05-26T19:00:00,0.6,0.02,-0.03,0.66,0.14,0.02,-0.04,-0.36,-0.03,0,0,-2.00
1996-05-26T20:00:00,0.67,-0.21,-0.07,0.76,0.05,-0.19,-0.13,-0.43,-0.11,0,0,-2.00
1996-05-26T21:00:00,0.7,-0.23,-0.0,0.79,0.31,-0.06,-0.12,-0.44,-0.12,0,0,-2.00
1996-05-26T22:00:00,0.74,-0.25,0.06,0.79,0.36,0.13,-0.13,-0.44,-0.13,0,0,-6.00
1996-05-26T23:00:00,0.75,-0.2,0.16,0.77,0.18,0.29,-0.13,-0.45,-0.13,0,0,-8.00
1996-05-27T00:00:00,0.72,-0.21,0.19,0.75,0.3,0.39,-0.08,-0.31,-0.07,0,0,-7.00
1996-05-27T01:00:00,0.71,-0.22,0.16,0.77,0.57,0.34,0.01,-0.23,-0.02,0,0,-6.00
1996-05-27T02:00:00,0.68,-0.18,0.21,0.77,0.16,-0.03,-0.07,-0.35,-0.07,0,0,-4.00
1996-05-27T03:00:00,0.6,-0.15,0.05,0.78,-0.18,-0.21,-0.06,-0.35,-0.03,0,0,-3.00
1996-05-27T04:00:00,0.24,-0.22,-0.16,0.8,-0.29,-0.14,-0.04,-0.43,0.06,0,0,-3.00
1996-05-27T05:00:00,-0.04,-0.02,-0.03,0.88,-0.18,0.08,-0.05,-0.43,2.36,0,0,-4.00
1996-05-27T06:00:00,-0.18,0.03,-0.11,0.85,-0.0,0.07,-0.07,-0.44,0.3,0,0,-3.00
1996-05-27T07:00:00,-0.3,0.01,-0.31,0.8,0.43,0.11,-0.08,-0.45,-0.07,0,0,-4.00
1996-05-27T08:00:00,-0.16,-0.28,-0.36,0.74,0.36,-0.24,-0.03,-0.43,-0.07,0,0,-3.00
1996-05-27T09:00:00,-0.06,-0.58,-0.27,0.75,0.06,-0.46,-0.1,-0.41,-0.1,0,0,-3.00
1996-05-27T10:00:00,0.09,-0.69,-0.19,0.68,-0.31,-0.23,-0.24,-0.45,-0.14,0,0,-4.00
1996-05-27T11:00:00,-0.12,-0.59,-0.09,0.59,-0.39,-0.13,0.1,-0.47,-0.08,0,0,-10.00
1996-05-27T12:00:00,0.15,-0.48,-0.05,0.58,-0.25,-0.24,1.29,-0.46,0.14,0,0,-12.00
1996-05-27T13:00:00,-0.01,0.07,0.19,0.63,-0.32,-0.32,2.11,-0.44,4.3,0,0,-5.00
1996-05-27T14:00:00,-0.03,-0.52,-0.39,0.62,-0.39,-0.54,1.42,-0.46,-0.03,0,0,6.00
1996-05-27T15:00:00,-0.11,-0.02,-1.1,0.59,0.28,-0.42,-0.03,-0.55,-0.18,0,1,12.00
1996-05-27T16:00:00,-0.22,0.06,-1.13,0.63,0.27,-0.31,-0.17,-0.55,-0.18,0,1,6.00
1996-05-27T17:00:00,-0.52,0.11,-1.06,0.71,0.24,-0.33,0.12,-0.56,-0.18,0,1,-8.00
1996-05-27T18:00:00,-0.5,0.55,-1.05,0.73,-0.04,-0.36,0.1,-0.55,-0.18,0,1,-20.00
1996-05-27T19:00:00,-0.69,0.9,-0.94,0.84,-0.14,-0.46,0.01,-0.55,-0.19,0,1,-27.00
1996-05-27T20:00:00,-0.45,1.35,-0.58,0.86,-0.43,-0.57,0.15,-0.56,-0.18,0,1,-33.00
1996-05-27T21:00:00,-0.43,1.29,-0.49,0.86,-0.39,-0.6,0.25,-0.55,-0.18,0,1,-31.00
1996-05-27T22:00:00,-0.92,1.23,-0.26,1.03,-0.31,-0.83,0.11,-0.54,-0.18,0,1,-31.00
1996-05-27T23:00:00,-1.02,1.2,-0.18,1.06,-0.28,-0.79,0.21,-0.54,-0.18,0,1,-30.00
1996-05-28T00:00:00,-0.7,1.28,-0.12,0.92,-0.39,-0.61,0.44,-0.51,-0.17,0,1,-28.00
1996-05-28T01:00:00,-0.93,1.29,0.1,0.98,-0.33,-0.83,0.64,-0.5,-0.17,0,1,-22.00
1996-05-28T02:00:00,-0.76,1.37,0.39,0.97,-0.52,-1.12,0.73,-0.5,-0.17,0,1,-20.00
1996-05-28T03:00:00,-0.67,1.43,0.22,0.97,-0.65,-0.78,0.82,-0.52,-0.17,0,1,-20.00
1996-05-28T04:00:00,-0.67,1.5,0.12,0.96,-0.79,-0.29,0.92,-0.51,-0.17,0,1,-18.00
1996-05-28T05:00:00,-0.48,1.61,-0.05,0.88,-0.86,-0.04,1.12,-0.5,-0.17,0,1,-16.00
1996-05-28T06:00:00,-0.4,1.63,0.39,0.89,-0.88,-0.46,1.11,-0.5,-0.17,0,1,-15.00
1996-05-28T07:00:00,-0.66,1.52,0.64,0.99,-0.83,-0.5,1.22,-0.5,-0.17,0,1,-14.00
1996-05-28T08:00:00,-0.78,1.39,0.67,1.05,-0.75,-0.44,1.31,-0.5,-0.17,0,1,-13.00
1996-05-28T09:00:00,-0.81,1.31,0.77,1.08,-0.72,-0.53,1.22,-0.51,-0.17,0,1,-7.00
1996-05-28T10:00:00,-0.8,1.37,0.51,1.08,-0.75,-0.11,1.33,-0.51,-0.17,0,1,-5.00
1996-05-28T11:00:00,-0.66,1.32,0.48,1.07,-0.55,-0.08,1.61,-0.47,-0.15,0,1,-2.00
1996-05-28T12:00:00,-0.76,1.18,0.39,1.08,-0.31,0.05,2.18,-0.44,-0.13,0,0,1.00
1996-05-28T13:00:00,-0.7,1.43,0.3,1.07,-0.45,0.06,2.29,-0.45,-0.14,0,0,4.00
1996-05-28T14:00:00,-1.03,1.46,0.61,1.13,-0.57,-0.21,1.62,-0.49,-0.17,0,0,6.00
1996-05-28T15:00:00,-0.86,1.35,1.04,1.12,-0.63,-0.36,2.03,-0.54,-0.18,0,0,6.00
1996-05-28T16:00:00,-0.91,1.04,0.98,1.17,-0.48,-0.29,2.04,-0.51,-0.16,0,0,3.00
1996-05-28T17:00:00,-0.82,1.14,0.91,1.17,-0.58,-0.17,2.17,-0.5,-0.16,0,0,6.00
1996-05-28T18:00:00,-0.75,1.05,0.91,1.18,-0.65,-0.11,2.28,-0.48,-0.15,0,0,8.00
1996-05-28T19:00:00,-1.02,0.91,0.7,1.27,-0.58,0.08,2.27,-0.48,-0.15,0,0,7.00
1996-05-28T20:00:00,-0.55,1.0,0.98,1.19,-0.68,-0.12,2.42,-0.5,-0.15,0,0,6.00
1996-05-28T21:00:00,-0.61,0.89,0.99,1.23,-0.75,-0.12,2.47,-0.51,-0.15,0,0,7.00
1996-05-28T22:00:00,-0.5,0.94,1.1,1.25,-0.88,-0.28,2.86,-0.52,-0.16,1,0,10.00
1996-05-28T23:00:00,-0.63,1.34,1.19,1.21,-1.29,-0.07,3.28,-0.5,-0.16,1,0,10.00
1996-05-29T00:00:00,-0.63,1.56,1.19,1.19,-1.17,0.08,4.31,-0.47,-0.15,1,0,12.00
1996-05-29T01:00:00,-0.65,1.69,1.61,1.09,-1.12,0.02,4.6,-0.39,-0.15,1,0,17.00
1996-05-29T02:00:00,-0.14,0.16,2.13,0.99,-0.38,-0.43,4.78,-0.42,-0.15,1,0,19.00
1996-05-29T03:00:00,0.61,0.05,1.84,0.93,-0.46,-0.36,5.5,-0.38,-0.12,1,0,20.00
1996-05-29T04:00:00,0.4,0.22,1.73,0.99,-0.5,-0.32,5.04,-0.39,-0.11,1,0,23.00
1996-05-29T05:00:00,0.95,0.24,1.57,0.92,-0.49,-0.24,4.8,-0.39,-0.11,1,0,24.00
1996-05-29T06:00:00,0.57,-0.07,1.85,0.94,-0.38,-0.73,4.15,-0.41,-0.14,1,0,23.00
1996-05-29T07:00:00,0.56,0.65,1.61,0.91,-0.38,-0.3,4.68,-0.37,-0.11,1,0,26.00
1996-05-29T08:00:00,0.34,1.26,1.16,0.99,-0.13,0.27,7.83,-0.39,-0.05,1,0,26.00
1996-05-29T09:00:00,0.67,-1.39,1.1,0.89,0.36,-0.06,5.55,-0.26,-0.06,1,0,32.00
1996-05-29T10:00:00,0.63,1.67,0.56,0.85,0.29,0.04,3.64,-0.26,-0.09,1,0,40.00
1996-05-29T11:00:00,0.22,0.14,0.84,0.83,0.81,-0.2,4.67,-0.21,0.37,1,0,32.00
1996-05-29T12:00:00,0.12,0.21,0.67,0.82,0.36,-0.55,3.35,-0.17,0.55,1,0,26.00
1996-05-29T13:00:00,-0.91,-0.53,-0.12,0.69,-0.02,-0.34,3.32,-0.11,0.24,1,0,28.00
1996-05-29T14:00:00,-0.29,-0.41,0.22,0.67,-0.11,0.05,4.25,-0.25,1.39,1,0,22.00
1996-05-29T15:00:00,-0.77,-0.52,-0.17,0.6,-0.16,-0.24,3.11,-0.26,0.17,1,0,18.00
1996-05-29T16:00:00,-0.12,-0.49,0.22,0.69,-0.06,-0.18,3.16,-0.23,1.14,1,0,20.00
1996-05-29T17:00:00,-0.23,-0.13,-0.04,0.64,0.0,-0.26,2.94,-0.32,2.94,1,0,16.00
1996-05-29T18:00:00,-0.06,-0.53,0.06,0.64,-0.16,0.17,1.95,-0.37,0.41,1,0,14.00
1996-05-29T19:00:00,0.46,-0.54,0.29,0.66,-0.12,0.42,0.86,-0.26,0.09,1,0,16.00
1996-05-29T20:00:00,0.22,-0.08,0.04,0.55,-0.17,0.27,1.99,-0.34,3.71,1,0,9.00
1996-05-29T21:00:00,0.46,0.0,0.1,0.52,-0.13,0.29,2.51,-0.35,0.9,1,0,6.00
1996-05-29T22:00:00,0.48,-0.25,0.28,0.5,-0.27,0.48,1.68,-0.24,0.48,1,0,8.00
1996-05-29T23:00:00,0.93,-0.07,0.65,0.19,-0.17,-0.06,0.74,-0.03,-0.02,1,0,6.00
1996-05-30T00:00:00,1.05,-0.04,0.42,0.34,-0.07,0.02,0.79,0.0,0.01,1,0,3.00
1996-05-30T01:00:00,0.87,-0.51,0.1,0.25,-0.18,0.13,0.93,-0.17,0.01,1,0,6.00
1996-05-30T02:00:00,1.15,-0.16,0.36,0.31,0.27,0.67,0.16,-0.12,-0.1,1,0,3.00
1996-05-30T03:00:00,1.03,-0.4,0.27,0.38,-0.16,0.29,-0.12,-0.16,-0.12,1,0,6.00
1996-05-30T04:00:00,0.8,-0.43,-0.04,0.42,0.04,-0.11,-0.3,-0.14,-0.1,1,0,-5.00
1996-05-30T05:00:00,0.45,-0.4,-0.14,0.28,0.22,0.04,-0.29,-0.12,0.01,1,0,-6.00
1996-05-30T06:00:00,0.35,-0.64,-0.18,0.26,-0.25,-0.24,-0.33,-0.19,-0.08,0,0,-4.00
1996-05-30T07:00:00,0.32,-0.42,-0.22,0.28,-0.01,-0.32,-0.37,-0.24,-0.05,0,0,-5.00
1996-05-30T08:00:00,0.52,-0.3,-0.18,0.37,-0.07,-0.3,-0.38,-0.24,-0.07,0,0,-5.00
1996-05-30T09:00:00,0.62,-0.13,-0.2,0.39,0.08,-0.38,-0.4,-0.31,-0.1,0,0,-6.00
1996-05-30T10:00:00,0.59,-0.29,-0.25,0.38,-0.05,-0.63,-0.45,-0.35,-0.13,0,0,-8.00
1996-05-30T11:00:00,0.59,-0.34,-0.12,0.37,-0.1,-0.31,-0.48,-0.37,-0.13,0,0,-7.00
1996-05-30T12:00:00,0.73,-0.29,-0.02,0.48,-0.22,-0.03,-0.49,-0.41,-0.15,0,0,-7.00
1996-05-30T13:00:00,0.57,-0.6,0.11,0.44,-0.64,0.24,-0.49,-0.43,-0.15,0,0,-8.00
1996-05-30T14:00:00,0.67,-0.49,0.05,0.47,-0.49,0.21,-0.41,-0.35,-0.14,0,0,-8.00
1996-05-30T15:00:00,0.59,-0.57,-0.08,0.41,-0.33,0.17,-0.32,-0.35,-0.13,0,0,-7.00
1996-05-30T16:00:00,0.27,-0.39,-0.14,0.27,-0.09,-0.02,0.11,-0.35,0.07,0,0,-5.00
1996-05-30T17:00:00,0.39,-0.15,-0.01,0.25,0.21,0.11,0.75,-0.39,0.37,0,0,-3.00
1996-05-30T18:00:00,0.51,-0.1,0.02,0.25,-0.11,0.05,0.36,-0.26,0.25,0,0,3.00
1996-05-30T19:00:00,0.32,-0.27,-0.04,0.29,0.04,0.17,0.23,-0.37,0.2,0,0,2.00
1996-05-30T20:00:00,0.49,-0.37,-0.12,0.43,-0.0,-0.21,-0.1,-0.08,0.08,0,0,3.00
1996-05-30T21:00:00,0.45,-0.37,-0.0,0.47,0.08,-0.01,-0.18,-0.15,0.07,0,0,3.00
1996-05-30T22:00:00,0.64,-0.23,-0.11,0.6,0.21,-0.2,-0.18,-0.12,-0.0,0,0,-3.00
1996-05-30T23:00:00,0.39,-0.15,-0.08,0.43,0.24,-0.06,0.65,-0.42,0.22,0,0,-7.00
1996-05-31T01:00:00,0.02,-0.17,0.13,0.51,0.01,-0.18,1.24,-0.49,2.44,0,0,2.00
1996-05-31T02:00:00,-0.2,-0.07,0.12,0.56,-0.01,-0.2,1.37,-0.5,1.27,0,0,4.00
1996-05-31T03:00:00,-0.32,-0.0,0.13,0.59,-0.01,-0.19,1.42,-0.5,0.48,0,0,6.00
1996-05-31T04:00:00,-0.24,-0.03,0.08,0.62,0.02,-0.2,1.68,-0.51,1.05,0,0,6.00
1996-05-31T05:00:00,-0.21,-0.2,-0.05,0.64,-0.03,-0.16,1.94,-0.52,0.56,0,0,5.00
1996-05-31T06:00:00,-0.32,-0.23,0.0,0.68,-0.07,-0.05,1.81,-0.52,0.28,0,0,8.00
1996-05-31T07:00:00,-0.61,-0.13,-0.01,0.7,-0.04,-0.03,1.41,-0.49,0.01,0,0,12.00
1996-05-31T08:00:00,-0.62,-0.22,0.0,0.71,-0.18,-0.05,1.5,-0.45,0.04,0,0,13.00
1996-05-31T09:00:00,0.29,-0.38,0.17,0.9,-0.49,-0.12,1.49,-0.4,0.38,0,0,9.00
1996-05-31T10:00:00,0.45,-0.32,0.28,0.69,-0.53,-0.09,1.32,-0.27,0.33,0,0,10.00
1996-05-31T11:00:00,0.35,0.18,0.53,0.6,-0.13,-0.11,1.37,-0.37,0.11,0,0,9.00
1996-05-31T12:00:00,0.61,-0.43,0.78,0.59,-0.11,-0.18,1.27,-0.41,-0.1,0,0,11.00
1996-05-31T13:00:00,0.47,-0.86,0.19,0.63,-0.19,0.09,0.78,-0.36,-0.08,0,0,11.00
1996-05-31T14:00:00,0.33,-0.85,-0.04,0.68,-0.17,-0.01,0.5,-0.38,-0.09,0,0,11.00
1996-05-31T15:00:00,0.5,-0.75,0.24,0.66,-0.14,0.11,0.13,-0.37,-0.11,0,0,6.00
1996-05-31T16:00:00,0.44,-0.9,0.01,0.69,-0.19,0.13,0.11,-0.44,-0.14,0,0,3.00
1996-05-31T17:00:00,0.4,-0.78,-0.2,0.69,-0.26,-0.02,0.07,-0.44,-0.14,0,0,0.00
1996-05-31T18:00:00,0.65,-0.73,0.11,0.72,-0.35,0.08,0.01,-0.39,-0.13,0,0,1.00
1996-05-31T19:00:00,0.87,-0.48,-0.03,0.74,-0.21,-0.03,0.03,-0.43,-0.14,0,0,2.00
1996-05-31T20:00:00,0.77,-0.35,-0.47,0.79,-0.01,-0.33,0.08,-0.39,-0.14,0,0,4.00
1996-05-31T21:00:00,0.79,-0.24,-0.28,0.79,-0.22,-0.39,0.05,-0.38,-0.12,0,0,4.00
1996-05-31T22:00:00,0.71,-0.29,-0.3,0.8,-0.14,-0.25,0.03,-0.38,-0.12,0,0,-2.00
1996-05-31T23:00:00,0.69,-0.12,0.04,0.8,0.02,0.18,-0.01,-0.32,-0.05,0,0,-9.00
1996-06-01T00:00:00,0.63,0.31,0.11,0.8,0.44,0.22,-0.03,-0.37,-0.08,0,0,---
1996-06-01T01:00:00,0.58,0.14,-0.08,0.69,0.33,0.1,0.08,-0.31,0.01,0,0,-9.00
1996-06-01T07:00:00,0.69,0.05,0.18,0.89,0.36,0.21,0.15,-0.31,-0.02,0,0,-2.00
1996-06-01T08:00:00,0.61,-0.3,0.16,0.87,-0.24,0.25,0.12,-0.27,0.01,0,0,-1.00
1996-06-01T09:00:00,0.49,0.32,0.17,0.78,0.53,0.08,0.1,-0.35,-0.0,0,0,-1.00
1996-06-01T10:00:00,0.37,0.28,0.19,0.75,0.52,0.08,0.16,-0.28,0.18,0,0,0.00
1996-06-01T11:00:00,0.27,-0.31,0.1,0.7,0.09,-0.18,0.26,-0.33,0.34,0,0,1.00
1996-06-01T12:00:00,0.54,-0.31,-0.14,0.75,0.09,-0.35,0.46,-0.26,0.09,0,0,2.00
1996-06-01T13:00:00,0.62,-0.26,-0.09,0.82,0.14,-0.35,0.27,-0.33,-0.01,0,0,5.00
1996-06-01T14:00:00,0.41,-0.51,-0.14,0.81,-0.13,-0.43,0.14,-0.38,-0.06,0,0,4.00
1996-06-01T15:00:00,0.26,-0.66,0.03,0.82,-0.14,-0.33,0.09,-0.41,-0.08,0,0,-2.00
1996-06-01T16:00:00,0.38,-0.54,0.05,0.85,-0.15,-0.12,0.17,-0.37,-0.03,0,0,-1.00
1996-06-01T17:00:00,0.19,-0.61,0.11,0.83,-0.21,-0.03,0.09,-0.41,-0.05,0,0,1.00
1996-06-01T18:00:00,0.56,-0.38,-0.05,0.95,-0.09,-0.3,0.15,-0.27,0.01,0,0,2.00
1996-06-01T19:00:00,0.54,-0.42,-0.06,0.96,-0.14,-0.28,0.13,-0.3,-0.02,0,0,2.00
1996-06-01T20:00:00,0.47,-0.42,-0.05,0.95,0.0,-0.31,0.08,-0.38,-0.03,0,0,1.00
1996-06-01T21:00:00,0.5,-0.42,-0.01,0.99,-0.06,-0.26,0.03,-0.38,-0.06,0,0,2.00
1996-06-01T22:00:00,0.62,-0.38,0.1,1.05,-0.05,-0.05,-0.05,-0.42,-0.1,0,0,-2.00
1996-06-01T23:00:00,0.67,-0.26,-0.09,1.08,0.14,-0.18,0.05,-0.42,-0.09,0,0,-5.00
1996-06-02T00:00:00,0.56,-0.24,-0.24,1.05,0.03,-0.41,0.1,-0.42,-0.08,0,0,-7.00
1996-06-02T01:00:00,0.3,-0.31,-0.09,1.03,-0.11,-0.18,0.74,-0.49,0.08,0,0,-4.00
1996-06-02T02:00:00,0.34,-0.3,0.05,1.07,-0.13,-0.07,0.76,-0.48,0.13,0,0,-2.00
1996-06-02T03:00:00,0.03,-0.04,0.22,1.03,-0.04,0.0,1.17,-0.52,1.38,0,0,2.00
1996-06-02T04:00:00,0.27,-0.22,0.09,1.09,-0.23,-0.09,0.94,-0.5,0.32,0,0,2.00
1996-06-02T05:00:00,0.23,-0.48,-0.05,1.09,-0.35,-0.18,0.75,-0.5,-0.01,0,0,6.00
1996-06-02T06:00:00,0.04,-0.58,-0.07,1.08,-0.36,-0.25,0.72,-0.51,-0.05,0,0,7.00
1996-06-02T07:00:00,0.27,-0.53,0.05,1.13,-0.3,-0.08,0.8,-0.5,-0.03,0,0,7.00
1996-06-02T08:00:00,0.16,-0.55,0.19,1.12,-0.38,-0.02,0.85,-0.5,-0.02,0,0,8.00
1996-06-02T09:00:00,0.15,-0.08,-0.01,1.07,0.02,-0.16,1.58,-0.52,1.75,0,0,5.00
1996-06-02T10:00:00,0.1,-0.14,0.21,1.07,-0.0,-0.09,1.75,-0.52,1.12,0,0,5.00
1996-06-02T11:00:00,0.04,-0.13,0.16,1.08,-0.05,-0.04,1.5,-0.52,2.41,0,0,9.00
1996-06-02T12:00:00,-0.14,0.01,0.2,1.1,0.12,-0.05,1.55,-0.52,1.25,0,0,12.00
1996-06-02T13:00:00,-0.04,0.21,0.16,1.12,0.12,-0.1,1.49,-0.51,0.8,0,0,13.00
1996-06-02T14:00:00,0.46,-0.09,0.32,1.23,-0.05,0.08,1.06,-0.44,0.11,0,0,13.00
1996-06-02T15:00:00,0.47,-0.22,0.1,1.28,-0.2,0.08,0.96,-0.43,0.16,0,0,14.00
1996-06-02T16:00:00,0.33,-0.41,-0.28,1.26,-0.24,-0.25,0.78,-0.49,-0.06,0,0,13.00
1996-06-02T17:00:00,0.07,-0.41,-0.42,1.19,-0.3,-0.55,0.56,-0.52,-0.11,0,0,14.00
1996-06-02T18:00:00,-0.04,-0.33,-0.57,1.16,-0.34,-0.82,0.29,-0.53,-0.15,0,0,14.00
1996-06-02T19:00:00,0.03,-0.04,-0.29,1.2,-0.0,-0.27,0.56,-0.5,0.06,0,0,9.00
1996-06-02T20:00:00,0.18,0.18,0.31,1.24,0.08,0.33,0.78,-0.5,0.17,0,0,3.00
1996-06-02T21:00:00,0.23,0.01,0.42,1.26,-0.06,0.36,0.82,-0.51,0.04,0,0,-3.00
1996-06-02T22:00:00,-0.03,-0.07,0.36,1.23,-0.08,0.28,0.71,-0.5,0.21,0,0,-6.00
1996-06-02T23:00:00,-0.19,-0.28,0.24,1.23,-0.18,0.16,0.7,-0.5,0.15,0,0,-5.00
1996-06-03T00:00:00,-0.33,-0.28,-0.02,1.18,-0.15,0.15,0.56,-0.48,0.09,0,0,-4.00
1996-06-03T01:00:00,-0.23,-0.5,-0.01,1.21,-0.4,0.12,0.44,-0.5,-0.05,0,0,-2.00
1996-06-03T02:00:00,0.08,-0.64,-0.12,1.29,-0.58,0.03,0.54,-0.52,-0.11,0,0,-2.00
1996-06-03T03:00:00,0.21,-0.66,-0.09,1.29,-0.65,-0.02,0.52,-0.52,-0.11,0,0,-3.00
1996-06-03T04:00:00,-0.08,-0.44,-0.27,1.22,-0.25,-0.18,0.87,-0.53,-0.06,0,0,-4.00
1996-06-03T05:00:00,-0.03,-0.4,-0.24,1.24,-0.26,-0.12,1.05,-0.51,0.0,0,0,-2.00
1996-06-03T06:00:00,-0.11,-0.51,-0.26,1.23,-0.3,-0.04,1.09,-0.52,-0.06,0,0,1.00
1996-06-03T07:00:00,0.02,-0.76,-0.3,1.22,-0.45,-0.23,0.81,-0.54,-0.14,0,0,1.00
1996-06-03T08:00:00,0.16,-0.76,-0.24,1.24,-0.44,-0.17,1.03,-0.53,-0.12,0,0,-2.00
1996-06-03T09:00:00,0.0,-0.58,-0.19,1.24,-0.26,-0.11,1.61,-0.52,-0.03,0,0,-5.00
1996-06-03T10:00:00,0.11,-0.79,0.02,1.27,-0.4,0.02,1.56,-0.52,-0.09,0,0,-6.00
1996-06-03T11:00:00,0.22,-0.64,0.14,1.27,-0.32,0.23,1.8,-0.51,-0.02,0,0,-1.00
1996-06-03T12:00:00,0.26,-0.32,0.46,1.28,-0.21,0.43,1.97,-0.5,0.05,0,0,1.00
1996-06-03T13:00:00,0.46,-0.16,-0.02,1.34,-0.18,0.14,2.03,-0.5,0.19,0,0,5.00
1996-06-03T14:00:00,0.48,-0.08,0.31,1.35,-0.17,0.29,2.01,-0.5,0.09,0,0,6.00
1996-06-03T15:00:00,0.41,-0.06,0.4,1.34,-0.21,0.18,2.16,-0.51,0.09,0,0,6.00
1996-06-03T16:00:00,0.33,0.05,0.37,1.32,-0.18,0.14,2.23,-0.52,0.16,0,0,8.00
1996-06-03T17:00:00,0.44,-0.21,0.15,1.34,-0.3,-0.06,2.25,-0.51,0.19,0,0,12.00
1996-06-03T18:00:00,0.34,-0.31,0.12,1.37,-0.31,-0.08,2.11,-0.53,0.19,0,0,13.00
1996-06-03T19:00:00,0.42,-0.27,-0.01,1.4,-0.3,-0.05,2.01,-0.52,0.12,0,0,10.00
1996-06-03T20:00:00,0.45,-0.15,-0.07,1.42,-0.21,0.0,1.96,-0.52,0.12,0,0,9.00
1996-06-03T21:00:00,0.26,-0.33,-0.05,1.39,-0.22,0.03,1.98,-0.53,0.18,0,0,6.00
1996-06-03T22:00:00,0.25,-0.52,0.25,1.39,-0.33,0.19,1.86,-0.54,-0.02,0,0,3.00
