2002-02-28T18:00:00,-0.16,0.58,0.31,0.7,-0.03,-0.94,1.53,-0.41,0.07,0,0,0.00
2002-02-28T19:00:00,-1.48,0.92,-0.33,0.71,0.14,-0.55,0.9,-0.54,-0.18,0,1,-3.00
2002-02-28T20:00:00,-1.26,1.33,0.07,0.76,0.19,-0.65,1.02,-0.53,-0.18,0,1,-2.00
2002-02-28T21:00:00,-0.74,0.81,-0.96,0.8,0.69,0.28,1.83,-0.54,-0.17,0,1,-6.00
2002-02-28T22:00:00,-0.39,0.69,-1.84,0.81,0.46,0.47,1.58,-0.51,-0.18,0,1,-12.00
2002-02-28T23:00:00,-0.01,-0.33,-2.1,0.84,0.52,0.31,2.09,-0.5,-0.18,0,1,-34.00
2002-03-01T00:00:00,0.7,-1.49,-1.43,0.83,0.72,-0.17,2.35,-0.48,-0.17,0,1,-65.00
2002-03-01T01:00:00,0.68,-1.11,-1.55,0.82,0.8,-0.18,2.88,-0.46,-0.16,0,1,-71.00
2002-03-01T02:00:00,0.85,-1.23,-1.53,0.91,0.38,-0.2,2.19,-0.48,-0.17,0,1,-68.00
2002-03-01T03:00:00,1.04,-1.27,-0.71,0.93,0.59,-0.39,2.94,-0.39,-0.13,0,1,-64.00
2002-03-01T04:00:00,1.67,-0.74,-0.53,0.96,0.42,-0.35,1.73,-0.39,-0.15,0,1,-63.00
2002-03-01T06:00:00,1.97,0.59,-0.59,0.92,-0.46,0.14,1.23,-0.42,-0.17,0,1,-60.00
2002-03-01T07:00:00,1.85,0.85,-0.53,1.01,-0.52,0.09,0.66,-0.5,-0.18,0,1,-65.00
2002-03-01T08:00:00,1.45,0.62,-0.62,1.01,-0.58,0.34,0.89,-0.43,-0.16,0,1,-66.00
2002-03-01T09:00:00,1.5,0.49,-0.16,0.86,-0.53,0.24,0.23,-0.15,-0.14,0,1,-62.00
2002-03-01T10:00:00,1.48,0.45,-0.07,0.71,-0.8,-0.01,-0.22,-0.22,-0.16,0,1,-53.00
2002-03-01T11:00:00,1.53,0.32,-0.09,0.59,-0.61,-0.02,-0.39,-0.24,-0.17,0,1,-50.00
2002-03-01T12:00:00,1.35,0.44,0.14,0.86,0.22,-0.07,-0.04,-0.51,-0.18,0,1,-51.00
2002-03-01T13:00:00,1.31,0.1,-0.14,0.88,0.18,-0.23,0.01,-0.46,-0.17,0,1,-45.00
2002-03-01T14:00:00,1.27,0.3,-0.03,0.93,0.29,-0.13,0.01,-0.48,-0.17,0,1,-44.00
2002-03-01T15:00:00,1.04,0.72,0.09,0.89,0.66,0.08,0.18,-0.51,-0.17,0,1,-44.00
2002-03-01T16:00:00,1.08,0.89,0.33,0.88,0.75,0.01,0.13,-0.5,-0.18,0,1,-42.00
2002-03-01T17:00:00,1.08,0.72,0.68,0.91,0.78,0.09,0.16,-0.52,-0.18,0,1,-39.00
2002-03-01T18:00:00,1.15,0.64,0.69,0.9,0.74,0.08,0.04,-0.53,-0.18,0,1,-37.00
2002-03-01T19:00:00,1.3,0.22,0.69,0.88,0.76,-0.03,0.04,-0.52,-0.18,0,1,-32.00
2002-03-01T20:00:00,1.42,0.54,0.32,0.86,0.26,0.15,0.38,-0.52,-0.18,0,1,-29.00
2002-03-01T21:00:00,1.21,0.69,0.27,0.97,0.46,0.42,0.44,-0.54,-0.18,0,1,-25.00
2002-03-01T22:00:00,1.14,0.56,0.54,1.04,0.4,0.46,0.28,-0.52,-0.18,0,1,-21.00
2002-03-01T23:00:00,1.55,0.05,0.12,1.15,0.47,0.89,0.29,-0.51,-0.18,0,0,-18.00
2002-03-02T00:00:00,1.58,-0.08,-0.15,1.09,0.15,0.79,0.53,-0.41,-0.16,0,0,-19.00
2002-03-02T01:00:00,1.34,-0.06,0.24,1.08,0.1,0.83,0.76,-0.42,-0.15,0,0,-20.00
2002-03-02T02:00:00,0.68,0.28,1.0,0.93,-0.0,1.08,1.1,-0.5,-0.16,0,0,-22.00
2002-03-02T03:00:00,1.44,-0.3,0.28,1.14,-0.45,0.8,0.88,-0.48,-0.16,0,0,-19.00
2002-03-02T04:00:00,0.87,0.28,0.95,0.99,0.19,1.41,1.03,-0.45,-0.15,0,0,-18.00
2002-03-02T05:00:00,0.89,0.42,0.7,1.02,0.29,1.23,1.06,-0.43,-0.13,0,0,-17.00
2002-03-02T06:00:00,1.03,-0.13,0.97,1.08,0.22,1.28,0.85,-0.46,-0.16,0,0,-19.00
2002-03-02T07:00:00,0.5,-1.07,1.15,1.03,-0.26,1.66,0.61,-0.5,-0.18,0,0,-17.00
2002-03-02T08:00:00,0.39,-1.09,1.15,1.02,-0.21,1.75,0.69,-0.5,-0.17,0,0,-19.00
2002-03-02T09:00:00,0.44,-1.14,0.98,1.03,-0.27,1.46,0.69,-0.46,-0.17,0,0,-18.00
2002-03-02T10:00:00,0.42,-0.87,0.66,0.98,-0.09,0.86,0.78,-0.37,-0.12,0,0,-18.00
2002-03-02T11:00:00,0.62,0.35,1.14,0.92,0.49,0.85,1.22,-0.31,-0.12,0,0,-17.00
2002-03-02T12:00:00,0.27,0.99,0.68,0.78,0.29,0.08,1.54,-0.43,-0.12,0,0,-13.00
2002-03-02T13:00:00,0.98,-0.76,1.44,0.81,0.07,0.27,0.49,-0.5,-0.18,0,0,-10.00
2002-03-02T14:00:00,1.47,-0.13,1.46,0.84,0.36,0.44,0.59,-0.49,-0.18,0,0,-12.00
2002-03-02T15:00:00,1.05,-1.18,1.07,0.84,-0.05,0.49,1.02,-0.34,-0.16,0,0,-10.00
2002-03-02T16:00:00,0.95,-1.15,1.07,0.84,0.26,0.75,0.41,-0.4,-0.17,0,0,-10.00
2002-03-02T17:00:00,0.49,-1.51,0.61,0.84,0.7,0.13,0.63,-0.27,-0.15,0,0,-9.00
2002-03-02T18:00:00,1.1,-1.08,0.78,0.72,0.27,0.19,0.64,-0.18,-0.14,0,0,-12.00
2002-03-02T19:00:00,1.12,-1.29,0.4,0.47,1.05,-0.54,0.47,-0.16,-0.14,0,0,-14.00
2002-03-02T20:00:00,1.19,-1.18,0.37,0.42,1.08,-0.41,0.53,-0.15,-0.14,0,0,-9.00
2002-03-02T21:00:00,0.87,-1.56,0.24,0.53,1.08,-0.22,0.18,-0.11,-0.15,0,0,-8.00
2002-03-02T22:00:00,0.92,-1.72,0.28,0.66,1.05,-0.19,-0.18,-0.18,-0.17,0,0,-12.00
2002-03-02T23:00:00,0.76,-1.71,-0.04,0.84,0.59,0.15,-0.15,-0.19,-0.17,0,0,-10.00
2002-03-03T00:00:00,0.73,-1.78,0.17,0.68,1.18,0.61,-0.28,-0.19,-0.17,0,0,-5.00
2002-03-03T01:00:00,0.77,-1.73,0.27,0.6,1.83,0.94,0.09,-0.31,-0.17,0,0,-4.00
2002-03-03T02:00:00,0.82,-1.68,0.25,0.68,1.92,1.13,0.13,-0.2,-0.16,0,0,1.00
2002-03-03T03:00:00,0.44,-1.8,0.28,0.73,1.82,1.23,0.11,-0.29,-0.17,0,0,3.00
2002-03-03T04:00:00,0.64,-1.8,0.29,0.84,1.72,1.02,-0.11,-0.3,-0.17,0,0,-4.00
2002-03-03T05:00:00,0.69,-1.73,-0.15,0.92,2.02,0.54,-0.12,-0.38,-0.18,0,0,-6.00
2002-03-03T06:00:00,0.75,-1.49,-0.3,0.99,2.11,-0.22,0.26,-0.27,-0.16,0,0,-5.00
2002-03-03T07:00:00,0.52,-1.6,-0.44,0.94,1.68,0.01,-0.18,-0.17,-0.17,0,0,-9.00
2002-03-03T08:00:00,0.16,-1.22,-0.61,0.99,-0.11,-0.54,0.03,-0.25,-0.15,0,0,-12.00
2002-03-03T09:00:00,-0.34,-0.55,-0.9,1.0,0.15,-0.59,0.22,-0.19,-0.12,0,0,-8.00
2002-03-03T10:00:00,0.38,-1.38,-0.24,1.13,-0.16,-0.28,-0.07,-0.22,-0.15,0,0,-17.00
2002-03-03T11:00:00,0.05,-0.87,-0.91,1.12,-0.1,-0.81,-0.01,-0.23,-0.15,0,0,-21.00
2002-03-03T12:00:00,0.37,-1.32,0.35,1.12,-0.01,-0.33,-0.01,-0.27,-0.15,0,0,-21.00
2002-03-03T13:00:00,0.41,-0.77,-0.38,1.22,-0.5,-0.42,0.21,-0.33,-0.11,0,0,-16.00
2002-03-03T14:00:00,0.4,-0.3,-0.78,1.21,-0.32,-0.73,0.33,-0.33,-0.12,0,0,-14.00
2002-03-03T15:00:00,0.39,0.1,-0.8,1.24,-0.17,-0.81,0.3,-0.31,-0.12,0,0,-29.00
2002-03-03T16:00:00,0.73,-0.31,-0.64,1.34,-0.43,-1.12,0.33,-0.4,-0.14,0,0,-36.00
2002-03-03T17:00:00,0.35,-0.18,-0.99,1.33,-0.3,-1.61,0.62,-0.5,-0.16,0,0,-36.00
2002-03-03T18:00:00,0.83,-0.44,-0.67,1.39,-0.5,-1.49,0.6,-0.5,-0.16,0,0,-35.00
2002-03-03T19:00:00,0.83,0.28,-0.81,1.3,-0.34,-1.67,1.13,-0.46,-0.15,1,0,-33.00
2002-03-03T20:00:00,0.86,-0.13,-1.02,1.28,-0.42,-1.96,1.36,-0.44,-0.15,1,0,-39.00
2002-03-03T21:00:00,0.99,0.58,-1.18,1.23,-0.37,-1.99,1.78,-0.48,-0.16,1,0,-39.00
2002-03-03T22:00:00,0.47,1.45,-0.71,1.24,-0.51,-2.41,3.68,-0.51,-0.15,1,0,-36.00
2002-03-03T23:00:00,0.14,1.0,-0.4,1.14,-0.37,-2.21,4.37,-0.49,-0.06,1,0,-36.00
2002-03-04T00:00:00,-1.35,2.0,0.9,1.0,-0.5,-1.69,1.76,-0.42,-0.17,1,0,-46.00
2002-03-04T01:00:00,-0.8,2.03,0.55,0.76,-0.71,-0.88,1.94,-0.24,-0.14,1,0,-31.00
2002-03-04T02:00:00,-1.37,1.73,0.39,0.77,-0.62,-0.74,2.16,-0.11,-0.12,1,0,-27.00
2002-03-04T03:00:00,-1.43,1.32,0.91,0.83,-0.4,-1.31,2.11,-0.16,-0.13,1,0,-26.00
2002-03-04T04:00:00,-1.4,1.11,1.44,0.82,-0.37,-1.84,2.06,-0.13,-0.14,1,0,-24.00
2002-03-04T05:00:00,-1.76,1.16,1.35,0.89,-0.42,-1.72,1.91,-0.18,-0.15,1,0,-21.00
2002-03-04T06:00:00,-2.11,1.27,1.32,0.81,-0.25,-1.46,1.72,-0.2,-0.16,1,0,-18.00
2002-03-04T07:00:00,-1.67,1.41,1.46,0.5,0.2,-1.27,1.85,0.06,-0.14,1,0,-14.00
2002-03-04T08:00:00,-1.34,1.35,1.43,0.38,0.15,-1.41,1.79,0.11,-0.12,1,0,-11.00
2002-03-04T09:00:00,-1.05,1.8,1.08,0.21,-0.3,-1.2,1.71,0.23,-0.11,1,0,-10.00
2002-03-04T10:00:00,-1.68,2.15,0.61,0.21,-0.61,-0.74,1.59,0.29,-0.13,1,0,-7.00
2002-03-04T11:00:00,-1.88,2.24,0.84,0.09,-0.64,-0.56,1.52,0.28,-0.14,1,0,-3.00
2002-03-04T12:00:00,-1.83,2.04,1.03,-0.01,-0.42,-0.64,1.83,0.37,-0.12,1,0,0.00
2002-03-04T13:00:00,-2.06,0.92,1.6,0.05,0.34,-1.34,2.16,0.42,-0.11,1,0,3.00
2002-03-04T14:00:00,-2.36,1.11,1.39,0.09,0.28,-1.23,2.03,0.26,-0.13,1,0,3.00
2002-03-04T15:00:00,-2.77,0.49,1.03,0.12,1.13,-0.93,2.04,0.2,-0.13,1,0,2.00
2002-03-04T16:00:00,-1.88,2.08,-0.38,-0.1,-0.13,0.64,2.42,0.47,-0.09,1,0,3.00
2002-03-04T17:00:00,-2.46,0.32,2.09,-0.41,0.93,-1.0,1.44,0.96,-0.12,1,0,-1.00
2002-03-04T18:00:00,-2.08,0.99,1.22,-0.36,0.81,-0.02,1.57,1.36,-0.04,1,0,0.00
2002-03-04T19:00:00,-1.99,0.85,1.49,-0.3,1.21,-0.93,1.68,1.19,-0.05,1,0,5.00
2002-03-04T20:00:00,-1.69,1.96,0.47,-0.32,0.03,0.63,1.56,0.91,-0.07,1,0,3.00
2002-03-04T21:00:00,-1.96,1.69,0.82,-0.28,0.16,0.32,1.38,0.57,-0.11,1,0,0.00
2002-03-04T22:00:00,-2.34,1.0,1.42,-0.66,1.24,0.78,0.6,0.66,-0.14,1,0,-4.00
2002-03-04T23:00:00,-2.38,0.96,0.95,-0.77,1.27,1.76,0.53,0.68,-0.13,1,0,3.00
2002-03-05T00:00:00,-1.92,0.88,0.95,-0.89,1.13,1.96,0.63,0.92,-0.09,1,0,5.00
2002-03-05T01:00:00,-1.96,1.27,0.76,-0.74,0.64,2.01,0.72,0.91,-0.1,1,0,0.00
2002-03-05T02:00:00,-1.27,2.01,0.75,-0.85,0.03,-0.1,1.0,1.19,-0.07,1,0,-10.00
2002-03-05T03:00:00,-1.48,1.91,0.09,-0.89,0.54,2.03,0.85,0.74,-0.1,1,0,-18.00
2002-03-05T04:00:00,-1.39,1.19,0.87,-1.18,0.73,0.48,0.42,0.9,-0.08,1,0,-32.00
2002-03-05T05:00:00,-0.78,1.37,-0.01,-2.02,0.97,1.47,-0.33,1.9,-0.05,1,0,-36.00
2002-03-05T06:00:00,-1.3,0.98,0.46,-2.09,1.29,0.83,-0.5,0.84,-0.14,1,0,-37.00
2002-03-05T07:00:00,-1.17,0.97,0.06,-1.79,-0.09,0.73,-0.54,1.5,-0.1,1,0,-37.00
2002-03-05T08:00:00,-0.91,1.11,0.25,-1.62,-0.88,0.22,-0.46,1.01,-0.1,1,0,-35.00
2002-03-05T09:00:00,-1.14,0.31,0.07,-1.69,0.54,1.04,-0.43,1.23,-0.03,0,0,-31.00
2002-03-05T10:00:00,-1.27,0.17,0.49,-1.73,1.2,-0.1,-0.43,0.9,-0.09,0,0,-21.00
2002-03-05T11:00:00,-0.52,0.82,-0.22,-2.18,0.24,1.82,-0.28,1.52,0.11,0,0,-18.00
2002-03-05T12:00:00,-0.94,0.64,0.28,-2.03,0.66,0.85,-0.32,0.96,-0.02,0,0,-15.00
2002-03-05T13:00:00,-0.97,0.05,-0.09,-1.99,1.48,1.88,-0.32,0.71,0.01,0,0,-11.00
2002-03-05T14:00:00,-0.74,0.13,0.64,-2.07,1.17,-0.13,-0.32,0.73,0.0,0,0,-16.00
2002-03-05T15:00:00,-0.79,0.58,0.29,-1.94,0.26,0.56,-0.32,0.6,-0.02,0,0,-15.00
2002-03-05T16:00:00,-0.9,0.63,0.24,-1.9,0.16,0.73,-0.29,0.88,-0.01,0,0,-17.00
2002-03-05T17:00:00,-1.06,0.63,-0.05,-1.78,-0.05,1.61,-0.33,0.5,-0.09,0,0,-23.00
2002-03-05T18:00:00,-0.91,0.73,0.12,-1.76,-0.17,1.2,-0.33,0.59,-0.07,0,0,-21.00
2002-03-05T19:00:00,-0.79,0.75,0.19,-1.7,-0.62,1.03,-0.4,0.57,-0.07,0,0,-21.00
2002-03-05T20:00:00,-1.06,0.71,0.24,-1.46,-0.73,0.88,-0.41,0.49,-0.11,0,0,-22.00
2002-03-05T21:00:00,-1.23,0.44,0.06,-1.28,-0.4,1.58,-0.44,0.3,-0.12,0,0,-23.00
2002-03-05T22:00:00,-1.28,0.19,0.15,-1.2,0.07,1.56,-0.44,0.26,-0.13,0,0,-24.00
2002-03-05T23:00:00,-1.13,0.51,0.38,-1.24,-0.6,0.61,-0.53,0.12,-0.15,0,0,-21.00
2002-03-06T00:00:00,-1.14,0.32,0.41,-1.27,-0.2,0.28,-0.54,0.11,-0.14,0,0,-20.00
2002-03-06T01:00:00,-0.72,0.58,0.52,-1.7,-0.36,-0.13,-0.52,0.6,-0.08,0,0,-19.00
2002-03-06T02:00:00,-0.78,0.47,0.43,-1.74,-0.09,0.4,-0.44,0.51,-0.06,0,0,-16.00
2002-03-06T03:00:00,-0.72,-0.18,0.62,-1.85,1.05,0.03,-0.42,0.36,-0.06,0,0,-13.00
2002-03-06T04:00:00,-0.78,0.64,0.31,-1.77,-0.05,0.41,-0.43,0.36,-0.08,0,0,-12.00
2002-03-06T05:00:00,-0.43,0.96,0.05,-1.8,-0.44,0.69,-0.51,0.51,-0.09,0,0,-17.00
2002-03-06T06:00:00,-0.54,0.62,0.23,-1.7,-0.13,0.28,-0.48,0.49,-0.02,0,0,-24.00
2002-03-06T07:00:00,-0.29,0.31,0.44,-1.86,0.5,-0.24,-0.51,0.51,0.13,0,0,-31.00
2002-03-06T08:00:00,-0.54,-0.11,0.5,-1.71,1.15,-0.33,-0.53,0.5,0.02,0,0,-24.00
2002-03-06T09:00:00,-0.88,0.17,0.28,-1.52,0.41,0.08,-0.5,0.24,-0.08,0,0,-17.00
2002-03-06T10:00:00,-0.65,0.55,0.19,-1.59,-0.21,0.0,-0.53,0.41,-0.05,0,0,-18.00
2002-03-06T11:00:00,-0.94,0.11,0.29,-1.34,0.52,-0.12,-0.54,0.11,-0.11,0,0,-18.00
2002-03-06T12:00:00,-0.63,0.7,0.0,-1.48,-0.59,0.43,-0.59,0.13,-0.12,0,0,-11.00
2002-03-06T13:00:00,-0.67,0.66,-0.21,-1.43,-0.5,1.03,-0.61,-0.01,-0.14,0,0,-14.00
2002-03-06T14:00:00,-0.39,0.9,-0.19,-1.5,-0.85,0.98,-0.61,-0.1,-0.15,0,0,-17.00
2002-03-06T15:00:00,-0.33,0.81,0.2,-1.47,-0.84,0.04,-0.52,-0.02,-0.11,0,0,-22.00
2002-03-06T16:00:00,-0.58,0.59,0.44,-1.27,-0.57,-0.61,-0.59,-0.19,-0.15,0,0,-23.00
2002-03-06T17:00:00,-0.59,0.44,-0.0,-1.36,-0.29,0.31,-0.56,-0.16,-0.11,0,0,-17.00
2002-03-06T18:00:00,-0.62,0.37,-0.33,-1.46,-0.1,1.11,-0.47,-0.09,-0.11,0,0,-26.00
2002-03-06T19:00:00,-0.64,0.28,-0.17,-1.47,0.19,0.98,-0.35,0.04,-0.03,0,0,-37.00
2002-03-06T20:00:00,-0.5,0.32,0.04,-1.56,0.13,0.67,-0.39,0.29,0.14,0,0,-32.00
2002-03-06T21:00:00,-0.32,0.51,0.23,-1.59,-0.03,0.2,-0.42,0.21,0.06,0,0,-24.00
2002-03-06T22:00:00,-0.3,0.51,0.21,-1.56,-0.05,0.19,-0.41,0.22,0.08,0,0,-17.00
2002-03-06T23:00:00,-0.58,0.39,0.32,-1.37,0.17,0.05,-0.39,0.11,-0.03,0,0,-16.00
2002-03-07T00:00:00,-0.41,0.32,0.32,-1.42,0.05,0.23,-0.39,0.06,0.06,0,0,-20.00
2002-03-07T01:00:00,-0.41,0.32,0.45,-1.35,0.15,-0.13,-0.47,0.06,-0.03,0,0,-13.00
2002-03-07T02:00:00,-0.22,0.69,0.11,-1.37,-0.29,0.27,-0.47,0.14,-0.03,0,0,-9.00
2002-03-07T03:00:00,-0.45,0.32,0.53,-1.25,0.06,-0.41,-0.43,0.22,-0.02,0,0,-12.00
2002-03-07T04:00:00,-0.56,-0.03,0.62,-1.16,0.43,-0.44,-0.44,0.07,-0.08,0,0,-17.00
2002-03-07T05:00:00,-0.32,0.06,0.34,-1.21,0.2,-0.09,-0.48,0.1,0.19,0,0,-17.00
2002-03-07T06:00:00,-0.45,0.22,0.15,-1.07,-0.12,0.34,-0.46,0.18,0.15,0,0,-18.00
2002-03-07T07:00:00,-0.39,0.19,-0.09,-1.08,0.02,0.85,-0.44,0.02,0.14,0,0,-23.00
2002-03-07T08:00:00,-0.06,0.56,0.44,-1.13,-0.51,-0.04,-0.49,-0.01,-0.06,0,0,-17.00
2002-03-07T09:00:00,0.01,0.71,0.06,-1.12,-0.63,0.54,-0.4,-0.06,-0.05,0,0,-12.00
2002-03-07T10:00:00,-0.32,0.28,0.17,-0.98,-0.07,0.37,-0.37,0.0,0.22,0,0,-8.00
2002-03-07T11:00:00,-0.21,0.42,-0.04,-1.02,-0.17,0.67,-0.37,0.04,0.17,0,0,-6.00
2002-03-07T12:00:00,0.14,0.4,-0.33,-1.11,-0.16,1.11,-0.38,-0.03,0.0,0,0,-3.00
2002-03-07T13:00:00,-0.42,0.25,0.06,-0.85,0.17,0.53,-0.35,0.03,0.19,0,0,-5.00
2002-03-07T14:00:00,-0.53,0.28,0.23,-0.81,-0.04,0.04,-0.28,0.09,0.08,0,0,-11.00
2002-03-07T15:00:00,0.22,0.06,0.49,-1.04,0.21,-0.2,-0.45,-0.05,0.04,0,0,-10.00
2002-03-07T16:00:00,0.12,0.05,0.48,-0.93,0.11,-0.37,-0.46,-0.05,0.08,0,0,-12.00
2002-03-07T17:00:00,-0.2,-0.06,0.42,-0.78,0.21,-0.34,-0.47,-0.04,0.12,0,0,-12.00
2002-03-07T18:00:00,-0.03,0.28,0.28,-0.8,-0.21,0.04,-0.48,-0.13,0.18,0,0,-12.00
2002-03-07T19:00:00,-0.14,0.36,0.32,-0.74,-0.39,-0.01,-0.45,-0.08,0.06,0,0,-10.00
2002-03-07T20:00:00,-0.59,0.16,0.3,-0.44,-0.1,-0.23,-0.5,-0.28,-0.11,0,0,-10.00
2002-03-07T21:00:00,-0.71,0.05,0.28,-0.27,-0.16,-0.27,-0.4,-0.28,-0.11,0,0,-10.00
2002-03-07T22:00:00,-0.75,0.24,0.19,-0.24,-0.33,-0.34,-0.35,-0.3,-0.12,0,0,-8.00
2002-03-07T23:00:00,-0.33,0.34,0.37,-0.36,-0.22,-0.55,-0.43,-0.21,-0.05,0,0,-5.00
2002-03-08T00:00:00,-0.48,0.42,0.21,-0.3,-0.23,-0.25,-0.42,-0.21,-0.07,0,0,-1.00
2002-03-08T01:00:00,-0.44,-0.0,0.24,-0.28,0.16,-0.06,-0.4,-0.16,0.07,0,0,-1.00
2002-03-08T02:00:00,-0.5,0.19,0.13,-0.21,-0.16,-0.08,-0.33,-0.18,0.03,0,0,-4.00
2002-03-08T03:00:00,-0.48,0.31,0.27,-0.25,-0.27,-0.42,-0.37,-0.23,-0.05,0,0,-5.00
2002-03-08T04:00:00,-0.69,0.21,0.12,-0.05,-0.1,-0.25,-0.39,-0.3,-0.11,0,0,-8.00
2002-03-08T05:00:00,-0.42,0.42,-0.02,-0.17,-0.46,-0.03,-0.4,-0.3,-0.08,0,0,-9.00
2002-03-08T06:00:00,-0.46,0.34,-0.16,-0.16,-0.24,0.2,-0.3,-0.19,-0.03,0,0,-8.00
2002-03-08T07:00:00,-0.58,0.04,-0.21,-0.1,0.22,0.32,-0.28,-0.1,-0.0,0,0,-9.00
2002-03-08T08:00:00,-0.53,0.0,-0.21,-0.11,0.22,0.36,-0.28,-0.13,0.01,0,0,-10.00
2002-03-08T09:00:00,-0.65,0.33,-0.02,0.0,-0.07,0.02,-0.31,-0.24,-0.08,0,0,-17.00
2002-03-08T10:00:00,-0.73,0.26,0.11,0.07,-0.15,-0.1,-0.25,-0.26,-0.09,0,0,-16.00
2002-03-08T11:00:00,-0.61,0.4,0.1,0.05,-0.27,-0.11,-0.3,-0.29,-0.1,0,0,-10.00
2002-03-08T12:00:00,-0.51,0.4,0.13,0.05,-0.24,0.0,-0.34,-0.29,-0.08,0,0,-8.00
2002-03-08T13:00:00,-0.45,0.37,0.32,0.04,-0.25,-0.3,-0.32,-0.28,-0.07,0,0,-8.00
2002-03-08T14:00:00,-0.36,0.48,0.39,0.02,-0.37,-0.44,-0.33,-0.27,-0.09,0,0,-8.00
2002-03-08T15:00:00,-0.01,0.7,0.29,-0.06,-0.57,-0.15,-0.38,-0.33,-0.12,0,0,-8.00
2002-03-08T16:00:00,-0.17,0.55,0.3,0.06,-0.35,-0.21,-0.32,-0.36,-0.1,0,0,-8.00
2002-03-08T17:00:00,-0.27,0.58,0.26,0.1,-0.48,-0.18,-0.36,-0.34,-0.11,0,0,-9.00
2002-03-08T18:00:00,-0.32,0.45,0.39,0.18,-0.37,-0.36,-0.38,-0.38,-0.12,0,0,-8.00
2002-03-08T19:00:00,-0.78,0.15,0.39,0.37,-0.0,-0.38,-0.42,-0.46,-0.16,0,0,-7.00
2002-03-09T11:00:00,-0.89,0.63,0.01,0.71,-0.87,0.31,-0.18,-0.5,-0.17,0,0,5.00
2002-03-09T12:00:00,-0.89,0.54,-0.08,0.66,-0.66,0.38,-0.1,-0.4,-0.15,0,0,7.00
2002-03-09T13:00:00,-0.92,0.12,-0.31,0.69,-0.27,0.55,-0.05,-0.38,-0.14,0,0,5.00
2002-03-09T14:00:00,-0.81,-0.09,-0.46,0.62,-0.02,0.64,-0.14,-0.37,-0.14,0,0,1.00
2002-03-09T15:00:00,-0.76,-0.19,-0.57,0.6,0.13,0.32,-0.35,-0.19,-0.14,0,0,-9.00
2002-03-09T16:00:00,-0.78,0.07,-0.53,0.69,-0.16,0.86,-0.21,-0.47,-0.17,0,0,-18.00
2002-03-09T17:00:00,-0.19,0.42,0.21,0.67,-0.5,0.02,-0.1,-0.4,-0.02,0,0,-22.00
2002-03-09T18:00:00,-0.07,0.71,0.43,0.68,-0.76,-0.25,-0.05,-0.45,-0.14,0,0,-19.00
2002-03-09T19:00:00,-0.38,0.64,0.27,0.83,-0.64,-0.12,-0.1,-0.44,-0.13,0,0,-14.00
2002-03-09T20:00:00,-0.11,0.64,0.55,0.8,-0.6,-0.42,-0.17,-0.49,-0.16,0,0,-12.00
2002-03-09T21:00:00,-0.29,0.62,0.4,0.85,-0.54,-0.25,-0.09,-0.43,-0.13,0,0,-14.00
2002-03-09T22:00:00,-0.47,0.49,0.22,0.83,-0.52,-0.08,0.05,-0.39,-0.08,0,0,-12.00
2002-03-09T23:00:00,0.06,0.2,0.87,0.67,-0.26,-0.85,-0.08,-0.51,-0.16,0,0,-8.00
2002-03-10T00:00:00,-0.11,0.54,0.81,0.69,-0.58,-0.68,0.15,-0.47,-0.15,0,0,-4.00
2002-03-10T01:00:00,0.14,0.62,0.79,0.62,-0.65,-0.55,0.22,-0.49,-0.16,0,0,-1.00
2002-03-10T02:00:00,0.03,0.46,1.0,0.58,-0.62,-0.85,0.27,-0.48,-0.16,0,0,1.00
2002-03-10T03:00:00,-0.29,0.78,0.5,0.65,-0.89,-0.4,0.17,-0.46,-0.15,0,0,0.00
2002-03-10T04:00:00,-0.32,0.39,0.2,0.55,-0.01,-0.21,0.18,-0.31,0.08,0,0,-1.00
2002-03-10T05:00:00,0.29,-0.26,0.94,0.36,0.73,-0.58,0.21,-0.29,-0.12,0,0,-4.00
2002-03-10T06:00:00,0.14,0.28,0.57,0.4,0.27,-0.39,0.34,-0.13,0.13,0,0,-1.00
2002-03-10T07:00:00,0.12,0.46,0.71,0.41,0.22,-0.67,0.31,-0.17,-0.03,0,0,2.00
2002-03-10T08:00:00,-0.13,0.5,0.31,0.49,0.25,-0.38,0.32,-0.12,0.19,0,0,3.00
2002-03-10T09:00:00,-0.53,0.51,-0.23,0.57,0.0,0.24,0.29,-0.07,0.03,0,0,0.00
2002-03-10T10:00:00,-0.59,0.42,-0.36,0.62,0.02,0.24,0.24,-0.18,-0.04,0,0,-5.00
2002-03-10T11:00:00,-0.65,0.45,-0.44,0.6,0.0,0.02,0.27,-0.24,-0.08,0,0,-13.00
2002-03-10T12:00:00,-0.8,0.36,-0.34,0.71,-0.04,-0.02,0.1,-0.3,-0.11,0,0,-19.00
2002-03-10T13:00:00,-0.71,0.31,-0.3,0.72,-0.03,0.09,0.12,-0.26,-0.07,0,0,-20.00
2002-03-10T14:00:00,-0.2,0.32,0.01,0.59,-0.21,-0.27,0.02,-0.31,0.24,0,0,-16.00
2002-03-10T15:00:00,-0.64,0.4,-0.61,0.71,-0.4,0.39,-0.04,-0.39,-0.15,0,0,-14.00
2002-03-10T16:00:00,-0.88,0.49,0.16,0.87,-0.68,-0.13,0.14,-0.28,-0.11,0,0,-15.00
2002-03-10T17:00:00,-0.21,0.46,0.94,0.76,-0.66,-0.8,0.03,-0.44,-0.16,0,0,-18.00
2002-03-10T18:00:00,-0.43,0.54,0.44,0.83,-0.9,-0.42,0.14,-0.39,-0.11,0,0,-17.00
2002-03-10T19:00:00,-0.38,0.67,0.53,0.84,-1.1,-0.66,0.16,-0.42,-0.13,0,0,-15.00
2002-03-10T20:00:00,-0.32,0.39,0.88,0.81,-0.75,-1.11,0.3,-0.46,-0.15,0,0,-11.00
2002-03-10T21:00:00,-0.38,0.79,-0.11,0.81,-1.13,0.12,0.32,-0.45,-0.13,0,0,-11.00
2002-03-10T22:00:00,-0.11,0.83,-0.58,0.76,-1.24,0.66,0.32,-0.46,-0.15,0,0,-9.00
2002-03-10T23:00:00,-0.06,0.64,-0.66,0.75,-1.07,0.71,0.33,-0.45,-0.15,0,0,-15.00
2002-03-11T00:00:00,-0.38,0.26,-0.91,0.86,-0.76,1.26,0.26,-0.45,-0.16,0,0,-22.00
2002-03-11T01:00:00,-0.85,0.18,-0.59,1.0,-0.67,1.0,0.38,-0.44,-0.15,0,0,-25.00
2002-03-11T02:00:00,-0.69,0.55,0.85,0.97,-1.03,-0.99,0.35,-0.45,-0.16,0,0,-29.00
2002-03-11T03:00:00,-0.92,0.72,0.49,1.08,-1.33,-0.42,0.42,-0.43,-0.15,0,0,-21.00
2002-03-11T04:00:00,-1.11,0.12,-0.46,1.09,-0.96,0.43,0.58,-0.43,-0.15,0,0,-16.00
2002-03-11T05:00:00,-0.83,0.04,-0.72,1.06,-0.83,0.89,0.45,-0.43,-0.15,0,0,-28.00
2002-03-11T06:00:00,-0.88,-0.47,-0.43,1.08,-0.48,0.65,0.45,-0.39,-0.13,0,0,-28.00
2002-03-11T07:00:00,-0.78,-0.77,-0.66,1.07,-0.23,0.98,0.53,-0.39,-0.15,0,0,-21.00
2002-03-11T08:00:00,-0.78,-0.65,-0.59,1.08,-0.21,0.89,0.51,-0.39,-0.14,0,0,-16.00
2002-03-11T09:00:00,-0.72,0.05,-0.65,1.1,-0.76,1.23,0.56,-0.35,-0.11,0,0,-18.00
2002-03-11T10:00:00,-0.94,0.37,0.12,1.18,-1.04,0.03,0.65,-0.27,-0.06,1,0,-17.00
2002-03-11T11:00:00,-0.54,0.6,0.16,1.08,-0.98,0.18,0.68,-0.27,-0.0,1,0,-16.00
2002-03-11T12:00:00,-0.62,0.1,-0.6,1.1,-0.62,1.15,0.7,-0.28,-0.07,1,0,-10.00
2002-03-11T13:00:00,-1.09,0.04,-0.2,1.25,-0.61,0.67,0.76,-0.25,-0.07,1,0,-5.00
2002-03-11T14:00:00,-0.99,0.07,-0.37,1.19,-0.54,0.76,0.94,-0.21,-0.05,1,0,-8.00
2002-03-11T15:00:00,-1.01,-0.38,-0.19,1.17,-0.01,0.46,1.02,-0.2,-0.04,1,0,-5.00
2002-03-11T16:00:00,-0.24,0.43,0.83,0.94,-0.76,-0.93,1.03,-0.26,-0.04,1,0,-4.00
2002-03-11T17:00:00,-1.04,0.15,-0.03,1.18,-0.48,0.12,0.94,-0.23,-0.04,1,0,-6.00
2002-03-11T18:00:00,-1.25,-0.12,0.92,1.05,-0.38,-1.23,1.49,-0.2,-0.1,1,0,-4.00
2002-03-11T19:00:00,-1.5,1.28,0.75,1.09,-1.28,-0.85,1.06,-0.19,-0.15,1,0,-3.00
2002-03-11T20:00:00,-1.16,1.32,0.62,1.11,-1.49,-0.49,1.18,-0.2,-0.14,1,0,-2.00
2002-03-11T21:00:00,-1.04,1.29,0.74,1.09,-1.3,-0.68,1.09,-0.28,-0.15,1,0,-1.00
2002-03-11T22:00:00,-1.67,0.59,0.38,1.26,-1.17,-0.5,0.73,-0.28,-0.15,1,0,-2.00
2002-03-11T23:00:00,-0.75,0.2,0.83,0.82,-0.74,-0.49,0.75,-0.08,-0.04,1,0,2.00
2002-03-12T00:00:00,-0.59,1.65,0.16,0.64,-1.09,0.71,0.47,0.12,-0.12,1,0,4.00
2002-03-12T01:00:00,-0.77,1.51,1.13,0.49,0.17,0.18,0.0,0.28,-0.15,1,0,8.00
2002-03-12T02:00:00,-0.89,1.47,0.65,0.51,0.0,0.49,0.2,0.42,-0.11,1,0,4.00
2002-03-12T03:00:00,-0.78,1.13,0.79,0.42,0.34,0.28,0.2,0.29,-0.1,1,0,6.00
2002-03-12T04:00:00,-1.28,0.84,0.64,0.54,0.37,-0.07,0.13,-0.02,-0.14,1,0,5.00
2002-03-12T05:00:00,-1.35,0.72,0.08,0.57,0.38,1.1,0.26,0.02,-0.12,1,0,2.00
2002-03-12T06:00:00,-1.27,0.25,0.65,0.51,1.07,-0.32,0.33,0.09,-0.09,1,0,1.00
2002-03-12T07:00:00,-1.51,-0.18,0.11,0.6,1.55,0.99,1.15,0.02,-0.06,1,0,0.00
2002-03-12T08:00:00,-1.32,0.81,-0.34,0.52,0.3,1.3,0.29,-0.07,-0.13,1,0,-4.00
2002-03-12T09:00:00,-0.92,1.0,0.04,0.29,0.3,0.33,0.24,-0.04,-0.11,1,0,-8.00
2002-03-12T10:00:00,-0.12,1.03,0.77,-0.09,0.54,-1.07,0.18,0.28,-0.07,1,0,-11.00
2002-03-12T11:00:00,-0.73,1.21,0.12,0.08,0.06,-0.2,0.07,0.05,-0.11,1,0,-4.00
2002-03-12T12:00:00,-0.89,0.68,0.17,0.13,0.4,-0.45,0.12,0.18,-0.04,1,0,-1.00
2002-03-12T13:00:00,-0.64,0.05,0.35,0.19,1.07,-0.81,0.16,-0.01,0.11,1,0,-4.00
2002-03-12T14:00:00,-1.09,0.75,-0.04,0.31,0.38,-0.33,-0.1,-0.25,-0.15,0,0,-6.00
2002-03-12T15:00:00,-0.9,0.81,-0.15,0.21,0.08,-0.22,0.0,-0.13,-0.12,0,0,-6.00
2002-03-12T16:00:00,-0.91,0.5,-0.11,0.2,0.22,-0.03,0.16,-0.01,-0.05,0,0,-7.00
2002-03-12T17:00:00,-0.78,0.52,-0.11,0.14,0.15,-0.09,0.07,0.02,-0.03,0,0,-6.00
2002-03-12T18:00:00,-0.25,0.9,0.32,-0.01,0.36,-0.75,-0.01,0.04,-0.05,0,0,-9.00
2002-03-12T19:00:00,-0.79,0.02,0.23,0.15,0.98,-0.54,0.02,0.09,0.05,0,0,-7.00
2002-03-12T20:00:00,-0.73,0.32,0.2,0.22,0.93,-0.5,-0.0,0.05,0.03,0,0,-7.00
2002-03-12T21:00:00,0.06,-0.48,0.7,-0.01,1.35,-0.84,0.04,-0.03,-0.02,0,0,-8.00
2002-03-12T22:00:00,-0.62,0.27,0.44,0.2,0.7,-0.6,0.04,0.01,0.03,0,0,-11.00
2002-03-12T23:00:00,-0.7,0.39,0.17,0.21,0.57,-0.34,0.03,0.01,0.02,0,0,-7.00
2002-03-13T00:00:00,-0.81,0.31,0.1,0.23,0.6,-0.33,0.06,-0.06,-0.02,0,0,-3.00
2002-03-13T01:00:00,-0.68,0.34,-0.02,0.17,0.4,-0.17,-0.02,-0.03,0.02,0,0,-4.00
2002-03-13T02:00:00,-0.41,0.14,0.65,0.16,0.38,-0.81,-0.14,-0.19,-0.07,0,0,-4.00
2002-03-13T03:00:00,-0.24,0.53,0.62,0.11,0.06,-1.01,-0.18,-0.22,-0.1,0,0,2.00
2002-03-13T04:00:00,-0.67,0.39,0.3,0.22,0.06,-0.98,-0.11,-0.15,-0.06,0,0,3.00
2002-03-13T05:00:00,-0.82,0.43,-0.13,0.29,-0.29,-0.57,-0.12,-0.26,-0.11,0,0,0.00
2002-03-13T06:00:00,-0.88,0.34,-0.18,0.31,-0.11,-0.46,-0.13,-0.22,-0.11,0,0,-3.00
2002-03-13T07:00:00,-0.44,0.59,0.21,0.27,-0.08,-0.89,-0.14,-0.28,-0.08,0,0,-6.00
2002-03-13T08:00:00,-0.56,0.45,0.07,0.23,0.03,-0.8,-0.17,-0.25,-0.06,0,0,-5.00
2002-03-13T09:00:00,-0.21,0.93,0.19,0.12,-0.38,-0.9,-0.18,-0.29,-0.13,0,0,-8.00
2002-03-13T10:00:00,-0.09,0.8,0.37,0.09,-0.24,-1.22,-0.21,-0.32,-0.12,0,0,-6.00
2002-03-13T11:00:00,-0.13,0.8,0.13,0.12,-0.15,-0.9,-0.14,-0.29,-0.1,0,0,-1.00
2002-03-13T12:00:00,-0.38,0.59,0.08,0.24,0.07,-0.54,-0.17,-0.33,-0.09,0,0,1.00
2002-03-13T13:00:00,0.19,0.89,0.51,0.05,-0.29,-1.16,-0.28,-0.39,-0.16,0,0,2.00
2002-03-13T14:00:00,0.21,0.77,0.65,0.05,-0.12,-1.44,-0.27,-0.39,-0.16,0,0,-3.00
2002-03-13T15:00:00,0.52,0.79,0.42,-0.07,-0.13,-1.07,-0.28,-0.39,-0.16,0,0,-1.00
2002-03-13T16:00:00,-0.06,0.79,0.3,0.21,-0.23,-0.85,-0.3,-0.37,-0.14,0,0,1.00
2002-03-13T17:00:00,-0.35,0.86,0.07,0.36,-0.28,-0.16,-0.26,-0.33,-0.14,0,0,1.00
2002-03-13T18:00:00,-0.12,0.81,0.41,0.26,-0.25,-0.72,-0.34,-0.37,-0.15,0,0,1.00
2002-03-13T19:00:00,-0.67,0.45,0.35,0.51,0.03,-0.67,-0.26,-0.32,-0.13,0,0,2.00
2002-03-13T20:00:00,-0.65,0.47,0.4,0.5,0.03,-0.59,-0.26,-0.35,-0.13,0,0,1.00
2002-03-13T21:00:00,-0.46,0.81,0.39,0.39,-0.34,-0.56,-0.32,-0.39,-0.16,0,0,-2.00
2002-03-13T22:00:00,-0.27,0.8,0.62,0.38,-0.24,-0.75,-0.37,-0.42,-0.17,0,0,-4.00
2002-03-13T23:00:00,-0.53,0.74,0.41,0.46,-0.16,-0.47,-0.32,-0.38,-0.15,0,0,-2.00
2002-03-14T00:00:00,-0.56,0.57,0.44,0.48,0.02,-0.41,-0.19,-0.35,-0.13,0,0,-1.00
2002-03-14T01:00:00,-0.5,0.56,0.56,0.48,0.1,-0.64,-0.17,-0.41,-0.15,0,0,1.00
2002-03-14T02:00:00,-0.4,0.78,0.46,0.43,-0.1,-0.54,-0.23,-0.42,-0.16,0,0,1.00
2002-03-14T03:00:00,-0.58,0.67,0.42,0.52,-0.13,-0.42,-0.06,-0.39,-0.14,0,0,3.00
2002-03-14T04:00:00,-0.87,0.51,0.32,0.65,-0.02,-0.37,-0.14,-0.42,-0.16,0,0,4.00
2002-03-14T05:00:00,-0.54,0.52,0.58,0.56,-0.08,-0.95,-0.1,-0.47,-0.16,0,0,6.00
2002-03-14T06:00:00,-0.78,0.6,0.35,0.67,-0.21,-0.53,-0.1,-0.46,-0.16,0,0,6.00
2002-03-14T07:00:00,-0.76,0.72,0.11,0.66,-0.26,0.01,0.02,-0.37,-0.14,0,0,5.00
2002-03-14T08:00:00,-0.57,0.79,0.39,0.62,-0.36,-0.45,-0.14,-0.46,-0.16,0,0,3.00
2002-03-14T09:00:00,-0.43,0.77,0.49,0.57,-0.28,-0.68,-0.15,-0.45,-0.16,0,0,2.00
2002-03-14T10:00:00,-0.75,0.55,0.38,0.68,-0.16,-0.62,-0.09,-0.39,-0.14,0,0,1.00
2002-03-14T11:00:00,-0.57,0.67,0.56,0.64,-0.28,-0.81,-0.16,-0.45,-0.16,0,0,2.00
2002-03-14T12:00:00,-1.0,0.38,0.02,0.81,-0.08,-0.07,-0.29,-0.45,-0.17,0,0,1.00
2002-03-14T13:00:00,-1.05,0.33,0.04,0.85,-0.03,-0.02,-0.35,-0.49,-0.17,0,0,-1.00
2002-03-14T14:00:00,-1.03,0.24,0.25,0.91,0.62,-0.67,-0.23,-0.5,-0.17,0,0,-4.00
2002-03-14T15:00:00,-1.09,0.22,0.09,0.91,0.42,0.65,-0.02,-0.5,-0.17,0,0,-2.00
2002-03-14T16:00:00,-1.07,0.34,0.08,0.93,-0.23,-0.11,-0.35,-0.5,-0.18,0,0,-3.00
2002-03-14T17:00:00,-1.07,0.32,0.09,0.96,-0.2,-0.09,-0.34,-0.5,-0.18,0,0,0.00
2002-03-14T18:00:00,-1.06,0.31,0.02,0.99,-0.17,0.02,-0.32,-0.5,-0.17,0,0,1.00
2002-03-14T19:00:00,-1.07,0.32,-0.12,1.03,-0.18,0.31,-0.33,-0.49,-0.17,0,0,1.00
2002-03-14T20:00:00,-0.83,0.72,0.01,0.92,-0.7,-0.08,-0.34,-0.5,-0.18,0,0,0.00
2002-03-14T21:00:00,-0.96,0.46,-0.11,0.99,-0.21,0.23,-0.27,-0.5,-0.17,0,0,0.00
2002-03-14T22:00:00,-1.08,0.2,-0.04,1.09,0.14,0.14,-0.3,-0.52,-0.18,0,0,0.00
2002-03-14T23:00:00,-1.1,0.19,0.1,1.14,0.15,-0.09,-0.39,-0.52,-0.18,0,0,2.00
2002-03-15T00:00:00,-0.98,0.43,0.06,1.11,-0.3,0.03,-0.28,-0.5,-0.17,0,0,3.00
2002-03-15T01:00:00,-0.92,0.53,0.07,1.14,-0.49,-0.08,-0.32,-0.5,-0.17,0,0,4.00
2002-03-15T02:00:00,-0.93,0.46,0.08,1.14,-0.5,-0.03,-0.17,-0.47,-0.16,0,0,4.00
2002-03-15T03:00:00,-0.87,0.51,0.06,1.05,-0.37,-0.02,0.01,-0.44,-0.15,0,0,2.00
2002-03-15T04:00:00,-0.82,0.54,0.03,1.02,-0.32,-0.0,0.06,-0.44,-0.15,0,0,0.00
2002-03-15T05:00:00,-0.75,0.52,0.03,1.01,-0.29,-0.02,0.1,-0.45,-0.14,0,0,0.00
2002-03-15T06:00:00,-0.62,0.67,-0.01,1.06,-0.19,-0.02,0.17,-0.52,-0.16,0,0,6.00
2002-03-15T07:00:00,-0.0,0.23,-0.04,1.22,-0.57,-0.29,1.28,-0.48,0.74,0,0,11.00
2002-03-15T08:00:00,0.6,-0.71,0.32,1.28,-0.94,-0.27,1.01,-0.52,-0.14,0,0,14.00
2002-03-15T09:00:00,0.07,0.3,0.8,1.15,-0.5,-0.55,0.95,-0.54,-0.14,0,0,16.00
2002-03-15T10:00:00,0.04,0.51,0.96,1.16,-0.62,-0.67,0.38,-0.57,-0.18,0,0,15.00
2002-03-15T11:00:00,-0.28,0.71,0.82,1.29,-0.82,-0.54,0.31,-0.57,-0.18,0,0,13.00
2002-03-15T12:00:00,-0.03,0.76,0.74,1.28,-0.94,-0.54,0.36,-0.57,-0.17,0,0,12.00
2002-03-15T13:00:00,-0.48,0.47,0.62,1.42,-0.71,-0.39,0.42,-0.55,-0.16,0,0,11.00
2002-03-15T14:00:00,-0.68,0.36,0.6,1.5,-0.6,-0.39,0.38,-0.55,-0.17,0,0,11.00
2002-03-15T15:00:00,-0.82,0.43,0.26,1.56,-0.75,-0.07,0.46,-0.55,-0.16,0,0,10.00
2002-03-15T16:00:00,-0.64,0.52,0.3,1.56,-0.76,-0.35,0.34,-0.56,-0.16,0,0,11.00
2002-03-15T17:00:00,-0.71,0.24,0.4,1.6,-0.57,-0.33,0.36,-0.54,-0.15,0,0,11.00
2002-03-15T18:00:00,-0.76,0.18,0.24,1.63,-0.46,-0.09,0.49,-0.52,-0.13,0,0,13.00
2002-03-15T19:00:00,-0.69,0.18,0.26,1.53,-0.35,-0.17,1.07,-0.44,-0.03,0,0,13.00
2002-03-15T20:00:00,-0.79,-0.35,0.91,1.4,-0.35,-0.54,2.27,-0.4,-0.09,0,0,17.00
2002-03-15T21:00:00,-0.74,0.31,0.4,1.34,-0.71,-0.18,2.58,-0.37,0.06,0,0,21.00
2002-03-15T22:00:00,-0.85,0.42,0.34,1.32,-0.68,-0.08,3.11,-0.34,0.07,0,0,20.00
2002-03-15T23:00:00,-0.64,0.38,0.86,1.33,-0.67,-0.6,2.92,-0.35,-0.02,0,0,18.00
2002-03-16T00:00:00,-0.41,-0.05,1.02,1.34,-0.44,-0.76,2.78,-0.39,-0.05,0,0,18.00
2002-03-16T01:00:00,-0.32,-0.02,1.02,1.35,-0.38,-0.85,2.5,-0.39,-0.06,0,0,20.00
2002-03-16T02:00:00,0.17,0.26,1.09,1.29,-0.59,-0.82,2.26,-0.44,-0.1,0,0,20.00
2002-03-16T03:00:00,0.33,0.48,0.94,1.25,-0.66,-0.75,2.45,-0.45,-0.09,0,0,21.00
2002-03-16T04:00:00,-0.23,0.59,0.8,1.36,-0.71,-0.79,2.51,-0.4,-0.04,0,0,21.00
2002-03-16T05:00:00,0.24,0.53,0.85,1.31,-0.58,-0.65,2.73,-0.49,-0.09,0,0,19.00
2002-03-16T06:00:00,0.15,0.44,0.86,1.34,-0.51,-0.65,2.9,-0.5,-0.09,0,0,22.00
2002-03-16T07:00:00,-0.35,0.5,0.87,1.42,-0.49,-0.53,2.33,-0.52,-0.12,0,0,18.00
2002-03-16T08:00:00,-0.66,0.65,0.84,1.48,-0.41,-0.45,1.81,-0.53,-0.15,0,0,18.00
2002-03-16T09:00:00,-0.44,0.62,0.93,1.46,-0.39,-0.53,1.74,-0.53,-0.15,0,0,17.00
2002-03-16T10:00:00,-0.29,0.6,0.86,1.48,-0.44,-0.59,1.67,-0.5,-0.14,0,0,15.00
2002-03-16T11:00:00,-0.3,0.33,0.42,1.48,-0.21,-0.22,1.65,-0.42,0.13,0,0,16.00
2002-03-16T12:00:00,-0.64,0.33,-0.17,1.54,-0.23,0.1,1.46,-0.35,0.06,0,0,14.00
2002-03-16T13:00:00,-0.65,0.28,0.08,1.58,-0.42,0.05,1.45,-0.27,0.18,0,0,10.00
2002-03-16T14:00:00,-0.72,0.15,-0.19,1.61,-0.3,0.12,1.38,-0.35,0.04,0,0,9.00
2002-03-16T15:00:00,-0.74,0.45,-0.33,1.59,-0.2,0.01,1.22,-0.45,-0.1,0,0,6.00
2002-03-16T16:00:00,-0.69,0.5,-0.19,1.61,-0.23,-0.03,1.17,-0.43,-0.08,0,0,3.00
2002-03-16T17:00:00,-0.51,0.62,0.17,1.65,-0.28,-0.24,1.06,-0.44,-0.07,0,0,4.00
2002-03-16T18:00:00,-0.66,0.35,0.53,1.7,-0.15,-0.62,0.98,-0.4,-0.07,0,0,4.00
2002-03-16T19:00:00,-0.79,0.45,0.23,1.72,-0.16,-0.45,0.88,-0.4,-0.08,0,0,7.00
2002-03-16T20:00:00,-0.74,0.58,0.0,1.76,-0.25,-0.22,0.82,-0.42,-0.1,0,0,8.00
2002-03-16T21:00:00,-0.53,0.23,0.69,1.73,0.02,-0.78,0.72,-0.45,-0.11,0,0,6.00
2002-03-16T22:00:00,-0.19,0.3,0.75,1.7,-0.07,-0.81,0.71,-0.47,-0.11,0,0,8.00
2002-03-16T23:00:00,-0.19,0.62,0.49,1.72,-0.32,-0.57,0.56,-0.47,-0.11,0,0,11.00
2002-03-17T00:00:00,-0.17,0.61,0.48,1.74,-0.4,-0.59,0.48,-0.48,-0.11,0,0,10.00
2002-03-17T01:00:00,-0.4,0.47,0.45,1.8,-0.3,-0.67,0.4,-0.47,-0.11,0,0,9.00
2002-03-17T02:00:00,-0.49,0.5,0.33,1.82,-0.37,-0.65,0.38,-0.45,-0.1,0,0,5.00
2002-03-17T03:00:00,-0.4,0.56,0.34,1.8,-0.47,-0.46,0.33,-0.48,-0.11,0,0,5.00
2002-03-17T04:00:00,-0.4,0.54,0.34,1.81,-0.47,-0.42,0.38,-0.46,-0.1,0,0,5.00
2002-03-17T05:00:00,-0.33,0.62,0.26,1.81,-0.55,-0.23,0.34,-0.47,-0.1,0,0,6.00
2002-03-17T06:00:00,-0.32,0.62,0.22,1.83,-0.47,-0.27,0.39,-0.47,-0.1,0,0,8.00
2002-03-17T07:00:00,-0.4,0.42,0.24,1.84,-0.31,-0.18,0.45,-0.45,-0.04,0,0,8.00
2002-03-17T08:00:00,-0.42,0.37,0.24,1.85,-0.2,-0.25,0.62,-0.49,-0.05,0,0,8.00
2002-03-17T09:00:00,-0.32,0.55,0.16,1.83,-0.23,-0.18,0.76,-0.53,-0.1,0,0,9.00
2002-03-17T10:00:00,-0.62,0.19,0.28,1.77,-0.12,-0.11,1.01,-0.48,-0.05,0,0,9.00
2002-03-17T11:00:00,-0.73,0.34,0.25,1.78,-0.23,-0.15,1.07,-0.51,-0.11,0,0,10.00
2002-03-17T12:00:00,-0.72,0.35,0.27,1.79,-0.29,-0.16,1.18,-0.51,-0.11,0,0,12.00
2002-03-17T13:00:00,-0.43,0.68,0.11,1.78,-0.35,-0.05,1.08,-0.53,-0.12,0,0,13.00
2002-03-17T14:00:00,-0.12,0.88,-0.08,1.74,-0.46,-0.1,1.05,-0.54,-0.14,0,0,13.00
2002-03-17T15:00:00,0.13,0.9,-0.02,1.73,-0.32,-0.2,1.04,-0.55,-0.15,0,0,12.00
2002-03-17T16:00:00,0.21,0.84,-0.14,1.68,-0.29,-0.2,1.35,-0.56,-0.14,0,0,13.00
2002-03-17T17:00:00,0.22,0.89,-0.12,1.7,-0.27,-0.15,1.67,-0.56,-0.14,0,0,13.00
2002-03-17T18:00:00,0.28,0.89,0.28,1.71,-0.31,-0.22,1.51,-0.56,-0.15,0,0,10.00
2002-03-17T19:00:00,0.11,0.84,0.47,1.72,-0.41,-0.28,1.08,-0.54,-0.15,0,0,8.00
2002-03-17T20:00:00,0.11,0.47,0.83,1.73,-0.34,-0.42,1.07,-0.54,-0.15,0,0,5.00
2002-03-17T21:00:00,-0.44,0.11,0.57,1.79,-0.21,-0.16,1.35,-0.45,-0.02,0,0,5.00
2002-03-17T22:00:00,-0.67,0.18,-0.22,1.76,-0.09,0.11,1.33,-0.41,-0.0,0,0,8.00
2002-03-17T23:00:00,-0.38,0.46,-0.24,1.72,-0.2,0.01,1.2,-0.45,-0.02,0,0,8.00
2002-03-18T00:00:00,-0.21,0.59,-0.19,1.72,-0.1,0.16,1.13,-0.48,-0.05,0,0,6.00
2002-03-18T01:00:00,-0.26,0.16,-0.58,1.74,-0.06,0.15,1.21,-0.48,-0.08,0,0,2.00
2002-03-18T02:00:00,-0.17,0.37,-0.31,1.72,-0.02,0.22,1.22,-0.48,0.01,0,0,1.00
2002-03-18T03:00:00,-0.44,0.05,0.22,1.69,0.01,-0.15,1.33,-0.44,0.25,0,0,-1.00
2002-03-18T04:00:00,-0.3,-0.21,0.08,1.67,0.15,-0.11,1.33,-0.46,0.48,0,0,2.00
2002-03-18T05:00:00,-0.4,-0.48,-0.12,1.68,0.22,-0.2,1.35,-0.46,0.02,0,0,7.00
2002-03-18T06:00:00,-0.46,-0.24,0.0,1.7,0.2,-0.27,1.39,-0.43,0.21,0,0,8.00
2002-03-18T07:00:00,-0.19,-0.38,-0.37,1.67,0.31,0.04,1.31,-0.46,0.01,0,0,8.00
2002-03-18T08:00:00,-0.23,-0.54,0.04,1.65,0.26,-0.16,1.43,-0.47,0.07,0,0,8.00
2002-03-18T09:00:00,-0.15,-0.52,0.21,1.62,0.19,-0.14,1.47,-0.46,0.11,0,0,9.00
2002-03-18T10:00:00,-0.25,-0.49,0.22,1.63,0.1,-0.1,1.64,-0.43,0.18,0,0,6.00
2002-03-18T11:00:00,-0.67,-0.0,0.3,1.67,-0.12,-0.14,1.68,-0.37,0.1,0,0,10.00
2002-03-18T12:00:00,-0.79,-0.12,-0.12,1.65,-0.03,-0.01,2.01,-0.35,0.08,0,0,14.00
2002-03-18T13:00:00,-0.51,0.76,0.89,0.36,-0.24,-0.68,5.9,0.74,0.92,0,0,15.00
2002-03-18T14:00:00,-0.65,0.27,1.94,0.02,0.07,-0.75,6.95,1.64,0.52,0,0,42.00
2002-03-18T15:00:00,-1.06,0.37,1.71,0.19,0.37,-1.78,7.81,0.76,0.33,0,0,53.00
2002-03-18T16:00:00,-0.85,-0.15,2.16,0.17,0.07,-1.98,8.07,0.55,0.14,0,0,59.00
2002-03-18T17:00:00,-0.42,-1.0,1.82,0.21,0.57,-2.04,7.31,0.68,0.23,0,0,59.00
2002-03-18T18:00:00,-0.14,-0.5,1.89,0.26,0.64,-2.1,6.67,0.38,0.14,0,0,59.00
2002-03-18T19:00:00,0.42,0.17,1.21,0.43,0.81,-1.84,6.58,-0.0,0.31,0,0,46.00
2002-03-18T20:00:00,-0.3,-0.24,1.03,0.52,1.18,-1.87,7.6,-0.08,0.52,0,0,37.00
2002-03-18T21:00:00,0.17,0.0,1.4,0.45,1.29,-1.52,7.25,-0.12,0.17,0,0,32.00
2002-03-18T22:00:00,0.17,-0.52,2.11,0.36,0.59,-1.48,6.7,-0.1,-0.05,0,0,36.00
2002-03-18T23:00:00,0.52,-0.3,0.85,0.43,0.52,-1.34,7.64,0.0,0.79,0,0,34.00
2002-03-19T00:00:00,1.2,-1.99,-1.6,0.61,-0.16,-0.98,5.72,0.0,-0.09,0,0,37.00
2002-03-19T01:00:00,0.14,-1.41,-1.31,0.67,-0.13,-0.73,5.71,-0.02,-0.0,0,0,24.00
2002-03-19T02:00:00,-0.49,-1.23,-0.87,0.64,0.19,-0.9,4.14,0.11,0.08,0,0,-1.00
2002-03-19T03:00:00,1.92,0.93,-1.31,0.4,0.95,0.57,2.05,0.5,-0.09,0,0,-12.00
2002-03-19T04:00:00,1.96,1.33,-1.27,0.57,0.21,0.75,2.38,0.32,-0.11,0,0,-16.00
2002-03-19T05:00:00,0.04,-0.47,0.15,0.44,0.07,1.04,3.17,0.52,4.41,0,0,-25.00
2002-03-19T06:00:00,0.65,-2.65,0.39,0.63,-0.08,0.51,-0.05,0.02,-0.17,0,0,-35.00
2002-03-19T07:00:00,0.54,-3.35,1.0,0.48,-0.2,0.88,-0.53,0.37,-0.18,0,1,-37.00
2002-03-19T08:00:00,1.06,-3.11,1.16,0.49,0.11,1.36,-0.48,0.42,-0.18,0,1,-29.00
2002-03-19T09:00:00,0.75,-2.67,1.31,0.55,0.29,1.24,-0.13,0.72,-0.17,0,1,-30.00
2002-03-19T10:00:00,0.26,-1.61,2.28,0.79,-0.43,1.33,0.37,0.12,-0.17,0,1,-25.00
2002-03-19T11:00:00,0.21,-0.55,2.37,0.94,-0.44,1.34,0.56,0.35,-0.15,0,1,-21.00
2002-03-19T12:00:00,-0.61,-1.37,2.14,0.89,-0.47,1.85,0.85,-0.21,-0.17,0,1,-14.00
2002-03-19T13:00:00,-0.45,-0.85,2.07,1.03,-0.07,1.84,0.76,-0.19,-0.17,0,1,-11.00
2002-03-19T14:00:00,-0.05,-0.94,1.95,1.05,-0.09,1.45,0.3,-0.11,-0.17,0,1,-11.00
2002-03-19T15:00:00,-0.3,-1.01,1.71,1.13,-0.19,1.62,0.22,-0.07,-0.16,0,1,-12.00
2002-03-19T16:00:00,-0.36,-0.83,1.75,1.23,0.14,1.73,0.18,-0.11,-0.16,0,1,-11.00
2002-03-19T17:00:00,-0.27,-0.84,1.86,1.22,0.64,1.27,0.34,-0.02,-0.16,0,1,-13.00
2002-03-19T18:00:00,-0.06,-1.01,2.02,1.04,0.53,1.16,0.13,-0.11,-0.17,0,1,-15.00
2002-03-19T19:00:00,0.57,-1.15,1.64,1.13,0.46,0.89,-0.04,-0.05,-0.17,0,1,-15.00
2002-03-19T20:00:00,1.19,-1.01,1.61,1.24,0.41,1.04,0.01,-0.29,-0.18,0,1,-21.00
2002-03-19T21:00:00,0.3,-0.48,1.34,1.04,1.4,1.32,0.31,0.07,-0.11,0,1,-13.00
2002-03-19T22:00:00,0.65,-0.29,1.59,1.13,0.83,1.09,-0.01,0.21,-0.14,0,1,-13.00
2002-03-19T23:00:00,0.92,-0.22,1.51,1.15,0.26,0.21,-0.19,0.35,-0.15,0,1,-12.00
2002-03-20T00:00:00,1.08,0.26,1.95,1.12,-0.05,-0.18,-0.62,-0.15,-0.19,0,1,-13.00
2002-03-20T01:00:00,1.11,0.4,2.04,1.17,0.11,-0.3,-0.64,-0.27,-0.19,0,1,-17.00
2002-03-20T02:00:00,1.14,0.71,2.05,1.11,0.06,-1.11,-0.8,-0.42,-0.19,0,1,-16.00
2002-03-20T03:00:00,1.38,1.21,1.75,0.92,-0.05,-1.05,-0.86,-0.36,-0.19,0,1,-15.00
2002-03-20T04:00:00,1.28,1.39,1.68,1.09,-0.31,-1.12,-0.86,-0.29,-0.19,0,1,-16.00
2002-03-20T05:00:00,1.29,1.56,1.52,1.17,-0.44,-1.12,-0.85,-0.33,-0.19,0,1,-16.00
2002-03-20T06:00:00,1.31,1.7,1.37,1.11,-0.45,-1.57,-0.86,-0.5,-0.19,0,1,-15.00
2002-03-20T07:00:00,1.26,1.83,1.2,1.12,-0.76,-1.32,-0.86,-0.5,-0.19,0,1,-14.00
2002-03-20T08:00:00,1.24,1.93,1.04,1.15,-0.66,-1.52,-0.86,-0.44,-0.19,0,1,-15.00
2002-03-20T09:00:00,1.17,2.02,0.92,1.2,-0.67,-1.27,-0.9,-0.19,-0.19,0,1,-16.00
2002-03-20T10:00:00,1.21,2.27,0.33,1.45,-1.32,-0.12,-0.95,-0.09,-0.19,0,1,-17.00
2002-03-20T11:00:00,1.07,2.12,0.12,1.29,-2.49,0.13,-0.95,0.06,-0.19,0,1,-18.00
2002-03-20T12:00:00,1.33,1.89,0.27,0.76,-0.25,-1.27,-0.95,-0.11,-0.19,0,1,-18.00
2002-03-20T13:00:00,1.27,2.88,0.53,-0.25,0.55,2.47,-0.92,1.43,-0.19,0,1,-18.00
2002-03-20T14:00:00,0.75,3.23,0.02,-0.92,0.74,3.12,-0.58,0.63,-0.18,0,1,-13.00
2002-03-20T15:00:00,0.13,2.3,-0.34,-0.97,1.97,0.78,0.96,-0.1,-0.15,0,0,-8.00
2002-03-20T16:00:00,0.54,1.96,1.51,-0.59,1.53,0.21,1.64,0.72,-0.09,0,0,10.00
2002-03-20T17:00:00,1.58,0.5,2.02,-0.25,0.51,1.19,2.25,0.81,-0.07,0,0,7.00
2002-03-20T18:00:00,1.3,0.08,1.99,-0.36,0.61,0.76,1.93,0.54,-0.08,0,0,11.00
2002-03-20T19:00:00,0.76,0.93,1.89,-0.46,0.79,0.74,1.57,-0.09,-0.14,0,0,11.00
2002-03-20T20:00:00,0.47,0.48,1.64,-0.51,0.76,0.69,1.16,-0.16,-0.14,0,0,9.00
2002-03-20T21:00:00,1.16,-0.03,1.25,-0.27,0.78,0.67,1.12,0.12,-0.09,0,0,5.00
2002-03-20T22:00:00,0.93,0.31,0.85,-0.23,1.2,0.5,1.23,0.27,0.05,0,0,3.00
2002-03-20T23:00:00,0.95,0.7,0.07,-0.21,1.19,-0.48,1.15,0.42,0.16,0,0,4.00
2002-03-21T00:00:00,0.78,0.35,0.93,-0.14,1.03,0.25,0.86,0.02,-0.04,0,0,4.00
2002-03-21T01:00:00,0.83,0.27,0.71,0.03,0.77,0.32,0.68,0.01,-0.02,0,0,-3.00
2002-03-21T02:00:00,0.55,0.37,0.55,0.01,0.71,-0.48,0.73,0.05,0.14,0,0,-3.00
2002-03-21T03:00:00,0.52,0.08,0.8,0.04,0.61,-0.32,0.6,-0.04,0.01,0,0,0.00
2002-03-21T04:00:00,0.84,-0.1,0.41,0.15,0.55,-0.56,0.52,0.12,0.1,0,0,-1.00
2002-03-21T05:00:00,0.69,-0.01,0.34,0.15,0.66,-0.54,0.62,0.14,0.29,0,0,-5.00
2002-03-21T06:00:00,0.75,0.09,0.05,0.18,0.59,-0.93,0.66,0.12,0.3,0,0,-3.00
2002-03-21T07:00:00,0.53,-0.43,0.06,0.16,0.15,-0.92,0.69,-0.0,0.33,0,0,-3.00
2002-03-21T08:00:00,0.1,-0.61,-0.35,0.11,-0.06,-1.19,0.58,-0.1,0.1,0,0,-5.00
2002-03-21T09:00:00,-0.03,0.04,0.79,0.1,0.37,-0.21,0.46,-0.2,-0.01,0,0,-6.00
2002-03-21T10:00:00,0.02,0.06,0.84,0.15,0.34,0.01,0.44,-0.26,-0.05,0,0,-13.00
2002-03-21T11:00:00,-0.07,0.48,0.69,0.17,0.64,0.01,0.37,-0.27,-0.06,0,0,-8.00
2002-03-21T12:00:00,0.09,0.54,0.71,0.21,0.5,0.52,0.14,-0.28,-0.09,0,0,-4.00
2002-03-21T13:00:00,0.2,0.85,0.63,0.23,0.61,0.72,0.0,-0.32,-0.14,0,0,-5.00
2002-03-21T14:00:00,-0.29,0.59,0.9,0.2,0.52,0.91,-0.01,-0.36,-0.15,0,0,-9.00
2002-03-21T15:00:00,0.28,-0.59,0.84,0.39,-0.74,0.71,0.13,-0.37,-0.14,0,0,-10.00
2002-03-21T16:00:00,-0.0,-0.32,0.88,0.3,-0.31,0.85,0.13,-0.41,-0.14,0,0,-9.00
2002-03-21T17:00:00,-0.14,-1.08,0.63,0.29,-0.53,-0.13,-0.46,-0.47,-0.18,0,0,-6.00
2002-03-21T18:00:00,-0.05,-1.27,0.37,0.34,-0.23,-0.73,-0.31,-0.5,-0.18,0,1,-10.00
2002-03-21T19:00:00,0.24,-1.16,0.36,0.38,-0.26,-0.88,0.12,-0.51,-0.17,0,1,-12.00
2002-03-21T20:00:00,0.39,-0.86,0.14,0.45,0.09,-0.78,0.69,-0.45,-0.11,0,1,-9.00
2002-03-21T21:00:00,-0.14,-1.2,0.32,0.45,-0.28,-0.63,0.1,-0.52,-0.17,0,1,-5.00
2002-03-21T22:00:00,-0.04,-1.12,0.25,0.43,-0.48,-0.55,0.37,-0.52,-0.16,0,1,-2.00
2002-03-21T23:00:00,0.19,-1.24,0.04,0.32,-0.51,-0.44,0.66,-0.51,-0.16,0,1,4.00
2002-03-22T00:00:00,0.5,-1.18,0.26,0.43,-0.48,-0.34,0.21,-0.51,-0.17,0,1,7.00
2002-03-22T01:00:00,0.21,-1.1,0.16,0.37,-0.39,-0.37,0.08,-0.49,-0.16,0,1,3.00
2002-03-22T02:00:00,0.34,-0.94,-0.33,0.44,-0.14,-1.11,0.2,-0.49,-0.16,0,1,4.00
2002-03-22T03:00:00,0.45,-1.32,0.29,0.43,-0.42,-0.21,0.29,-0.49,-0.17,0,1,4.00
2002-03-22T04:00:00,0.24,-2.0,0.42,0.09,-0.49,0.0,0.47,-0.46,-0.18,0,1,-4.00
2002-03-22T05:00:00,0.37,-1.89,-0.11,0.17,-0.71,-0.2,0.3,-0.44,-0.18,0,1,1.00
