2002-05-05T15:00:00,-0.34,0.86,-0.03,1.3,-0.67,-0.69,1.19,-0.51,-0.13,0,0,10.00
2002-05-05T16:00:00,-0.65,0.77,0.15,1.34,-0.55,-0.68,1.04,-0.53,-0.15,0,0,10.00
2002-05-05T17:00:00,-0.64,0.74,0.36,1.33,-0.43,-0.62,1.18,-0.56,-0.16,0,0,11.00
2002-05-05T18:00:00,-0.79,0.72,0.13,1.35,-0.45,-0.62,1.24,-0.56,-0.16,1,0,11.00
2002-05-05T19:00:00,-0.75,0.52,0.01,1.37,-0.35,-0.48,1.81,-0.55,-0.13,1,0,11.00
2002-05-05T20:00:00,-0.55,0.4,0.32,1.37,-0.19,-0.4,2.07,-0.52,-0.06,1,0,10.00
2002-05-05T21:00:00,-0.7,0.23,0.28,1.36,-0.12,-0.26,2.19,-0.53,-0.07,1,0,13.00
2002-05-05T22:00:00,-0.73,0.41,0.21,1.38,-0.01,-0.39,2.41,-0.54,-0.1,1,0,15.00
2002-05-05T23:00:00,-0.88,0.39,0.11,1.4,0.02,-0.38,2.44,-0.56,-0.13,1,0,16.00
2002-05-06T00:00:00,-0.79,0.37,0.21,1.45,-0.09,-0.51,2.39,-0.56,-0.12,1,0,18.00
2002-05-06T01:00:00,-0.74,0.23,0.17,1.5,0.0,-0.47,2.4,-0.56,-0.09,1,0,19.00
2002-05-06T02:00:00,-0.8,0.16,0.17,1.51,0.09,-0.42,2.61,-0.57,-0.11,1,0,21.00
2002-05-06T03:00:00,-0.79,0.31,0.23,1.51,-0.09,-0.55,2.88,-0.58,-0.12,1,0,22.00
2002-05-06T04:00:00,-0.8,0.4,0.09,1.52,-0.21,-0.54,2.92,-0.57,-0.12,1,0,22.00
2002-05-06T05:00:00,-0.73,0.44,-0.05,1.49,-0.22,-0.62,2.81,-0.54,-0.09,1,0,22.00
2002-05-06T06:00:00,-0.72,0.58,-0.16,1.44,-0.17,-0.98,2.49,-0.5,-0.08,1,0,19.00
2002-05-06T07:00:00,0.23,-0.15,-0.09,1.5,-0.35,-0.92,3.23,-0.49,1.16,1,0,21.00
2002-05-06T08:00:00,0.18,-0.22,0.04,1.48,-0.34,-0.96,2.73,-0.49,1.49,1,0,22.00
2002-05-06T09:00:00,0.12,0.16,-0.31,1.49,-0.39,-1.27,2.58,-0.45,0.37,1,0,19.00
2002-05-06T10:00:00,0.84,-0.68,-0.24,1.5,-0.46,-1.46,2.51,-0.46,-0.09,1,0,17.00
2002-05-06T11:00:00,1.07,-0.64,-0.65,1.49,-0.45,-1.67,1.58,-0.5,-0.15,1,0,18.00
2002-05-06T12:00:00,1.33,-0.85,-0.56,1.23,0.08,-0.65,0.44,-0.39,-0.16,1,0,15.00
2002-05-06T13:00:00,1.28,-0.44,-0.84,1.18,0.4,-0.9,0.51,-0.31,-0.15,1,0,12.00
2002-05-06T14:00:00,1.14,-0.21,-1.0,1.06,0.31,-0.5,0.35,-0.3,-0.16,1,0,7.00
2002-05-06T15:00:00,0.95,0.28,-1.03,0.91,0.79,-0.48,0.22,-0.22,-0.15,1,0,1.00
2002-05-06T16:00:00,1.18,-0.47,-0.53,0.91,0.74,-0.49,0.39,-0.04,-0.11,1,0,-4.00
2002-05-06T17:00:00,0.92,-0.15,-0.69,0.89,1.23,-0.83,0.31,-0.11,-0.1,1,0,-7.00
2002-05-06T18:00:00,0.82,-0.3,-0.24,0.88,1.51,-1.07,0.52,0.01,0.06,1,0,-17.00
2002-05-06T19:00:00,0.23,-1.14,0.51,0.64,0.32,0.5,0.26,-0.33,-0.14,1,0,-27.00
2002-05-06T20:00:00,0.61,-1.2,-0.07,0.81,-0.1,-0.03,0.18,-0.36,-0.15,1,0,-31.00
2002-05-06T21:00:00,0.6,-1.18,-0.11,0.82,-0.08,-0.25,0.16,-0.34,-0.15,1,0,-27.00
2002-05-06T22:00:00,0.48,-1.06,-0.26,0.78,0.17,-0.29,0.26,-0.31,-0.13,1,0,-31.00
2002-05-06T23:00:00,0.78,-1.02,0.08,0.87,0.08,0.04,0.33,-0.28,-0.13,1,0,-29.00
2002-05-07T00:00:00,0.64,-1.05,0.35,0.9,-0.05,0.12,0.58,-0.32,-0.12,1,0,-18.00
2002-05-07T01:00:00,0.96,-1.0,0.38,0.99,-0.03,0.23,0.73,-0.31,-0.13,1,0,-15.00
2002-05-07T02:00:00,1.17,-0.78,0.07,1.02,0.19,0.07,0.92,-0.3,-0.12,1,0,-10.00
2002-05-07T03:00:00,0.76,-0.93,-0.01,0.97,0.05,-0.3,0.88,-0.27,-0.09,1,0,-5.00
2002-05-07T04:00:00,0.68,-1.17,0.41,0.99,-0.15,0.14,0.68,-0.32,-0.13,1,0,-1.00
2002-05-07T05:00:00,0.81,-1.02,-0.04,1.04,-0.12,-0.14,0.77,-0.26,-0.1,1,0,-1.00
2002-05-07T06:00:00,1.0,-0.81,0.02,1.06,0.14,-0.0,0.99,-0.2,-0.07,1,0,-2.00
2002-05-07T07:00:00,0.67,-0.89,0.56,1.1,-0.09,0.29,0.82,-0.3,-0.11,1,0,-3.00
2002-05-07T08:00:00,0.94,-1.02,0.43,1.09,-0.31,0.37,0.64,-0.27,-0.13,1,0,1.00
2002-05-07T09:00:00,1.01,-0.98,-0.06,1.08,-0.16,-0.16,0.77,-0.26,-0.12,1,0,0.00
2002-05-07T10:00:00,0.41,-1.45,0.45,0.98,-0.29,-0.08,0.85,-0.26,-0.13,1,0,-1.00
2002-05-07T11:00:00,1.18,-0.7,-0.75,0.95,0.29,-0.62,1.14,-0.23,-0.12,1,0,3.00
2002-05-07T12:00:00,1.23,0.39,-0.43,0.93,0.67,-0.34,1.03,-0.2,-0.1,1,0,4.00
2002-05-07T13:00:00,1.34,-0.48,0.05,1.01,0.07,0.2,0.92,-0.2,-0.1,1,0,3.00
2002-05-07T14:00:00,1.23,0.07,-0.05,0.97,0.33,0.21,0.9,-0.18,-0.07,1,0,-1.00
2002-05-07T15:00:00,1.08,0.53,0.12,0.87,0.78,0.54,1.13,-0.07,-0.01,1,0,-5.00
2002-05-07T16:00:00,0.97,0.37,0.15,0.87,0.44,0.35,1.14,-0.05,0.06,1,0,-7.00
2002-05-07T17:00:00,0.61,-0.43,-0.47,0.83,-0.29,-0.1,1.07,-0.16,0.03,1,0,-13.00
2002-05-07T18:00:00,0.52,-0.32,-0.68,0.8,-0.31,-0.19,1.0,-0.22,-0.04,1,0,-15.00
2002-05-07T19:00:00,0.03,-1.03,0.42,0.79,-0.66,0.47,1.13,-0.26,-0.05,1,0,-13.00
2002-05-07T20:00:00,-0.07,-1.44,0.42,0.75,-0.74,0.6,0.96,-0.44,-0.15,1,0,-10.00
2002-05-07T21:00:00,0.16,-1.12,0.19,0.78,-0.64,0.39,1.12,-0.37,-0.1,1,0,-5.00
2002-05-07T22:00:00,0.87,-1.35,-0.52,0.84,-0.58,-0.03,0.46,-0.5,-0.18,1,0,-4.00
2002-05-07T23:00:00,1.01,-1.16,-0.59,0.82,-0.45,-0.07,0.34,-0.49,-0.18,1,0,-6.00
2002-05-08T00:00:00,1.05,-0.59,-0.88,0.97,-0.49,-0.58,0.01,-0.5,-0.18,1,0,-9.00
2002-05-08T01:00:00,1.12,-0.56,-0.75,1.05,-0.45,-0.59,-0.08,-0.52,-0.18,1,0,-10.00
2002-05-08T02:00:00,1.14,-0.48,-0.53,1.11,-0.34,-0.29,-0.15,-0.52,-0.18,1,0,-10.00
2002-05-08T03:00:00,1.26,-0.73,-0.11,1.13,-0.53,0.37,-0.19,-0.53,-0.18,0,0,-13.00
2002-05-08T04:00:00,1.06,-0.92,-0.29,0.98,-0.55,-0.04,-0.12,-0.51,-0.18,0,0,-16.00
2002-05-08T05:00:00,0.94,-1.03,0.02,0.87,-0.53,0.28,0.1,-0.42,-0.16,0,0,-20.00
2002-05-08T06:00:00,0.29,-0.26,0.06,0.75,-0.23,-0.02,0.67,-0.31,0.66,0,0,-19.00
2002-05-08T07:00:00,1.18,-0.93,-0.25,0.75,-0.07,-0.2,-0.25,-0.51,-0.18,0,0,-16.00
2002-05-08T08:00:00,1.2,-0.74,-0.51,0.78,-0.07,-0.51,-0.2,-0.53,-0.18,0,0,-15.00
2002-05-08T09:00:00,1.3,-0.53,-0.51,0.84,-0.07,-0.62,-0.14,-0.53,-0.18,0,0,-16.00
2002-05-08T10:00:00,1.52,-0.37,-0.22,0.9,-0.13,-0.17,-0.17,-0.52,-0.18,0,0,-17.00
2002-05-08T11:00:00,1.64,-0.08,-0.17,0.96,0.07,0.18,-0.15,-0.51,-0.18,0,0,-14.00
2002-05-08T12:00:00,1.6,0.09,-0.11,0.99,0.14,0.27,-0.19,-0.49,-0.18,0,0,-15.00
2002-05-08T13:00:00,1.59,0.19,-0.23,1.11,0.17,0.29,-0.28,-0.53,-0.19,0,0,-16.00
2002-05-08T14:00:00,1.49,-0.62,-0.06,1.02,-0.93,0.6,-0.29,-0.41,-0.18,0,0,-19.00
2002-05-08T15:00:00,1.45,-0.56,-0.04,0.99,-0.79,0.51,-0.18,-0.36,-0.17,0,0,-19.00
2002-05-08T16:00:00,1.6,0.1,-0.14,1.08,0.06,0.36,-0.17,-0.35,-0.17,0,0,-23.00
2002-05-08T17:00:00,1.49,0.03,-0.11,1.13,-0.27,0.34,-0.13,-0.42,-0.17,0,0,-29.00
2002-05-08T18:00:00,1.53,0.18,-0.28,1.21,0.13,-0.12,-0.48,-0.56,-0.19,0,0,-29.00
2002-05-08T19:00:00,1.57,-0.25,-0.08,1.25,-0.64,0.29,-0.47,-0.55,-0.19,0,0,-25.00
2002-05-08T20:00:00,1.43,-0.57,-0.14,1.2,-1.24,-0.05,-0.47,-0.55,-0.19,0,0,-23.00
2002-05-08T21:00:00,1.33,-0.72,-0.22,1.18,-1.51,-0.22,-0.36,-0.5,-0.18,0,0,-20.00
2002-05-08T22:00:00,1.43,-0.39,-0.09,1.27,-0.78,0.12,-0.37,-0.51,-0.18,0,0,-25.00
2002-05-08T23:00:00,1.55,-0.16,-0.04,1.31,-0.3,0.23,-0.34,-0.5,-0.18,0,0,-24.00
2002-05-09T00:00:00,1.26,0.41,-0.49,1.18,0.68,-0.83,-0.27,-0.47,-0.18,0,0,-17.00
2002-05-09T01:00:00,0.99,0.91,-0.3,1.05,1.34,-0.31,-0.3,-0.48,-0.18,0,0,-16.00
2002-05-09T02:00:00,0.94,0.82,-0.36,1.05,1.19,-0.45,-0.24,-0.44,-0.17,0,0,-20.00
2002-05-09T03:00:00,0.62,0.46,0.19,0.98,0.86,0.49,-0.08,-0.42,-0.12,0,0,-13.00
2002-05-09T04:00:00,0.97,0.79,-0.31,1.11,1.3,-0.16,-0.23,-0.42,-0.17,0,0,-12.00
2002-05-09T05:00:00,1.28,-0.13,-0.2,1.24,0.38,0.12,-0.27,-0.4,-0.17,0,0,-15.00
2002-05-09T06:00:00,1.35,-0.28,-0.05,1.3,0.17,0.24,-0.3,-0.42,-0.17,0,0,-12.00
2002-05-09T07:00:00,1.3,-0.15,-0.33,1.3,0.27,-0.4,-0.27,-0.42,-0.17,0,0,-9.00
2002-05-09T08:00:00,1.15,-0.07,-0.54,1.22,0.47,-0.94,-0.23,-0.35,-0.16,0,0,-9.00
2002-05-09T09:00:00,1.11,0.17,-0.52,1.19,1.1,-0.93,-0.13,-0.26,-0.15,0,0,-6.00
2002-05-09T10:00:00,0.65,0.67,0.18,1.02,1.59,0.78,0.04,-0.19,-0.08,0,0,-7.00
2002-05-09T11:00:00,-0.23,0.37,0.79,0.59,1.1,1.62,0.11,-0.16,-0.07,0,0,-6.00
2002-05-09T12:00:00,-0.08,-1.15,0.93,0.67,-0.04,1.24,-0.2,-0.36,-0.17,0,0,-7.00
2002-05-09T13:00:00,0.03,-1.23,0.75,0.73,-0.13,1.06,-0.21,-0.38,-0.17,0,0,-7.00
2002-05-09T14:00:00,0.34,-1.2,0.55,0.83,-0.29,1.06,-0.17,-0.32,-0.16,0,0,-8.00
2002-05-09T15:00:00,0.08,-0.87,0.6,0.76,0.06,0.98,-0.06,-0.16,-0.11,0,0,-9.00
2002-05-09T16:00:00,0.34,-1.01,0.4,0.84,-0.15,1.03,-0.2,-0.23,-0.14,0,0,-7.00
2002-05-09T17:00:00,0.27,-1.2,0.24,0.78,-0.25,0.99,-0.19,-0.19,-0.14,0,0,-8.00
2002-05-09T18:00:00,0.43,-1.13,0.11,0.88,-0.21,0.9,-0.21,-0.12,-0.13,0,0,-8.00
2002-05-09T19:00:00,0.69,-1.02,-0.07,0.99,-0.25,0.61,-0.23,-0.07,-0.13,0,0,-10.00
2002-05-09T20:00:00,0.74,-0.96,-0.21,1.0,-0.28,0.66,-0.28,-0.05,-0.13,0,0,-13.00
2002-05-09T21:00:00,0.67,-0.92,-0.25,1.01,-0.08,0.53,-0.29,-0.07,-0.13,0,0,-13.00
2002-05-09T22:00:00,0.66,-0.97,-0.07,0.99,-0.14,0.74,-0.33,-0.13,-0.14,0,0,-12.00
2002-05-09T23:00:00,0.83,-0.59,-0.34,0.94,0.29,0.33,-0.25,0.15,-0.09,0,0,-11.00
2002-05-10T00:00:00,0.82,-0.63,-0.47,0.96,0.41,0.45,-0.36,0.01,-0.13,0,0,-6.00
2002-05-10T01:00:00,0.93,-0.76,-0.15,1.01,0.14,0.42,-0.34,0.02,-0.13,0,0,-3.00
2002-05-10T02:00:00,0.84,-0.6,-0.53,0.9,0.62,0.22,-0.44,-0.12,-0.15,0,0,-1.00
2002-05-10T03:00:00,0.63,-0.38,-0.95,0.74,1.16,0.04,-0.53,-0.19,-0.17,0,0,-3.00
2002-05-10T04:00:00,0.78,-0.36,-0.89,0.81,1.23,0.01,-0.56,-0.27,-0.17,0,0,-5.00
2002-05-10T05:00:00,0.9,-0.27,-0.84,0.79,1.46,-0.13,-0.53,-0.14,-0.17,0,0,-6.00
2002-05-10T06:00:00,1.08,-0.66,-0.34,0.7,1.49,0.84,-0.11,-0.39,-0.16,0,0,-7.00
2002-05-10T07:00:00,0.92,-0.69,-0.08,0.89,1.06,0.71,0.41,-0.58,-0.18,0,0,-7.00
2002-05-10T08:00:00,0.86,-0.59,0.06,0.92,0.78,0.57,0.62,-0.58,-0.17,0,0,-12.00
2002-05-10T09:00:00,0.6,-0.72,0.17,1.06,0.43,0.74,0.46,-0.48,-0.13,0,0,-10.00
2002-05-10T10:00:00,0.47,-0.73,0.26,1.12,0.21,0.77,0.24,-0.39,-0.11,0,0,-13.00
2002-05-10T11:00:00,1.12,-1.69,0.14,0.77,-0.83,0.7,2.73,-0.38,-0.14,0,0,-6.00
2002-05-10T12:00:00,0.62,-0.55,0.41,0.83,-0.76,1.15,6.04,-0.46,0.14,0,0,5.00
2002-05-10T13:00:00,-0.18,0.35,0.8,0.83,-0.51,0.8,5.93,-0.42,0.16,0,0,17.00
2002-05-10T14:00:00,0.47,-0.67,0.51,0.82,-0.69,0.61,6.47,-0.42,0.2,0,0,17.00
2002-05-10T15:00:00,-0.32,1.07,0.24,0.79,-0.44,0.52,5.59,-0.42,0.03,0,0,21.00
2002-05-10T16:00:00,-0.69,0.66,1.02,0.77,-0.25,0.57,4.32,-0.42,-0.08,0,0,22.00
2002-05-10T17:00:00,-0.44,1.1,0.17,0.77,-0.23,0.12,3.68,-0.39,-0.03,0,0,19.00
2002-05-10T18:00:00,-1.14,0.0,0.67,0.67,-0.1,0.17,3.81,-0.41,-0.06,0,0,15.00
2002-05-10T19:00:00,-0.05,-1.82,-0.09,0.67,0.21,0.31,2.1,-0.38,-0.14,0,0,13.00
2002-05-10T20:00:00,0.6,-0.56,-0.7,0.62,0.39,0.53,3.69,-0.43,-0.05,0,0,14.00
2002-05-10T21:00:00,0.65,-0.5,-0.64,0.72,-0.17,0.28,2.48,-0.36,-0.04,0,0,10.00
2002-05-10T22:00:00,0.94,-1.0,0.07,1.02,-0.83,-0.19,1.2,-0.25,-0.09,0,0,-1.00
2002-05-10T23:00:00,0.7,-0.54,-0.83,1.0,-0.6,-0.92,1.03,-0.34,-0.12,0,0,-10.00
2002-05-11T00:00:00,-0.23,0.47,-0.91,0.84,-0.15,-1.18,0.94,-0.4,-0.13,0,0,-14.00
2002-05-11T01:00:00,0.23,-0.15,-0.82,0.96,-0.37,-1.11,0.86,-0.4,-0.11,0,0,-14.00
2002-05-11T02:00:00,0.49,-0.98,0.06,1.09,-1.1,-0.12,0.81,-0.36,-0.1,0,0,-11.00
2002-05-11T03:00:00,0.53,-0.99,0.04,1.15,-1.0,-0.27,0.79,-0.37,-0.11,0,0,-9.00
2002-05-11T04:00:00,0.71,0.11,-0.73,1.22,-0.27,-0.82,0.58,-0.38,-0.13,0,0,-11.00
2002-05-11T05:00:00,0.91,0.23,-0.24,1.28,-0.16,-0.62,0.7,-0.37,-0.09,0,0,-12.00
2002-05-11T06:00:00,1.02,0.13,-0.1,1.33,-0.19,-0.42,0.68,-0.36,-0.1,0,0,-10.00
2002-05-11T07:00:00,0.96,-0.01,-0.25,1.34,-0.33,-0.51,0.64,-0.37,-0.1,0,0,-3.00
2002-05-11T08:00:00,0.81,0.07,-0.56,1.29,-0.22,-0.66,0.61,-0.43,-0.13,0,0,0.00
2002-05-11T09:00:00,0.68,-0.41,-0.66,1.24,-0.48,-0.73,0.81,-0.42,-0.13,0,0,-3.00
2002-05-11T10:00:00,0.84,-0.62,-1.44,0.87,-0.46,-1.16,2.95,-0.22,-0.11,0,0,-1.00
2002-05-11T11:00:00,-0.21,-1.45,-1.51,0.37,-0.57,-1.14,9.1,-0.15,-0.0,1,0,15.00
2002-05-11T12:00:00,0.86,1.7,0.81,0.4,0.59,-1.11,6.01,-0.05,0.0,1,0,0.00
2002-05-11T13:00:00,0.65,2.43,-1.35,0.41,0.62,-0.43,2.88,-0.21,-0.15,1,0,-12.00
2002-05-11T14:00:00,1.96,0.24,-1.57,0.29,0.79,0.2,2.64,-0.27,-0.15,1,0,-7.00
2002-05-11T15:00:00,1.15,-0.37,-1.74,0.34,1.49,0.59,1.02,0.41,-0.12,1,0,-23.00
2002-05-11T16:00:00,-0.23,1.05,-1.99,0.27,2.7,0.47,0.56,0.01,-0.16,1,0,-64.00
2002-05-11T17:00:00,-0.58,0.41,-2.37,0.54,1.55,-0.42,0.28,-0.27,-0.18,1,0,-82.00
2002-05-11T18:00:00,-0.52,-1.0,-2.34,0.56,0.25,-0.7,-0.04,-0.03,-0.18,1,0,-97.00
2002-05-11T19:00:00,-0.79,-1.53,-1.8,0.5,-0.44,-0.57,0.26,0.17,-0.16,1,0,-104.00
2002-05-11T20:00:00,-0.52,-1.86,-0.15,0.55,-0.31,0.58,1.17,0.39,-0.07,1,0,-110.00
2002-05-11T21:00:00,-0.44,-1.63,-0.17,0.58,-0.13,0.71,1.53,0.47,0.01,1,0,-105.00
2002-05-11T22:00:00,-0.5,-1.14,-0.76,0.6,-0.07,0.41,1.34,0.22,-0.02,1,0,-93.00
2002-05-11T23:00:00,-0.11,-0.14,-1.09,0.51,0.05,0.2,0.46,0.49,-0.01,1,0,-89.00
2002-05-12T00:00:00,0.06,0.71,-0.91,0.65,-0.32,2.01,0.07,0.28,-0.08,1,0,-89.00
2002-05-12T01:00:00,0.31,-0.04,-0.65,0.46,-0.39,0.53,-0.23,0.9,0.12,1,0,-97.00
2002-05-12T02:00:00,0.39,0.18,-0.35,0.22,-0.27,0.15,-0.31,0.53,0.21,1,0,-88.00
2002-05-12T03:00:00,0.43,-0.05,-0.26,-0.07,-0.34,-0.02,-0.47,0.27,0.13,1,0,-76.00
2002-05-12T04:00:00,0.54,-0.54,-0.17,-0.06,-0.57,-0.09,-0.46,0.2,-0.04,1,0,-77.00
2002-05-12T05:00:00,0.55,-0.76,-0.25,-0.07,-0.28,0.02,-0.48,0.08,-0.11,1,0,-75.00
2002-05-12T06:00:00,0.65,-0.52,-0.16,-0.11,-0.22,0.07,-0.48,0.1,-0.08,1,0,-72.00
2002-05-12T07:00:00,0.58,-0.29,-0.09,-0.28,0.24,0.2,-0.5,0.09,-0.01,1,0,-69.00
2002-05-12T08:00:00,0.61,-0.42,0.35,-0.35,0.14,1.13,-0.53,0.2,-0.05,1,0,-57.00
2002-05-12T09:00:00,0.66,-0.31,-0.18,-0.36,-0.02,-0.15,-0.54,0.08,-0.07,1,0,-59.00
2002-05-12T10:00:00,0.35,-0.02,-0.21,-0.52,0.67,-0.63,-0.58,0.1,0.1,1,0,-59.00
2002-05-12T11:00:00,0.64,-0.34,0.01,-0.3,-0.04,-0.03,-0.56,0.01,-0.07,1,0,-51.00
2002-05-12T12:00:00,0.69,-0.3,0.1,-0.21,-0.17,0.31,-0.54,-0.1,-0.09,1,0,-50.00
2002-05-12T13:00:00,0.36,-0.63,0.14,-0.38,-0.9,0.45,-0.58,-0.07,-0.09,1,0,-54.00
2002-05-12T14:00:00,0.51,-0.18,-0.37,-0.27,-0.02,-0.99,-0.54,-0.05,-0.08,1,0,-56.00
2002-05-12T15:00:00,0.76,0.0,0.06,-0.08,0.41,0.15,-0.55,-0.19,-0.11,0,0,-61.00
2002-05-12T16:00:00,0.82,-0.25,0.03,0.04,-0.06,-0.0,-0.61,-0.35,-0.16,0,0,-55.00
2002-05-12T17:00:00,0.73,-0.29,0.0,-0.0,-0.16,-0.03,-0.54,-0.24,-0.12,0,0,-52.00
2002-05-12T18:00:00,0.37,-0.07,-0.23,-0.15,-0.07,-0.57,-0.53,-0.21,-0.02,0,0,-47.00
2002-05-12T19:00:00,0.73,0.25,-0.09,0.1,0.42,-0.25,-0.38,-0.22,-0.1,0,0,-46.00
2002-05-12T20:00:00,0.9,0.12,-0.11,0.22,0.32,-0.28,-0.38,-0.25,-0.13,0,0,-44.00
2002-05-12T21:00:00,0.94,-0.02,0.09,0.29,-0.13,0.2,-0.42,-0.29,-0.14,0,0,-45.00
2002-05-12T22:00:00,0.91,0.25,0.1,0.27,0.4,0.0,-0.43,-0.26,-0.14,0,0,-44.00
2002-05-12T23:00:00,0.89,-0.01,0.39,0.28,-0.03,0.94,-0.42,-0.25,-0.14,0,0,-39.00
2002-05-13T00:00:00,0.86,0.35,0.41,0.23,0.39,0.81,-0.38,-0.27,-0.14,0,0,-37.00
2002-05-13T01:00:00,0.86,0.16,-0.16,0.26,0.08,-0.88,-0.37,-0.22,-0.12,0,0,-38.00
2002-05-13T02:00:00,0.66,0.71,0.09,0.16,0.88,-0.32,-0.38,-0.14,-0.12,0,0,-44.00
2002-05-13T03:00:00,0.65,0.71,-0.14,0.15,0.82,-1.0,-0.38,-0.16,-0.13,0,0,-40.00
2002-05-13T04:00:00,0.62,0.32,0.55,0.14,-0.08,0.47,-0.36,-0.16,-0.11,0,0,-41.00
2002-05-13T05:00:00,0.6,0.85,0.08,0.18,0.66,-0.43,-0.39,-0.19,-0.14,0,0,-39.00
2002-05-13T06:00:00,0.78,0.28,0.12,0.26,-0.32,-0.31,-0.38,-0.02,-0.07,0,0,-38.00
2002-05-13T07:00:00,0.38,0.59,-0.44,0.06,0.11,-1.51,-0.35,-0.07,-0.1,0,0,-35.00
2002-05-13T08:00:00,0.86,0.18,0.27,0.27,-1.07,0.23,-0.4,-0.14,-0.11,0,0,-30.00
2002-05-13T09:00:00,0.98,0.29,0.32,0.3,-0.15,-0.18,-0.38,-0.17,-0.13,0,0,-29.00
2002-05-13T10:00:00,0.86,0.21,0.46,0.26,-0.13,0.0,-0.39,-0.19,-0.13,0,0,-28.00
2002-05-13T11:00:00,0.43,0.47,-0.09,0.01,-0.28,-0.9,-0.17,-0.26,-0.04,0,0,-24.00
2002-05-13T12:00:00,0.92,0.6,0.12,0.21,0.28,-0.77,-0.24,-0.22,-0.13,0,0,-23.00
2002-05-13T13:00:00,0.74,0.42,0.36,-0.06,0.16,-0.56,0.37,-0.21,-0.04,0,0,-19.00
2002-05-13T14:00:00,0.7,0.17,0.28,-0.04,-0.43,-0.69,0.94,-0.26,0.08,0,0,-12.00
2002-05-13T15:00:00,1.02,-0.23,0.34,0.09,-0.4,-0.18,0.7,-0.35,-0.1,0,0,-7.00
2002-05-13T16:00:00,0.91,-0.09,-0.09,0.17,-0.22,-0.03,0.79,-0.28,-0.03,0,0,-3.00
2002-05-13T17:00:00,0.56,-0.13,-0.66,0.22,-0.2,-0.26,0.46,-0.3,-0.09,0,0,-8.00
2002-05-13T18:00:00,0.69,-0.07,-0.27,0.15,-0.14,-0.18,1.4,-0.4,0.01,0,0,-8.00
2002-05-13T19:00:00,1.21,-0.38,0.4,0.42,-0.31,0.14,-0.13,-0.3,-0.15,0,0,-7.00
2002-05-13T20:00:00,1.36,-0.64,0.2,0.46,-0.23,-0.07,-0.45,-0.09,-0.16,0,0,-9.00
2002-05-13T21:00:00,1.45,-0.48,-0.17,0.59,-0.4,-0.57,-0.36,-0.3,-0.17,0,0,-9.00
2002-05-13T22:00:00,1.48,-0.17,-0.27,0.63,0.13,-0.6,-0.38,-0.37,-0.18,0,0,-7.00
2002-05-13T23:00:00,1.38,-0.12,-0.51,0.62,0.14,-0.79,-0.37,-0.36,-0.18,0,0,-7.00
2002-05-14T00:00:00,1.13,0.27,-0.72,0.56,0.2,0.05,-0.27,-0.23,-0.16,0,0,-7.00
2002-05-14T01:00:00,1.31,-0.98,-0.14,0.55,-0.69,0.22,-0.37,-0.27,-0.17,0,0,-8.00
2002-05-14T02:00:00,1.31,-0.3,-0.1,0.5,0.34,0.37,-0.33,-0.21,-0.16,0,0,-18.00
2002-05-14T03:00:00,1.08,-0.18,-0.3,0.49,0.3,0.18,-0.22,-0.04,-0.12,0,0,-33.00
2002-05-14T04:00:00,0.84,-0.84,-0.48,0.22,-0.74,0.03,-0.14,0.1,-0.11,0,0,-47.00
2002-05-14T05:00:00,1.01,-0.65,-0.36,0.3,-0.26,0.25,-0.18,-0.04,-0.13,0,0,-52.00
2002-05-14T06:00:00,0.58,-0.75,-0.81,0.1,-0.12,-0.84,-0.2,0.12,-0.12,0,0,-46.00
2002-05-14T07:00:00,0.95,-0.64,-0.61,0.3,0.34,-0.63,-0.18,0.06,-0.13,0,0,-46.00
2002-05-14T08:00:00,1.19,-0.77,-0.37,0.43,0.28,-0.06,-0.22,-0.06,-0.15,0,0,-58.00
2002-05-14T09:00:00,1.08,-0.92,-0.55,0.36,0.36,-0.44,-0.3,-0.03,-0.15,0,0,-61.00
2002-05-14T10:00:00,1.16,-0.87,0.02,0.39,0.67,0.85,-0.25,-0.02,-0.14,0,0,-48.00
2002-05-14T11:00:00,0.9,-1.07,-0.42,0.28,0.5,-0.32,-0.25,0.2,-0.13,0,0,-52.00
2002-05-14T12:00:00,0.73,-1.15,-0.19,0.23,0.65,0.11,-0.2,0.37,-0.1,0,0,-57.00
2002-05-14T13:00:00,0.93,-1.07,-0.36,0.31,0.81,-0.04,-0.22,0.31,-0.12,0,0,-50.00
2002-05-14T14:00:00,0.78,-0.84,-0.45,0.25,1.44,-0.29,-0.22,0.35,-0.09,0,0,-40.00
2002-05-14T15:00:00,1.08,-0.7,-0.56,0.46,1.5,-0.08,-0.21,0.24,-0.12,0,0,-42.00
2002-05-14T16:00:00,0.93,-0.26,-0.88,0.4,2.12,-0.62,-0.19,0.14,-0.13,0,0,-43.00
2002-05-14T17:00:00,0.65,-1.32,-0.48,0.32,0.5,0.54,-0.18,0.18,-0.14,0,0,-48.00
2002-05-14T18:00:00,1.38,-0.77,-0.42,0.65,1.13,0.76,-0.14,-0.08,-0.15,0,0,-55.00
2002-05-14T19:00:00,1.14,-0.78,-0.4,0.58,1.01,0.67,0.01,0.13,-0.11,0,0,-56.00
2002-05-14T20:00:00,0.76,-1.0,-0.67,0.45,0.75,0.24,0.1,0.19,-0.11,0,0,-57.00
2002-05-14T21:00:00,0.97,-0.37,-0.78,0.53,1.45,-0.06,0.18,0.12,-0.1,0,0,-63.00
2002-05-14T22:00:00,1.07,-0.5,-0.49,0.6,1.14,-0.0,0.12,0.13,-0.09,0,0,-60.00
2002-05-14T23:00:00,0.96,-1.04,-0.46,0.6,0.51,0.12,-0.05,-0.05,-0.14,0,0,-63.00
2002-05-15T00:00:00,0.88,-0.98,-0.49,0.54,0.61,-0.05,-0.02,-0.01,-0.13,0,0,-59.00
2002-05-15T01:00:00,0.9,-0.38,-0.78,0.51,1.31,-0.4,0.23,-0.08,-0.11,0,0,-65.00
2002-05-15T02:00:00,0.87,-0.64,-0.42,0.52,0.92,0.15,0.32,-0.06,-0.08,0,0,-58.00
2002-05-15T03:00:00,0.7,-0.7,-0.3,0.47,0.88,0.05,0.4,-0.04,-0.04,0,0,-48.00
2002-05-15T04:00:00,0.79,-0.89,0.15,0.51,0.54,0.34,0.17,-0.19,-0.11,0,0,-53.00
2002-05-15T05:00:00,0.6,-0.65,0.25,0.37,-0.02,0.35,-0.13,-0.24,-0.1,0,0,-58.00
2002-05-15T06:00:00,0.73,-0.35,-0.12,0.44,0.08,-0.46,-0.2,-0.27,-0.1,0,0,-60.00
2002-05-15T07:00:00,0.67,-0.46,-0.04,0.51,-0.14,-0.37,-0.32,-0.4,-0.14,0,0,-53.00
2002-05-15T08:00:00,0.85,-0.38,-0.13,0.56,-0.2,-0.72,-0.24,-0.33,-0.13,0,0,-46.00
2002-05-15T09:00:00,0.94,-0.29,-0.1,0.61,0.03,-0.83,-0.23,-0.31,-0.14,0,0,-45.00
2002-05-15T10:00:00,0.94,-0.27,0.26,0.71,0.03,-0.25,-0.18,-0.3,-0.13,0,0,-40.00
2002-05-15T11:00:00,0.58,-0.75,-0.1,0.66,-0.38,-0.72,-0.18,-0.37,-0.14,0,0,-36.00
2002-05-15T12:00:00,0.19,-0.9,-0.16,0.56,-0.6,-0.95,-0.24,-0.46,-0.16,0,0,-32.00
2002-05-15T13:00:00,0.32,-0.77,-0.29,0.61,-0.37,-1.03,-0.18,-0.41,-0.14,0,0,-32.00
2002-05-15T14:00:00,0.17,-0.82,-0.25,0.57,-0.44,-1.02,-0.19,-0.43,-0.15,0,0,-33.00
2002-05-15T15:00:00,0.49,-0.87,0.01,0.7,-0.55,-0.39,-0.13,-0.42,-0.15,0,0,-37.00
2002-05-15T16:00:00,0.33,-0.64,-0.27,0.65,-0.64,-0.9,-0.12,-0.41,-0.12,0,0,-41.00
2002-05-15T17:00:00,0.31,-0.73,-0.33,0.66,-0.39,-1.08,-0.19,-0.45,-0.15,0,0,-40.00
2002-05-15T18:00:00,0.2,-0.86,-0.35,0.65,-0.65,-1.06,-0.2,-0.42,-0.15,0,0,-35.00
2002-05-15T19:00:00,0.69,-0.0,-0.28,0.86,0.51,-1.04,-0.1,-0.34,-0.1,0,0,-34.00
2002-05-15T20:00:00,0.48,0.55,-0.41,0.79,1.14,-1.08,-0.13,-0.39,-0.14,0,0,-37.00
2002-05-15T21:00:00,0.98,-0.06,-0.28,1.04,0.55,-1.0,-0.16,-0.42,-0.15,0,0,-38.00
2002-05-15T22:00:00,0.66,-0.69,-0.29,0.94,-0.23,-0.84,-0.18,-0.44,-0.16,0,0,-39.00
2002-05-15T23:00:00,0.37,-0.8,-0.21,0.87,-0.28,-0.65,-0.08,-0.42,-0.14,0,0,-33.00
2002-05-16T00:00:00,0.45,-0.86,-0.16,0.95,-0.44,-0.62,-0.18,-0.45,-0.16,0,0,-34.00
2002-05-16T01:00:00,0.34,-0.86,-0.29,0.88,-0.47,-0.81,-0.16,-0.47,-0.16,0,0,-32.00
2002-05-16T02:00:00,0.15,-0.81,-0.38,0.81,-0.39,-0.88,-0.17,-0.46,-0.16,0,0,-29.00
2002-05-16T03:00:00,-0.18,-1.02,-0.2,0.71,-0.59,-0.77,-0.15,-0.46,-0.16,0,0,-29.00
2002-05-16T04:00:00,0.26,-0.99,0.09,0.87,-0.61,-0.33,-0.19,-0.47,-0.16,0,0,-24.00
2002-05-16T05:00:00,0.27,-0.94,-0.11,0.88,-0.48,-0.72,-0.15,-0.45,-0.15,0,0,-23.00
2002-05-16T06:00:00,0.53,-0.7,0.0,1.01,-0.24,-0.6,-0.15,-0.45,-0.15,0,0,-22.00
2002-05-16T07:00:00,0.44,-0.94,-0.14,1.0,-0.61,-0.75,-0.19,-0.47,-0.16,0,0,-18.00
2002-05-16T08:00:00,0.3,-1.0,0.08,0.94,-0.64,-0.41,-0.22,-0.5,-0.17,0,0,-21.00
2002-05-16T09:00:00,0.68,-0.59,-0.18,1.05,-0.15,-0.78,-0.04,-0.45,-0.15,0,0,-26.00
2002-05-16T10:00:00,0.92,0.15,-0.4,1.12,0.43,-1.05,-0.05,-0.42,-0.15,0,0,-30.00
2002-05-16T11:00:00,1.07,0.14,-0.15,1.21,0.57,-0.66,-0.07,-0.4,-0.15,0,0,-25.00
2002-05-16T12:00:00,0.97,0.22,-0.07,1.15,0.69,-0.47,-0.02,-0.39,-0.14,0,0,-24.00
2002-05-16T13:00:00,0.89,-0.03,-0.33,1.11,0.22,-0.99,-0.01,-0.42,-0.15,0,0,-27.00
2002-05-16T14:00:00,0.79,0.27,-0.19,1.09,0.54,-0.79,-0.03,-0.37,-0.12,0,0,-28.00
2002-05-16T15:00:00,0.32,-1.09,-0.02,0.93,-1.04,-0.37,-0.12,-0.43,-0.16,0,0,-27.00
2002-05-16T16:00:00,0.42,-1.03,-0.23,1.01,-0.93,-0.72,-0.17,-0.45,-0.17,0,0,-26.00
2002-05-16T17:00:00,0.36,-0.94,-0.16,1.04,-0.67,-1.09,-0.04,-0.41,-0.15,0,0,-25.00
2002-05-16T18:00:00,0.47,-0.94,-0.21,1.02,-0.86,-0.57,-0.07,-0.42,-0.16,0,0,-26.00
2002-05-16T19:00:00,0.97,-0.06,0.0,1.25,0.2,-0.28,-0.25,-0.46,-0.16,0,0,-29.00
2002-05-16T20:00:00,0.77,-0.67,0.03,1.15,-0.63,-0.1,-0.15,-0.43,-0.15,0,0,-33.00
2002-05-16T21:00:00,0.71,-0.74,-0.1,1.15,-0.58,-0.25,-0.08,-0.42,-0.15,0,0,-33.00
2002-05-16T22:00:00,1.06,-0.28,0.1,1.34,0.14,0.05,-0.2,-0.45,-0.16,0,0,-31.00
2002-05-16T23:00:00,1.13,-0.29,0.28,1.33,-0.09,0.35,-0.21,-0.49,-0.17,0,0,-29.00
2002-05-17T00:00:00,1.29,0.04,0.13,1.38,0.32,0.02,-0.14,-0.49,-0.17,0,0,-31.00
2002-05-17T01:00:00,1.25,0.11,0.27,1.36,0.44,0.25,-0.17,-0.49,-0.17,0,0,-27.00
2002-05-17T02:00:00,1.1,0.3,0.17,1.29,0.63,0.07,-0.05,-0.43,-0.16,0,0,-21.00
2002-05-17T03:00:00,0.77,0.6,-0.11,1.12,0.85,-0.41,0.06,-0.36,-0.13,0,0,-16.00
2002-05-17T04:00:00,0.78,0.01,-0.5,1.16,0.26,-1.21,-0.04,-0.41,-0.15,0,0,-14.00
2002-05-17T05:00:00,0.89,0.27,-0.24,1.19,0.71,-0.76,-0.08,-0.38,-0.14,0,0,-12.00
2002-05-17T06:00:00,0.28,-0.66,0.17,0.91,-0.21,-0.05,0.11,-0.31,-0.04,0,0,-11.00
2002-05-17T07:00:00,0.46,0.2,0.29,0.97,0.83,0.27,0.2,-0.24,0.14,0,0,-7.00
2002-05-17T08:00:00,0.19,-0.87,0.24,0.88,-0.51,0.23,0.1,-0.36,-0.11,0,0,-6.00
2002-05-17T09:00:00,0.28,-0.42,0.09,0.94,0.02,-0.2,0.15,-0.31,0.15,0,0,-4.00
2002-05-17T10:00:00,0.24,-0.34,-0.03,0.93,0.05,-0.34,0.15,-0.23,0.38,0,0,-4.00
2002-05-17T11:00:00,0.28,-0.62,0.38,0.95,-0.36,0.38,0.16,-0.27,-0.03,0,0,-2.00
2002-05-17T12:00:00,0.41,-0.31,-0.33,0.97,0.02,-0.57,0.15,-0.31,-0.02,0,0,-4.00
2002-05-17T13:00:00,0.62,-0.02,-0.09,1.08,0.19,-0.27,0.11,-0.34,-0.01,0,0,-10.00
2002-05-17T14:00:00,0.05,-0.84,0.29,0.88,-0.62,0.38,0.04,-0.41,-0.12,0,0,-10.00
2002-05-17T15:00:00,0.44,-0.41,-0.16,1.03,-0.14,-0.4,0.06,-0.4,-0.06,0,0,-10.00
2002-05-17T16:00:00,0.85,-0.11,-0.11,1.16,0.15,-0.2,0.11,-0.4,-0.11,0,0,-10.00
2002-05-17T17:00:00,0.75,-0.26,-0.31,1.11,-0.14,-0.57,0.11,-0.4,-0.12,0,0,-9.00
2002-05-17T18:00:00,0.76,0.1,-0.23,1.14,0.4,-0.53,0.07,-0.39,-0.11,0,0,-11.00
2002-05-17T19:00:00,0.75,0.17,-0.1,1.14,0.55,-0.15,0.06,-0.3,-0.07,0,0,-12.00
2002-05-17T20:00:00,0.76,0.31,0.08,1.12,0.53,0.32,0.02,-0.31,-0.08,0,0,-16.00
2002-05-17T21:00:00,0.73,0.27,0.13,1.12,0.52,0.43,0.03,-0.29,-0.06,0,0,-13.00
2002-05-17T22:00:00,0.77,0.16,0.01,1.11,0.34,0.1,0.06,-0.25,-0.04,0,0,-11.00
2002-05-17T23:00:00,0.75,0.17,-0.0,1.1,0.44,0.16,0.04,-0.27,-0.05,0,0,-12.00
2002-05-18T00:00:00,0.81,0.06,-0.05,1.12,0.3,0.01,0.17,-0.18,-0.02,0,0,-13.00
2002-05-18T01:00:00,0.69,0.14,-0.22,1.11,0.35,-0.17,0.1,-0.31,-0.06,0,0,-13.00
2002-05-18T02:00:00,0.56,-0.37,-0.2,1.09,-0.18,-0.0,0.1,-0.32,-0.05,0,0,-9.00
2002-05-18T03:00:00,0.44,-0.51,0.06,1.13,-0.28,0.29,0.21,-0.34,-0.01,0,0,-6.00
2002-05-18T04:00:00,0.03,-0.61,0.08,1.01,-0.35,0.29,0.19,-0.37,0.0,0,0,-7.00
2002-05-18T05:00:00,-0.09,-0.77,-0.08,0.98,-0.52,0.04,0.16,-0.42,-0.1,0,0,-7.00
2002-05-18T06:00:00,0.08,-0.56,-0.17,1.06,-0.35,-0.08,0.14,-0.41,-0.05,0,0,-9.00
2002-05-18T07:00:00,0.21,-0.5,-0.11,1.13,-0.25,0.0,0.15,-0.39,-0.0,0,0,-6.00
2002-05-18T08:00:00,-0.25,-0.62,-0.12,1.02,-0.28,-0.07,0.14,-0.4,-0.07,0,0,-1.00
2002-05-18T09:00:00,-0.16,-0.61,0.38,1.07,-0.26,0.54,0.12,-0.41,-0.09,0,0,-2.00
2002-05-18T10:00:00,0.06,-0.73,0.16,1.14,-0.35,0.16,0.17,-0.4,-0.08,0,0,-2.00
2002-05-18T11:00:00,0.16,-0.53,-0.33,1.17,-0.26,-0.39,0.16,-0.38,-0.06,0,0,-1.00
2002-05-18T12:00:00,-0.06,-0.7,0.17,1.13,-0.53,0.14,0.17,-0.42,-0.08,0,0,-3.00
2002-05-18T13:00:00,0.14,-0.57,0.08,1.17,-0.41,0.06,0.21,-0.39,0.01,0,0,-3.00
2002-05-18T14:00:00,0.57,-0.28,-0.29,1.28,-0.18,-0.35,0.24,-0.31,-0.03,0,0,-4.00
2002-05-18T15:00:00,0.73,-0.32,-0.11,1.35,-0.25,-0.33,0.26,-0.32,-0.06,0,0,-4.00
2002-05-18T16:00:00,0.39,-0.64,0.19,1.29,-0.45,0.04,0.23,-0.42,-0.09,0,0,-3.00
2002-05-18T17:00:00,0.17,-0.79,0.23,1.24,-0.52,0.02,0.2,-0.45,-0.12,0,0,-5.00
2002-05-18T18:00:00,-0.07,-0.77,-0.06,1.2,-0.48,-0.3,0.21,-0.46,-0.12,0,0,-2.00
2002-05-18T19:00:00,0.52,-0.74,-0.23,0.99,-0.74,-0.12,1.13,-0.24,0.0,0,0,-5.00
2002-05-18T20:00:00,0.91,-2.09,-0.4,0.01,-2.07,0.18,3.83,0.21,-0.03,0,0,-9.00
2002-05-18T21:00:00,1.64,-1.32,-1.0,0.03,-2.28,-0.28,6.03,1.54,0.36,0,0,20.00
2002-05-18T22:00:00,1.0,-2.24,0.31,-0.1,-2.33,0.78,6.64,0.39,0.08,0,0,26.00
2002-05-18T23:00:00,1.18,-2.79,0.45,0.01,-2.44,0.28,6.13,0.03,-0.08,0,0,7.00
2002-05-19T00:00:00,-1.83,2.44,0.91,-0.02,-1.73,-0.28,4.86,0.05,-0.11,0,0,1.00
2002-05-19T01:00:00,0.14,2.13,1.37,-0.0,-1.7,-0.71,4.23,-0.06,-0.1,0,0,1.00
2002-05-19T02:00:00,-1.01,1.94,0.44,0.0,-1.67,-0.92,3.76,0.14,-0.04,0,0,-3.00
2002-05-19T03:00:00,-2.0,1.61,-0.49,0.1,-0.96,0.22,2.51,0.07,-0.12,0,0,-8.00
2002-05-19T04:00:00,-2.97,1.68,-1.18,0.11,0.22,1.57,0.18,0.04,-0.18,0,1,-15.00
2002-05-19T05:00:00,-3.19,1.26,-0.78,0.0,0.48,0.87,0.11,-0.05,-0.18,0,1,-28.00
2002-05-19T06:00:00,-3.0,1.04,-0.96,-0.11,0.41,0.1,0.08,-0.29,-0.19,0,1,-42.00
2002-05-19T07:00:00,-2.84,0.61,-0.84,-0.09,0.58,0.24,0.02,-0.35,-0.19,0,1,-58.00
2002-05-19T08:00:00,-2.6,0.73,-0.3,-0.05,0.31,-0.34,0.09,-0.22,-0.18,0,1,-57.00
2002-05-19T09:00:00,-2.37,0.56,-0.07,-0.02,0.24,-0.64,-0.01,-0.22,-0.18,0,1,-44.00
2002-05-19T10:00:00,-2.2,0.47,-0.15,-0.0,0.22,-0.41,-0.16,-0.3,-0.18,0,1,-38.00
2002-05-19T11:00:00,-2.05,0.67,0.03,-0.03,-0.09,-0.53,-0.1,-0.28,-0.18,0,1,-36.00
2002-05-19T12:00:00,-2.01,0.19,-0.17,0.05,0.52,0.17,-0.26,-0.39,-0.18,0,1,-39.00
2002-05-19T13:00:00,-1.92,0.17,-0.1,0.11,0.62,0.37,-0.37,-0.43,-0.18,0,1,-43.00
2002-05-19T14:00:00,-1.83,0.15,-0.07,0.16,0.61,0.5,-0.38,-0.46,-0.18,0,1,-42.00
2002-05-19T15:00:00,-1.73,0.15,0.0,0.2,0.69,0.6,-0.4,-0.47,-0.18,0,1,-42.00
2002-05-19T16:00:00,-1.62,0.16,0.17,0.23,0.57,0.46,-0.41,-0.48,-0.18,0,1,-40.00
2002-05-19T17:00:00,-1.49,0.14,0.34,0.28,0.54,0.55,-0.44,-0.48,-0.18,0,1,-38.00
2002-05-19T18:00:00,-1.23,0.09,0.68,0.31,0.47,0.33,-0.49,-0.49,-0.18,0,1,-36.00
2002-05-19T19:00:00,-1.17,0.06,0.66,0.38,0.47,0.88,-0.5,-0.46,-0.18,0,1,-35.00
2002-05-19T20:00:00,-1.15,0.06,0.56,0.41,0.35,1.22,-0.47,-0.43,-0.18,0,1,-37.00
2002-05-19T21:00:00,-1.14,0.06,0.53,0.47,0.61,1.17,-0.55,-0.47,-0.18,0,1,-37.00
2002-05-19T22:00:00,-1.17,0.22,0.57,0.49,0.41,1.31,-0.48,-0.46,-0.18,0,1,-34.00
2002-05-19T23:00:00,-0.98,0.42,0.72,0.42,0.23,0.99,-0.39,-0.39,-0.17,0,1,-32.00
2002-05-20T00:00:00,-1.09,0.27,0.64,0.45,0.6,0.76,-0.41,-0.36,-0.17,0,1,-27.00
2002-05-20T01:00:00,-1.29,0.09,0.37,0.51,0.78,0.85,-0.23,-0.27,-0.16,0,1,-21.00
2002-05-20T02:00:00,-1.29,0.35,0.11,0.5,0.38,0.99,-0.15,-0.24,-0.15,0,1,-19.00
2002-05-20T03:00:00,-1.27,0.76,0.71,0.28,0.03,0.65,0.1,-0.18,-0.15,0,1,-17.00
2002-05-20T04:00:00,-0.42,0.73,1.07,-0.22,0.22,0.34,0.73,0.05,-0.07,0,1,-13.00
2002-05-20T05:00:00,-0.34,-0.63,0.98,-0.1,0.7,0.47,1.14,0.11,0.01,0,0,-6.00
2002-05-20T06:00:00,-0.56,1.08,0.76,0.03,-0.12,-0.03,0.95,0.2,-0.03,0,0,0.00
2002-05-20T07:00:00,-0.88,0.48,-0.22,0.11,0.02,0.9,0.78,0.36,0.14,0,0,-1.00
2002-05-20T08:00:00,-0.67,0.28,-0.38,0.06,0.14,0.64,0.58,0.65,0.34,0,0,-3.00
2002-05-20T09:00:00,-1.11,0.64,-0.45,0.18,-0.22,0.74,0.27,0.28,-0.07,0,0,-6.00
2002-05-20T10:00:00,-1.14,1.5,0.0,0.09,-0.55,-0.23,-0.05,0.22,-0.14,0,0,-7.00
2002-05-20T11:00:00,-0.72,1.75,0.11,-0.06,-0.77,-0.48,-0.05,0.07,-0.15,0,0,-16.00
2002-05-20T12:00:00,-0.96,1.58,0.09,0.2,-0.77,-0.12,0.14,-0.08,-0.15,0,0,-14.00
2002-05-20T13:00:00,-0.68,1.41,0.48,0.31,-0.61,-0.01,0.25,-0.14,-0.14,0,0,-12.00
2002-05-20T14:00:00,-1.06,1.14,0.14,0.28,-0.56,-0.12,0.09,-0.21,-0.15,0,0,-8.00
2002-05-20T15:00:00,-1.17,1.23,0.03,0.29,-0.49,-0.09,0.04,-0.24,-0.16,0,0,-8.00
2002-05-20T16:00:00,-0.79,1.36,0.6,0.22,0.01,-0.09,-0.29,-0.41,-0.18,0,0,-9.00
2002-05-20T17:00:00,-0.89,1.04,0.52,0.29,-0.12,0.15,0.42,-0.44,-0.16,0,0,-9.00
2002-05-20T18:00:00,-1.15,1.0,0.29,0.25,0.08,0.21,-0.57,-0.42,-0.18,0,1,-10.00
2002-05-20T19:00:00,-1.25,0.77,-0.03,0.23,0.32,0.41,-0.62,-0.4,-0.18,0,1,-9.00
2002-05-20T20:00:00,-1.35,0.5,0.03,0.23,0.45,0.59,-0.69,-0.5,-0.19,0,1,-15.00
2002-05-20T21:00:00,-1.33,0.34,-0.17,0.28,0.58,0.64,-0.69,-0.49,-0.19,0,1,-20.00
2002-05-20T22:00:00,-1.07,0.34,-0.43,0.23,0.58,1.3,-0.69,-0.41,-0.18,0,1,-23.00
2002-05-20T23:00:00,-0.93,0.22,-0.58,0.24,0.72,2.12,-0.67,-0.47,-0.18,0,1,-23.00
2002-05-21T00:00:00,-0.94,0.01,-0.48,0.36,0.93,1.79,-0.69,-0.49,-0.18,0,1,-22.00
2002-05-21T01:00:00,-0.74,-0.08,-0.59,0.31,0.95,2.15,-0.64,-0.48,-0.18,0,1,-26.00
2002-05-21T02:00:00,-0.8,0.11,-0.53,0.34,0.67,2.07,-0.59,-0.42,-0.17,0,1,-32.00
2002-05-21T03:00:00,-0.93,-0.08,-0.42,0.44,0.81,1.82,-0.62,-0.48,-0.18,0,1,-36.00
2002-05-21T04:00:00,-0.93,-0.17,-0.25,0.46,1.24,1.27,-0.56,-0.49,-0.18,0,1,-34.00
2002-05-21T05:00:00,-0.51,-0.88,-0.18,0.23,1.91,0.8,-0.41,-0.51,-0.18,0,1,-32.00
2002-05-21T06:00:00,-0.67,-0.72,0.05,0.36,1.96,0.5,-0.19,-0.5,-0.17,0,1,-31.00
2002-05-21T07:00:00,-0.73,-0.67,0.46,0.47,1.52,-0.42,-0.39,-0.47,-0.17,0,1,-20.00
2002-05-21T08:00:00,-0.93,-0.04,0.64,0.51,1.08,-0.54,-0.41,-0.43,-0.17,0,1,-24.00
2002-05-21T09:00:00,-0.81,0.01,0.51,0.56,0.91,-0.56,-0.44,-0.4,-0.16,0,1,-25.00
2002-05-21T10:00:00,-0.75,-0.37,-0.04,0.81,1.61,0.16,-0.47,-0.53,-0.17,0,1,-24.00
2002-05-21T11:00:00,-0.62,-0.27,-0.26,0.78,1.3,0.42,-0.48,-0.53,-0.17,0,1,-20.00
2002-05-21T12:00:00,-0.84,-0.06,0.04,0.95,1.08,-0.09,-0.53,-0.53,-0.18,0,1,-19.00
2002-05-21T13:00:00,-0.73,-0.28,-0.01,0.88,1.31,-0.04,-0.33,-0.51,-0.16,0,1,-19.00
2002-05-21T14:00:00,-0.73,-0.15,0.32,0.89,1.13,-0.7,-0.44,-0.44,-0.15,0,1,-18.00
2002-05-21T15:00:00,-0.94,-0.0,0.34,0.82,0.89,-0.57,-0.53,-0.29,-0.15,0,1,-15.00
2002-05-21T16:00:00,-0.73,0.2,0.56,0.87,1.23,0.5,0.64,-0.36,-0.08,0,1,-8.00
2002-05-21T17:00:00,-0.74,0.14,0.51,0.78,0.22,0.06,0.74,-0.46,-0.11,0,1,-3.00
2002-05-21T18:00:00,-0.72,0.2,0.47,0.82,0.48,-0.29,-0.07,-0.51,-0.16,0,1,-3.00
2002-05-21T19:00:00,-0.59,0.34,0.53,0.93,0.52,-0.4,0.06,-0.51,-0.15,0,1,-2.00
2002-05-21T20:00:00,-0.29,0.22,0.68,0.94,0.51,-0.49,0.44,-0.53,-0.14,0,1,1.00
2002-05-21T21:00:00,-0.32,0.14,1.11,0.77,0.05,-0.37,1.79,-0.45,-0.12,0,1,-1.00
2002-05-21T22:00:00,-0.58,0.3,1.21,0.57,0.25,-0.26,0.14,-0.3,-0.15,0,0,-2.00
2002-05-21T23:00:00,-1.11,1.2,0.49,0.82,-0.35,-0.22,0.21,-0.35,-0.17,0,0,15.00
2002-05-22T00:00:00,-1.05,1.11,-0.44,0.79,-1.0,1.97,0.08,-0.39,-0.17,0,0,4.00
2002-05-22T01:00:00,-1.1,1.26,0.08,0.86,-1.07,0.71,0.3,-0.47,-0.17,0,0,1.00
2002-05-22T02:00:00,-1.13,1.19,0.46,0.93,-1.15,0.43,-0.25,-0.47,-0.18,0,0,1.00
2002-05-22T03:00:00,-1.08,1.09,0.3,0.85,-0.78,0.48,-0.16,-0.39,-0.17,0,0,-2.00
2002-05-22T04:00:00,0.05,1.24,0.6,0.48,-1.0,-0.26,-0.06,-0.42,-0.17,0,0,-4.00
2002-05-22T05:00:00,-0.4,1.09,0.32,0.63,-1.17,0.06,-0.12,-0.41,-0.16,0,0,-4.00
2002-05-22T06:00:00,-0.89,1.11,0.12,0.8,-1.14,0.1,-0.06,-0.37,-0.17,0,0,-7.00
2002-05-22T13:00:00,-0.86,1.3,-0.27,0.75,-0.04,0.27,0.3,-0.15,-0.14,0,0,-12.00
2002-05-22T14:00:00,-0.9,1.14,-0.26,0.78,0.06,0.48,0.56,-0.1,-0.11,0,0,-8.00
2002-05-22T15:00:00,-0.86,1.18,-0.08,0.8,0.23,0.0,0.66,-0.05,-0.1,0,0,-9.00
2002-05-22T16:00:00,-0.56,1.43,-0.04,0.74,-0.5,0.21,0.58,-0.35,-0.15,0,0,-12.00
2002-05-22T17:00:00,-0.29,1.3,0.07,0.61,-0.37,-0.07,1.31,-0.36,-0.12,0,0,-9.00
2002-05-22T18:00:00,-0.7,1.02,-0.15,0.7,-0.37,0.05,1.83,-0.35,-0.09,0,0,-7.00
2002-05-22T19:00:00,0.5,1.13,0.54,0.52,-0.3,-0.37,1.82,-0.5,-0.15,0,0,-7.00
2002-05-22T20:00:00,0.04,1.21,0.49,0.54,-0.26,-0.49,1.93,-0.54,-0.16,0,0,-8.00
2002-05-22T21:00:00,0.33,0.87,0.45,0.49,-0.11,-0.54,2.04,-0.47,-0.09,0,0,-5.00
2002-05-22T22:00:00,0.76,0.48,0.28,0.41,0.06,-0.48,2.92,-0.39,0.06,0,0,-4.00
2002-05-22T23:00:00,-0.68,0.52,0.14,0.7,-0.15,-0.55,2.59,-0.33,0.13,0,0,-4.00
2002-05-23T00:00:00,-0.72,0.1,0.23,0.73,0.29,-0.7,2.94,-0.27,0.35,0,0,-4.00
2002-05-23T01:00:00,-0.26,0.48,1.02,0.64,0.25,-1.32,2.38,-0.4,-0.08,0,0,-6.00
2002-05-23T02:00:00,-0.19,1.32,0.85,0.62,0.24,-1.22,1.82,-0.38,-0.13,0,0,-1.00
2002-05-23T03:00:00,-0.23,1.81,0.63,0.58,0.22,-1.03,2.08,-0.46,-0.16,0,0,-1.00
2002-05-23T04:00:00,0.25,2.19,0.12,0.45,0.02,-0.94,2.58,-0.45,-0.16,0,0,3.00
2002-05-23T05:00:00,-0.12,2.6,0.59,0.2,-0.62,-0.31,0.77,-0.29,-0.17,0,0,7.00
2002-05-23T06:00:00,-0.86,2.02,0.8,0.49,-0.46,-0.91,0.82,-0.27,-0.17,0,0,-5.00
2002-05-23T07:00:00,-0.81,1.96,0.94,0.53,-0.3,-1.17,0.58,-0.28,-0.17,0,0,-6.00
2002-05-23T08:00:00,-0.94,1.83,0.85,0.61,0.01,-0.95,0.55,-0.3,-0.17,0,0,-5.00
2002-05-23T09:00:00,-0.76,2.26,0.63,0.53,-0.6,-0.89,0.77,-0.32,-0.17,0,0,0.00
2002-05-23T10:00:00,-0.75,3.04,1.05,0.13,-0.36,-1.71,1.36,-0.12,-0.17,0,0,1.00
2002-05-23T11:00:00,-0.14,6.14,1.7,-0.78,-0.07,-5.62,2.9,1.31,-0.15,0,0,7.00
2002-05-23T12:00:00,4.05,0.86,-1.12,-2.38,-5.16,0.28,2.07,3.69,-0.04,0,0,63.00
2002-05-23T13:00:00,0.27,-0.9,0.34,-2.62,-4.52,1.85,-0.63,15.01,1.12,0,0,-20.00
2002-05-23T14:00:00,-0.31,3.34,2.62,-2.76,1.23,3.55,-0.67,16.76,-0.13,0,0,-63.00
2002-05-23T15:00:00,1.23,3.32,2.18,-3.37,0.71,4.26,-0.64,10.91,-0.14,0,0,-51.00
2002-05-23T16:00:00,0.78,0.61,0.11,-2.4,-1.3,5.37,0.03,5.53,1.18,0,0,-52.00
2002-05-23T17:00:00,1.69,1.11,0.05,-1.6,1.57,10.41,0.49,2.92,0.09,0,0,-75.00
2002-05-23T18:00:00,1.91,1.11,-1.09,-1.07,-0.48,6.54,0.06,1.03,-0.14,0,0,-109.00
2002-05-23T19:00:00,0.55,1.34,-1.04,-0.44,0.89,3.16,-0.52,4.55,-0.05,0,0,-106.00
2002-05-23T20:00:00,-0.85,1.4,0.6,-2.19,-8.56,-1.22,-0.82,7.08,-0.09,0,0,-97.00
2002-05-23T21:00:00,-1.45,0.67,-0.97,-1.83,1.2,-6.04,-0.91,3.83,-0.17,0,0,-97.00
2002-05-23T22:00:00,-1.69,1.11,-0.75,-2.57,3.52,-4.33,-0.93,1.28,-0.19,0,1,-103.00
2002-05-23T23:00:00,-1.91,0.53,-0.12,-3.18,2.0,1.65,-0.94,0.91,-0.19,0,1,-96.00
2002-05-24T00:00:00,-1.81,0.67,-0.06,-3.12,3.42,1.94,-0.97,0.18,-0.19,0,1,-89.00
2002-05-24T01:00:00,-1.85,0.69,0.03,-2.98,3.58,1.45,-0.97,0.01,-0.19,0,1,-82.00
2002-05-24T02:00:00,-1.83,0.72,0.21,-2.76,3.85,1.25,-0.97,-0.07,-0.19,0,1,-77.00
2002-05-24T03:00:00,-1.85,0.56,0.15,-2.6,4.24,1.42,-0.97,-0.03,-0.19,0,1,-74.00
2002-05-24T04:00:00,-1.89,0.41,0.25,-2.45,4.64,0.44,-0.97,-0.01,-0.19,0,1,-75.00
2002-05-24T05:00:00,-1.84,0.55,0.28,-2.44,3.35,0.1,-0.98,-0.1,-0.19,0,1,-75.00
2002-05-24T06:00:00,-1.88,0.44,0.2,-2.28,3.09,0.45,-0.97,-0.11,-0.19,0,1,-73.00
2002-05-24T07:00:00,-1.88,0.27,0.24,-2.15,3.59,0.27,-0.98,-0.11,-0.19,0,1,-69.00
2002-05-24T08:00:00,-1.76,0.55,0.44,-2.15,3.23,0.46,-0.98,0.05,-0.19,0,1,-65.00
2002-05-24T09:00:00,-1.61,0.88,0.4,-1.96,4.55,-0.1,-0.99,0.05,-0.19,0,1,-62.00
2002-05-24T10:00:00,-1.48,1.02,0.53,-1.87,3.04,0.13,-0.99,0.67,-0.19,0,1,-60.00
2002-05-24T11:00:00,-1.43,1.16,0.34,-1.7,3.18,-0.34,-0.99,0.28,-0.19,0,1,-59.00
2002-05-24T12:00:00,-1.43,1.17,0.48,-1.34,6.61,-0.71,-0.99,0.5,-0.19,0,1,-59.00
2002-05-24T13:00:00,-1.37,1.16,0.46,-1.18,5.96,2.63,-0.99,1.53,-0.19,0,1,-58.00
2002-05-24T14:00:00,-1.48,1.02,0.52,-1.47,3.3,0.45,-0.99,0.51,-0.19,0,1,-55.00
2002-05-24T15:00:00,-1.31,1.25,0.45,-0.21,9.28,1.68,-0.99,0.1,-0.19,0,1,-55.00
2002-05-24T16:00:00,-1.31,1.08,0.61,-0.23,8.29,4.1,-0.99,0.48,-0.19,0,1,-56.00
2002-05-24T17:00:00,-1.34,0.98,0.58,2.76,8.17,5.85,-0.49,0.52,-0.15,0,1,-55.00
2002-05-24T18:00:00,-1.43,0.84,0.62,-0.04,7.09,7.09,-0.99,0.12,-0.19,0,1,-51.00
2002-05-24T19:00:00,-1.35,0.91,0.67,-1.03,3.86,0.49,-0.99,0.03,-0.19,0,1,-50.00
2002-05-24T20:00:00,-1.37,0.82,0.77,0.92,3.87,2.4,-0.99,0.74,-0.19,0,1,-51.00
2002-05-24T23:00:00,-1.27,1.03,0.67,3.86,-5.28,-2.78,-0.98,0.7,-0.19,0,1,-54.00
2002-05-25T00:00:00,-1.07,1.08,0.84,0.64,3.99,2.43,-0.96,1.21,-0.19,0,1,-51.00
2002-05-25T01:00:00,-1.09,0.97,0.93,0.48,-1.35,-3.85,-0.95,1.36,-0.18,0,1,-45.00
2002-05-25T02:00:00,-1.06,1.01,0.93,0.71,0.19,-2.34,-0.96,0.77,-0.19,0,1,-38.00
2002-05-25T03:00:00,-1.11,1.07,0.85,1.91,2.45,1.48,-0.96,0.67,-0.19,0,1,-35.00
2002-05-25T04:00:00,-1.14,1.15,0.81,0.91,-1.88,-1.29,-0.95,0.25,-0.19,0,1,-36.00
2002-05-25T05:00:00,-1.22,0.97,0.84,1.24,0.16,-1.32,-0.95,0.34,-0.19,0,1,-39.00
2002-05-25T06:00:00,-1.28,1.06,0.67,1.18,-1.28,0.22,-0.95,-0.14,-0.19,0,1,-40.00
2002-05-25T07:00:00,-1.24,1.04,0.68,1.15,-1.82,-0.02,-0.95,0.0,-0.19,0,1,-38.00
2002-05-25T08:00:00,-1.25,1.09,0.54,1.21,-2.14,0.24,-0.95,-0.09,-0.19,0,1,-36.00
2002-05-25T09:00:00,-1.29,1.09,0.51,1.4,-0.73,-0.11,-0.96,-0.18,-0.19,0,1,-37.00
2002-05-25T10:00:00,-0.81,1.25,0.87,0.25,-1.02,-2.88,-0.93,-0.04,-0.19,0,1,-38.00
2002-05-25T11:00:00,-1.07,1.29,0.49,0.99,-1.58,1.04,-0.94,0.11,-0.19,0,1,-37.00
2002-05-25T12:00:00,-1.14,1.32,0.34,1.73,-1.18,-0.79,-0.95,0.12,-0.19,0,1,-34.00
2002-05-25T13:00:00,-1.15,1.34,0.25,0.63,-0.84,0.77,-0.95,-0.17,-0.19,0,1,-30.00
2002-05-25T14:00:00,-1.18,1.26,0.04,0.55,-0.61,1.67,-0.93,0.0,-0.19,0,1,-33.00
2002-05-25T15:00:00,-1.13,1.24,0.01,0.4,-0.67,1.61,-0.92,-0.03,-0.19,0,1,-34.00
2002-05-25T16:00:00,-1.17,1.14,0.31,0.46,-0.3,0.14,-0.9,-0.04,-0.19,0,1,-34.00
2002-05-25T17:00:00,-0.94,1.07,0.44,0.12,0.28,0.03,-0.83,0.28,-0.18,0,1,-35.00
2002-05-25T18:00:00,-0.76,0.92,0.57,-0.16,1.27,0.23,-0.62,0.43,-0.14,0,0,-36.00
2002-05-25T19:00:00,-0.75,0.6,0.39,-0.15,1.55,0.83,-0.56,0.46,-0.09,0,0,-39.00
2002-05-25T20:00:00,-0.65,0.4,0.61,-0.14,1.36,0.41,-0.52,0.4,-0.09,0,0,-36.00
2002-05-25T21:00:00,-0.69,0.47,0.54,0.07,0.74,0.07,-0.53,-0.13,-0.14,0,0,-30.00
2002-05-25T22:00:00,-0.66,0.25,0.46,0.07,0.7,0.11,-0.5,-0.13,-0.11,0,0,-25.00
2002-05-25T23:00:00,-0.71,0.69,0.61,0.14,-0.02,-0.5,-0.55,-0.28,-0.17,0,0,-21.00
2002-05-26T00:00:00,-0.78,0.53,0.53,0.26,0.38,-0.6,-0.54,-0.35,-0.17,0,0,-20.00
2002-05-26T01:00:00,-0.85,0.41,0.67,0.32,0.42,-1.12,-0.49,-0.39,-0.17,0,0,-18.00
2002-05-26T02:00:00,-0.77,0.52,0.72,0.24,0.39,-0.8,-0.46,-0.42,-0.17,0,0,-17.00
2002-05-26T03:00:00,-1.16,0.49,0.33,0.46,0.26,-0.59,-0.5,-0.48,-0.18,0,0,-15.00
2002-05-26T04:00:00,-0.75,0.97,0.12,0.31,-0.56,-0.37,-0.5,-0.46,-0.18,0,0,-14.00
2002-05-26T05:00:00,-0.89,0.79,-0.22,0.44,-0.21,0.37,-0.54,-0.47,-0.18,0,0,-14.00
2002-05-26T06:00:00,-0.84,0.79,-0.22,0.39,-0.3,0.23,-0.52,-0.47,-0.18,0,0,-17.00
2002-05-26T07:00:00,-0.6,0.99,-0.11,0.29,-0.4,-0.17,-0.53,-0.47,-0.18,0,0,-19.00
2002-05-26T08:00:00,-0.69,0.8,0.04,0.34,-0.11,-0.67,-0.47,-0.45,-0.17,0,0,-22.00
2002-05-26T09:00:00,-0.85,0.82,-0.01,0.41,-0.38,-0.58,-0.48,-0.46,-0.18,0,0,-23.00
2002-05-26T10:00:00,-0.82,0.79,-0.23,0.46,-0.38,-0.1,-0.46,-0.45,-0.18,0,0,-22.00
2002-05-26T11:00:00,-0.66,0.92,-0.21,0.35,-0.69,-0.35,-0.49,-0.49,-0.18,0,0,-17.00
2002-05-26T12:00:00,-0.61,1.08,-0.16,0.34,-0.96,-0.44,-0.47,-0.51,-0.18,0,0,-16.00
2002-05-26T13:00:00,-0.7,0.96,-0.3,0.37,-0.75,0.14,-0.46,-0.51,-0.18,0,0,-21.00
2002-05-26T14:00:00,-0.76,1.02,-0.08,0.45,-0.92,-0.15,-0.45,-0.48,-0.18,0,0,-24.00
2002-05-26T15:00:00,-0.71,1.09,-0.09,0.45,-0.85,-0.02,-0.44,-0.5,-0.18,0,0,-23.00
2002-05-26T16:00:00,-0.31,1.2,0.39,0.24,-0.86,-0.9,-0.37,-0.45,-0.18,0,0,-20.00
2002-05-26T19:00:00,-0.8,0.98,0.12,0.43,-0.75,-0.37,-0.31,-0.35,-0.17,1,0,-24.00
2002-05-26T20:00:00,-0.74,-0.14,0.65,0.3,0.59,-1.05,0.03,-0.08,-0.07,1,0,-23.00
