2002-05-26T21:00:00,-0.95,0.27,-0.28,0.36,-0.13,0.54,-0.08,-0.11,-0.1,1,0,-18.00
2002-05-26T22:00:00,-0.92,0.6,-0.12,0.31,-0.69,0.18,-0.02,0.12,-0.07,1,0,-16.00
2002-05-26T23:00:00,-0.82,0.84,0.23,0.24,-0.91,-0.48,-0.08,-0.03,-0.11,1,0,-18.00
2002-05-27T00:00:00,-0.96,0.34,-0.57,0.19,-0.27,0.5,0.04,0.03,-0.1,1,0,-21.00
2002-05-27T01:00:00,-0.21,0.7,0.64,-0.1,-0.63,-1.19,0.19,0.33,0.05,1,0,-16.00
2002-05-27T02:00:00,-0.25,0.84,0.7,-0.22,-0.86,-1.15,0.43,0.58,0.08,1,0,-13.00
2002-05-27T03:00:00,-0.75,1.26,0.87,-0.14,-1.38,-1.31,-0.02,0.18,-0.14,1,0,-10.00
2002-05-27T04:00:00,-1.42,1.5,-0.76,-0.22,-1.45,-0.85,-0.53,-0.0,-0.18,1,0,-6.00
2002-05-27T05:00:00,-1.17,0.95,-1.43,-0.47,-1.06,-0.03,-0.65,0.17,-0.18,1,0,-9.00
2002-05-27T06:00:00,-0.64,0.66,-1.78,-0.62,-0.83,0.34,-0.64,0.51,-0.18,1,0,-17.00
2002-05-27T07:00:00,-1.64,0.68,-0.95,-0.24,-0.84,-0.51,-0.38,0.37,-0.16,1,0,-25.00
2002-05-27T08:00:00,-1.54,0.81,-0.69,-0.43,-0.81,-1.04,-0.27,0.99,-0.12,1,0,-38.00
2002-05-27T09:00:00,-1.29,1.1,0.05,-0.67,-0.8,-2.06,-0.16,1.51,-0.06,1,0,-64.00
2002-05-27T10:00:00,-1.24,1.05,-0.21,-0.9,-0.58,-1.48,-0.24,2.13,-0.03,1,0,-64.00
2002-05-27T11:00:00,-1.12,0.98,-0.35,-1.1,-0.03,-0.92,-0.34,2.69,-0.0,1,0,-48.00
2002-05-27T12:00:00,-0.8,0.34,-0.65,-1.37,1.43,-0.62,-0.36,3.66,0.2,1,0,-46.00
2002-05-27T13:00:00,-1.02,0.28,-0.2,-1.21,2.11,-1.83,-0.36,3.37,0.26,1,0,-46.00
2002-05-27T14:00:00,-1.05,0.26,0.33,-1.34,1.76,-2.65,-0.41,2.97,0.17,1,0,-48.00
2002-05-27T15:00:00,-1.0,0.49,0.13,-1.61,1.42,-2.29,-0.52,3.01,0.11,1,0,-53.00
2002-05-27T16:00:00,-1.13,0.88,-0.11,-1.7,1.27,-0.88,-0.64,2.98,-0.06,1,0,-55.00
2002-05-27T17:00:00,-0.85,0.66,0.36,-2.19,2.71,-2.29,-0.67,3.51,0.03,1,0,-54.00
2002-05-27T18:00:00,-1.06,1.0,0.11,-2.26,2.49,-0.53,-0.73,2.92,-0.09,1,0,-45.00
2002-05-27T19:00:00,-0.96,1.11,-0.12,-2.49,1.99,1.01,-0.79,2.66,-0.12,1,0,-44.00
2002-05-27T20:00:00,-1.11,0.88,-0.08,-2.4,3.01,1.26,-0.81,1.85,-0.14,1,0,-47.00
2002-05-27T21:00:00,-1.19,0.71,-0.03,-2.41,3.39,1.01,-0.81,1.59,-0.14,1,0,-49.00
2002-05-27T22:00:00,-0.82,0.64,0.38,-2.7,2.92,0.22,-0.81,2.32,-0.09,1,0,-51.00
2002-05-27T23:00:00,-0.87,0.0,0.7,-2.58,4.81,-1.02,-0.8,2.12,-0.1,1,0,-49.00
2002-05-28T00:00:00,-0.95,0.64,0.31,-2.41,2.36,0.86,-0.81,1.55,-0.12,1,0,-42.00
2002-05-28T01:00:00,-0.79,0.35,0.49,-2.46,3.32,-0.57,-0.81,1.48,-0.1,1,0,-33.00
2002-05-28T02:00:00,-1.03,0.44,-0.02,-1.93,2.09,1.37,-0.82,0.54,-0.15,1,0,-26.00
2002-05-28T03:00:00,-0.77,0.27,0.38,-2.14,2.46,-0.31,-0.78,0.82,-0.11,0,0,-23.00
2002-05-28T04:00:00,-0.87,0.28,0.45,-1.94,2.17,-0.71,-0.79,0.46,-0.14,0,0,-24.00
2002-05-28T05:00:00,-0.93,0.38,0.29,-1.81,1.87,-0.35,-0.78,0.31,-0.15,0,0,-27.00
2002-05-28T06:00:00,-0.76,0.47,0.36,-1.84,1.27,-0.62,-0.78,0.43,-0.14,0,0,-27.00
2002-05-28T07:00:00,-0.61,0.44,0.58,-1.91,1.39,-1.77,-0.78,0.43,-0.14,0,0,-27.00
2002-05-28T08:00:00,-0.56,0.61,0.2,-1.84,0.7,-0.53,-0.76,0.58,-0.1,0,0,-27.00
2002-05-28T09:00:00,-0.38,0.44,0.17,-1.91,0.99,-0.39,-0.74,0.61,-0.0,0,0,-27.00
2002-05-28T10:00:00,-0.52,0.46,0.23,-1.74,1.06,-0.83,-0.74,0.5,-0.07,0,0,-25.00
2002-05-28T11:00:00,-0.58,0.52,-0.04,-1.55,0.46,0.23,-0.74,0.4,-0.1,0,0,-23.00
2002-05-28T12:00:00,-0.51,0.51,0.22,-1.59,0.75,-0.69,-0.75,0.46,-0.08,0,0,-23.00
2002-05-28T13:00:00,-0.39,0.59,0.03,-1.62,0.52,-0.08,-0.71,0.73,-0.03,0,0,-25.00
2002-05-28T14:00:00,-0.79,0.29,0.09,-1.29,1.14,-0.16,-0.71,0.41,-0.1,0,0,-29.00
2002-05-28T15:00:00,-0.09,0.59,-0.19,-1.59,0.13,0.61,-0.69,0.78,0.0,0,0,-28.00
2002-05-28T16:00:00,-0.39,0.45,0.5,-1.41,0.41,-1.31,-0.7,0.74,-0.05,0,0,-29.00
2002-05-28T17:00:00,0.12,0.49,-0.21,-1.62,-0.14,0.55,-0.66,0.71,0.06,0,0,-27.00
2002-05-28T18:00:00,-0.51,-0.15,-0.06,-1.19,1.61,0.13,-0.64,0.74,0.17,0,0,-25.00
2002-05-28T19:00:00,-0.38,0.17,-0.01,-1.35,0.58,0.1,-0.66,0.93,0.4,0,0,-22.00
2002-05-28T20:00:00,-0.47,-0.09,-0.06,-1.3,1.21,0.46,-0.69,0.92,0.24,0,0,-23.00
2002-05-28T21:00:00,-0.46,-0.31,0.03,-1.35,1.64,0.37,-0.7,0.92,0.15,0,0,-25.00
2002-05-28T22:00:00,-0.61,0.16,0.19,-1.16,0.26,-0.06,-0.72,0.81,0.02,0,0,-27.00
2002-05-28T23:00:00,-0.36,0.28,0.16,-1.31,0.19,0.03,-0.72,1.02,0.23,0,0,-25.00
2002-05-29T00:00:00,-0.36,0.3,0.3,-1.33,0.51,-0.26,-0.74,0.92,0.09,0,0,-20.00
2002-05-29T01:00:00,-0.47,0.29,0.24,-1.21,0.49,0.0,-0.73,1.1,0.1,0,0,-17.00
2002-05-29T02:00:00,-0.48,0.3,0.02,-1.14,0.47,0.28,-0.73,0.83,0.07,0,0,-17.00
2002-05-29T03:00:00,-0.54,0.12,0.27,-1.0,0.82,-0.47,-0.73,0.48,-0.01,0,0,-22.00
2002-05-29T04:00:00,-0.61,0.2,0.31,-0.9,0.27,-0.64,-0.71,0.2,-0.09,0,0,-20.00
2002-05-29T05:00:00,-0.51,0.35,0.2,-0.91,0.05,-0.17,-0.7,0.3,-0.05,0,0,-18.00
2002-05-29T06:00:00,-0.53,0.42,0.01,-0.92,-0.15,0.24,-0.71,0.25,-0.07,0,0,-20.00
2002-05-29T07:00:00,-0.59,0.31,-0.06,-0.85,0.39,0.26,-0.7,0.32,-0.06,0,0,-19.00
2002-05-29T08:00:00,-0.59,0.27,-0.08,-0.73,0.61,0.22,-0.69,0.4,-0.04,0,0,-17.00
2002-05-29T09:00:00,-0.59,0.34,-0.08,-0.62,0.28,0.2,-0.71,0.14,-0.09,0,0,-18.00
2002-05-29T10:00:00,-0.56,0.32,-0.13,-0.48,0.14,0.37,-0.69,0.08,-0.09,0,0,-16.00
2002-05-29T11:00:00,-0.52,0.34,-0.12,-0.38,-0.06,0.51,-0.66,0.01,-0.09,0,0,-18.00
2002-05-29T12:00:00,-0.59,0.1,0.4,-0.37,0.26,-0.34,-0.68,-0.01,-0.11,0,0,-20.00
2002-05-29T13:00:00,-0.66,-0.35,0.19,-0.32,0.94,0.04,-0.68,0.18,-0.09,0,0,-20.00
2002-05-29T14:00:00,-0.67,0.02,0.36,-0.2,0.25,-0.47,-0.7,0.04,-0.11,0,0,-19.00
2002-05-29T15:00:00,-0.63,0.01,0.38,-0.18,-0.01,-0.59,-0.7,0.12,-0.1,0,0,-20.00
2002-05-29T16:00:00,-0.64,-0.17,0.38,-0.18,0.24,-0.52,-0.68,0.14,-0.1,0,0,-20.00
2002-05-29T17:00:00,-0.59,0.27,0.35,-0.2,-0.46,-0.44,-0.67,0.16,-0.08,0,0,-21.00
2002-05-29T18:00:00,-0.37,0.53,-0.04,-0.26,-0.9,0.52,-0.65,0.11,-0.07,0,0,-18.00
2002-05-29T19:00:00,-0.07,0.48,-0.14,-0.33,-0.86,0.6,-0.64,0.0,-0.03,0,0,-18.00
2002-05-29T20:00:00,-0.2,0.22,0.03,-0.15,-0.86,-0.01,-0.68,-0.01,0.24,0,0,-18.00
2002-05-29T21:00:00,-0.52,0.3,0.3,-0.05,-1.09,-0.54,-0.66,0.03,-0.08,0,0,-15.00
2002-05-29T22:00:00,-0.55,0.27,0.46,-0.04,-0.62,-0.47,-0.76,-0.18,-0.15,0,0,-16.00
2002-05-29T23:00:00,-0.5,0.34,0.45,-0.04,-0.57,-0.48,-0.75,-0.31,-0.16,0,0,-14.00
2002-05-30T00:00:00,-0.58,0.32,0.35,0.05,-0.73,-0.27,-0.7,-0.28,-0.15,0,0,-12.00
2002-05-30T01:00:00,-0.66,0.31,0.19,0.1,-0.66,-0.16,-0.61,-0.12,-0.11,0,0,-12.00
2002-05-30T02:00:00,-1.18,-0.07,0.55,-0.06,0.65,-1.99,-0.47,-0.07,-0.15,0,0,-11.00
2002-05-30T03:00:00,-1.33,0.3,0.63,-0.15,0.37,-2.89,-0.43,0.1,-0.15,0,0,-4.00
2002-05-30T04:00:00,-0.95,0.61,0.57,-0.18,-0.33,-2.92,-0.29,0.24,-0.11,0,0,-7.00
2002-05-30T05:00:00,-0.99,0.58,0.39,-0.2,-1.19,-2.57,-0.26,0.65,-0.05,0,0,-7.00
2002-05-30T06:00:00,-0.72,0.68,-0.03,-0.27,-1.82,-1.62,-0.14,0.46,0.01,0,0,-6.00
2002-05-30T07:00:00,-0.08,1.14,0.3,-0.33,-0.95,-1.54,-0.12,-0.31,-0.15,0,0,-3.00
2002-05-30T08:00:00,-0.27,1.32,0.13,-0.14,-1.3,-1.07,0.0,-0.16,-0.14,0,0,-7.00
2002-05-30T09:00:00,-0.21,1.27,-0.18,-0.08,-1.0,-0.69,-0.07,-0.01,-0.12,0,0,-5.00
2002-05-30T10:00:00,-0.4,0.98,-0.2,0.02,-1.08,-0.67,-0.14,0.13,-0.08,0,0,-6.00
2002-05-30T11:00:00,-0.65,0.94,-0.12,0.12,-1.36,-0.44,-0.16,0.11,-0.1,0,0,-7.00
2002-05-30T12:00:00,-0.65,0.88,-0.19,0.09,-1.25,-0.48,-0.11,0.07,-0.09,0,0,-8.00
2002-05-30T13:00:00,-0.74,0.72,-0.24,0.24,-1.19,-0.48,-0.22,-0.07,-0.11,0,0,-9.00
2002-05-30T14:00:00,-0.87,0.72,-0.12,0.22,-1.44,-0.49,-0.27,-0.03,-0.12,0,0,-8.00
2002-05-30T15:00:00,-1.31,0.32,-0.18,0.3,-1.26,-0.15,-0.2,-0.3,-0.16,0,0,-6.00
2002-05-30T16:00:00,-0.96,0.84,0.16,0.41,-0.85,-0.16,0.24,-0.48,-0.16,0,0,-10.00
2002-05-30T17:00:00,-1.01,0.54,0.31,0.4,-1.0,-0.31,0.15,-0.48,-0.16,0,0,-13.00
2002-05-30T18:00:00,-1.19,0.22,0.29,0.55,-0.98,-0.41,-0.19,-0.42,-0.17,0,0,-10.00
2002-05-30T19:00:00,0.11,0.69,0.38,0.62,-1.04,-0.67,-0.24,-0.42,-0.14,0,0,-8.00
2002-05-30T20:00:00,0.44,0.83,0.39,0.65,-1.04,-0.41,-0.3,-0.35,-0.15,0,0,-2.00
2002-05-30T21:00:00,0.45,0.97,0.17,0.81,-1.04,-0.63,-0.33,-0.48,-0.17,0,0,1.00
2002-05-30T22:00:00,-0.14,1.13,0.39,0.69,-1.03,-0.39,-0.22,-0.4,-0.16,0,0,0.00
2002-05-30T23:00:00,-0.11,0.92,0.73,0.63,-1.27,-0.38,-0.12,-0.42,-0.16,0,0,1.00
2002-05-31T00:00:00,-0.05,0.97,0.43,0.75,-1.17,-0.02,-0.11,-0.46,-0.16,0,0,3.00
2002-05-31T01:00:00,-0.65,0.65,0.5,0.88,-1.12,-0.1,-0.14,-0.32,-0.14,0,0,0.00
2002-05-31T02:00:00,-0.69,0.59,0.43,0.98,-1.16,-0.14,-0.18,-0.28,-0.13,0,0,-3.00
2002-05-31T03:00:00,-0.39,0.57,0.42,1.0,-0.88,0.08,-0.07,-0.37,-0.11,0,0,-4.00
2002-05-31T04:00:00,-0.09,0.64,0.15,1.07,-0.62,-0.06,0.73,-0.5,-0.07,0,0,-6.00
2002-05-31T05:00:00,-0.25,0.57,-0.0,1.16,-0.91,0.86,0.15,-0.5,-0.11,0,0,-5.00
2002-05-31T06:00:00,-0.45,0.47,0.07,1.27,-0.79,0.76,0.17,-0.46,-0.09,0,0,-6.00
2002-05-31T07:00:00,-0.66,0.25,0.16,1.28,-0.76,0.74,0.05,-0.42,-0.1,0,0,-7.00
2002-05-31T08:00:00,-0.51,0.38,-0.05,1.25,-0.85,0.9,0.04,-0.47,-0.11,0,0,-8.00
2002-05-31T09:00:00,-0.11,0.54,0.06,1.22,-0.81,0.55,0.06,-0.53,-0.12,0,0,-7.00
2002-05-31T10:00:00,0.17,0.5,0.12,1.25,-0.77,0.63,0.06,-0.55,-0.12,0,0,-6.00
2002-05-31T11:00:00,-0.15,0.47,-0.24,1.26,-0.48,0.27,-0.26,-0.52,-0.14,0,0,-6.00
2002-05-31T12:00:00,-0.15,0.39,0.03,1.23,-0.57,0.25,-0.21,-0.51,-0.08,0,0,-9.00
2002-05-31T13:00:00,0.21,0.41,0.04,1.26,-0.83,0.23,0.01,-0.55,-0.11,0,0,-11.00
2002-05-31T14:00:00,0.04,0.46,0.17,1.3,-0.86,0.04,-0.02,-0.57,-0.13,0,0,-11.00
2002-05-31T15:00:00,0.03,0.42,0.09,1.33,-0.84,0.01,-0.06,-0.57,-0.11,0,0,-7.00
2002-05-31T16:00:00,0.15,0.35,0.07,1.36,-0.85,-0.13,-0.04,-0.57,-0.09,0,0,-6.00
2002-05-31T17:00:00,-0.06,0.31,0.02,1.42,-0.78,-0.14,-0.1,-0.54,-0.03,0,0,-5.00
2002-05-31T18:00:00,-0.22,0.35,-0.01,1.38,-0.85,-0.38,-0.16,-0.53,-0.09,0,0,-4.00
2002-05-31T19:00:00,-0.17,0.29,0.05,1.37,-0.89,-0.3,-0.04,-0.56,-0.06,0,0,-2.00
2002-05-31T20:00:00,0.0,0.07,0.35,1.35,-0.89,-0.35,-0.17,-0.58,-0.09,0,0,-1.00
2002-05-31T21:00:00,0.11,-0.1,0.41,1.33,-0.67,-0.26,-0.39,-0.58,-0.15,0,0,0.00
2002-05-31T22:00:00,-0.04,0.09,0.36,1.38,-0.71,-0.21,-0.37,-0.58,-0.13,0,0,5.00
2002-05-31T23:00:00,-0.06,0.12,0.33,1.41,-0.71,-0.16,-0.4,-0.58,-0.13,0,0,4.00
2002-06-01T00:00:00,-0.08,0.1,0.32,1.42,-0.63,-0.14,-0.38,-0.58,-0.11,0,0,---
2002-06-01T01:00:00,-0.16,0.19,0.28,1.44,-0.65,-0.09,-0.25,-0.57,-0.11,0,0,4.00
2002-06-01T02:00:00,-0.1,0.21,0.33,1.43,-0.65,-0.04,-0.18,-0.57,-0.11,0,0,3.00
2002-06-01T03:00:00,-0.21,0.26,0.18,1.44,-0.73,0.03,-0.16,-0.57,-0.1,0,0,2.00
2002-06-01T04:00:00,-0.28,0.27,0.09,1.44,-0.73,0.0,-0.03,-0.56,-0.09,0,0,3.00
2002-06-01T05:00:00,-0.26,0.33,0.12,1.4,-0.73,0.14,0.09,-0.55,-0.09,0,0,3.00
2002-06-01T06:00:00,-0.07,0.28,0.4,1.34,-0.71,0.15,0.23,-0.56,-0.1,0,0,4.00
2002-06-01T07:00:00,-0.01,0.14,0.31,1.34,-0.87,0.01,0.52,-0.55,0.08,0,0,5.00
2002-06-01T08:00:00,0.09,0.1,0.44,1.29,-0.96,-0.15,0.9,-0.57,-0.06,0,0,4.00
2002-06-01T09:00:00,0.01,0.17,0.36,1.3,-0.82,0.11,1.14,-0.56,0.05,0,0,6.00
2002-06-01T10:00:00,0.04,0.17,0.26,1.29,-0.69,0.05,1.57,-0.56,0.31,0,0,6.00
2002-06-01T11:00:00,0.08,0.09,0.16,1.32,-0.63,-0.08,1.72,-0.56,1.46,0,0,8.00
2002-06-01T12:00:00,-0.1,0.28,0.06,1.35,-0.65,-0.24,1.67,-0.57,0.23,0,0,11.00
2002-06-01T13:00:00,-0.22,0.25,0.06,1.39,-0.63,-0.35,1.51,-0.56,0.17,1,0,12.00
2002-06-01T14:00:00,-0.17,0.25,0.07,1.42,-0.63,-0.43,1.7,-0.56,0.26,1,0,10.00
2002-06-01T15:00:00,-0.31,0.05,0.08,1.43,-0.79,-0.33,1.89,-0.56,0.32,1,0,10.00
2002-06-01T16:00:00,-0.06,-0.15,0.31,1.42,-0.99,-0.28,2.32,-0.53,0.57,1,0,12.00
2002-06-01T17:00:00,-0.43,0.51,0.04,1.38,-0.89,-0.1,2.73,-0.53,-0.01,1,0,14.00
2002-06-01T18:00:00,-0.58,0.35,-0.32,1.41,-0.86,-0.08,2.44,-0.5,-0.04,1,0,20.00
2002-06-01T19:00:00,-0.43,0.43,-0.14,1.34,-0.87,0.25,2.74,-0.49,0.08,1,0,20.00
2002-06-01T20:00:00,-0.47,0.92,0.22,1.28,-0.56,0.18,1.55,-0.51,-0.13,1,0,17.00
2002-06-01T21:00:00,-0.62,0.59,-0.47,1.27,-0.34,0.74,2.06,-0.49,-0.11,1,0,12.00
2002-06-01T22:00:00,-0.52,0.04,-0.81,1.21,-0.23,0.78,2.54,-0.49,-0.11,1,0,9.00
2002-06-01T23:00:00,-0.09,-0.76,-0.87,1.22,-0.29,0.59,2.29,-0.48,-0.13,1,0,10.00
2002-06-02T00:00:00,-0.14,-0.68,-0.9,1.12,-0.09,0.29,2.09,-0.4,-0.1,1,0,7.00
2002-06-02T01:00:00,0.26,-1.01,-0.22,0.98,0.45,-0.28,2.14,-0.26,0.02,1,0,2.00
2002-06-02T02:00:00,0.18,-0.67,-1.0,0.91,0.5,-0.04,0.26,-0.08,-0.12,1,0,-8.00
2002-06-02T03:00:00,0.47,-0.99,-0.62,0.83,0.99,0.11,0.53,0.25,-0.03,1,0,-11.00
2002-06-02T04:00:00,0.41,-0.96,0.18,0.85,0.56,0.16,0.71,0.22,0.1,1,0,-12.00
2002-06-02T05:00:00,0.76,-0.41,0.65,0.92,1.01,0.29,0.89,0.25,0.11,1,0,-22.00
2002-06-02T06:00:00,0.38,-0.7,-0.2,0.76,0.44,-1.14,0.93,0.35,0.37,1,0,-29.00
2002-06-02T07:00:00,1.02,-0.14,-0.07,0.93,0.79,-0.94,0.91,0.26,0.16,1,0,-25.00
2002-06-02T08:00:00,0.96,-0.14,0.41,0.9,0.72,-0.21,0.74,0.17,0.09,1,0,-17.00
2002-06-02T09:00:00,0.8,-0.54,0.47,0.87,-0.06,-0.14,0.73,0.26,0.11,1,0,-16.00
2002-06-02T10:00:00,0.71,-0.77,0.31,0.83,-0.43,-0.48,0.89,0.38,0.17,1,0,-15.00
2002-06-02T11:00:00,0.95,-0.53,0.1,0.87,0.05,-0.7,0.88,0.16,0.09,1,0,-13.00
2002-06-02T12:00:00,0.91,-0.06,-0.1,0.83,0.36,-0.98,1.06,0.29,0.3,1,0,-12.00
2002-06-02T13:00:00,1.22,-0.25,-0.2,0.89,0.05,-0.94,0.92,0.02,-0.02,1,0,-13.00
2002-06-02T14:00:00,0.62,-0.78,0.44,0.75,-0.56,-0.03,0.83,0.27,0.12,1,0,-10.00
2002-06-02T15:00:00,0.84,-0.54,0.18,0.78,-0.46,-0.1,0.77,0.21,0.14,1,0,-15.00
2002-06-02T16:00:00,-0.21,-0.65,0.15,0.47,-0.69,-0.38,0.81,0.19,0.51,1,0,-19.00
2002-06-02T17:00:00,0.38,-0.87,-0.05,0.62,-0.79,-0.61,0.81,0.13,0.14,1,0,-26.00
2002-06-02T18:00:00,0.09,-0.78,0.93,0.49,0.08,0.3,0.5,0.12,-0.04,1,0,-23.00
2002-06-02T19:00:00,0.57,-1.58,0.2,0.64,-0.4,-0.32,0.43,0.25,-0.1,1,0,-23.00
2002-06-02T20:00:00,0.64,-1.03,-0.75,0.65,-0.18,-1.32,0.58,0.33,-0.06,1,0,-28.00
2002-06-02T21:00:00,0.63,-0.39,-0.89,0.7,0.13,-1.67,0.47,0.34,-0.02,1,0,-23.00
2002-06-02T22:00:00,0.59,0.15,-0.8,0.76,-0.01,-1.7,0.36,0.26,-0.01,1,0,-23.00
2002-06-02T23:00:00,0.64,-1.04,0.18,0.56,-0.41,0.07,0.06,0.37,-0.03,1,0,-28.00
2002-06-03T00:00:00,0.46,-0.69,0.22,0.32,0.62,0.29,0.03,0.49,0.17,1,0,-34.00
2002-06-03T01:00:00,0.43,-1.17,0.05,0.26,0.24,0.22,0.05,0.54,-0.02,1,0,-37.00
2002-06-03T02:00:00,0.67,-0.74,-0.9,0.36,0.8,-1.54,0.08,0.46,-0.08,1,0,-31.00
2002-06-03T03:00:00,0.23,-1.0,-0.04,0.21,0.56,0.1,-0.03,0.43,0.02,1,0,-23.00
2002-06-03T04:00:00,0.17,-1.02,0.45,0.15,0.53,0.78,-0.03,0.55,0.01,1,0,-23.00
2002-06-03T05:00:00,0.47,-1.16,0.19,0.25,-0.71,0.17,-0.06,0.46,-0.05,1,0,-22.00
2002-06-03T06:00:00,0.95,-0.87,-0.4,0.46,-0.02,-0.56,-0.06,0.26,-0.1,1,0,-17.00
2002-06-03T07:00:00,0.67,-1.04,-0.31,0.33,-0.59,-0.1,-0.09,0.16,-0.1,1,0,-21.00
2002-06-03T08:00:00,0.93,-1.11,-0.35,0.36,-0.61,0.38,-0.25,-0.06,-0.15,1,0,-18.00
2002-06-03T09:00:00,0.44,-1.3,0.04,0.18,-0.4,0.21,-0.29,0.09,-0.13,1,0,-17.00
2002-06-03T10:00:00,0.51,-0.91,-0.2,0.3,0.08,-0.38,-0.17,0.18,-0.07,1,0,-21.00
2002-06-03T11:00:00,0.69,-1.01,0.17,0.37,-0.35,0.14,-0.13,0.13,-0.09,1,0,-25.00
2002-06-03T12:00:00,0.6,-0.91,0.24,0.35,-0.49,0.23,-0.06,0.06,-0.07,1,0,-26.00
2002-06-03T13:00:00,-0.02,-0.79,0.75,0.18,-0.32,1.06,-0.04,-0.04,-0.09,1,0,-23.00
2002-06-03T14:00:00,-0.22,-0.81,0.79,0.17,-0.48,0.98,-0.02,-0.12,-0.12,1,0,-25.00
2002-06-03T15:00:00,0.15,-0.97,0.54,0.3,-0.65,0.81,0.02,-0.17,-0.11,1,0,-24.00
2002-06-03T16:00:00,0.31,-0.98,0.43,0.42,-0.54,0.22,-0.05,-0.19,-0.12,1,0,-23.00
2002-06-03T17:00:00,0.88,-0.53,-0.2,0.55,-0.17,-0.37,-0.08,-0.19,-0.11,1,0,-24.00
2002-06-03T18:00:00,0.52,-1.09,-0.08,0.44,-0.79,-0.23,-0.02,-0.21,-0.13,1,0,-24.00
2002-06-03T19:00:00,0.38,-1.14,0.16,0.41,-0.51,0.11,-0.0,-0.22,-0.13,0,0,-23.00
2002-06-03T20:00:00,0.36,-1.06,0.1,0.43,-0.46,-0.2,0.06,-0.18,-0.11,0,0,-21.00
2002-06-03T21:00:00,0.6,-0.66,-0.32,0.44,0.01,-0.73,0.06,-0.05,-0.06,0,0,-12.00
2002-06-03T22:00:00,0.64,-0.86,-0.38,0.41,-0.35,-0.53,0.07,-0.11,-0.1,0,0,-8.00
2002-06-03T23:00:00,0.4,-0.69,-0.33,0.33,-0.26,-0.26,0.06,-0.06,-0.03,0,0,-11.00
2002-06-04T00:00:00,0.78,-0.03,-0.75,0.47,0.42,-0.87,-0.0,-0.15,-0.12,0,0,-12.00
2002-06-04T01:00:00,0.79,-0.22,-0.5,0.5,-0.03,-0.55,-0.07,-0.15,-0.1,0,0,-16.00
2002-06-04T02:00:00,0.59,-0.75,0.03,0.47,-0.43,0.95,-0.04,-0.04,-0.05,0,0,-15.00
2002-06-04T03:00:00,0.63,-0.74,-0.31,0.4,-0.21,-0.13,0.04,-0.03,-0.07,0,0,-16.00
2002-06-04T04:00:00,0.79,0.76,-0.44,0.43,1.14,-0.4,-0.04,-0.09,-0.12,0,0,-16.00
2002-06-04T05:00:00,0.77,-0.13,-0.72,0.47,0.16,-0.84,-0.09,-0.08,-0.12,0,0,-23.00
2002-06-04T06:00:00,0.88,-0.3,-0.28,0.49,-0.03,-0.3,-0.14,-0.08,-0.09,0,0,-22.00
2002-06-04T07:00:00,0.74,-0.43,0.47,0.42,0.25,0.75,-0.22,-0.08,-0.09,0,0,-19.00
2002-06-04T08:00:00,0.5,-0.08,0.45,0.27,0.12,0.85,-0.22,0.0,0.05,0,0,-27.00
2002-06-04T09:00:00,0.65,-0.44,-0.29,0.32,0.19,-0.76,-0.16,0.07,-0.03,0,0,-27.00
2002-06-04T10:00:00,0.11,-0.65,0.49,0.1,-0.33,0.86,-0.12,0.17,0.04,0,0,-28.00
2002-06-04T11:00:00,0.52,-0.7,0.21,0.24,-0.6,0.33,-0.13,0.15,0.0,0,0,-29.00
2002-06-04T12:00:00,0.17,-0.49,0.67,0.11,-0.25,1.13,-0.09,0.18,0.02,0,0,-27.00
2002-06-04T13:00:00,0.36,-0.27,-0.07,0.17,0.08,-0.2,-0.12,0.15,0.49,0,0,-29.00
2002-06-04T14:00:00,0.4,-0.36,0.3,0.23,-0.08,0.51,-0.13,0.16,0.25,0,0,-31.00
2002-06-04T15:00:00,0.55,-0.21,0.03,0.23,0.21,-0.09,-0.18,0.05,0.17,0,0,-29.00
2002-06-04T16:00:00,0.8,-0.01,-0.21,0.27,0.38,-0.49,-0.22,-0.04,-0.05,0,0,-29.00
2002-06-04T17:00:00,0.77,-0.02,-0.15,0.26,0.44,-0.27,-0.17,0.02,-0.0,0,0,-29.00
2002-06-04T18:00:00,0.79,-0.06,0.3,0.31,0.23,0.89,-0.18,-0.03,-0.03,0,0,-28.00
2002-06-04T19:00:00,0.86,-0.24,0.22,0.34,-0.07,0.75,-0.18,-0.12,-0.07,0,0,-25.00
2002-06-04T20:00:00,0.93,-0.09,0.14,0.37,0.25,0.68,-0.14,-0.12,-0.08,0,0,-24.00
2002-06-04T21:00:00,0.93,-0.11,0.09,0.41,0.38,0.36,-0.12,-0.04,-0.06,0,0,-19.00
2002-06-04T22:00:00,0.81,-0.19,0.25,0.4,0.35,0.81,-0.14,0.09,-0.0,0,0,-13.00
2002-06-04T23:00:00,0.78,-0.13,-0.0,0.42,0.1,0.11,-0.17,0.11,0.03,0,0,-14.00
2002-06-05T00:00:00,0.75,-0.12,0.12,0.45,0.17,0.68,-0.22,0.04,0.01,0,0,-15.00
2002-06-05T01:00:00,0.71,-0.16,0.07,0.5,0.21,0.28,-0.25,-0.12,-0.02,0,0,-15.00
2002-06-05T02:00:00,0.7,-0.2,-0.03,0.51,-0.04,-0.01,-0.26,-0.16,-0.04,0,0,-13.00
2002-06-05T03:00:00,0.72,-0.22,-0.1,0.5,0.08,-0.08,-0.27,-0.11,-0.05,0,0,-13.00
2002-06-05T04:00:00,0.75,-0.2,-0.09,0.52,0.14,-0.05,-0.31,-0.14,-0.07,0,0,-12.00
2002-06-05T05:00:00,0.61,-0.26,-0.12,0.56,-0.03,-0.23,-0.32,-0.15,-0.04,0,0,-15.00
2002-06-05T06:00:00,0.36,-0.33,0.15,0.6,-0.12,0.06,-0.29,-0.19,0.12,0,0,-15.00
2002-06-05T07:00:00,0.37,0.01,0.49,0.69,0.03,0.15,-0.22,-0.34,-0.06,0,0,-12.00
2002-06-05T08:00:00,0.33,-0.61,0.25,0.7,-0.26,0.0,-0.3,-0.32,-0.09,0,0,-15.00
2002-06-05T09:00:00,0.43,-0.53,0.11,0.72,-0.3,-0.14,-0.24,-0.29,-0.06,0,0,-13.00
2002-06-05T10:00:00,0.47,-0.35,-0.21,0.73,-0.06,-0.63,-0.23,-0.28,-0.05,0,0,-11.00
2002-06-05T11:00:00,0.22,-0.38,0.04,0.68,-0.25,-0.13,-0.29,-0.22,0.16,0,0,-9.00
2002-06-05T12:00:00,0.3,-0.37,0.26,0.73,-0.43,0.08,-0.29,-0.24,0.05,0,0,-10.00
2002-06-05T13:00:00,-0.2,-0.5,-0.04,0.62,-0.48,-0.4,-0.29,-0.33,-0.03,0,0,-14.00
2002-06-05T14:00:00,-0.21,-0.38,0.0,0.62,-0.42,-0.31,-0.3,-0.32,0.06,0,0,-18.00
2002-06-05T15:00:00,-0.24,-0.42,0.01,0.63,-0.4,-0.24,-0.29,-0.34,0.01,0,0,-19.00
2002-06-05T16:00:00,-0.2,-0.35,0.04,0.65,-0.29,-0.07,-0.29,-0.3,0.14,0,0,-23.00
2002-06-05T17:00:00,0.47,-0.22,-0.21,0.83,-0.11,-0.39,-0.22,-0.25,-0.01,0,0,-24.00
2002-06-05T18:00:00,0.28,-0.17,-0.21,0.81,-0.07,-0.41,-0.26,-0.33,0.05,0,0,-22.00
2002-06-05T19:00:00,0.51,-0.05,-0.24,0.79,0.17,-0.23,-0.28,-0.31,-0.06,0,0,-18.00
2002-06-05T20:00:00,-0.42,-0.27,0.21,0.66,-0.11,0.05,-0.16,-0.34,0.01,0,0,-16.00
2002-06-05T21:00:00,-0.31,-0.42,-0.12,0.7,-0.4,-0.3,-0.21,-0.38,-0.05,0,0,-11.00
2002-06-05T22:00:00,-0.34,-0.47,-0.03,0.72,-0.36,-0.26,-0.25,-0.41,-0.08,0,0,-10.00
2002-06-05T23:00:00,-0.1,-0.39,-0.08,0.81,-0.18,-0.37,-0.14,-0.35,0.1,0,0,-10.00
2002-06-06T00:00:00,-0.23,-0.43,0.1,0.77,-0.44,-0.13,-0.15,-0.35,0.05,0,0,-8.00
2002-06-06T01:00:00,0.05,-0.56,-0.13,0.9,-0.42,-0.41,-0.2,-0.37,-0.06,0,0,-5.00
2002-06-06T02:00:00,0.34,-0.53,-0.13,0.97,-0.39,-0.45,-0.21,-0.29,-0.05,0,0,-6.00
2002-06-06T03:00:00,0.35,-0.75,-0.16,0.96,-0.33,-0.31,-0.3,-0.38,-0.14,0,0,-6.00
2002-06-06T04:00:00,0.67,-0.48,-0.17,1.02,-0.25,-0.28,-0.21,-0.28,-0.11,0,0,-7.00
2002-06-06T05:00:00,0.77,0.12,0.14,1.05,0.21,-0.09,-0.17,-0.21,-0.06,0,0,-8.00
2002-06-06T06:00:00,0.62,0.15,0.42,1.07,0.12,0.37,-0.17,-0.27,-0.07,0,0,-8.00
2002-06-06T07:00:00,0.81,-0.07,0.06,1.16,-0.05,-0.11,-0.18,-0.3,-0.1,0,0,-8.00
2002-06-06T08:00:00,0.79,-0.09,0.0,1.13,-0.25,-0.21,-0.13,-0.29,-0.08,0,0,-8.00
2002-06-06T09:00:00,0.5,-0.58,-0.11,1.06,-0.53,-0.16,-0.14,-0.37,-0.11,0,0,-8.00
2002-06-06T10:00:00,0.25,-0.5,-0.11,1.07,-0.35,-0.21,-0.09,-0.43,-0.07,0,0,-7.00
2002-06-06T11:00:00,-0.12,-0.78,0.15,0.98,-0.39,0.07,-0.02,-0.53,-0.15,0,0,-7.00
2002-06-06T12:00:00,0.15,-0.87,0.05,1.01,-0.51,0.05,-0.02,-0.53,-0.16,0,0,-6.00
2002-06-06T13:00:00,0.22,-0.85,-0.06,1.12,-0.52,-0.04,0.02,-0.54,-0.16,0,0,-5.00
2002-06-06T14:00:00,0.63,-0.68,-0.14,1.24,-0.39,-0.14,-0.08,-0.54,-0.17,0,0,-6.00
2002-06-06T15:00:00,0.77,-0.45,-0.23,1.27,-0.23,-0.31,-0.07,-0.54,-0.17,0,0,-9.00
2002-06-06T16:00:00,0.69,-0.5,-0.1,1.31,-0.3,-0.15,-0.02,-0.51,-0.16,0,0,-13.00
2002-06-06T17:00:00,0.83,-0.38,-0.12,1.34,-0.36,-0.1,-0.07,-0.52,-0.16,0,0,-13.00
2002-06-06T18:00:00,0.72,-0.37,-0.23,1.34,-0.34,-0.19,-0.03,-0.52,-0.16,0,0,-13.00
2002-06-06T19:00:00,0.76,-0.26,-0.18,1.34,-0.31,-0.03,-0.04,-0.56,-0.17,0,0,-11.00
2002-06-06T20:00:00,0.73,-0.38,-0.02,1.35,-0.51,0.17,-0.04,-0.56,-0.16,0,0,-9.00
2002-06-06T21:00:00,0.45,-0.49,-0.0,1.38,-0.55,0.3,0.09,-0.53,-0.13,0,0,-8.00
2002-06-06T22:00:00,0.19,-0.66,0.0,1.36,-0.63,0.29,0.27,-0.53,-0.12,0,0,-7.00
2002-06-06T23:00:00,-0.02,-0.76,-0.04,1.35,-0.61,0.24,0.25,-0.53,-0.14,0,0,-7.00
2002-06-07T00:00:00,0.0,-0.56,-0.2,1.41,-0.51,0.33,0.09,-0.52,-0.12,0,0,-8.00
2002-06-07T01:00:00,0.69,-0.07,-0.04,1.48,-0.26,0.29,0.18,-0.5,-0.12,0,0,-8.00
2002-06-07T02:00:00,0.59,-0.14,-0.15,1.53,-0.22,0.11,0.16,-0.5,-0.11,0,0,-4.00
2002-06-07T03:00:00,0.14,-0.57,-0.23,1.43,-0.56,0.05,0.27,-0.52,-0.12,0,0,0.00
2002-06-07T04:00:00,0.02,-0.69,-0.25,1.38,-0.58,0.08,0.5,-0.53,-0.14,0,0,2.00
2002-06-07T05:00:00,0.13,-0.81,-0.01,1.35,-0.61,0.44,0.85,-0.51,-0.12,0,0,3.00
2002-06-07T06:00:00,-0.24,-0.85,0.01,1.37,-0.51,0.67,0.82,-0.52,-0.13,0,0,3.00
2002-06-07T07:00:00,0.7,-0.5,0.32,1.46,-0.44,0.82,0.64,-0.44,-0.1,0,0,2.00
2002-06-07T08:00:00,0.63,-0.67,0.17,1.5,-0.58,0.81,0.68,-0.43,-0.1,0,0,0.00
2002-06-07T09:00:00,0.48,-0.62,0.26,1.47,-0.17,0.94,1.03,-0.46,-0.07,0,0,0.00
2002-06-07T10:00:00,0.25,-0.79,0.13,1.49,-0.63,0.71,0.75,-0.51,-0.12,0,0,-1.00
2002-06-07T11:00:00,0.31,-0.77,0.18,1.59,-0.66,0.95,0.85,-0.54,-0.13,0,0,-2.00
2002-06-07T12:00:00,0.4,-0.71,0.27,1.64,-0.62,1.05,1.02,-0.55,-0.13,0,0,-3.00
2002-06-07T13:00:00,0.36,-0.69,0.19,1.66,-0.59,0.91,1.12,-0.55,-0.12,0,0,-4.00
2002-06-07T14:00:00,0.27,-0.72,0.13,1.67,-0.64,0.82,1.19,-0.56,-0.13,0,0,-6.00
2002-06-07T15:00:00,0.17,-0.95,-0.12,1.69,-0.82,0.47,1.03,-0.57,-0.16,0,0,-4.00
2002-06-07T16:00:00,0.1,-0.96,-0.17,1.7,-0.78,0.18,1.05,-0.58,-0.17,0,0,-2.00
2002-06-07T17:00:00,0.08,-0.97,-0.38,1.73,-0.82,0.05,0.85,-0.58,-0.17,0,0,-4.00
2002-06-07T18:00:00,0.03,-1.07,-0.25,1.71,-0.83,0.19,1.02,-0.58,-0.17,0,0,-6.00
2002-06-07T19:00:00,-0.02,-0.62,-0.5,1.7,-0.73,0.14,1.0,-0.57,-0.15,0,0,-6.00
2002-06-07T20:00:00,-0.03,-0.38,-0.55,1.7,-0.57,0.12,1.17,-0.57,-0.14,0,0,-6.00
2002-06-07T21:00:00,0.28,-0.86,0.04,1.71,-0.58,0.45,0.68,-0.56,-0.15,0,0,-5.00
2002-06-07T22:00:00,0.59,-0.6,0.41,1.7,-0.23,0.55,0.39,-0.53,-0.15,0,0,-6.00
2002-06-07T23:00:00,0.48,-0.64,0.16,1.73,-0.29,0.52,0.37,-0.49,-0.12,0,0,-8.00
2002-06-08T00:00:00,0.67,-0.37,0.44,1.7,-0.18,0.57,0.18,-0.43,-0.12,0,0,-4.00
2002-06-08T01:00:00,0.81,-0.2,0.29,1.64,-0.58,0.6,0.51,-0.23,-0.01,1,0,2.00
2002-06-08T02:00:00,0.8,-0.45,0.41,1.58,-0.33,0.5,0.76,-0.29,-0.05,1,0,3.00
2002-06-08T03:00:00,0.92,-0.61,0.41,1.57,-0.61,0.53,0.92,-0.32,-0.09,1,0,2.00
2002-06-08T04:00:00,0.98,-0.76,0.34,1.64,-0.77,0.59,0.65,-0.42,-0.14,1,0,5.00
2002-06-08T05:00:00,1.17,-0.69,0.05,1.71,-0.78,0.2,0.58,-0.47,-0.16,1,0,7.00
2002-06-08T06:00:00,0.97,-0.92,-0.13,1.65,-0.98,0.07,0.75,-0.47,-0.16,1,0,6.00
2002-06-08T07:00:00,0.74,-0.9,-0.17,1.57,-0.9,0.25,1.47,-0.5,-0.14,1,0,2.00
2002-06-08T08:00:00,0.63,-0.62,0.05,1.59,-1.07,0.19,3.01,-0.54,-0.08,1,0,2.00
2002-06-08T09:00:00,-0.28,0.24,0.39,1.63,-1.24,0.02,3.71,-0.53,0.19,1,0,5.00
2002-06-08T10:00:00,-1.07,0.57,-0.46,1.54,-1.42,0.25,4.63,-0.5,-0.1,1,0,8.00
2002-06-08T11:00:00,-1.18,1.53,-0.21,1.3,-1.75,-0.6,4.33,-0.28,-0.09,1,0,10.00
2002-06-08T12:00:00,-0.31,0.63,1.09,1.24,-1.54,-0.54,3.11,-0.34,-0.06,1,0,13.00
2002-06-08T13:00:00,1.24,-1.13,-0.91,1.09,-0.93,-0.58,1.93,-0.33,-0.14,1,0,21.00
2002-06-08T14:00:00,1.24,-1.07,-1.05,0.94,-0.43,-0.39,1.22,-0.22,-0.15,1,0,17.00
2002-06-08T15:00:00,0.98,-0.48,0.16,0.66,0.74,0.59,0.68,0.28,0.09,1,0,13.00
2002-06-08T16:00:00,1.48,-1.14,0.19,0.81,0.2,0.57,0.75,0.54,-0.06,1,0,6.00
2002-06-08T17:00:00,1.24,-1.12,-0.41,0.7,0.3,0.38,0.84,0.59,-0.03,1,0,2.00
2002-06-08T18:00:00,1.27,-0.9,-0.42,0.65,0.39,0.31,0.88,0.48,-0.03,1,0,-7.00
2002-06-08T19:00:00,1.18,-0.66,0.08,0.57,0.61,1.1,1.12,0.42,0.08,1,0,-5.00
2002-06-08T20:00:00,0.93,-0.55,-0.84,0.46,0.48,0.62,1.01,0.13,-0.05,1,0,-5.00
2002-06-08T21:00:00,0.87,0.2,-0.81,0.45,0.68,0.47,0.87,0.04,-0.05,1,0,-6.00
2002-06-08T22:00:00,1.07,-0.53,-0.4,0.48,0.37,0.53,0.62,0.01,-0.06,1,0,-15.00
2002-06-08T23:00:00,0.94,-1.05,-0.25,0.44,-0.28,0.78,0.43,-0.05,-0.11,1,0,-18.00
2002-06-10T00:00:00,0.58,-0.71,0.09,0.17,0.38,0.24,0.71,0.51,0.33,0,0,-2.00
2002-06-10T01:00:00,1.18,-0.73,0.16,0.37,-0.1,0.19,0.44,-0.13,-0.11,0,0,-1.00
2002-06-10T02:00:00,1.27,-0.93,0.07,0.37,-0.3,0.41,0.24,-0.22,-0.15,0,0,-3.00
2002-06-10T03:00:00,1.33,-0.88,0.65,0.33,0.3,1.48,0.18,-0.2,-0.15,0,0,-4.00
2002-06-10T04:00:00,1.25,-0.8,0.14,0.22,1.71,0.55,0.17,-0.08,-0.13,0,0,-9.00
2002-06-10T05:00:00,0.61,-1.07,-0.16,-0.23,1.6,0.56,0.12,0.43,-0.03,0,0,-11.00
2002-06-10T06:00:00,0.78,-0.31,0.62,-0.17,2.27,0.88,0.34,0.59,0.13,0,0,-9.00
2002-06-10T07:00:00,0.83,-0.82,0.18,-0.14,2.19,0.73,0.4,0.67,0.1,0,0,-4.00
2002-06-10T08:00:00,0.39,-0.78,-0.4,-0.22,2.45,0.07,0.49,0.5,0.16,0,0,-12.00
2002-06-10T09:00:00,0.56,-0.67,-0.38,-0.06,2.35,0.33,0.38,0.39,0.11,0,0,-8.00
2002-06-10T10:00:00,0.71,-0.98,-0.59,0.16,1.55,-0.08,-0.0,-0.03,-0.13,0,0,-3.00
2002-06-10T11:00:00,0.7,-1.0,-0.77,0.21,1.41,-0.47,-0.11,-0.17,-0.15,0,0,-6.00
2002-06-10T12:00:00,0.85,-0.95,-0.66,0.31,1.34,-0.51,-0.1,-0.19,-0.15,0,0,-11.00
2002-06-10T13:00:00,0.91,-1.05,-0.29,0.33,1.21,-0.04,0.09,-0.2,-0.14,0,0,-19.00
2002-06-10T14:00:00,0.39,-0.62,-0.91,0.21,1.64,-0.77,0.21,-0.04,-0.11,0,0,-20.00
2002-06-10T15:00:00,0.83,-0.74,-0.25,0.41,1.24,0.11,0.37,-0.0,-0.05,0,0,-28.00
2002-06-10T16:00:00,0.94,-0.71,-0.14,0.47,1.39,0.27,0.48,-0.03,-0.05,0,0,-29.00
2002-06-10T17:00:00,0.52,-1.01,-0.26,0.37,1.02,0.21,0.36,-0.15,-0.09,0,0,-38.00
2002-06-10T18:00:00,1.32,-0.81,0.39,0.65,1.07,1.2,0.26,-0.34,-0.16,0,0,-29.00
2002-06-10T19:00:00,1.35,-0.55,0.55,0.66,1.27,1.37,0.3,-0.34,-0.16,0,0,-33.00
2002-06-10T20:00:00,0.1,-0.92,-0.78,0.45,0.82,-0.42,0.07,-0.19,-0.14,0,0,-31.00
2002-06-10T21:00:00,0.68,-0.72,-0.33,0.59,0.98,0.15,0.17,-0.07,-0.07,0,0,-36.00
2002-06-10T22:00:00,0.82,-0.76,0.04,0.68,0.75,0.78,0.15,-0.16,-0.09,0,0,-30.00
2002-06-10T23:00:00,0.7,-0.91,-0.04,0.76,0.29,0.62,0.05,-0.35,-0.14,0,0,-24.00
2002-06-11T00:00:00,0.54,-0.99,-0.3,0.75,0.08,-0.14,-0.04,-0.38,-0.15,0,0,-24.00
2002-06-11T01:00:00,0.61,-1.11,-0.18,0.8,-0.09,-0.09,-0.07,-0.37,-0.16,0,0,-30.00
2002-06-11T02:00:00,0.73,-0.78,0.73,0.84,0.37,1.42,-0.11,-0.42,-0.17,0,0,-25.00
2002-06-11T03:00:00,0.88,-1.1,0.14,0.95,-0.04,0.09,-0.01,-0.4,-0.17,0,0,-22.00
2002-06-11T04:00:00,0.91,-0.99,-0.25,0.93,0.13,-0.71,0.07,-0.41,-0.16,0,0,-19.00
2002-06-11T05:00:00,0.64,-1.12,-0.32,0.84,0.09,-0.86,0.15,-0.4,-0.16,0,0,-14.00
2002-06-11T06:00:00,0.54,-0.09,-0.94,0.8,1.05,-1.74,0.31,-0.41,-0.15,0,0,-12.00
2002-06-11T07:00:00,0.57,-0.78,-0.08,0.87,-0.05,-0.74,0.03,-0.42,-0.14,0,0,-13.00
2002-06-11T08:00:00,0.74,-0.88,-0.19,0.87,-0.06,-0.95,0.09,-0.35,-0.14,0,0,-13.00
2002-06-11T09:00:00,0.72,-0.76,-0.24,0.85,-0.03,-1.24,0.08,-0.26,-0.12,0,0,-23.00
2002-06-11T10:00:00,0.67,-0.97,0.21,0.8,-0.31,-0.43,-0.03,-0.26,-0.13,0,0,-22.00
2002-06-11T11:00:00,0.74,-1.09,0.1,0.83,-0.62,-0.52,-0.08,-0.31,-0.15,0,0,-21.00
2002-06-11T12:00:00,0.76,-0.93,-0.07,0.84,-0.51,-0.65,-0.06,-0.29,-0.14,0,0,-19.00
2002-06-11T13:00:00,0.76,-0.75,-0.23,0.83,-0.28,-0.84,0.02,-0.27,-0.12,0,0,-14.00
2002-06-11T14:00:00,0.58,-1.04,-0.18,0.81,-0.71,-0.85,-0.03,-0.35,-0.15,0,0,-17.00
2002-06-11T15:00:00,0.34,-1.24,0.02,0.74,-0.93,-0.42,-0.02,-0.38,-0.16,0,0,-17.00
2002-06-11T16:00:00,0.18,-1.28,-0.14,0.68,-0.84,-0.57,-0.08,-0.42,-0.17,0,0,-20.00
2002-06-11T17:00:00,0.31,-1.26,-0.25,0.73,-0.69,-0.77,-0.1,-0.43,-0.17,0,0,-21.00
2002-06-11T18:00:00,0.46,-1.15,-0.37,0.8,-0.67,-0.89,-0.13,-0.4,-0.17,0,0,-20.00
2002-06-11T19:00:00,0.41,-1.21,-0.26,0.77,-0.77,-0.76,-0.12,-0.37,-0.16,0,0,-18.00
2002-06-11T20:00:00,0.18,-1.23,-0.42,0.73,-0.64,-0.97,-0.1,-0.36,-0.16,0,0,-17.00
2002-06-11T21:00:00,0.57,-1.12,-0.37,0.9,-0.57,-0.81,-0.07,-0.35,-0.16,0,0,-17.00
2002-06-11T22:00:00,0.41,-1.1,-0.51,0.8,-0.5,-1.19,-0.06,-0.36,-0.16,0,0,-21.00
2002-06-11T23:00:00,0.59,-1.26,-0.26,0.89,-0.69,-0.63,-0.1,-0.38,-0.17,0,0,-27.00
2002-06-12T00:00:00,0.76,-1.15,0.03,0.96,-0.64,-0.12,-0.03,-0.37,-0.16,0,0,-25.00
2002-06-12T01:00:00,0.43,-1.29,-0.06,0.86,-0.76,-0.31,-0.07,-0.37,-0.16,0,0,-21.00
2002-06-12T02:00:00,0.21,-1.39,-0.08,0.77,-0.76,-0.41,-0.09,-0.41,-0.17,0,0,-17.00
2002-06-12T03:00:00,0.39,-1.34,0.11,0.82,-0.78,-0.14,-0.08,-0.42,-0.17,0,0,-13.00
2002-06-12T04:00:00,0.5,-1.27,0.16,0.9,-0.59,-0.12,-0.02,-0.45,-0.17,0,0,-11.00
2002-06-12T05:00:00,0.58,-1.21,0.19,0.97,-0.55,-0.08,-0.09,-0.44,-0.17,0,0,-12.00
2002-06-12T06:00:00,0.7,-0.21,0.32,0.97,0.57,0.06,-0.04,-0.37,-0.1,0,0,-14.00
2002-06-12T07:00:00,0.93,0.57,0.33,0.98,1.47,-0.1,-0.04,-0.34,-0.14,0,0,-16.00
2002-06-12T08:00:00,1.02,0.56,0.3,1.03,1.55,-0.09,0.03,-0.3,-0.14,0,0,-15.00
2002-06-12T09:00:00,1.03,0.51,-0.26,1.02,1.37,-1.16,0.09,-0.3,-0.14,0,0,-11.00
2002-06-12T10:00:00,0.27,-0.38,-0.38,0.84,0.38,-1.35,0.1,-0.25,-0.0,0,0,-9.00
2002-06-12T11:00:00,0.23,-0.6,-0.26,0.88,0.25,-1.18,-0.02,-0.36,-0.09,0,0,-10.00
2002-06-12T12:00:00,0.23,-1.12,-0.12,0.95,-0.6,-0.9,-0.12,-0.4,-0.16,0,0,-13.00
2002-06-12T13:00:00,0.19,-0.85,0.08,1.0,-0.78,-0.41,0.12,-0.39,-0.11,0,0,-13.00
2002-06-12T14:00:00,-0.74,-0.64,0.18,0.67,-0.07,-0.24,-0.02,-0.47,-0.15,0,0,-14.00
2002-06-12T15:00:00,-0.15,-1.08,0.48,0.92,-0.69,0.2,-0.07,-0.49,-0.17,0,0,-14.00
2002-06-12T16:00:00,-0.23,-1.13,0.36,0.94,-0.7,0.03,-0.11,-0.49,-0.17,0,0,-17.00
2002-06-12T17:00:00,0.39,-0.9,-0.25,1.13,-0.55,-0.76,-0.02,-0.48,-0.16,0,0,-14.00
2002-06-12T18:00:00,0.3,-0.78,-0.07,1.14,-0.29,-0.52,0.05,-0.46,-0.13,0,0,-11.00
2002-06-12T19:00:00,0.46,-0.72,-0.09,1.28,-0.24,-0.57,0.07,-0.44,-0.13,0,0,-10.00
2002-06-12T20:00:00,0.48,-0.73,-0.22,1.27,-0.36,-0.73,0.09,-0.46,-0.14,0,0,-11.00
2002-06-12T21:00:00,0.45,-0.85,0.03,1.23,-0.53,-0.31,0.15,-0.46,-0.14,0,0,-13.00
2002-06-12T22:00:00,0.19,-0.75,-0.24,1.16,-0.38,-0.73,0.19,-0.47,-0.13,0,0,-18.00
2002-06-12T23:00:00,0.3,-0.94,0.3,1.16,-0.48,-0.01,0.22,-0.48,-0.15,0,0,-18.00
2002-06-13T00:00:00,0.63,-0.65,-0.06,1.27,-0.3,-0.5,0.35,-0.45,-0.12,0,0,-12.00
2002-06-13T01:00:00,0.08,-0.37,-0.59,1.15,-0.22,-1.0,0.32,-0.48,-0.13,0,0,-8.00
2002-06-13T02:00:00,0.66,-0.53,-0.29,1.3,-0.31,-0.86,0.23,-0.46,-0.14,0,0,-2.00
2002-06-13T03:00:00,0.74,-0.18,-0.38,1.35,-0.0,-1.08,0.19,-0.45,-0.13,0,0,-2.00
2002-06-13T04:00:00,0.55,-0.39,0.03,1.2,-0.15,-0.36,0.38,-0.41,-0.03,0,0,-7.00
2002-06-13T05:00:00,0.21,0.19,-0.67,1.14,0.11,-0.88,0.47,-0.49,-0.14,0,0,-12.00
2002-06-13T06:00:00,0.46,-0.33,-0.22,1.19,-0.17,-0.59,0.45,-0.44,-0.04,0,0,-20.00
2002-06-13T07:00:00,0.65,-0.88,0.29,1.23,-0.59,-0.29,0.33,-0.44,-0.15,0,0,-19.00
2002-06-13T08:00:00,0.61,-0.95,-0.11,1.19,-0.58,-0.79,0.38,-0.45,-0.15,0,0,-17.00
2002-06-13T09:00:00,0.21,-1.13,0.5,1.08,-0.73,-0.15,0.39,-0.46,-0.16,0,0,-11.00
2002-06-13T10:00:00,0.21,-0.82,0.43,1.07,-0.29,-0.55,0.58,-0.42,-0.11,0,0,-10.00
2002-06-13T11:00:00,0.47,-0.95,0.24,1.1,-0.56,-0.75,0.7,-0.41,-0.12,0,0,-10.00
2002-06-13T12:00:00,0.36,-0.98,0.11,1.1,-0.55,-0.65,0.65,-0.42,-0.12,0,0,-6.00
2002-06-13T13:00:00,0.24,-0.62,0.08,1.05,-0.33,-0.3,0.46,-0.42,-0.03,0,0,-4.00
2002-06-13T14:00:00,0.38,-0.1,-0.82,0.97,0.17,-0.75,0.32,-0.4,-0.14,0,0,-2.00
2002-06-13T15:00:00,0.19,-0.71,-0.41,1.0,-0.27,-0.91,0.4,-0.35,-0.09,0,0,-1.00
2002-06-13T16:00:00,0.52,-0.03,-0.67,1.15,0.34,-1.32,0.34,-0.35,-0.11,0,0,-5.00
2002-06-13T17:00:00,0.41,-0.32,-0.37,1.12,0.12,-0.93,0.35,-0.3,0.0,0,0,-10.00
2002-06-13T18:00:00,-0.01,-0.73,0.12,1.04,-0.2,-0.37,0.3,-0.3,-0.01,0,0,-15.00
2002-06-13T19:00:00,0.61,-0.06,-0.56,1.12,0.4,-0.72,0.19,-0.28,-0.09,0,0,-19.00
2002-06-13T20:00:00,0.4,0.43,-0.42,1.08,0.61,-0.45,0.21,-0.28,-0.06,0,0,-19.00
2002-06-13T21:00:00,0.18,-0.44,0.15,1.04,0.05,-0.02,0.16,-0.24,0.27,0,0,-17.00
2002-06-13T22:00:00,-0.1,-0.49,0.28,0.97,0.09,-0.02,0.19,-0.27,0.12,0,0,-16.00
2002-06-13T23:00:00,-0.08,-0.65,-0.3,1.0,0.07,-0.64,0.13,-0.27,-0.04,0,0,-18.00
2002-06-14T00:00:00,-0.01,-0.39,0.4,1.01,0.2,0.1,0.09,-0.33,0.05,0,0,-19.00
2002-06-14T01:00:00,0.04,-0.68,0.09,1.05,-0.04,-0.37,0.13,-0.34,-0.03,0,0,-16.00
2002-06-14T02:00:00,0.1,-0.69,-0.07,1.08,-0.13,-0.36,0.03,-0.36,-0.07,0,0,-15.00
2002-06-14T03:00:00,-0.07,-0.69,0.01,1.03,-0.15,-0.34,-0.02,-0.37,-0.07,0,0,-12.00
2002-06-14T04:00:00,-0.12,-0.73,-0.12,1.01,-0.17,-0.54,-0.07,-0.38,-0.1,0,0,-10.00
2002-06-14T05:00:00,0.32,-0.68,-0.11,1.14,-0.12,-0.45,-0.1,-0.37,-0.1,0,0,-6.00
2002-06-14T06:00:00,0.19,-0.68,-0.24,1.12,-0.1,-0.59,-0.12,-0.41,-0.12,0,0,-4.00
2002-06-14T07:00:00,0.25,-0.62,0.27,1.13,-0.19,-0.07,-0.05,-0.43,-0.1,0,0,-6.00
2002-06-14T08:00:00,0.44,-0.62,0.3,1.15,-0.22,-0.09,-0.06,-0.42,-0.12,0,0,-6.00
2002-06-14T09:00:00,0.34,-0.74,0.26,1.12,-0.28,-0.06,-0.07,-0.47,-0.14,0,0,-5.00
2002-06-14T10:00:00,0.48,-0.74,0.21,1.15,-0.32,-0.01,-0.06,-0.47,-0.15,0,0,-6.00
2002-06-14T11:00:00,0.53,-0.64,0.09,1.18,-0.38,-0.01,0.05,-0.48,-0.14,0,0,-6.00
2002-06-14T12:00:00,0.5,-0.67,0.17,1.19,-0.4,0.06,0.06,-0.43,-0.12,0,0,-7.00
2002-06-14T13:00:00,0.48,-0.72,0.08,1.15,-0.37,-0.17,-0.0,-0.44,-0.13,0,0,-5.00
2002-06-14T14:00:00,0.35,-0.76,-0.02,1.17,-0.69,-0.18,0.22,-0.53,-0.15,0,0,-5.00
2002-06-14T15:00:00,0.57,-0.66,-0.07,1.23,-0.68,-0.16,0.21,-0.53,-0.15,0,0,-4.00
2002-06-14T16:00:00,0.65,-0.51,-0.26,1.25,-0.6,-0.25,0.26,-0.52,-0.15,0,0,-5.00
2002-06-14T17:00:00,0.71,-0.32,-0.36,1.17,-0.4,0.04,0.16,-0.44,-0.13,0,0,-7.00
2002-06-14T18:00:00,0.7,-0.14,-0.37,1.16,-0.42,0.09,0.18,-0.43,-0.12,0,0,-9.00
2002-06-14T19:00:00,0.28,-0.47,-0.17,1.12,-0.4,0.27,0.22,-0.49,-0.08,0,0,-11.00
2002-06-14T20:00:00,0.12,-0.83,-0.13,1.11,-0.62,0.15,0.23,-0.5,-0.14,0,0,-11.00
2002-06-14T21:00:00,0.14,-0.85,0.0,1.12,-0.51,0.06,0.34,-0.49,-0.13,0,0,-9.00
2002-06-14T22:00:00,-0.01,-0.76,0.01,1.09,-0.24,0.01,0.42,-0.47,-0.1,0,0,-10.00
2002-06-14T23:00:00,0.09,-0.74,-0.15,1.1,-0.26,-0.07,0.4,-0.46,-0.1,0,0,-11.00
2002-06-15T00:00:00,0.22,-0.55,0.02,1.13,-0.21,0.03,0.48,-0.43,0.01,0,0,-7.00
2002-06-15T01:00:00,0.04,-0.29,0.25,1.1,-0.15,0.2,0.53,-0.42,0.43,0,0,-4.00
2002-06-15T02:00:00,0.51,-0.63,-0.01,1.18,-0.39,0.01,0.56,-0.43,-0.08,0,0,-2.00
2002-06-15T03:00:00,0.49,-0.57,-0.23,1.19,-0.44,-0.04,0.58,-0.44,-0.09,0,0,2.00
2002-06-15T04:00:00,0.28,-0.57,-0.08,1.16,-0.33,0.09,0.6,-0.44,-0.03,0,0,4.00
2002-06-15T05:00:00,0.51,-0.45,-0.18,1.23,-0.36,0.05,0.62,-0.4,-0.03,0,0,5.00
2002-06-15T06:00:00,0.49,-0.52,-0.05,1.24,-0.38,0.11,0.63,-0.41,-0.03,0,0,5.00
2002-06-15T07:00:00,0.46,-0.64,0.06,1.22,-0.49,0.13,0.71,-0.46,-0.08,0,0,4.00
2002-06-15T08:00:00,0.34,-0.73,-0.08,1.23,-0.52,0.21,0.71,-0.5,-0.11,0,0,3.00
2002-06-15T09:00:00,0.05,-0.74,0.24,1.22,-0.37,0.31,0.72,-0.52,-0.11,0,0,2.00
2002-06-15T10:00:00,0.35,-0.86,-0.03,1.27,-0.45,0.18,0.73,-0.51,-0.14,0,0,2.00
2002-06-15T11:00:00,0.22,-0.71,-0.32,1.27,-0.43,0.09,0.77,-0.51,-0.13,0,0,2.00
2002-06-15T12:00:00,0.43,-0.72,-0.02,1.34,-0.51,0.31,0.73,-0.52,-0.13,0,0,2.00
2002-06-15T13:00:00,0.44,-0.73,-0.03,1.36,-0.45,0.28,0.83,-0.53,-0.13,0,0,1.00
2002-06-15T14:00:00,0.34,-0.73,0.01,1.35,-0.42,0.31,1.04,-0.54,-0.12,0,0,-3.00
2002-06-15T15:00:00,0.37,-0.66,0.13,1.36,-0.38,0.36,1.13,-0.53,-0.1,0,0,-4.00
2002-06-15T16:00:00,0.48,-0.59,-0.05,1.36,-0.42,0.31,1.29,-0.53,-0.09,0,0,-4.00
2002-06-15T17:00:00,0.63,-0.55,-0.12,1.36,-0.47,0.33,1.34,-0.54,-0.12,0,0,-3.00
2002-06-15T18:00:00,0.34,-0.32,-0.17,1.34,-0.49,0.35,2.0,-0.54,0.04,0,0,-1.00
2002-06-15T19:00:00,0.23,-0.18,-0.15,1.36,-0.53,0.33,2.39,-0.54,0.34,0,0,2.00
2002-06-15T20:00:00,0.13,-0.03,-0.11,1.33,-0.51,0.36,2.93,-0.52,1.54,0,0,4.00
2002-06-15T21:00:00,-0.35,0.71,0.18,1.3,-0.84,0.45,2.88,-0.5,-0.02,0,0,6.00
2002-06-15T22:00:00,-0.56,0.75,-0.44,1.3,-0.95,0.75,2.16,-0.47,-0.1,1,0,8.00
2002-06-15T23:00:00,-0.63,1.03,-0.31,1.31,-1.09,0.7,1.8,-0.45,-0.13,1,0,10.00
2002-06-16T00:00:00,-0.8,1.1,-0.07,1.32,-1.21,0.57,1.92,-0.42,-0.12,1,0,12.00
2002-06-16T01:00:00,-0.92,0.48,0.56,1.35,-0.89,0.3,2.22,-0.36,-0.06,1,0,9.00
2002-06-16T02:00:00,-0.79,0.32,0.9,1.35,-0.81,0.16,2.36,-0.38,-0.08,1,0,6.00
2002-06-16T03:00:00,-0.18,0.72,1.1,1.24,-1.08,0.26,2.58,-0.46,-0.12,1,0,6.00
2002-06-16T04:00:00,-0.44,0.73,1.14,1.19,-0.74,0.74,2.82,-0.42,-0.12,1,0,9.00
2002-06-16T05:00:00,-0.16,0.33,0.02,1.19,-0.73,1.04,4.84,-0.37,1.95,1,0,13.00
2002-06-16T06:00:00,-0.49,1.15,0.43,1.03,0.02,1.35,1.67,-0.1,-0.02,1,0,19.00
2002-06-16T07:00:00,-0.57,1.37,0.62,0.86,0.98,0.97,1.19,-0.02,-0.08,1,0,17.00
2002-06-16T08:00:00,-0.64,0.05,0.35,0.88,0.83,1.17,1.51,0.1,0.56,1,0,11.00
2002-06-16T09:00:00,-1.25,0.44,-0.01,0.86,0.83,0.98,1.26,0.02,-0.01,1,0,3.00
2002-06-16T10:00:00,-1.03,0.99,-0.15,0.84,0.62,0.45,1.05,0.0,-0.06,1,0,9.00
2002-06-16T11:00:00,-1.09,0.48,-0.46,0.72,0.83,0.26,1.12,0.23,0.02,1,0,10.00
2002-06-16T12:00:00,-0.65,1.15,0.24,0.59,0.7,0.31,0.95,0.01,-0.05,1,0,11.00
2002-06-16T13:00:00,-0.99,0.91,-0.1,0.65,0.76,0.49,0.71,-0.03,-0.07,1,0,8.00
2002-06-16T14:00:00,-0.98,0.8,-0.22,0.65,0.82,0.66,0.56,-0.12,-0.09,1,0,1.00
2002-06-16T15:00:00,-0.89,0.94,0.01,0.67,0.73,0.62,0.5,-0.13,-0.1,1,0,-3.00
2002-06-16T16:00:00,-1.04,0.65,0.16,0.66,0.85,0.56,0.43,-0.18,-0.1,1,0,-4.00
2002-06-16T17:00:00,-1.28,0.49,0.19,0.7,0.91,0.69,0.36,-0.24,-0.13,0,0,-7.00
2002-06-16T18:00:00,-1.43,0.39,0.24,0.72,0.92,0.77,0.25,-0.3,-0.15,0,0,-10.00
2002-06-16T19:00:00,-1.63,0.29,0.19,0.68,0.8,0.38,0.26,-0.28,-0.16,0,0,-3.00
2002-06-16T20:00:00,-1.69,0.31,-0.08,0.78,0.76,0.3,0.44,-0.31,-0.16,0,0,3.00
2002-06-16T21:00:00,-1.59,0.58,-0.22,0.87,1.0,0.1,0.48,-0.32,-0.16,0,0,8.00
2002-06-16T22:00:00,-1.56,0.33,-0.35,0.9,1.18,-0.19,0.66,-0.32,-0.15,0,0,9.00
2002-06-16T23:00:00,-1.44,0.32,-0.41,0.94,1.11,-0.19,0.71,-0.26,-0.13,0,0,6.00
2002-06-17T00:00:00,-1.29,0.44,-0.5,1.02,1.36,0.03,0.47,-0.21,-0.13,0,0,2.00
2002-06-17T01:00:00,-0.79,0.87,-0.22,1.0,1.13,-0.39,0.54,-0.19,-0.09,0,0,-2.00
2002-06-17T02:00:00,-0.87,0.89,-0.04,1.07,0.96,-0.42,0.55,-0.14,-0.09,0,0,-8.00
2002-06-17T03:00:00,-0.64,0.94,0.36,1.1,1.11,-0.55,0.36,-0.25,-0.11,0,0,-10.00
2002-06-17T04:00:00,-0.56,1.04,0.09,1.12,0.82,-0.22,0.32,-0.26,-0.12,0,0,-9.00
2002-06-17T05:00:00,-0.25,1.03,0.17,1.07,0.91,-0.25,0.32,-0.27,-0.11,0,0,-5.00
2002-06-17T06:00:00,0.64,-0.18,0.0,0.98,1.32,-0.37,0.6,-0.3,0.08,0,0,-2.00
2002-06-17T07:00:00,-0.06,0.36,0.11,1.13,1.17,-0.49,0.31,-0.34,0.35,0,0,-2.00
2002-06-17T08:00:00,-0.25,0.95,0.07,1.14,0.67,-0.3,0.2,-0.32,-0.11,0,0,-2.00
2002-06-17T09:00:00,-0.07,0.84,-0.09,1.16,0.37,-0.24,0.37,-0.34,-0.08,0,0,-2.00
2002-06-17T10:00:00,0.05,0.85,-0.09,1.12,0.28,-0.41,0.58,-0.33,-0.06,0,0,1.00
2002-06-17T11:00:00,-0.39,0.75,-0.0,1.14,0.22,-0.54,0.96,-0.26,0.02,0,0,2.00
2002-06-17T12:00:00,-0.55,0.75,-0.06,1.19,0.05,-0.72,1.21,-0.22,0.02,0,0,3.00
2002-06-17T13:00:00,-0.46,0.97,0.02,1.22,-0.01,-0.75,1.1,-0.28,-0.06,0,0,3.00
2002-06-17T14:00:00,0.25,0.99,0.57,1.1,0.05,-1.29,1.19,-0.35,-0.1,0,0,5.00
2002-06-17T15:00:00,0.46,0.89,0.41,1.1,0.13,-1.06,0.98,-0.41,-0.11,0,0,3.00
2002-06-17T16:00:00,0.05,0.98,0.6,1.19,0.28,-0.92,0.65,-0.46,-0.15,0,0,0.00
