2003-01-02T13:00:00,-0.66,0.75,-0.27,1.21,-0.85,0.25,0.16,-0.45,-0.15,0,0,-12.00
2003-01-02T14:00:00,-0.37,0.76,-0.4,1.1,-0.76,0.36,0.19,-0.46,-0.15,0,0,-14.00
2003-01-02T15:00:00,-0.4,0.84,0.13,1.13,-1.04,-0.31,0.27,-0.48,-0.14,0,0,-18.00
2003-01-02T16:00:00,-0.32,0.95,-0.18,1.09,-1.04,0.06,0.22,-0.5,-0.16,1,0,-18.00
2003-01-02T17:00:00,-0.1,0.99,-0.28,1.01,-1.09,0.09,0.39,-0.49,-0.15,1,0,-13.00
2003-01-02T18:00:00,-0.48,0.73,0.18,1.09,-1.04,-0.38,0.44,-0.47,-0.13,1,0,-7.00
2003-01-02T19:00:00,-0.95,0.8,0.34,1.08,-1.26,-0.57,1.01,-0.41,-0.13,1,0,-10.00
2003-01-02T20:00:00,-0.89,1.21,0.68,0.84,-1.5,-1.04,2.25,-0.38,-0.13,1,0,-8.00
2003-01-02T21:00:00,-0.76,1.43,0.78,0.8,-1.56,-1.43,3.11,-0.4,-0.13,1,0,0.00
2003-01-02T22:00:00,-1.07,1.42,0.64,0.84,-1.66,-1.44,3.56,-0.41,-0.13,1,0,8.00
2003-01-02T23:00:00,-0.95,1.26,0.56,0.87,-1.87,-1.46,4.95,-0.48,-0.12,1,0,15.00
2003-01-03T00:00:00,-0.3,-0.52,0.97,0.86,-1.71,-1.26,5.56,-0.5,-0.06,1,0,16.00
2003-01-03T01:00:00,-0.05,-1.69,1.46,0.96,-1.18,-1.57,1.18,-0.35,-0.17,1,0,16.00
2003-01-03T02:00:00,0.74,-1.44,0.7,0.77,-0.01,-1.65,0.85,-0.21,-0.14,1,0,9.00
2003-01-03T03:00:00,0.64,-1.08,0.79,0.53,0.86,-1.83,0.71,-0.09,-0.1,1,0,5.00
2003-01-03T04:00:00,0.5,-1.24,0.41,0.52,0.69,-1.25,0.72,-0.1,-0.09,1,0,4.00
2003-01-03T05:00:00,0.52,-1.25,0.49,0.41,0.17,-0.4,1.03,0.01,-0.06,1,0,5.00
2003-01-03T06:00:00,0.4,-0.96,0.48,0.21,-0.32,-0.51,1.73,-0.0,0.1,1,0,8.00
2003-01-03T07:00:00,0.7,-0.01,-0.07,0.11,-0.22,-0.39,1.54,0.24,0.77,1,0,15.00
2003-01-03T08:00:00,1.31,-0.95,0.23,0.06,-0.23,-0.51,1.25,0.33,-0.01,1,0,18.00
2003-01-03T09:00:00,-0.14,-0.14,0.38,-0.04,-0.23,0.11,1.16,0.03,1.61,1,0,12.00
2003-01-03T10:00:00,-0.02,-0.53,0.69,-0.13,-0.19,0.57,1.16,0.07,0.21,1,0,3.00
2003-01-03T11:00:00,2.14,-1.23,0.01,-0.29,0.1,0.53,0.39,0.09,-0.15,1,0,5.00
2003-01-03T12:00:00,2.06,-1.45,-0.15,-0.42,-0.08,0.85,0.45,0.29,-0.15,1,0,3.00
2003-01-03T13:00:00,2.01,-1.44,0.06,-0.45,-0.4,0.92,0.5,0.45,-0.13,1,0,3.00
2003-01-03T14:00:00,1.85,-1.17,-0.31,-0.47,-0.45,1.98,0.8,0.74,-0.08,1,0,4.00
2003-01-03T15:00:00,1.9,-0.71,-1.01,-0.54,0.63,1.0,0.93,0.5,-0.11,1,0,5.00
2003-01-03T16:00:00,1.89,-0.99,-0.61,-0.58,0.96,0.83,1.16,0.51,-0.09,1,0,-4.00
2003-01-03T17:00:00,1.41,-0.97,-0.68,-0.61,1.4,0.82,1.21,0.63,-0.03,1,0,-9.00
2003-01-03T18:00:00,1.44,-1.92,-0.55,-0.59,0.38,0.79,0.81,0.36,-0.13,1,0,-19.00
2003-01-03T19:00:00,1.42,-1.46,-0.39,-0.63,0.45,1.07,0.77,0.41,-0.1,1,0,-29.00
2003-01-03T20:00:00,1.53,-1.53,-0.26,-0.69,0.66,1.02,0.68,0.43,-0.11,1,0,-32.00
2003-01-03T21:00:00,1.62,-1.49,-0.31,-0.76,0.69,1.32,0.54,0.5,-0.12,1,0,-33.00
2003-01-03T22:00:00,1.6,-1.59,-0.39,-0.94,0.85,1.05,0.41,0.5,-0.13,1,0,-31.00
2003-01-03T23:00:00,1.52,-1.14,-0.65,-0.96,1.72,0.71,0.36,0.67,-0.1,1,0,-25.00
2003-01-04T00:00:00,1.29,-1.38,-0.76,-1.06,1.89,0.47,0.51,0.98,-0.07,1,0,-21.00
2003-01-04T01:00:00,1.72,-1.24,-0.57,-0.73,2.1,1.29,0.47,0.66,-0.11,1,0,-22.00
2003-01-04T02:00:00,1.38,-0.7,-0.04,-0.76,1.84,1.53,0.06,0.45,-0.08,1,0,-19.00
2003-01-04T03:00:00,0.87,-0.47,-0.25,-1.22,0.11,-0.42,-0.22,0.33,-0.04,1,0,-22.00
2003-01-04T04:00:00,1.22,-0.06,0.18,-1.17,1.34,0.27,-0.26,0.29,-0.09,1,0,-33.00
2003-01-04T05:00:00,0.29,-0.39,-0.1,-1.6,0.69,-0.66,-0.4,0.54,0.4,1,0,-31.00
2003-01-04T06:00:00,0.93,-0.08,0.12,-1.27,0.93,-0.27,-0.37,0.5,-0.01,1,0,-24.00
2003-01-04T07:00:00,0.58,-0.36,-0.35,-1.4,0.43,-1.49,-0.46,0.53,0.01,1,0,-21.00
2003-01-04T08:00:00,0.63,-0.46,0.14,-1.3,0.28,-0.22,-0.46,0.51,0.04,0,0,-24.00
2003-01-04T09:00:00,0.77,-0.04,0.26,-1.25,1.16,0.14,-0.42,0.65,0.07,0,0,-30.00
2003-01-04T10:00:00,0.91,0.17,0.17,-1.14,1.58,0.18,-0.45,0.44,-0.04,0,0,-32.00
2003-01-04T11:00:00,0.89,-0.05,0.28,-1.12,1.13,0.25,-0.45,0.41,-0.04,0,0,-32.00
2003-01-04T12:00:00,0.93,-0.29,0.26,-1.08,0.8,0.18,-0.41,0.23,-0.08,0,0,-28.00
2003-01-04T13:00:00,0.93,-0.25,0.1,-1.01,0.58,-0.08,-0.45,0.19,-0.08,0,0,-23.00
2003-01-04T14:00:00,0.51,-0.26,0.16,-0.95,0.37,0.31,-0.42,0.25,0.16,0,0,-22.00
2003-01-04T15:00:00,1.02,-0.23,-0.15,-0.64,0.3,-0.4,-0.45,-0.11,-0.14,0,0,-22.00
2003-01-04T16:00:00,0.82,-0.5,0.18,-0.7,0.17,0.36,-0.4,0.19,-0.07,0,0,-23.00
2003-01-04T17:00:00,0.15,-0.69,-0.23,-0.76,-0.2,-0.62,-0.44,0.06,-0.05,0,0,-16.00
2003-01-04T18:00:00,0.87,-0.3,-0.09,-0.35,0.2,-0.19,-0.36,0.05,-0.08,0,0,-10.00
2003-01-04T19:00:00,0.83,-0.27,-0.06,-0.37,0.24,-0.21,-0.33,0.06,-0.06,0,0,-11.00
2003-01-04T20:00:00,0.94,-0.35,0.19,-0.41,0.38,0.25,-0.38,0.14,-0.09,0,0,-16.00
2003-01-04T21:00:00,0.93,-0.38,0.07,-0.31,0.2,0.07,-0.42,0.08,-0.1,0,0,-14.00
2003-01-04T22:00:00,0.94,-0.36,-0.14,-0.19,0.17,-0.09,-0.36,-0.13,-0.12,0,0,-15.00
2003-01-04T23:00:00,0.71,-0.74,-0.15,-0.32,0.02,-0.27,-0.42,-0.01,-0.12,0,0,-12.00
2003-01-05T00:00:00,0.36,-0.87,-0.02,-0.28,-0.45,-0.18,-0.35,-0.13,-0.11,0,0,-10.00
2003-01-05T01:00:00,0.74,-0.81,-0.0,-0.05,-0.59,-0.34,-0.34,-0.19,-0.14,0,0,-11.00
2003-01-05T02:00:00,0.91,-0.54,-0.14,0.04,-0.18,-0.68,-0.33,-0.25,-0.14,0,0,-10.00
2003-01-05T03:00:00,1.0,-0.27,-0.22,0.06,0.28,-0.86,-0.26,-0.3,-0.14,0,0,-9.00
2003-01-05T04:00:00,1.09,-0.13,-0.13,0.09,0.33,-0.64,-0.31,-0.35,-0.16,0,0,-12.00
2003-01-05T05:00:00,0.56,-0.55,0.06,0.19,-0.36,-0.61,-0.26,-0.28,-0.1,0,0,-15.00
2003-01-05T06:00:00,0.58,-0.82,0.18,0.26,-0.88,-0.46,-0.2,-0.26,-0.13,0,0,-11.00
2003-01-05T07:00:00,0.93,-0.64,0.11,0.48,-0.79,-0.59,-0.21,-0.32,-0.15,0,0,-5.00
2003-01-05T08:00:00,1.14,-0.2,0.08,0.6,-0.04,-0.61,-0.14,-0.34,-0.15,0,0,-4.00
2003-01-05T09:00:00,0.9,-0.66,0.14,0.5,-0.85,-0.56,-0.13,-0.32,-0.14,0,0,-8.00
2003-01-05T10:00:00,0.73,-0.96,0.09,0.49,-1.11,-0.62,-0.18,-0.34,-0.15,0,0,-9.00
2003-01-05T11:00:00,1.06,-0.51,0.05,0.62,-0.39,-0.9,-0.15,-0.4,-0.16,0,0,-5.00
2003-01-05T12:00:00,1.01,-0.4,0.43,0.62,-0.19,-0.11,-0.13,-0.4,-0.16,0,0,-6.00
2003-01-05T13:00:00,0.8,-0.52,-0.41,0.55,-0.3,-1.97,-0.11,-0.36,-0.15,0,0,-10.00
2003-01-05T14:00:00,0.26,-1.04,0.35,0.36,-1.0,-0.31,-0.08,-0.4,-0.15,0,0,-11.00
2003-01-05T15:00:00,0.48,-0.97,0.13,0.49,-1.47,-0.85,-0.03,-0.37,-0.14,0,0,-14.00
2003-01-05T16:00:00,0.83,0.3,-0.2,0.6,0.91,-1.26,0.02,-0.35,-0.12,0,0,-11.00
2003-01-05T17:00:00,0.92,0.25,-0.51,0.66,0.88,-1.76,0.03,-0.38,-0.15,0,0,-10.00
2003-01-05T18:00:00,0.81,-0.5,-0.23,0.65,-0.08,-1.23,0.03,-0.39,-0.14,0,0,-9.00
2003-01-05T19:00:00,0.27,-0.81,0.44,0.49,-0.37,-0.05,-0.08,-0.44,-0.15,0,0,-11.00
2003-01-05T20:00:00,0.27,-1.15,-0.19,0.53,-0.79,-0.88,-0.07,-0.46,-0.17,0,0,-11.00
2003-01-05T21:00:00,0.95,-0.62,0.15,0.82,-0.32,-0.22,-0.05,-0.45,-0.16,0,0,-12.00
2003-01-05T22:00:00,0.64,-0.64,0.19,0.73,-0.32,-0.33,-0.06,-0.43,-0.14,0,0,-10.00
2003-01-05T23:00:00,0.82,-0.55,0.2,0.77,-0.09,-0.22,0.08,-0.35,-0.12,0,0,-11.00
2003-01-06T00:00:00,0.85,-0.25,-0.05,0.79,0.18,-0.59,0.1,-0.34,-0.1,0,0,-6.00
2003-01-06T01:00:00,0.49,-0.56,0.35,0.65,-0.21,0.1,-0.03,-0.37,-0.1,0,0,-4.00
2003-01-06T02:00:00,0.3,-0.2,0.85,0.59,0.26,0.97,-0.07,-0.41,-0.15,0,0,-3.00
2003-01-06T03:00:00,0.54,-0.13,0.53,0.7,0.29,0.4,-0.05,-0.37,-0.1,0,0,0.00
2003-01-06T04:00:00,0.87,-0.15,0.02,0.84,0.26,-0.6,0.1,-0.3,-0.08,0,0,-2.00
2003-01-06T05:00:00,0.63,-0.38,0.38,0.74,-0.13,0.23,-0.02,-0.37,-0.1,0,0,-3.00
2003-01-06T06:00:00,0.92,-0.37,0.1,0.86,-0.25,-0.34,0.06,-0.34,-0.12,0,0,-1.00
2003-01-06T07:00:00,0.72,-0.5,0.31,0.75,-0.21,-0.12,-0.02,-0.34,-0.11,0,0,0.00
2003-01-06T08:00:00,0.68,-0.35,0.58,0.77,0.04,0.48,-0.08,-0.42,-0.14,0,0,-1.00
2003-01-06T09:00:00,0.43,-0.54,0.67,0.7,-0.2,0.62,-0.12,-0.44,-0.15,0,0,-3.00
2003-01-06T10:00:00,0.63,-0.49,0.37,0.75,-0.21,0.12,-0.06,-0.41,-0.13,0,0,-3.00
2003-01-06T11:00:00,0.5,-0.53,0.67,0.72,-0.17,0.66,-0.11,-0.46,-0.16,0,0,-1.00
2003-01-06T12:00:00,0.98,-0.24,-0.05,0.86,0.2,-0.46,0.07,-0.36,-0.13,0,0,-1.00
2003-01-07T05:00:00,0.48,-0.8,-0.27,0.82,-0.33,0.21,0.45,-0.35,-0.1,0,0,-6.00
2003-01-07T06:00:00,0.65,-0.71,-0.1,0.84,-0.29,0.26,0.56,-0.31,-0.07,0,0,0.00
2003-01-07T07:00:00,0.65,-0.69,-0.16,0.87,-0.27,0.25,0.56,-0.31,-0.07,0,0,4.00
2003-01-07T08:00:00,0.5,-0.75,-0.21,0.9,-0.26,0.13,0.6,-0.34,-0.07,0,0,7.00
2003-01-07T09:00:00,0.57,-0.66,-0.27,0.94,-0.28,0.12,0.56,-0.36,-0.09,0,0,3.00
2003-01-07T10:00:00,0.64,-0.73,-0.32,0.96,-0.26,0.11,0.55,-0.4,-0.12,0,0,-2.00
2003-01-07T11:00:00,0.84,-0.52,-0.36,0.98,-0.3,-0.06,0.61,-0.4,-0.12,0,0,-5.00
2003-01-07T12:00:00,0.96,-0.51,-0.21,1.01,-0.37,0.03,0.68,-0.38,-0.12,0,0,-7.00
2003-01-07T13:00:00,0.67,-0.95,-0.37,1.03,-0.37,0.07,0.75,-0.45,-0.15,0,0,-11.00
2003-01-07T14:00:00,0.96,-0.79,-0.34,1.08,-0.36,0.01,0.83,-0.44,-0.15,0,0,-12.00
2003-01-07T15:00:00,1.03,-0.77,-0.34,1.14,-0.41,-0.11,0.59,-0.48,-0.16,0,0,-9.00
2003-01-07T16:00:00,0.73,-0.91,-0.37,1.14,-0.24,-0.05,0.82,-0.43,-0.14,0,0,-10.00
2003-01-07T17:00:00,0.72,-0.93,-0.33,1.18,-0.33,0.17,0.86,-0.46,-0.15,0,0,-12.00
2003-01-07T18:00:00,0.68,-0.88,-0.21,1.17,-0.14,0.03,0.89,-0.42,-0.12,0,0,-13.00
2003-01-07T19:00:00,-0.54,-0.46,-0.28,1.33,-0.37,-0.01,1.17,-0.37,-0.01,0,0,-10.00
2003-01-07T20:00:00,-0.08,-0.48,-0.33,1.34,-0.36,0.07,1.33,-0.38,0.09,0,0,-7.00
2003-01-07T21:00:00,0.66,-0.25,-0.36,1.29,-0.43,0.08,1.37,-0.4,-0.02,0,0,-7.00
2003-01-07T22:00:00,0.33,-0.97,-0.4,1.34,-0.35,0.06,1.53,-0.5,-0.14,0,0,-7.00
2003-01-07T23:00:00,0.38,-0.54,-0.15,1.35,-0.54,-0.07,1.62,-0.42,0.06,0,0,-7.00
2003-01-08T00:00:00,-0.4,-0.25,0.1,1.47,-0.46,-0.15,2.11,-0.49,0.28,0,0,-7.00
2003-01-08T01:00:00,-0.22,-0.61,-0.53,1.5,-0.65,-0.43,1.97,-0.52,-0.11,0,0,-4.00
2003-01-08T02:00:00,-0.41,0.0,-0.22,1.45,-0.49,-0.23,2.25,-0.5,0.13,0,0,2.00
2003-01-08T03:00:00,-0.69,0.53,0.14,1.47,-0.32,0.21,2.35,-0.53,-0.09,0,0,3.00
2003-01-08T04:00:00,-0.02,0.06,0.39,1.57,-0.46,0.33,2.3,-0.51,0.39,0,0,1.00
2003-01-08T05:00:00,0.16,-0.79,-0.42,1.67,-0.89,0.32,2.3,-0.57,-0.14,0,0,2.00
2003-01-08T06:00:00,0.01,-0.44,-0.21,1.7,-0.52,0.47,2.52,-0.54,0.08,0,0,6.00
2003-01-08T07:00:00,-0.03,-0.5,-0.25,1.71,-0.53,0.48,2.5,-0.55,-0.01,0,0,13.00
2003-01-08T08:00:00,0.58,-0.21,-0.07,1.86,-0.36,0.51,2.28,-0.53,0.01,0,0,14.00
2003-01-08T09:00:00,0.72,-0.08,-0.0,1.9,-0.23,0.54,1.98,-0.52,-0.04,0,0,10.00
2003-01-08T10:00:00,0.34,-0.21,-0.03,1.9,-0.15,0.46,2.12,-0.57,0.13,0,0,7.00
2003-01-08T11:00:00,0.36,-0.52,-0.05,1.89,-0.16,0.34,2.62,-0.57,-0.06,0,0,4.00
2003-01-08T12:00:00,0.62,-0.56,-0.1,1.88,-0.18,0.43,3.33,-0.58,-0.11,0,0,2.00
2003-01-08T13:00:00,0.83,-0.48,-0.07,1.9,-0.14,0.55,3.61,-0.58,-0.12,0,0,2.00
2003-01-08T14:00:00,0.68,-0.67,0.15,1.84,-0.33,0.72,3.25,-0.58,-0.13,0,0,1.00
2003-01-08T15:00:00,0.25,-0.91,0.06,1.8,-0.46,0.51,2.75,-0.58,-0.13,0,0,2.00
2003-01-08T16:00:00,0.24,-0.95,0.15,1.79,-0.43,0.35,2.28,-0.58,-0.15,0,0,8.00
2003-01-08T17:00:00,0.51,-0.89,-0.25,1.79,-0.33,0.08,2.48,-0.58,-0.15,0,0,9.00
2003-01-08T18:00:00,0.81,-0.71,-0.46,1.78,-0.34,-0.04,2.13,-0.58,-0.17,0,0,8.00
2003-01-08T19:00:00,0.85,-0.69,-0.44,1.81,-0.5,-0.21,2.25,-0.57,-0.16,0,0,7.00
2003-01-08T20:00:00,0.84,-0.63,-0.42,1.83,-0.59,-0.3,2.31,-0.56,-0.15,0,0,2.00
2003-01-08T21:00:00,1.1,-0.72,-0.09,1.85,-0.55,0.12,2.32,-0.58,-0.17,0,0,-1.00
2003-01-08T22:00:00,1.09,-0.76,-0.02,1.86,-0.53,0.13,2.17,-0.58,-0.17,0,0,-1.00
2003-01-08T23:00:00,1.14,-0.72,-0.12,1.86,-0.48,0.09,1.92,-0.58,-0.17,0,0,0.00
2003-01-09T00:00:00,1.03,-0.83,-0.2,1.79,-0.51,0.02,1.93,-0.56,-0.16,0,0,-2.00
2003-01-09T01:00:00,0.85,-0.92,-0.2,1.69,-0.31,0.23,2.02,-0.55,-0.15,0,0,-2.00
2003-01-09T02:00:00,0.83,-0.85,-0.13,1.69,-0.17,0.36,2.19,-0.55,-0.15,0,0,0.00
2003-01-09T03:00:00,0.82,-1.07,-0.13,1.73,-0.42,0.24,1.69,-0.54,-0.16,0,0,4.00
2003-01-09T04:00:00,0.85,-1.14,-0.16,1.77,-0.46,0.08,1.46,-0.55,-0.17,0,0,4.00
2003-01-09T05:00:00,0.57,-1.06,-0.14,1.8,-0.39,0.17,1.99,-0.55,-0.15,0,0,3.00
2003-01-09T06:00:00,0.4,-0.89,-0.08,1.89,-0.34,0.41,2.65,-0.56,-0.12,0,0,7.00
2003-01-09T07:00:00,0.38,-0.65,0.08,1.93,-0.29,0.62,2.79,-0.56,-0.07,0,0,13.00
2003-01-09T08:00:00,0.5,-0.93,0.3,1.9,-0.21,0.5,1.96,-0.55,-0.14,0,0,16.00
2003-01-09T09:00:00,0.85,-0.67,0.38,1.88,0.07,0.37,1.6,-0.5,-0.13,0,0,15.00
2003-01-09T10:00:00,1.23,-0.43,0.28,1.83,0.34,-0.17,0.64,-0.46,-0.15,0,0,10.00
2003-01-09T11:00:00,1.39,-0.3,0.1,1.82,0.52,-0.31,0.45,-0.5,-0.17,0,0,6.00
2003-01-09T12:00:00,1.24,-0.4,0.15,1.91,0.19,-0.21,1.03,-0.4,-0.13,1,0,3.00
2003-01-09T13:00:00,1.12,-0.58,0.1,1.87,0.25,-0.47,1.07,-0.4,-0.12,1,0,0.00
2003-01-09T14:00:00,0.77,-0.73,0.16,1.93,-0.21,-0.63,2.16,-0.53,-0.12,1,0,2.00
2003-01-09T15:00:00,0.56,-1.11,0.31,1.92,-0.75,-0.7,3.08,-0.57,-0.15,1,0,4.00
2003-01-09T16:00:00,1.02,-0.91,-0.46,1.87,-0.42,-1.15,2.23,-0.55,-0.16,1,0,0.00
2003-01-09T17:00:00,0.98,-0.92,-0.66,1.76,-0.5,-1.2,2.28,-0.53,-0.16,1,0,0.00
2003-01-09T18:00:00,1.36,-1.7,-0.38,1.52,-0.35,-0.07,0.42,-0.49,-0.18,1,0,-1.00
2003-01-09T19:00:00,1.22,-1.71,-0.28,1.52,-0.75,0.19,0.63,-0.53,-0.18,1,0,-7.00
2003-01-09T20:00:00,1.13,-1.46,-0.14,1.57,-1.26,-0.03,1.66,-0.49,-0.17,1,0,-12.00
2003-01-09T21:00:00,1.22,-1.19,-0.1,1.56,-1.34,0.08,2.56,-0.49,-0.15,1,0,-8.00
2003-01-09T22:00:00,1.18,-1.09,0.33,1.62,-1.57,0.55,3.2,-0.47,-0.13,1,0,-5.00
2003-01-09T23:00:00,0.72,-0.77,0.11,1.48,-1.1,0.42,3.27,-0.4,0.01,1,0,1.00
2003-01-10T05:00:00,1.81,-1.57,0.17,0.97,-0.24,0.13,1.3,-0.2,-0.15,1,0,10.00
2003-01-10T06:00:00,1.54,-1.47,0.29,0.88,0.05,-0.06,1.29,-0.13,-0.14,1,0,13.00
2003-01-10T07:00:00,1.23,-1.41,0.33,0.74,0.11,-0.23,1.64,-0.03,-0.09,1,0,15.00
2003-01-10T08:00:00,0.92,-1.69,-0.19,0.72,0.23,-0.44,0.99,-0.25,-0.15,1,0,17.00
2003-01-10T09:00:00,1.55,-0.91,1.15,0.77,0.49,0.71,0.8,-0.11,-0.15,1,0,15.00
2003-01-10T10:00:00,1.7,-1.42,0.44,0.84,0.49,0.25,0.53,-0.17,-0.16,1,0,12.00
2003-01-10T11:00:00,0.23,-1.85,-0.81,0.64,0.1,-1.04,0.29,0.1,-0.15,1,0,9.00
2003-01-10T12:00:00,0.31,-2.02,-0.55,0.67,0.07,-0.78,0.18,0.14,-0.15,1,0,11.00
2003-01-10T13:00:00,1.07,-1.61,-0.26,0.75,0.46,-0.46,0.21,0.24,-0.13,1,0,3.00
2003-01-10T14:00:00,0.79,-1.16,-0.32,0.49,1.08,-0.52,0.5,0.99,0.05,1,0,-8.00
2003-01-10T15:00:00,0.95,-1.22,-0.2,0.45,0.76,-0.84,0.48,0.85,0.0,1,0,-9.00
2003-01-10T16:00:00,0.71,-1.36,-0.3,0.34,0.91,-0.75,0.4,0.56,-0.05,1,0,-8.00
2003-01-10T17:00:00,0.4,-1.41,-0.47,0.24,0.85,-0.9,0.36,0.49,-0.06,1,0,-12.00
2003-01-10T18:00:00,0.52,-1.14,-0.55,0.21,0.87,-1.25,0.25,0.58,-0.03,1,0,-13.00
2003-01-10T19:00:00,-0.07,-1.02,-0.27,0.01,0.97,-1.03,0.21,1.0,0.16,1,0,-15.00
2003-01-10T20:00:00,0.73,-0.95,-0.04,0.41,1.04,-0.24,0.1,0.96,0.07,1,0,-22.00
2003-01-10T21:00:00,0.29,-0.63,-0.61,0.21,1.24,-1.08,0.04,0.99,0.14,1,0,-21.00
2003-01-10T22:00:00,0.15,-0.94,-0.26,0.17,0.88,-0.43,0.07,1.29,0.23,1,0,-21.00
2003-01-10T23:00:00,0.35,-0.91,-0.59,0.26,0.74,-1.06,-0.02,1.25,0.06,1,0,-23.00
2003-01-11T00:00:00,0.32,-0.97,-0.3,0.24,0.09,-0.8,-0.08,1.14,0.1,1,0,-31.00
2003-01-11T01:00:00,0.74,-0.57,-0.55,0.45,0.98,-0.95,-0.08,0.92,0.03,1,0,-27.00
2003-01-11T02:00:00,1.12,-0.36,-0.34,0.53,1.35,-0.48,0.55,1.08,0.17,1,0,-24.00
2003-01-11T03:00:00,0.89,-0.77,-0.16,0.4,0.39,-0.62,-0.01,1.25,0.09,1,0,-27.00
2003-01-11T04:00:00,0.43,-1.15,0.24,0.23,0.18,0.05,-0.15,0.7,-0.03,1,0,-28.00
2003-01-11T05:00:00,0.71,-0.92,0.37,0.33,0.32,0.25,-0.11,0.8,-0.0,1,0,-23.00
2003-01-11T06:00:00,0.84,-0.88,0.28,0.42,0.12,-0.07,-0.1,0.76,-0.01,1,0,-13.00
2003-01-11T07:00:00,0.92,-0.8,0.4,0.51,0.13,0.42,-0.17,0.59,-0.05,1,0,-8.00
2003-01-11T08:00:00,0.75,-1.1,0.28,0.51,-0.39,0.16,-0.32,0.08,-0.13,1,0,-9.00
2003-01-11T09:00:00,0.31,-1.35,0.16,0.35,-0.69,-0.11,-0.4,-0.14,-0.16,1,0,-10.00
2003-01-11T10:00:00,0.39,-1.35,0.16,0.41,-0.73,0.11,-0.42,-0.15,-0.16,1,0,-10.00
2003-01-11T11:00:00,0.44,-1.33,0.23,0.5,-0.74,0.34,-0.46,-0.28,-0.17,1,0,-12.00
2003-01-11T12:00:00,0.24,-1.4,0.16,0.38,-0.79,0.15,-0.46,-0.33,-0.17,1,0,-15.00
2003-01-11T13:00:00,0.21,-1.4,0.05,0.39,-0.87,-0.1,-0.5,-0.41,-0.18,0,0,-19.00
2003-01-11T14:00:00,0.35,-1.36,0.1,0.46,-0.88,0.1,-0.45,-0.35,-0.17,0,0,-21.00
2003-01-11T15:00:00,0.13,-1.36,0.07,0.33,-0.96,0.21,-0.47,-0.4,-0.18,0,0,-23.00
2003-01-11T16:00:00,-0.02,-1.38,0.03,0.29,-1.02,0.22,-0.46,-0.42,-0.18,0,0,-20.00
2003-01-11T17:00:00,0.09,-1.32,-0.27,0.35,-0.96,-0.25,-0.35,-0.46,-0.18,0,0,-18.00
2003-01-11T18:00:00,0.07,-1.33,-0.21,0.3,-1.02,-0.38,-0.33,-0.47,-0.18,0,0,-17.00
2003-01-11T19:00:00,0.32,-1.23,0.08,0.44,-0.95,0.3,-0.39,-0.45,-0.18,0,0,-15.00
2003-01-11T20:00:00,0.07,-1.05,-0.61,0.46,-0.97,-0.22,-0.49,-0.45,-0.18,0,0,-14.00
2003-01-11T21:00:00,0.02,-1.47,-0.0,0.53,-1.21,0.3,-0.58,-0.45,-0.18,0,0,-13.00
2003-01-11T22:00:00,0.21,-1.33,-0.21,0.54,-1.09,0.06,-0.5,-0.48,-0.18,0,0,-14.00
2003-01-11T23:00:00,0.33,-1.17,-0.49,0.59,-0.91,-0.2,-0.5,-0.49,-0.18,0,0,-20.00
2003-01-12T00:00:00,0.24,-1.29,-0.3,0.55,-1.13,0.1,-0.42,-0.46,-0.18,0,0,-20.00
2003-01-12T01:00:00,0.38,-1.25,-0.24,0.57,-1.19,-0.01,-0.41,-0.45,-0.18,0,0,-21.00
2003-01-12T02:00:00,0.55,-1.16,-0.3,0.58,-1.13,-0.18,-0.41,-0.44,-0.18,0,0,-20.00
2003-01-12T03:00:00,0.39,-1.23,-0.37,0.59,-1.05,-0.17,-0.43,-0.45,-0.18,0,0,-22.00
2003-01-12T04:00:00,0.57,-0.87,-0.6,0.64,-0.7,-0.59,-0.33,-0.4,-0.17,0,0,-23.00
2003-01-12T05:00:00,0.21,-0.3,-1.04,0.51,0.3,-1.4,-0.23,-0.39,-0.17,0,0,-23.00
2003-01-12T06:00:00,0.67,-1.28,-0.21,0.68,-1.01,0.03,-0.28,-0.4,-0.17,0,0,-20.00
2003-01-12T07:00:00,0.66,-1.29,0.26,0.69,-1.04,0.45,-0.24,-0.42,-0.17,0,0,-25.00
2003-01-12T08:00:00,0.65,-1.29,0.17,0.65,-1.14,0.5,-0.15,-0.4,-0.17,0,0,-29.00
2003-01-12T09:00:00,0.71,-1.14,0.39,0.68,-1.06,0.78,-0.14,-0.38,-0.17,0,0,-22.00
2003-01-12T10:00:00,0.81,-1.1,0.24,0.7,-0.95,0.34,-0.13,-0.42,-0.17,0,0,-18.00
2003-01-12T11:00:00,0.03,-1.47,-0.15,0.42,-1.33,-0.22,-0.04,-0.4,-0.17,0,0,-16.00
2003-01-12T12:00:00,-0.1,-1.48,0.14,0.42,-1.44,0.14,0.11,-0.41,-0.17,0,0,-14.00
2003-01-12T13:00:00,-0.04,-1.29,-0.14,0.5,-1.28,-0.45,0.04,-0.38,-0.16,0,0,-14.00
2003-01-12T14:00:00,1.03,-0.48,0.26,0.86,-0.32,0.22,-0.04,-0.42,-0.16,0,0,-16.00
2003-01-12T15:00:00,1.65,-0.17,0.09,1.07,0.1,0.03,-0.18,-0.47,-0.18,0,0,-17.00
2003-01-12T16:00:00,1.61,0.05,-0.34,1.08,0.28,-0.65,-0.12,-0.46,-0.18,0,0,-18.00
2003-01-12T17:00:00,0.9,-0.65,0.02,0.9,-0.62,-0.24,-0.1,-0.37,-0.15,0,0,-18.00
2003-01-12T18:00:00,0.63,-1.35,0.26,0.8,-1.08,0.06,-0.12,-0.37,-0.17,0,0,-19.00
2003-01-12T19:00:00,0.81,-1.23,0.01,0.9,-1.05,-0.21,-0.09,-0.37,-0.17,0,0,-21.00
2003-01-12T20:00:00,0.46,-1.38,0.54,0.73,-0.94,0.66,-0.08,-0.42,-0.17,0,0,-21.00
2003-01-12T21:00:00,1.2,-0.92,0.53,0.94,-0.74,0.57,-0.09,-0.42,-0.17,0,0,-17.00
2003-01-12T22:00:00,0.74,-1.37,-0.29,0.78,-0.96,-0.38,0.13,-0.42,-0.17,0,0,-13.00
2003-01-12T23:00:00,0.45,-0.99,-0.97,0.75,-0.47,-1.24,0.17,-0.41,-0.17,0,0,-9.00
2003-01-13T00:00:00,0.21,-1.33,-0.65,0.69,-0.91,-0.41,0.05,-0.5,-0.18,0,0,-5.00
2003-01-13T01:00:00,0.83,-1.25,0.5,0.87,-1.3,0.36,-0.08,-0.39,-0.17,0,0,-9.00
2003-01-13T02:00:00,0.52,-0.75,0.34,0.74,-0.45,0.39,-0.0,-0.37,-0.13,0,0,-14.00
2003-01-13T03:00:00,0.42,-1.31,-0.4,0.72,-0.87,-0.38,0.1,-0.4,-0.16,0,0,-15.00
2003-01-13T04:00:00,0.53,-1.44,-0.03,0.79,-1.1,-0.21,0.06,-0.43,-0.17,0,0,-11.00
2003-01-13T05:00:00,0.41,-1.49,0.18,0.76,-1.14,0.04,-0.04,-0.45,-0.18,0,0,-14.00
2003-01-13T06:00:00,0.2,-1.5,0.13,0.71,-1.08,0.12,-0.06,-0.46,-0.18,0,0,-13.00
2003-01-13T07:00:00,0.54,-1.41,-0.01,0.78,-1.0,-0.12,-0.05,-0.4,-0.17,0,0,-10.00
2003-01-13T08:00:00,0.54,-0.97,-0.17,0.77,-0.17,-0.3,0.12,-0.26,-0.12,0,0,-7.00
2003-01-13T09:00:00,0.12,-1.43,0.46,0.67,-0.86,0.38,0.06,-0.4,-0.17,0,0,-8.00
2003-01-13T10:00:00,0.23,-1.39,0.1,0.71,-0.58,0.32,0.17,-0.37,-0.16,0,0,-10.00
2003-01-13T11:00:00,0.58,-1.3,0.17,0.75,-0.46,0.11,0.23,-0.27,-0.14,0,0,-8.00
2003-01-13T12:00:00,0.79,-1.22,0.41,0.83,-0.49,0.26,0.28,-0.24,-0.14,0,0,-6.00
2003-01-13T13:00:00,0.32,-1.32,0.56,0.8,-0.54,0.31,-0.01,-0.36,-0.16,0,0,-6.00
2003-01-13T14:00:00,0.43,-1.36,0.26,0.8,-0.56,0.25,0.02,-0.34,-0.16,0,0,-6.00
2003-01-13T15:00:00,0.19,-1.49,0.1,0.75,-0.5,0.24,0.07,-0.4,-0.17,0,0,-2.00
2003-01-13T16:00:00,0.41,-1.31,0.43,0.74,-0.74,0.67,0.14,-0.36,-0.16,0,0,-3.00
2003-01-13T17:00:00,0.46,-1.28,0.6,0.72,-0.56,0.15,-0.05,-0.4,-0.17,0,0,-3.00
2003-01-13T18:00:00,0.41,-1.51,0.49,0.71,-0.71,0.08,-0.0,-0.41,-0.17,0,0,-1.00
2003-01-13T19:00:00,0.67,-1.54,0.13,0.81,-0.86,-0.21,0.02,-0.41,-0.17,0,0,0.00
2003-01-13T20:00:00,0.48,-1.61,0.14,0.78,-0.68,0.06,-0.01,-0.42,-0.18,0,0,0.00
2003-01-13T21:00:00,0.05,-1.6,-0.4,0.77,-0.65,-0.39,0.0,-0.47,-0.18,0,0,-2.00
2003-01-13T22:00:00,-0.11,-1.6,-0.71,0.7,-0.8,-0.35,0.27,-0.52,-0.18,0,0,-4.00
2003-01-13T23:00:00,0.09,-1.74,-0.79,0.73,-0.91,-0.15,0.45,-0.51,-0.18,0,0,-3.00
2003-01-14T00:00:00,0.13,-1.64,-0.78,0.81,-0.89,-0.15,0.31,-0.51,-0.18,0,0,-6.00
2003-01-14T01:00:00,0.06,-1.66,-0.89,0.81,-0.86,-0.1,0.45,-0.53,-0.18,0,0,-6.00
2003-01-14T02:00:00,0.5,-1.94,-0.7,0.8,-1.07,0.15,0.68,-0.51,-0.18,0,0,-5.00
2003-01-14T03:00:00,0.3,-2.06,-0.4,0.83,-1.0,0.38,0.77,-0.51,-0.18,0,0,-5.00
2003-01-14T04:00:00,-0.11,-1.53,-0.7,0.77,-0.76,0.09,0.56,-0.45,-0.17,0,0,-10.00
2003-01-14T05:00:00,0.71,-0.35,0.07,0.89,0.53,-0.11,0.56,0.07,0.2,0,0,-13.00
2003-01-14T06:00:00,1.53,0.22,0.2,1.15,1.17,-0.32,0.36,-0.05,-0.12,0,0,-11.00
2003-01-14T07:00:00,1.28,0.63,0.6,1.04,1.59,0.62,0.4,0.13,-0.09,0,0,-16.00
2003-01-14T08:00:00,0.96,1.34,0.42,0.79,1.98,-0.01,0.45,-0.0,-0.12,0,0,-16.00
2003-01-14T09:00:00,0.79,1.39,0.48,0.77,1.91,-0.03,0.43,-0.04,-0.13,0,0,-20.00
2003-01-14T10:00:00,1.08,0.82,-0.16,0.86,1.2,-0.96,0.46,-0.01,-0.09,0,0,-16.00
2003-01-14T11:00:00,1.34,0.62,0.47,0.98,0.91,-0.39,0.3,-0.09,-0.13,0,0,-15.00
2003-01-14T12:00:00,0.86,0.86,0.79,0.84,0.99,0.13,0.38,0.05,-0.1,0,0,-11.00
2003-01-14T13:00:00,0.89,0.27,1.16,0.82,0.33,0.5,0.42,0.01,-0.11,0,0,-9.00
2003-01-14T14:00:00,0.93,-0.94,0.74,0.87,-0.62,0.54,0.46,0.1,-0.09,0,0,-4.00
2003-01-14T15:00:00,0.49,-1.23,0.1,0.78,-0.78,-0.17,0.36,0.09,-0.07,0,0,-3.00
2003-01-14T16:00:00,0.48,-1.23,0.63,0.91,-0.44,1.19,0.01,-0.06,-0.13,0,0,-4.00
2003-01-14T17:00:00,0.66,-1.25,0.32,1.01,-0.77,0.6,0.05,-0.03,-0.12,0,0,-8.00
2003-01-14T18:00:00,0.68,-1.27,0.13,1.1,-1.18,0.46,-0.11,0.01,-0.13,0,0,-12.00
2003-01-14T19:00:00,0.16,-1.27,-0.08,0.95,-0.86,0.57,-0.08,-0.12,-0.13,0,0,-10.00
2003-01-14T20:00:00,-0.65,-1.21,0.06,0.69,-1.39,0.29,-0.06,-0.1,-0.13,0,0,-10.00
2003-01-14T21:00:00,0.99,-0.86,0.14,0.78,-0.11,0.31,-0.34,-0.26,-0.16,0,0,-10.00
2003-01-14T22:00:00,0.93,-1.15,0.26,0.89,-0.12,0.19,-0.3,-0.19,-0.16,0,0,-7.00
2003-01-14T23:00:00,-0.2,-1.24,-0.25,0.72,-0.53,-0.38,-0.14,-0.23,-0.15,0,0,-7.00
2003-01-15T00:00:00,-0.65,-1.02,-0.67,0.65,-0.75,-1.11,-0.04,-0.27,-0.16,0,0,-9.00
2003-01-15T01:00:00,-0.66,-1.09,-0.44,0.69,-0.94,-0.83,-0.07,-0.22,-0.15,0,0,-3.00
2003-01-15T02:00:00,-0.2,-1.31,-0.38,0.83,-0.88,-0.7,-0.02,-0.2,-0.15,0,0,-3.00
2003-01-15T03:00:00,-0.95,-0.92,-0.32,0.58,-0.79,-0.85,0.01,-0.2,-0.14,0,0,-3.00
2003-01-15T04:00:00,-0.88,-0.97,-0.48,0.63,-0.77,-1.12,0.06,-0.18,-0.14,0,0,-3.00
2003-01-15T05:00:00,0.21,-1.08,0.01,0.81,-0.48,-0.42,-0.02,-0.07,-0.09,0,0,-2.00
2003-01-15T06:00:00,0.91,-1.11,0.41,0.83,-0.16,-0.16,-0.1,0.13,-0.12,0,0,-4.00
2003-01-15T07:00:00,-0.2,-1.29,-0.3,0.69,-0.53,-0.93,-0.03,0.12,-0.11,0,0,-9.00
2003-01-15T08:00:00,-0.7,-0.97,-0.41,0.57,-0.42,-0.94,0.03,-0.11,-0.12,0,0,-9.00
2003-01-15T09:00:00,1.24,-0.84,0.48,0.81,-0.09,-0.3,-0.16,-0.05,-0.15,0,0,-5.00
2003-01-15T10:00:00,1.0,-0.43,0.4,0.74,0.42,-0.31,0.1,0.26,-0.03,0,0,-11.00
2003-01-15T11:00:00,0.84,-0.57,0.01,0.71,0.14,-0.98,0.11,0.25,0.02,0,0,-15.00
2003-01-15T12:00:00,0.71,-0.53,-0.16,0.75,-0.22,-0.96,0.19,0.33,0.11,0,0,-9.00
2003-01-15T13:00:00,0.63,-1.01,0.02,0.64,-0.15,-0.56,0.19,0.2,-0.04,0,0,-5.00
2003-01-15T14:00:00,0.48,-0.87,0.17,0.63,-0.06,-0.22,0.08,0.29,0.03,0,0,-9.00
2003-01-15T15:00:00,0.61,-0.18,0.16,0.69,0.58,-0.22,0.07,0.3,0.36,0,0,-10.00
2003-01-15T16:00:00,0.86,-0.43,-0.12,0.75,0.49,-0.61,0.1,0.34,0.05,0,0,-8.00
2003-01-15T17:00:00,0.38,-0.67,0.46,0.66,0.11,0.35,-0.02,0.17,0.03,0,0,-12.00
2003-01-15T18:00:00,-0.31,-0.81,-0.02,0.41,-0.0,-0.02,-0.09,0.09,-0.0,0,0,-12.00
2003-01-15T19:00:00,0.74,-0.18,-0.04,0.71,0.69,0.1,-0.05,0.04,0.05,0,0,-5.00
2003-01-15T20:00:00,0.4,-0.53,-0.09,0.61,0.29,0.15,-0.03,0.08,0.14,0,0,-3.00
2003-01-15T21:00:00,0.42,-0.49,-0.31,0.67,0.39,-0.19,-0.08,-0.01,0.02,0,0,-4.00
2003-01-15T22:00:00,0.09,-0.77,-0.16,0.61,0.15,0.15,-0.14,-0.11,-0.04,0,0,-2.00
2003-01-15T23:00:00,0.25,-0.53,-0.4,0.7,0.4,-0.13,-0.15,-0.09,-0.03,0,0,-4.00
2003-01-16T00:00:00,0.21,-0.79,-0.19,0.7,0.24,0.25,-0.19,-0.16,-0.08,0,0,-4.00
2003-01-16T01:00:00,0.52,-0.58,-0.28,0.89,0.19,-0.09,-0.18,-0.22,-0.09,0,0,-5.00
2003-01-16T02:00:00,0.53,-0.74,-0.04,0.98,-0.14,0.01,-0.07,-0.38,-0.13,0,0,-6.00
2003-01-16T03:00:00,0.85,-0.49,0.06,1.09,-0.11,0.21,0.03,-0.44,-0.14,0,0,-5.00
2003-01-16T04:00:00,0.84,-0.58,0.04,1.12,-0.18,0.21,-0.01,-0.45,-0.15,0,0,-8.00
2003-01-16T05:00:00,0.56,-0.7,-0.19,1.2,-0.49,-0.11,-0.07,-0.46,-0.15,0,0,-11.00
2003-01-16T06:00:00,0.62,-0.63,0.04,1.23,-0.5,0.39,0.03,-0.41,-0.12,0,0,-7.00
2003-01-16T07:00:00,0.61,-0.46,0.11,1.25,-0.34,0.58,0.07,-0.37,-0.08,0,0,-4.00
2003-01-16T08:00:00,0.85,-0.2,-0.02,1.35,0.07,0.36,0.08,-0.36,-0.11,0,0,-3.00
2003-01-16T09:00:00,0.12,-0.68,-0.04,1.17,-0.53,0.29,-0.01,-0.43,-0.1,0,0,-3.00
2003-01-16T10:00:00,0.35,-0.1,-0.51,1.24,-0.07,-0.2,-0.0,-0.42,-0.11,0,0,-1.00
2003-01-16T11:00:00,0.39,-0.15,-0.6,1.27,-0.17,-0.31,0.03,-0.41,-0.13,0,0,-1.00
2003-01-16T12:00:00,0.5,-0.47,-0.32,1.34,-0.6,-0.04,0.02,-0.38,-0.1,0,0,0.00
2003-01-16T13:00:00,0.62,-0.49,-0.15,1.37,-0.68,0.09,0.06,-0.38,-0.1,0,0,-3.00
2003-01-16T14:00:00,0.72,-0.34,0.04,1.42,-0.52,0.42,0.16,-0.33,-0.06,0,0,-6.00
2003-01-16T15:00:00,0.78,-0.26,0.14,1.46,-0.4,0.56,0.12,-0.36,-0.09,0,0,-2.00
2003-01-16T16:00:00,0.52,-0.67,0.07,1.41,-0.78,0.35,0.19,-0.41,-0.11,0,0,0.00
2003-01-16T17:00:00,0.65,-0.42,-0.09,1.45,-0.65,0.21,0.2,-0.38,-0.08,0,0,1.00
2003-01-16T18:00:00,0.08,-0.28,-0.63,1.36,-0.64,-0.34,0.22,-0.48,-0.14,0,0,2.00
2003-01-16T19:00:00,0.25,-0.21,-0.39,1.41,-0.56,-0.13,0.28,-0.43,-0.05,0,0,3.00
2003-01-16T20:00:00,0.31,0.24,-0.43,1.43,-0.16,-0.15,0.27,-0.46,-0.1,0,0,-2.00
2003-01-16T21:00:00,-0.21,-0.1,-0.7,1.32,-0.51,-0.56,0.31,-0.48,-0.14,0,0,-9.00
2003-01-16T22:00:00,0.34,-0.61,-0.4,1.46,-0.93,-0.17,0.31,-0.47,-0.13,0,0,-12.00
2003-01-16T23:00:00,0.26,-0.2,-0.54,1.44,-0.57,-0.37,0.32,-0.48,-0.12,0,0,-11.00
2003-01-17T00:00:00,0.52,-0.63,-0.3,1.48,-0.9,-0.1,0.48,-0.42,-0.11,1,0,-10.00
2003-01-17T01:00:00,0.45,-0.57,-0.43,1.46,-0.84,-0.23,0.51,-0.42,-0.11,1,0,-8.00
2003-01-17T02:00:00,0.34,-0.69,-0.27,1.44,-0.88,-0.02,0.53,-0.43,-0.1,1,0,-7.00
2003-01-17T03:00:00,0.56,-0.54,-0.37,1.49,-0.77,-0.14,0.62,-0.4,-0.09,1,0,-6.00
2003-01-17T04:00:00,0.41,-0.62,-0.48,1.46,-0.86,-0.14,0.74,-0.41,-0.1,1,0,-10.00
2003-01-17T05:00:00,0.8,-0.48,0.11,1.46,-0.7,0.39,1.11,-0.28,-0.0,1,0,-10.00
2003-01-17T06:00:00,0.61,-0.8,-0.12,1.4,-0.97,0.29,1.29,-0.31,-0.03,1,0,-11.00
2003-01-17T07:00:00,0.81,-0.89,-0.46,1.4,-1.06,-0.06,1.44,-0.35,-0.11,1,0,-5.00
2003-01-17T08:00:00,0.38,-0.91,-0.94,1.33,-0.89,-0.1,1.47,-0.44,-0.15,1,0,-2.00
2003-01-17T09:00:00,0.41,-0.93,-0.8,1.33,-0.91,0.22,1.74,-0.46,-0.14,1,0,-3.00
2003-01-17T10:00:00,0.67,-1.39,-0.32,1.42,-1.35,0.33,1.61,-0.47,-0.15,1,0,-7.00
2003-01-17T11:00:00,0.73,-1.26,0.33,1.43,-1.4,0.71,1.93,-0.46,-0.14,1,0,-19.00
2003-01-17T12:00:00,0.58,-1.01,0.8,1.4,-1.2,0.85,2.62,-0.47,-0.13,1,0,-16.00
2003-01-17T13:00:00,0.14,-0.08,0.54,1.35,-1.08,0.51,6.6,-0.51,0.44,1,0,-8.00
2003-01-17T14:00:00,-1.02,1.68,0.37,1.33,-1.04,0.63,2.9,-0.55,-0.17,1,0,2.00
2003-01-17T15:00:00,-1.18,2.13,0.42,1.29,-0.85,0.4,1.05,-0.56,-0.19,1,0,15.00
2003-01-17T16:00:00,-1.08,2.15,0.19,1.26,-0.78,0.56,1.03,-0.53,-0.18,1,0,2.00
2003-01-17T17:00:00,-1.17,2.14,0.31,1.22,-0.84,0.53,0.73,-0.52,-0.19,1,0,0.00
2003-01-17T18:00:00,-1.1,2.16,0.49,1.18,-0.75,0.23,0.54,-0.53,-0.19,1,0,2.00
2003-01-17T19:00:00,-1.17,1.93,0.85,1.11,-0.68,0.23,0.58,-0.46,-0.18,1,0,6.00
2003-01-17T20:00:00,-0.95,1.91,0.93,1.04,-0.78,0.23,0.62,-0.41,-0.18,1,0,4.00
2003-01-17T21:00:00,-1.13,2.0,0.5,1.08,-0.88,0.71,0.69,-0.41,-0.18,1,0,4.00
2003-01-17T22:00:00,-1.29,1.6,0.73,1.08,-0.64,0.35,0.81,-0.38,-0.17,1,0,6.00
2003-01-17T23:00:00,-1.1,1.63,0.77,1.04,-0.46,-0.13,1.08,-0.31,-0.16,1,0,7.00
2003-01-18T00:00:00,-0.92,1.35,0.79,0.94,-0.16,-0.17,1.37,-0.24,-0.13,1,0,6.00
2003-01-18T01:00:00,-0.56,1.87,-0.05,0.8,-0.26,1.04,1.52,-0.26,-0.14,1,0,8.00
2003-01-18T02:00:00,-1.45,0.59,1.04,0.98,0.21,-0.7,1.42,-0.26,-0.14,1,0,12.00
2003-01-18T03:00:00,-1.38,0.95,0.67,0.98,-0.22,-0.32,1.47,-0.2,-0.12,1,0,12.00
2003-01-18T04:00:00,-0.47,1.61,0.05,0.72,-0.53,0.18,1.63,-0.17,-0.1,1,0,7.00
2003-01-18T05:00:00,-1.01,1.25,0.08,0.85,-0.37,-0.01,1.76,-0.08,-0.07,1,0,8.00
2003-01-18T06:00:00,-0.72,1.42,0.55,0.78,-0.44,-0.77,1.77,-0.02,-0.07,1,0,4.00
2003-01-18T07:00:00,-0.68,1.29,0.24,0.81,-0.49,-0.6,1.73,-0.09,-0.05,1,0,-2.00
2003-01-18T08:00:00,-0.45,1.29,0.12,0.76,-0.51,-0.72,1.83,-0.03,-0.0,1,0,2.00
2003-01-18T09:00:00,-1.54,0.91,0.43,1.03,-0.1,-1.15,1.7,-0.03,-0.09,1,0,5.00
2003-01-18T10:00:00,-1.2,0.95,0.03,0.98,0.63,-0.34,1.79,0.01,-0.03,1,0,1.00
2003-01-18T11:00:00,-0.79,-0.11,-1.14,0.83,0.89,0.97,1.9,-0.0,-0.04,1,0,1.00
2003-01-18T12:00:00,-0.8,1.16,-0.67,0.84,-0.15,0.41,2.16,0.03,-0.03,1,0,10.00
2003-01-18T13:00:00,-0.82,1.47,0.78,0.85,-0.27,-1.06,2.29,0.08,-0.05,1,0,5.00
2003-01-18T14:00:00,-1.05,1.06,0.47,0.89,0.13,-0.57,2.26,0.15,0.03,1,0,-8.00
2003-01-18T15:00:00,-0.43,1.55,-0.15,0.83,-0.15,0.01,1.86,0.11,-0.03,1,0,-10.00
2003-01-18T16:00:00,-0.76,1.35,0.74,0.78,-0.02,-0.39,1.83,0.33,-0.0,1,0,-1.00
2003-01-18T17:00:00,-0.78,1.96,1.23,0.67,-0.16,-0.43,1.37,0.16,-0.13,1,0,1.00
2003-01-18T18:00:00,-1.8,1.44,-0.05,0.89,-0.13,0.47,1.3,0.07,-0.13,1,0,-4.00
2003-01-18T19:00:00,-1.43,1.72,0.9,0.75,-0.37,-0.61,1.38,0.12,-0.13,1,0,-1.00
2003-01-18T20:00:00,-1.96,1.55,0.19,0.75,-0.32,0.62,1.34,0.09,-0.13,1,0,-5.00
2003-01-18T21:00:00,-1.79,2.0,0.43,0.52,-0.17,0.75,1.46,0.13,-0.14,1,0,-1.00
2003-01-18T22:00:00,-1.17,2.23,0.94,0.3,-0.57,0.08,1.58,-0.07,-0.15,1,0,-2.00
2003-01-18T23:00:00,-1.06,1.7,1.41,0.31,-0.12,-0.41,1.62,0.01,-0.14,1,0,-1.00
2003-01-19T00:00:00,-1.33,1.35,1.23,0.26,0.12,-0.4,1.13,0.2,-0.12,1,0,2.00
2003-01-19T01:00:00,-1.2,0.99,1.72,0.18,0.5,-1.16,0.99,0.29,-0.13,1,0,3.00
2003-01-19T02:00:00,-1.02,1.04,1.5,0.09,0.12,-0.4,1.01,0.41,-0.1,1,0,5.00
2003-01-19T03:00:00,-1.34,1.02,1.03,0.01,0.15,-1.03,0.85,0.39,-0.09,1,0,9.00
2003-01-19T04:00:00,-1.83,1.0,0.71,0.14,0.29,-0.55,0.37,0.14,-0.15,1,0,7.00
2003-01-19T05:00:00,-1.41,1.09,-0.33,-0.08,0.04,0.68,0.35,0.26,-0.11,1,0,1.00
2003-01-19T06:00:00,-1.29,1.34,-0.13,-0.27,-0.01,0.17,0.32,0.34,-0.11,1,0,-1.00
2003-01-19T07:00:00,-1.15,1.67,-0.0,-0.48,0.14,-0.15,0.07,0.1,-0.15,1,0,-15.00
2003-01-19T08:00:00,-1.42,1.21,-0.82,-0.51,0.37,0.67,-0.15,0.1,-0.16,1,0,-24.00
2003-01-19T09:00:00,-1.92,0.91,-0.25,-0.57,0.94,0.38,-0.36,0.04,-0.17,1,0,-26.00
2003-01-19T10:00:00,-1.52,1.08,0.62,-0.85,0.99,-0.79,-0.22,0.29,-0.15,1,0,-30.00
2003-01-19T11:00:00,-1.5,0.95,-0.17,-0.84,1.23,0.87,-0.24,0.25,-0.15,1,0,-29.00
2003-01-19T12:00:00,-1.3,1.03,0.59,-0.99,0.84,-1.01,-0.21,0.35,-0.14,1,0,-22.00
2003-01-19T13:00:00,-1.29,0.96,0.22,-1.0,1.0,-0.39,-0.12,0.38,-0.12,1,0,-16.00
2003-01-19T14:00:00,-1.37,0.86,-0.36,-0.94,1.08,0.81,-0.12,0.29,-0.13,1,0,-17.00
2003-01-19T15:00:00,-1.41,1.02,-0.61,-0.89,0.52,1.3,-0.26,0.18,-0.16,1,0,-20.00
2003-01-19T16:00:00,-1.55,0.69,-0.12,-0.86,1.03,0.42,-0.35,0.12,-0.15,1,0,-31.00
2003-01-19T17:00:00,-1.49,1.01,0.13,-0.93,0.09,-0.21,-0.4,0.33,-0.15,1,0,-37.00
2003-01-19T18:00:00,-1.31,0.76,0.64,-1.14,0.25,-0.96,-0.32,0.8,-0.11,1,0,-34.00
2003-01-19T19:00:00,-1.29,0.76,0.31,-1.12,0.64,-1.38,-0.25,0.96,-0.08,1,0,-23.00
2003-01-19T20:00:00,-1.25,-0.27,0.28,-1.26,1.88,-0.09,-0.27,0.99,-0.04,1,0,-17.00
2003-01-19T21:00:00,-1.27,0.81,0.29,-1.22,-0.15,-0.21,-0.38,0.59,-0.12,1,0,-20.00
2003-01-19T22:00:00,-1.09,0.25,0.78,-1.35,0.84,-1.8,-0.39,0.95,-0.09,1,0,-26.00
2003-01-19T23:00:00,-1.33,0.57,0.59,-1.16,0.43,-1.37,-0.46,0.45,-0.14,1,0,-22.00
2003-01-20T00:00:00,-0.9,1.3,0.07,-1.38,-1.05,0.17,-0.37,0.81,-0.11,1,0,-15.00
2003-01-20T01:00:00,-0.76,0.58,-0.75,-1.42,0.25,2.33,-0.37,1.07,-0.07,0,0,-9.00
2003-01-20T02:00:00,-1.0,0.15,-0.5,-1.21,0.96,1.66,-0.38,0.78,-0.06,0,0,-8.00
2003-01-20T03:00:00,-1.01,0.37,0.09,-1.13,0.5,-0.11,-0.38,0.66,-0.04,0,0,-22.00
2003-01-20T04:00:00,-0.92,0.86,0.42,-1.18,-0.39,-0.61,-0.37,0.83,-0.08,0,0,-32.00
2003-01-20T05:00:00,-0.71,0.65,0.41,-1.27,0.03,-0.58,-0.34,0.84,-0.0,0,0,-33.00
2003-01-20T06:00:00,-0.42,0.71,0.51,-1.47,0.14,-0.84,-0.31,1.3,0.1,0,0,-28.00
2003-01-20T07:00:00,-0.2,1.06,0.88,-1.53,-0.43,-1.62,-0.35,0.92,-0.09,0,0,-29.00
2003-01-20T08:00:00,-0.1,1.16,0.9,-1.6,-0.64,-1.68,-0.4,0.9,-0.11,0,0,-28.00
2003-01-20T09:00:00,-0.38,1.12,0.33,-1.49,-0.49,-0.56,-0.43,1.01,-0.06,0,0,-24.00
2003-01-20T10:00:00,-0.45,1.12,0.67,-1.54,-0.59,-1.14,-0.43,1.06,-0.09,0,0,-20.00
2003-01-20T11:00:00,-0.63,0.58,-0.21,-1.49,0.25,0.81,-0.4,1.49,0.12,0,0,-21.00
2003-01-20T12:00:00,-0.97,-0.11,-0.17,-1.31,1.6,0.55,-0.4,1.54,0.09,0,0,-21.00
2003-01-20T13:00:00,-0.88,0.72,-0.04,-1.45,-0.02,0.22,-0.39,1.5,0.02,0,0,-20.00
2003-01-20T14:00:00,-0.97,1.09,0.4,-1.65,-0.07,-1.05,-0.52,1.67,-0.09,0,0,-15.00
2003-01-20T15:00:00,-1.21,1.06,0.09,-1.6,0.13,-0.28,-0.59,1.45,-0.12,0,0,-12.00
2003-01-20T16:00:00,-1.18,1.18,0.17,-1.86,0.7,-0.19,-0.75,1.63,-0.15,0,0,-15.00
2003-01-20T17:00:00,-1.22,1.23,0.22,-1.96,0.62,-0.35,-0.76,1.71,-0.15,0,0,-18.00
2003-01-20T18:00:00,-1.54,0.88,0.19,-1.71,1.93,-0.13,-0.79,1.09,-0.17,0,0,-17.00
2003-01-20T19:00:00,-1.06,1.32,0.16,-2.26,0.23,0.17,-0.79,2.54,-0.14,0,0,-16.00
2003-01-20T20:00:00,-0.95,1.04,0.33,-2.37,1.33,-0.4,-0.76,2.9,-0.11,0,0,-19.00
2003-01-20T21:00:00,-1.27,0.76,0.03,-1.96,1.46,0.72,-0.72,2.66,-0.1,0,0,-20.00
2003-01-20T22:00:00,-1.32,0.26,0.03,-1.82,2.19,0.99,-0.7,1.8,-0.1,0,0,-17.00
2003-01-20T23:00:00,-0.99,0.45,0.03,-2.07,1.11,0.68,-0.67,2.34,-0.02,0,0,-16.00
2003-01-21T00:00:00,-1.13,0.72,-0.03,-2.09,0.14,0.89,-0.69,1.85,-0.1,0,0,-16.00
2003-01-21T01:00:00,-0.93,0.37,0.31,-2.06,-0.18,-1.05,-0.24,2.39,0.26,0,0,-16.00
2003-01-21T02:00:00,-1.03,0.4,0.22,-1.97,0.09,0.3,-0.19,2.56,0.25,0,0,-12.00
2003-01-21T03:00:00,-1.26,0.08,-0.23,-2.02,0.4,1.5,-0.55,1.61,-0.06,0,0,-9.00
2003-01-21T04:00:00,-1.21,0.07,-0.42,-2.12,0.54,1.04,-0.64,1.37,-0.1,0,0,-9.00
2003-01-21T05:00:00,-0.94,0.64,-0.24,-2.17,-0.75,0.49,-0.64,0.91,-0.11,0,0,-18.00
2003-01-21T06:00:00,-0.76,0.67,-0.2,-2.1,-0.58,0.91,-0.66,0.78,-0.1,0,0,-18.00
2003-01-21T07:00:00,-0.92,0.5,-0.08,-2.0,-0.36,0.12,-0.67,0.92,-0.09,0,0,-14.00
2003-01-21T08:00:00,-1.17,0.07,-0.11,-1.85,0.77,0.05,-0.68,0.61,-0.13,0,0,-20.00
2003-01-21T09:00:00,-1.11,-0.12,-0.26,-1.87,1.11,0.3,-0.66,0.39,-0.14,0,0,-25.00
2003-01-21T10:00:00,-1.08,0.02,-0.23,-1.81,0.75,0.26,-0.69,0.21,-0.15,0,0,-24.00
2003-01-21T11:00:00,-0.89,0.15,0.08,-1.9,1.1,-0.46,-0.72,0.72,-0.09,0,0,-27.00
2003-01-21T12:00:00,-0.52,0.88,0.02,-2.31,0.48,-0.12,-0.76,1.32,-0.1,0,0,-26.00
2003-01-21T13:00:00,-0.93,0.74,0.04,-1.98,0.31,-0.37,-0.78,0.88,-0.14,0,0,-26.00
2003-01-21T14:00:00,-0.97,0.69,0.0,-1.95,0.25,-0.43,-0.77,0.98,-0.13,0,0,-25.00
2003-01-21T15:00:00,-0.53,0.74,0.3,-1.84,0.12,-0.28,-0.67,0.98,-0.07,0,0,-25.00
2003-01-21T16:00:00,-0.97,0.44,0.19,-1.59,0.27,-0.33,-0.58,0.82,-0.08,0,0,-19.00
2003-01-21T17:00:00,0.13,-0.04,0.31,-1.8,0.67,-0.35,-0.4,0.53,1.37,0,0,-15.00
2003-01-21T18:00:00,-0.15,0.15,0.38,-1.59,0.09,-0.52,-0.29,0.45,0.68,0,0,-12.00
2003-01-21T19:00:00,-0.58,-0.25,0.18,-1.35,0.69,-0.28,-0.26,0.72,0.35,0,0,-7.00
2003-01-21T20:00:00,-0.29,0.03,0.44,-1.28,0.15,-0.92,-0.33,0.41,0.35,0,0,-3.00
2003-01-21T21:00:00,-0.69,0.56,-0.05,-1.11,-0.39,-0.17,-0.3,0.12,-0.05,0,0,-5.00
2003-01-21T22:00:00,-0.58,0.88,-0.27,-1.18,-0.72,0.39,-0.23,0.17,-0.09,0,0,-6.00
2003-01-21T23:00:00,-0.26,0.81,0.08,-1.21,-0.3,-0.18,-0.21,0.38,0.03,0,0,-8.00
2003-01-22T00:00:00,-0.32,0.63,-0.25,-1.16,0.18,0.5,-0.29,0.48,0.06,0,0,-16.00
2003-01-22T01:00:00,-0.36,0.81,-0.17,-1.21,-0.08,0.02,-0.38,0.44,-0.03,0,0,-18.00
2003-01-22T02:00:00,-0.25,0.84,-0.07,-1.24,-0.06,-0.17,-0.36,0.59,0.01,0,0,-14.00
2003-01-22T03:00:00,-0.43,0.62,0.03,-1.1,0.1,-0.36,-0.33,0.64,0.11,0,0,-12.00
2003-01-22T04:00:00,-0.31,0.56,-0.05,-1.12,0.03,-0.1,-0.34,0.51,0.16,0,0,-17.00
2003-01-22T05:00:00,-0.41,0.65,-0.03,-0.98,-0.22,-0.01,-0.36,0.49,0.05,0,0,-23.00
2003-01-22T06:00:00,0.19,0.23,0.64,-1.19,0.25,-0.88,-0.42,0.37,0.04,0,0,-22.00
2003-01-22T07:00:00,0.04,0.72,-0.11,-1.12,-0.61,0.21,-0.44,0.42,0.02,0,0,-14.00
2003-01-22T08:00:00,-0.51,0.34,0.29,-0.79,-0.53,-1.15,-0.45,0.22,0.03,0,0,-12.00
2003-01-22T09:00:00,-0.69,0.63,-0.04,-0.51,-1.26,-1.16,-0.37,-0.15,-0.12,0,0,-16.00
2003-01-22T10:00:00,-0.54,0.81,-0.14,-0.51,-1.35,-0.77,-0.33,-0.25,-0.14,0,0,-18.00
2003-01-22T11:00:00,-0.51,0.84,-0.17,-0.5,-1.35,-0.6,-0.28,-0.18,-0.13,0,0,-19.00
2003-01-22T12:00:00,-0.54,0.61,0.08,-0.52,-0.87,-1.07,-0.14,-0.08,-0.04,0,0,-23.00
2003-01-22T13:00:00,-0.24,0.83,0.1,-0.62,-1.2,-1.02,-0.08,-0.02,-0.04,0,0,-17.00
2003-01-22T14:00:00,-0.22,0.72,0.49,-0.66,-0.99,-1.38,0.01,0.03,-0.02,0,0,-16.00
2003-01-22T15:00:00,-0.51,0.6,0.4,-0.62,-1.0,-1.36,0.11,0.16,0.05,0,0,-12.00
2003-01-22T16:00:00,-0.65,0.81,-0.08,-0.7,-0.89,-0.41,0.04,0.24,-0.02,0,0,-10.00
2003-01-22T17:00:00,-0.38,0.94,0.11,-0.98,-0.6,-0.53,0.05,0.47,0.04,0,0,-10.00
2003-01-22T18:00:00,-0.4,0.87,0.61,-1.13,-0.09,-1.22,0.15,0.51,0.01,0,0,-10.00
2003-01-22T19:00:00,-0.5,1.31,0.27,-1.27,-0.34,-0.73,0.08,0.49,-0.07,0,0,-10.00
2003-01-22T20:00:00,-0.4,1.12,0.71,-1.38,-0.23,-1.37,0.1,0.44,-0.07,0,0,-6.00
2003-01-22T21:00:00,-0.45,0.88,0.71,-1.34,-0.02,-1.36,0.15,0.44,-0.03,0,0,-8.00
2003-01-22T22:00:00,-0.12,0.74,-0.95,-1.6,0.44,1.43,0.01,0.6,-0.06,0,0,-8.00
2003-01-22T23:00:00,-0.22,0.66,-0.33,-1.71,0.53,-0.26,0.0,0.54,0.15,0,0,-6.00
2003-01-23T00:00:00,-0.38,1.26,-0.02,-1.73,-0.64,-0.18,-0.02,0.63,-0.05,0,0,-24.00
2003-01-23T01:00:00,-0.18,1.11,-0.67,-1.73,-0.56,0.81,-0.12,0.52,-0.09,0,0,-24.00
2003-01-23T02:00:00,-0.97,0.76,-0.38,-1.48,-0.4,0.55,-0.12,0.52,-0.07,0,0,-17.00
2003-01-23T03:00:00,-1.29,0.05,0.31,-1.3,0.23,-0.67,-0.12,0.23,-0.1,0,0,-23.00
2003-01-23T04:00:00,-0.93,-0.23,0.56,-1.52,0.44,-1.12,-0.1,0.54,-0.01,0,0,-20.00
2003-01-23T05:00:00,-0.55,-0.19,0.78,-1.7,0.24,-1.08,-0.16,0.64,0.03,0,0,-17.00
2003-01-23T06:00:00,-1.0,0.83,0.82,-1.61,-0.41,-0.91,-0.33,0.33,-0.14,0,0,-18.00
2003-01-23T07:00:00,-0.93,0.96,0.64,-1.65,-0.47,-0.52,-0.33,0.5,-0.12,0,0,-17.00
2003-01-23T08:00:00,-0.91,0.87,0.63,-1.69,-0.35,-0.99,-0.37,0.6,-0.11,0,0,-17.00
2003-01-23T09:00:00,-1.03,0.55,0.55,-1.59,0.27,-1.0,-0.36,0.4,-0.11,0,0,-18.00
2003-01-23T10:00:00,-1.08,0.84,0.29,-1.6,-0.58,-0.92,-0.42,0.38,-0.13,0,0,-18.00
2003-01-23T11:00:00,-0.85,0.96,-0.02,-1.46,-1.21,-0.48,-0.37,0.45,-0.11,0,0,-17.00
2003-01-23T12:00:00,-1.12,0.46,0.16,-1.29,-0.55,-1.09,-0.39,0.39,-0.1,0,0,-18.00
2003-01-23T13:00:00,-1.02,0.14,-0.14,-1.45,0.59,-0.39,-0.4,0.61,-0.05,0,0,-16.00
2003-01-23T14:00:00,-1.26,0.28,0.23,-1.35,-0.44,-1.4,-0.44,0.22,-0.13,0,0,-18.00
2003-01-23T15:00:00,-1.21,0.61,0.14,-1.5,-0.36,-1.08,-0.4,0.18,-0.13,0,0,-19.00
2003-01-23T16:00:00,-1.12,0.66,-0.1,-1.54,-0.21,-0.53,-0.37,0.27,-0.12,0,0,-22.00
2003-01-23T17:00:00,-1.25,0.54,0.24,-1.52,0.16,-0.99,-0.33,0.05,-0.14,0,0,-22.00
2003-01-23T18:00:00,-1.3,0.37,0.32,-1.4,0.33,-1.4,-0.36,0.03,-0.14,0,0,-23.00
2003-01-23T19:00:00,-1.21,0.45,0.23,-1.48,0.03,-1.08,-0.38,0.03,-0.14,0,0,-15.00
2003-01-23T20:00:00,-1.14,0.61,0.1,-1.51,-0.34,-0.42,-0.39,-0.04,-0.15,0,0,-15.00
2003-01-23T21:00:00,-0.9,0.51,0.34,-1.52,-0.28,-1.34,-0.29,0.41,-0.06,0,0,-18.00
2003-01-23T22:00:00,-1.24,0.05,0.01,-1.28,0.2,-0.28,-0.26,0.27,-0.1,0,0,-16.00
2003-01-23T23:00:00,-1.05,0.32,0.03,-1.34,-0.27,-0.42,-0.27,0.32,-0.07,0,0,-22.00
2003-01-24T00:00:00,-0.72,0.8,0.26,-1.52,-1.1,-0.8,-0.26,0.43,-0.05,0,0,-31.00
2003-01-24T01:00:00,-0.56,0.77,-0.32,-1.44,-0.82,0.14,-0.34,0.25,-0.08,0,0,-24.00
2003-01-24T02:00:00,-0.84,0.31,0.15,-1.2,-0.22,-0.7,-0.26,0.43,0.02,0,0,-21.00
2003-01-24T03:00:00,-1.22,-0.1,0.34,-1.24,0.34,-0.99,-0.17,0.12,-0.11,0,0,-24.00
2003-01-24T04:00:00,-1.09,0.04,0.41,-1.35,0.02,-1.08,-0.23,0.27,-0.08,0,0,-21.00
2003-01-24T05:00:00,-1.01,-0.51,0.38,-1.34,0.54,-0.61,-0.37,0.19,-0.11,0,0,-18.00
