2003-01-27T02:00:00,0.86,-1.27,0.98,-0.87,-0.06,0.29,-0.77,-0.53,-0.19,0,1,0.00
2003-01-27T03:00:00,0.96,-1.2,0.98,-0.77,-0.25,-0.02,-0.74,-0.55,-0.19,0,1,-7.00
2003-01-27T04:00:00,1.15,-1.19,0.67,-0.62,-0.59,-0.71,0.01,-0.57,-0.19,0,1,-18.00
2003-01-27T05:00:00,1.11,-1.04,0.9,-0.56,-0.23,-0.34,-0.1,-0.58,-0.19,0,1,-11.00
2003-01-27T06:00:00,1.22,-0.66,1.13,-0.5,0.06,-0.01,-0.19,-0.57,-0.19,0,1,-4.00
2003-01-27T07:00:00,1.18,-0.6,1.24,-0.48,0.09,-0.28,-0.33,-0.55,-0.19,0,1,-6.00
2003-01-27T08:00:00,1.29,-0.56,1.24,-0.41,-0.01,-0.2,-0.83,-0.5,-0.19,0,1,-5.00
2003-01-27T09:00:00,1.44,-0.24,1.26,-0.31,0.2,-0.14,-0.75,-0.5,-0.19,0,1,-10.00
2003-01-27T10:00:00,1.41,-0.06,1.32,-0.3,0.5,0.15,-0.79,-0.51,-0.19,0,1,-14.00
2003-01-27T11:00:00,1.45,-0.02,1.26,-0.22,0.66,-0.05,-0.64,-0.45,-0.19,0,1,-16.00
2003-01-27T12:00:00,1.44,0.4,1.15,-0.18,0.24,0.1,-0.67,-0.54,-0.19,0,1,-17.00
2003-01-27T13:00:00,1.44,0.5,1.02,-0.07,0.28,-0.25,-0.67,-0.54,-0.19,0,1,-15.00
2003-01-27T14:00:00,1.3,0.48,1.01,-0.09,0.34,-0.22,-0.46,-0.54,-0.19,0,1,-11.00
2003-01-27T15:00:00,1.22,0.43,0.9,-0.05,0.31,-0.41,-0.04,-0.55,-0.18,0,1,-13.00
2003-01-27T16:00:00,0.07,0.17,0.39,0.02,0.39,-0.41,3.4,-0.5,0.55,0,1,-11.00
2003-01-27T17:00:00,-0.71,0.28,0.35,0.07,0.35,-0.38,2.85,-0.53,-0.06,0,0,-5.00
2003-01-27T18:00:00,-1.11,-0.13,0.25,0.12,0.21,-0.38,2.32,-0.55,-0.14,0,0,23.00
2003-01-27T19:00:00,-0.92,-0.01,0.19,0.18,-0.03,-0.15,2.5,-0.56,-0.12,0,0,19.00
2003-01-27T20:00:00,-0.76,-0.03,-0.12,0.22,-0.04,0.11,2.13,-0.54,-0.09,0,0,13.00
2003-01-27T21:00:00,-0.96,-0.11,-0.35,0.18,-0.16,0.1,1.25,-0.57,-0.16,0,0,4.00
2003-01-27T22:00:00,-0.62,0.08,-0.55,0.24,-0.03,-0.15,1.5,-0.56,-0.14,0,0,6.00
2003-01-27T23:00:00,-0.56,0.38,-0.56,0.24,0.15,-0.02,1.42,-0.48,-0.11,0,0,-2.00
2003-01-28T00:00:00,-0.53,-0.08,-0.59,0.07,-0.35,0.31,0.65,-0.28,-0.05,0,0,-8.00
2003-01-28T01:00:00,-1.21,-0.77,-0.37,0.2,-0.25,0.13,0.66,-0.35,-0.15,0,0,-13.00
2003-01-28T02:00:00,-1.28,-0.38,-0.18,0.27,-0.52,-0.12,0.75,-0.38,-0.14,0,0,-22.00
2003-01-28T03:00:00,-1.15,-0.17,-0.41,0.3,-0.78,0.14,0.56,-0.4,-0.14,0,0,-23.00
2003-01-28T04:00:00,-1.19,-0.02,-0.2,0.42,-0.66,0.16,0.28,-0.38,-0.14,0,0,-21.00
2003-01-28T05:00:00,-0.8,0.8,-0.21,0.3,-1.0,0.15,0.13,-0.45,-0.16,0,0,-19.00
2003-01-28T06:00:00,-0.92,0.9,-0.31,0.32,-1.01,0.21,-0.12,-0.53,-0.18,0,0,-26.00
2003-01-28T07:00:00,-1.02,0.84,0.01,0.39,-1.12,-0.24,-0.09,-0.53,-0.18,0,0,-30.00
2003-01-28T08:00:00,-0.71,0.87,0.27,0.33,-0.81,-0.37,0.31,-0.49,-0.16,0,0,-26.00
2003-01-28T09:00:00,-0.27,0.86,0.71,0.26,-0.59,-0.69,0.81,-0.51,-0.16,0,0,-20.00
2003-01-28T10:00:00,-0.17,1.31,0.49,0.18,-0.59,-0.68,1.11,-0.49,-0.16,0,0,-9.00
2003-01-28T11:00:00,-0.6,0.18,1.19,0.25,-0.01,-1.26,1.04,-0.49,-0.16,0,0,-4.00
2003-01-28T12:00:00,-0.53,-0.43,1.19,0.25,0.28,-1.07,0.92,-0.44,-0.15,0,0,-2.00
2003-01-28T13:00:00,-0.54,-0.59,0.81,0.28,0.39,-0.39,1.22,-0.46,-0.13,0,0,-5.00
2003-01-28T14:00:00,-0.77,-0.76,0.53,0.35,0.54,-0.05,1.18,-0.37,-0.11,0,0,-2.00
2003-01-28T15:00:00,-0.71,0.02,-0.49,0.31,-0.26,1.38,1.76,-0.24,0.06,0,0,1.00
2003-01-28T16:00:00,-0.27,0.32,0.89,0.22,-0.21,-0.14,1.44,-0.3,-0.03,0,0,-3.00
2003-01-28T17:00:00,0.17,0.81,0.61,0.19,-0.33,0.0,1.25,-0.35,-0.07,0,0,-1.00
2003-01-28T18:00:00,0.17,0.17,0.26,0.23,0.15,0.37,1.42,-0.26,1.54,0,0,3.00
2003-01-28T19:00:00,-0.56,-0.62,-0.31,0.38,0.61,0.79,1.29,-0.26,0.02,0,0,7.00
2003-01-28T20:00:00,-0.59,-0.85,-0.09,0.38,0.67,0.57,0.81,-0.31,-0.08,0,0,6.00
2003-01-28T21:00:00,-0.71,-0.23,0.5,0.45,0.29,0.09,0.65,-0.18,0.01,0,0,-5.00
2003-01-28T22:00:00,-0.96,0.34,0.17,0.45,-0.16,0.48,0.67,-0.09,-0.0,0,0,-11.00
2003-01-28T23:00:00,-0.61,0.49,-0.15,0.46,-0.22,0.76,0.46,-0.2,0.01,0,0,-11.00
2003-01-29T00:00:00,-0.53,0.18,-0.05,0.55,0.02,0.53,0.29,-0.07,0.27,0,0,-6.00
2003-01-29T01:00:00,-0.6,0.23,0.05,0.56,-0.03,0.17,0.11,-0.1,0.11,0,0,-6.00
2003-01-29T02:00:00,-0.61,0.07,0.1,0.57,0.07,0.17,0.13,-0.14,0.12,0,0,-8.00
2003-01-29T03:00:00,-0.59,0.04,0.15,0.56,0.03,-0.0,0.09,-0.14,0.13,0,0,-11.00
2003-01-29T04:00:00,-0.57,0.13,0.05,0.58,-0.16,-0.1,0.03,-0.07,0.17,0,0,-12.00
2003-01-29T05:00:00,-0.5,0.2,0.07,0.58,-0.35,-0.16,-0.04,-0.15,0.14,0,0,-10.00
2003-01-29T06:00:00,-0.51,0.23,0.28,0.6,-0.39,-0.59,-0.06,-0.23,0.02,0,0,-11.00
2003-01-29T07:00:00,-0.47,0.33,0.26,0.57,-0.56,-0.5,-0.05,-0.26,0.01,0,0,-8.00
2003-01-29T08:00:00,-0.5,0.53,-0.15,0.49,-0.11,0.53,0.56,-0.12,0.08,0,0,-3.00
2003-01-29T09:00:00,-0.21,0.8,-0.18,0.42,-0.46,0.74,0.8,-0.23,0.0,0,0,-1.00
2003-01-29T10:00:00,0.15,0.88,-0.23,0.24,-0.54,0.36,0.27,-0.38,-0.12,0,0,2.00
2003-01-29T11:00:00,-0.67,0.44,-0.54,0.49,-0.93,1.12,1.2,-0.53,-0.15,0,0,-4.00
2003-01-29T12:00:00,-0.79,0.05,-0.6,0.52,-0.98,1.07,4.18,-0.56,-0.12,0,0,-6.00
2003-01-29T13:00:00,-0.93,-0.06,-0.31,0.61,-0.52,1.01,2.43,-0.45,-0.06,0,0,-3.00
2003-01-29T14:00:00,-0.93,0.96,-0.42,0.52,-0.96,0.6,1.75,-0.47,-0.15,0,0,5.00
2003-01-29T15:00:00,-1.08,1.11,-0.52,0.32,-0.38,0.12,2.26,-0.5,-0.16,0,0,-8.00
2003-01-29T16:00:00,-1.08,1.22,-0.3,0.32,-0.3,0.03,2.97,-0.52,-0.16,0,0,-11.00
2003-01-29T17:00:00,-1.15,1.23,-0.31,0.37,-0.38,-0.14,3.48,-0.53,-0.16,0,0,-9.00
2003-01-29T18:00:00,-0.73,-0.05,-0.55,0.41,-0.23,-0.38,3.29,-0.47,-0.04,0,0,-9.00
2003-01-29T19:00:00,-1.59,0.47,-0.64,0.37,-0.03,-0.61,1.57,-0.49,-0.17,0,0,-8.00
2003-01-29T20:00:00,-1.1,-0.72,-0.97,0.42,-0.11,-0.76,1.43,-0.43,-0.16,0,0,-22.00
2003-01-29T21:00:00,-0.83,-0.74,-1.21,0.43,-0.07,-0.58,1.17,-0.34,-0.15,0,0,-32.00
2003-01-29T22:00:00,-0.76,-0.52,-1.02,0.31,0.27,-0.85,0.84,-0.19,-0.12,0,0,-33.00
2003-01-29T23:00:00,-0.02,-1.45,-1.18,0.31,0.46,-0.86,0.16,-0.19,-0.17,0,0,-46.00
2003-01-30T00:00:00,0.0,-1.46,-1.19,0.24,0.52,-1.08,0.11,-0.26,-0.17,0,0,-63.00
2003-01-30T01:00:00,-0.18,-1.42,-1.05,0.12,0.55,-1.34,0.28,-0.19,-0.16,0,0,-66.00
2003-01-30T02:00:00,0.59,-1.38,-0.64,0.33,0.43,-0.82,0.49,-0.12,-0.14,0,0,-57.00
2003-01-30T03:00:00,0.87,-1.61,-0.57,0.42,0.19,-1.01,0.48,-0.24,-0.16,0,0,-48.00
2003-01-30T04:00:00,0.67,-1.71,-0.72,0.29,0.11,-1.26,0.46,-0.27,-0.16,0,0,-49.00
2003-01-30T05:00:00,0.9,-1.69,-0.38,0.31,0.11,-0.97,0.51,-0.17,-0.15,0,0,-44.00
2003-01-30T06:00:00,0.57,-1.44,-0.52,0.24,0.38,-0.92,0.74,0.06,-0.1,0,0,-45.00
2003-01-30T07:00:00,1.07,-1.07,0.01,0.38,0.44,-0.46,0.89,0.21,-0.04,0,0,-42.00
2003-01-30T08:00:00,0.75,-1.55,-0.36,0.31,-0.02,-0.83,0.66,0.01,-0.12,0,0,-38.00
2003-01-30T09:00:00,0.76,-1.64,-0.54,0.31,-0.21,-1.1,0.56,-0.03,-0.14,0,0,-37.00
2003-01-30T10:00:00,0.86,-1.57,-0.18,0.04,-0.36,-0.36,1.18,0.37,-0.05,0,0,-32.00
2003-01-30T11:00:00,0.7,-1.9,-0.62,-0.21,-0.66,-0.65,1.26,0.26,-0.1,0,0,-38.00
2003-01-30T12:00:00,0.68,-1.57,-0.87,-0.27,-0.8,-0.77,1.38,0.31,-0.07,0,0,-32.00
2003-01-30T13:00:00,0.97,-1.35,0.6,-0.21,-0.91,0.74,1.26,0.28,-0.05,0,0,-24.00
2003-01-30T14:00:00,0.88,-1.26,-0.13,-0.26,-1.02,0.3,0.65,0.13,-0.08,0,0,-31.00
2003-01-30T15:00:00,0.72,-1.43,-0.83,-0.29,-0.96,-0.44,0.42,0.06,-0.13,0,0,-38.00
2003-01-30T16:00:00,0.84,-1.09,-0.01,-0.21,-0.98,0.6,0.46,0.18,-0.05,0,0,-32.00
2003-01-30T17:00:00,0.83,-0.62,-0.18,-0.28,-0.12,0.25,0.38,0.17,0.02,0,0,-42.00
2003-01-30T18:00:00,0.65,0.33,1.19,-0.32,1.02,2.27,0.27,0.16,-0.1,0,0,-41.00
2003-01-30T19:00:00,0.62,-0.27,1.07,-0.28,0.26,1.97,0.27,0.07,-0.09,0,0,-39.00
2003-01-30T20:00:00,0.91,-0.48,0.95,-0.35,0.27,0.98,0.06,0.03,-0.12,0,0,-32.00
2003-01-30T21:00:00,0.91,-0.91,0.65,-0.38,0.04,0.66,0.1,-0.09,-0.13,0,0,-28.00
2003-01-30T22:00:00,1.12,-0.96,-0.11,-0.33,0.01,-0.1,0.09,-0.21,-0.15,0,0,-27.00
2003-01-30T23:00:00,1.18,-1.04,-0.39,-0.39,0.19,-0.31,-0.15,-0.37,-0.17,0,0,-23.00
2003-01-31T00:00:00,1.13,-0.94,-0.68,-0.43,0.54,-0.43,-0.27,-0.4,-0.18,0,0,-20.00
2003-01-31T01:00:00,1.11,-1.25,-0.13,-0.38,0.03,-0.03,-0.28,-0.37,-0.18,0,0,-19.00
2003-01-31T02:00:00,1.28,-0.37,-0.58,-0.24,0.77,-0.47,-0.22,-0.16,-0.16,0,0,-24.00
2003-01-31T03:00:00,1.13,-0.7,-0.6,-0.49,0.74,-0.26,-0.42,-0.03,-0.16,0,0,-23.00
2003-01-31T04:00:00,0.92,-0.89,-0.64,-0.67,0.59,-0.5,-0.44,0.04,-0.16,0,0,-28.00
2003-01-31T05:00:00,1.21,-0.72,-0.44,-0.42,1.15,0.28,-0.47,0.01,-0.16,0,0,-32.00
2003-01-31T06:00:00,1.24,-0.79,-0.48,-0.55,1.24,-0.13,-0.45,0.02,-0.16,0,0,-37.00
2003-01-31T07:00:00,1.19,-1.09,-0.41,-0.62,1.66,0.03,-0.4,0.1,-0.16,0,0,-43.00
2003-01-31T08:00:00,0.99,-1.38,-0.26,-0.88,0.76,0.0,-0.37,0.37,-0.15,0,0,-41.00
2003-01-31T09:00:00,0.86,-1.52,-0.44,-0.95,0.65,-0.64,-0.34,0.57,-0.14,0,0,-38.00
2003-01-31T10:00:00,1.2,-1.24,-0.7,-0.75,1.37,-1.53,-0.35,0.65,-0.14,0,0,-36.00
2003-01-31T11:00:00,1.37,-1.45,0.24,-0.56,0.92,0.27,-0.37,0.42,-0.15,0,0,-38.00
2003-01-31T12:00:00,1.1,-1.74,-0.12,-0.56,0.83,-0.95,-0.44,0.38,-0.16,0,0,-37.00
2003-01-31T13:00:00,1.24,-1.58,-0.34,-0.43,2.25,-1.48,-0.57,0.88,-0.16,0,0,-33.00
2003-01-31T14:00:00,1.3,-1.49,-0.35,-0.42,4.02,-1.37,-0.68,1.52,-0.15,0,0,-30.00
2003-01-31T15:00:00,1.38,-1.44,-0.29,-0.21,2.34,-1.18,-0.62,2.06,-0.14,0,0,-33.00
2003-01-31T16:00:00,1.42,-1.49,-0.24,0.19,0.92,-1.18,-0.71,1.69,-0.16,0,0,-38.00
2003-01-31T17:00:00,1.13,-1.7,-0.34,-0.03,-0.84,-0.99,-0.79,3.7,-0.14,0,0,-41.00
2003-01-31T18:00:00,1.17,-1.62,-0.23,0.08,-0.52,-0.06,-0.78,3.51,-0.14,0,0,-43.00
2003-01-31T19:00:00,1.41,-1.37,-0.34,0.26,1.09,-0.07,-0.7,1.16,-0.16,0,0,-36.00
2003-01-31T20:00:00,1.23,-1.43,-0.3,0.21,1.7,0.5,-0.65,0.69,-0.16,0,0,-35.00
2003-01-31T21:00:00,0.88,-1.62,-0.17,0.08,1.37,0.87,-0.66,0.69,-0.16,0,0,-36.00
2003-01-31T22:00:00,0.97,-1.54,-0.29,0.25,1.13,0.71,-0.72,0.66,-0.17,0,0,-36.00
2003-01-31T23:00:00,0.85,-1.47,-0.45,0.28,1.09,0.37,-0.74,0.76,-0.17,0,0,-33.00
2003-02-01T00:00:00,0.71,-1.59,-0.31,0.31,0.3,0.45,-0.83,1.41,-0.17,0,0,---
2003-02-01T01:00:00,0.88,-1.44,-0.36,0.51,0.41,0.4,-0.83,0.91,-0.17,0,0,-27.00
2003-02-01T02:00:00,0.91,-1.37,-0.27,0.65,0.24,0.48,-0.85,0.93,-0.17,0,0,-25.00
2003-02-01T03:00:00,0.69,-1.47,-0.34,0.52,-0.22,-0.13,-0.85,0.61,-0.18,0,0,-23.00
2003-02-01T04:00:00,0.76,-1.51,-0.2,0.74,-0.84,0.03,-0.88,0.69,-0.18,0,0,-21.00
2003-02-01T05:00:00,0.59,-1.62,-0.1,0.66,-1.01,0.45,-0.9,0.55,-0.18,0,0,-22.00
2003-02-01T06:00:00,0.6,-1.63,-0.01,0.66,-1.27,0.76,-0.9,0.37,-0.18,0,0,-21.00
2003-02-01T07:00:00,0.46,-1.67,-0.06,0.54,-1.53,0.33,-0.9,-0.03,-0.19,0,0,-20.00
2003-02-01T08:00:00,0.41,-1.68,-0.07,0.54,-1.68,-0.11,-0.89,-0.06,-0.19,0,0,-21.00
2003-02-01T09:00:00,0.32,-1.71,0.07,0.52,-2.26,0.13,-0.9,0.06,-0.19,0,0,-21.00
2003-02-01T10:00:00,0.29,-1.73,0.04,0.41,-2.41,-0.24,-0.9,0.07,-0.19,0,0,-23.00
2003-02-01T11:00:00,0.56,-1.67,0.05,0.72,-2.24,-0.45,-0.91,0.08,-0.19,0,0,-26.00
2003-02-01T12:00:00,0.5,-1.67,-0.13,0.68,-1.94,-1.78,-0.89,0.06,-0.19,0,0,-27.00
2003-02-01T13:00:00,0.31,-2.12,-0.29,0.01,-2.17,-2.81,-0.89,0.05,-0.19,0,0,-28.00
2003-02-01T14:00:00,-0.11,-2.25,-0.0,-0.96,-2.78,0.28,-0.9,0.2,-0.19,0,0,-28.00
2003-02-01T15:00:00,-0.66,-2.06,0.54,-2.3,-1.96,4.8,-0.93,1.01,-0.19,0,0,-27.00
2003-02-01T16:00:00,-0.64,-1.55,0.89,-2.66,-0.49,4.8,-0.85,2.13,-0.17,0,0,-28.00
2003-02-01T17:00:00,-0.73,-1.16,0.8,-2.57,1.11,5.34,-0.79,2.08,-0.14,0,0,-24.00
2003-02-01T18:00:00,-0.21,-1.69,0.43,-2.07,-0.76,4.63,-0.76,1.49,-0.15,0,0,-14.00
2003-02-01T19:00:00,-0.05,-1.54,-0.97,-1.78,-1.65,-0.08,-0.75,1.95,-0.15,0,1,-10.00
2003-02-01T20:00:00,-0.21,-1.56,-0.94,-1.57,-2.02,-1.7,-0.53,0.4,-0.16,0,1,-12.00
2003-02-01T21:00:00,-0.88,-1.24,-0.87,-1.85,-1.6,-2.39,-0.53,-0.03,-0.17,0,1,-20.00
2003-02-01T22:00:00,-0.94,-1.19,-0.84,-1.92,-1.59,-2.49,-0.5,-0.31,-0.18,0,1,-36.00
2003-02-01T23:00:00,-0.54,-1.3,-1.03,-1.58,-1.75,-3.08,-0.45,-0.29,-0.18,0,1,-36.00
2003-02-02T00:00:00,-0.25,-1.33,-1.0,-1.01,-0.6,-3.23,-0.09,-0.31,-0.17,0,1,-38.00
2003-02-02T01:00:00,-0.49,-1.23,-0.79,-0.83,-0.25,-2.44,2.23,-0.43,-0.14,0,1,-46.00
2003-02-02T02:00:00,-0.87,-1.56,-0.25,-0.69,-0.26,-1.96,1.87,-0.47,-0.16,0,1,-44.00
2003-02-02T03:00:00,-0.89,-1.99,-0.31,-0.69,-0.14,-0.55,1.31,-0.42,-0.17,0,1,-33.00
2003-02-02T04:00:00,-0.75,-2.02,-0.36,-0.64,-0.37,-1.3,1.91,-0.4,-0.16,0,1,-35.00
2003-02-02T05:00:00,-0.21,-0.94,-0.77,-0.62,-0.62,-0.75,3.46,-0.41,-0.07,0,1,-32.00
2003-02-02T06:00:00,-0.52,-1.45,-0.29,-0.52,-0.53,-0.81,1.67,-0.3,-0.12,0,1,-31.00
2003-02-02T07:00:00,-0.37,-1.46,-0.57,-0.41,0.06,-0.49,2.08,-0.36,-0.13,0,1,-44.00
2003-02-02T08:00:00,0.5,-1.35,-1.08,-0.44,0.11,-0.29,1.74,-0.4,-0.16,0,1,-54.00
2003-02-02T09:00:00,1.03,-1.48,-1.08,-0.37,-0.06,-0.12,0.47,-0.49,-0.18,0,1,-41.00
2003-02-02T10:00:00,0.76,-1.7,-0.93,-0.27,-0.21,-0.28,0.66,-0.5,-0.18,0,1,-59.00
2003-02-02T11:00:00,0.65,-1.68,-0.93,-0.14,-0.08,-0.28,0.69,-0.5,-0.18,0,1,-67.00
2003-02-02T12:00:00,0.46,-1.4,-1.05,-0.1,0.09,-0.38,0.98,-0.46,-0.17,0,1,-61.00
2003-02-02T13:00:00,0.31,-0.71,-1.34,-0.06,0.83,0.33,2.03,-0.47,-0.16,0,1,-65.00
2003-02-02T14:00:00,0.47,-0.48,-1.3,-0.05,1.04,0.03,2.28,-0.37,-0.13,0,0,-61.00
2003-02-02T15:00:00,0.69,-0.97,-1.02,-0.06,1.55,0.49,1.48,-0.31,-0.13,0,0,-66.00
2003-02-02T16:00:00,0.26,-1.13,-1.0,0.03,2.7,1.34,0.68,-0.46,-0.17,0,0,-72.00
2003-02-02T17:00:00,0.68,-0.7,-1.37,-0.07,2.29,2.21,0.11,-0.51,-0.18,0,1,-65.00
2003-02-02T18:00:00,1.15,0.46,-1.2,-0.19,0.76,1.74,0.1,-0.51,-0.18,0,1,-72.00
2003-02-02T19:00:00,0.99,1.67,-0.64,-0.02,-0.44,0.38,0.5,-0.56,-0.19,0,1,-71.00
2003-02-02T20:00:00,1.39,1.5,-0.24,-0.13,-0.31,-0.18,0.53,-0.57,-0.19,0,1,-57.00
2003-02-02T21:00:00,1.13,1.64,-0.48,-0.12,-0.42,-0.28,0.55,-0.55,-0.19,0,1,-68.00
2003-02-02T22:00:00,1.0,1.81,-0.59,-0.05,-0.39,0.03,0.38,-0.56,-0.19,0,1,-72.00
2003-02-02T23:00:00,0.82,1.67,-0.75,-0.03,-0.25,-0.0,0.51,-0.55,-0.19,0,1,-71.00
2003-02-03T00:00:00,1.21,1.38,-0.45,-0.01,-0.47,0.1,0.58,-0.54,-0.18,0,1,-68.00
2003-02-03T01:00:00,1.19,0.79,-0.43,-0.01,-0.73,0.19,0.61,-0.52,-0.17,0,1,-59.00
2003-02-03T02:00:00,1.36,-0.14,-0.72,-0.02,-0.95,0.19,0.75,-0.54,-0.18,0,1,-58.00
2003-02-03T03:00:00,1.3,-0.55,-0.49,-0.01,-1.08,0.08,0.39,-0.54,-0.18,0,1,-58.00
2003-02-03T04:00:00,1.36,-0.72,-0.06,0.07,-0.92,0.51,0.39,-0.54,-0.18,0,1,-55.00
2003-02-03T05:00:00,1.24,-0.95,-0.26,0.05,-1.06,0.15,0.35,-0.52,-0.18,0,1,-53.00
2003-02-03T06:00:00,1.24,-1.13,0.04,0.05,-1.05,0.46,0.23,-0.5,-0.18,1,1,-49.00
2003-02-03T07:00:00,1.19,-1.05,-0.19,-0.01,-0.99,0.33,0.05,-0.34,-0.16,1,1,-48.00
2003-02-03T08:00:00,0.45,-1.44,0.1,-0.27,-0.73,0.61,0.15,-0.12,-0.14,1,0,-50.00
2003-02-03T09:00:00,0.78,-1.1,-0.32,-0.17,-0.51,-0.18,0.24,-0.03,-0.11,1,0,-48.00
2003-02-03T10:00:00,1.34,-0.15,0.37,0.01,0.46,0.93,0.28,-0.15,-0.12,1,0,-47.00
2003-02-03T11:00:00,1.18,0.26,-0.43,0.01,0.98,-0.39,0.38,0.04,-0.08,1,0,-54.00
2003-02-03T12:00:00,1.17,-0.46,-0.14,0.04,-0.17,0.09,0.39,0.09,-0.05,1,0,-53.00
2003-02-03T13:00:00,0.86,-1.13,0.13,-0.04,-0.98,0.15,0.2,-0.09,-0.12,1,0,-47.00
2003-02-03T14:00:00,0.9,-0.84,0.2,0.01,-0.69,-0.03,0.49,0.0,-0.06,1,0,-42.00
2003-02-03T15:00:00,1.08,-0.42,-0.15,0.1,-0.07,-0.52,0.54,0.01,-0.03,1,0,-42.00
2003-02-03T16:00:00,1.02,-0.37,-0.37,0.03,-0.03,-0.95,0.59,0.01,-0.03,1,0,-35.00
2003-02-03T17:00:00,0.74,-0.46,-0.16,-0.12,-0.11,-0.65,0.63,0.0,0.09,1,0,-29.00
2003-02-03T18:00:00,0.54,-1.08,0.08,-0.2,-0.81,-0.43,0.59,0.04,-0.03,1,0,-27.00
2003-02-03T19:00:00,1.35,-0.4,0.1,0.11,-0.08,-0.31,0.73,-0.04,-0.07,1,0,-19.00
2003-02-03T20:00:00,1.04,-0.62,-0.05,-0.05,-0.22,-0.41,0.71,-0.06,-0.04,1,0,-18.00
2003-02-03T21:00:00,0.71,-1.4,0.09,-0.21,-0.79,-0.3,0.79,-0.04,-0.1,1,0,-23.00
2003-02-03T22:00:00,0.93,-1.02,-0.25,-0.17,-0.55,-1.02,0.87,0.04,-0.06,1,0,-29.00
2003-02-03T23:00:00,0.85,-1.38,0.27,-0.2,-0.86,-0.16,0.89,0.08,-0.08,1,0,-27.00
2003-02-04T00:00:00,1.27,-1.33,-0.31,-0.13,-1.01,-1.14,0.97,0.11,-0.1,1,0,-28.00
2003-02-04T01:00:00,1.28,-1.34,-0.51,-0.09,-1.05,-1.42,0.93,0.06,-0.12,1,0,-25.00
2003-02-04T02:00:00,1.27,-1.02,-0.83,-0.42,-0.16,-1.54,0.5,0.48,-0.1,1,0,-21.00
2003-02-04T03:00:00,0.93,-1.56,0.13,-0.81,0.04,-0.04,0.26,0.72,-0.08,1,0,-28.00
2003-02-04T04:00:00,1.29,-0.77,-0.49,-0.86,1.08,-0.78,0.25,0.81,-0.04,1,0,-38.00
2003-02-04T05:00:00,1.2,-1.26,0.46,-0.97,0.69,0.47,0.08,0.9,-0.08,1,0,-31.00
2003-02-04T06:00:00,1.43,-0.6,-0.97,-0.9,1.2,-2.15,0.12,0.75,-0.1,1,0,-43.00
2003-02-04T07:00:00,1.0,-0.36,-1.14,-1.05,1.44,-1.91,0.16,0.95,-0.07,1,0,-41.00
2003-02-04T08:00:00,1.46,-0.77,-0.49,-0.82,1.13,-1.22,0.04,0.75,-0.09,1,0,-54.00
2003-02-04T09:00:00,0.99,-1.11,0.35,-1.17,0.87,0.43,-0.02,1.21,-0.02,1,0,-72.00
2003-02-04T10:00:00,1.49,-0.87,0.12,-0.87,1.24,-0.52,-0.28,0.6,-0.13,1,0,-74.00
2003-02-04T11:00:00,1.12,-1.18,0.34,-1.02,0.62,0.21,-0.25,1.15,-0.08,1,0,-66.00
2003-02-04T12:00:00,1.11,-0.99,0.2,-0.91,0.45,-0.39,-0.39,1.38,-0.07,1,0,-58.00
2003-02-04T13:00:00,0.87,-1.07,0.34,-1.09,1.05,0.55,-0.42,1.48,-0.06,1,0,-49.00
2003-02-04T14:00:00,0.6,-1.34,0.33,-1.15,0.01,0.74,-0.44,1.64,-0.07,1,0,-48.00
2003-02-04T15:00:00,-0.1,-0.94,0.97,-1.57,0.96,2.65,-0.39,1.36,-0.06,1,0,-43.00
2003-02-04T16:00:00,1.27,-0.87,0.11,-0.76,0.79,0.23,-0.42,0.97,-0.1,1,0,-39.00
2003-02-04T17:00:00,1.18,-0.36,-0.55,-0.99,1.85,-1.16,-0.39,1.44,-0.05,1,0,-35.00
2003-02-04T18:00:00,0.24,-1.22,0.29,-1.21,0.29,0.27,-0.44,1.51,-0.03,1,0,-32.00
2003-02-04T19:00:00,1.44,-0.7,-0.48,-1.12,1.09,0.14,-0.6,0.44,-0.16,1,0,-35.00
2003-02-04T20:00:00,1.34,-0.54,-0.52,-1.07,1.27,-0.19,-0.6,0.53,-0.15,1,0,-38.00
2003-02-04T21:00:00,0.85,-0.92,-0.46,-1.12,0.97,-0.37,-0.55,0.97,-0.11,1,0,-44.00
2003-02-04T22:00:00,1.11,-0.89,-0.34,-0.97,0.62,-0.8,-0.57,0.63,-0.14,1,0,-47.00
2003-02-04T23:00:00,1.15,-0.85,-0.41,-1.02,0.77,-0.75,-0.63,0.48,-0.15,1,0,-55.00
2003-02-05T00:00:00,1.24,-0.78,-0.46,-1.15,0.8,-0.48,-0.72,0.3,-0.17,1,0,-54.00
2003-02-05T01:00:00,1.15,-0.85,-0.21,-1.05,0.46,-0.21,-0.72,0.34,-0.16,0,0,-52.00
2003-02-05T02:00:00,1.06,-0.86,-0.35,-1.15,0.39,-1.08,-0.74,0.3,-0.17,0,0,-48.00
2003-02-05T03:00:00,1.18,-0.75,-0.18,-1.12,0.6,-0.52,-0.74,0.06,-0.17,0,0,-45.00
2003-02-05T04:00:00,1.23,-0.82,-0.14,-1.12,0.19,-0.45,-0.74,0.0,-0.17,0,0,-43.00
2003-02-05T05:00:00,1.24,-0.73,-0.11,-0.95,0.29,-0.72,-0.71,-0.07,-0.17,0,0,-40.00
2003-02-05T06:00:00,1.03,-0.89,0.07,-0.83,-0.53,-0.35,-0.68,0.1,-0.16,0,0,-38.00
2003-02-05T07:00:00,1.1,-0.55,0.04,-0.72,-0.4,-0.46,-0.59,0.35,-0.13,0,0,-34.00
2003-02-05T08:00:00,1.14,-0.44,0.29,-0.69,-0.16,-0.08,-0.59,0.43,-0.13,0,0,-28.00
2003-02-05T09:00:00,1.25,-0.35,0.11,-0.56,0.22,-0.2,-0.55,0.29,-0.14,0,0,-26.00
2003-02-05T10:00:00,1.35,-0.42,-0.2,-0.64,0.43,-0.91,-0.63,0.21,-0.16,0,0,-29.00
2003-02-05T11:00:00,0.63,-0.71,0.05,-0.84,-0.39,-0.66,-0.46,0.51,-0.04,0,0,-33.00
2003-02-05T12:00:00,0.72,-0.57,0.07,-1.02,0.36,0.01,-0.52,0.3,-0.07,0,0,-34.00
2003-02-05T13:00:00,1.36,-0.5,-0.36,-0.79,0.69,-0.67,-0.66,-0.13,-0.18,0,0,-27.00
2003-02-05T14:00:00,1.27,-0.45,-0.35,-0.9,0.68,-0.4,-0.65,-0.03,-0.17,0,0,-27.00
2003-02-05T15:00:00,1.24,-0.67,-0.16,-0.93,0.36,0.09,-0.64,-0.01,-0.17,0,0,-26.00
2003-02-05T16:00:00,1.3,-0.28,-0.09,-0.84,1.34,0.36,-0.6,0.07,-0.16,0,0,-33.00
2003-02-05T17:00:00,0.66,-0.72,0.24,-1.06,0.17,1.03,-0.58,0.5,-0.08,0,0,-36.00
2003-02-05T18:00:00,1.13,-0.7,-0.15,-0.9,0.08,0.41,-0.62,0.21,-0.15,0,0,-29.00
2003-02-05T19:00:00,1.32,-0.48,-0.09,-0.73,0.44,0.55,-0.66,-0.11,-0.17,0,0,-26.00
2003-02-05T20:00:00,1.39,-0.34,-0.02,-0.66,0.78,0.85,-0.64,-0.09,-0.17,0,0,-28.00
2003-02-05T21:00:00,1.34,-0.43,-0.03,-0.6,0.5,0.86,-0.61,-0.03,-0.16,0,0,-33.00
2003-02-05T22:00:00,1.12,-0.44,0.26,-0.39,-0.04,1.84,-0.48,0.04,-0.14,0,0,-33.00
2003-02-05T23:00:00,1.0,-0.6,-0.06,-0.17,-0.73,0.86,-0.36,0.17,-0.11,0,0,-26.00
2003-02-06T00:00:00,0.25,0.14,0.8,-0.41,0.2,2.15,-0.02,0.2,0.02,0,0,-23.00
2003-02-06T01:00:00,0.03,-0.16,0.96,-0.42,-0.17,2.26,0.1,0.2,-0.02,0,0,-21.00
2003-02-06T02:00:00,0.72,0.17,0.64,-0.09,0.2,1.69,0.16,0.19,0.02,0,0,-12.00
2003-02-06T03:00:00,1.28,-0.25,0.11,0.18,-0.38,0.76,0.16,-0.05,-0.1,0,0,-8.00
2003-02-06T04:00:00,1.29,0.08,-0.14,0.17,-0.01,0.28,0.09,-0.05,-0.11,0,0,-11.00
2003-02-06T05:00:00,1.16,0.28,0.01,0.13,0.26,0.66,0.13,0.1,-0.06,0,0,-13.00
2003-02-06T06:00:00,1.03,-0.12,-0.58,0.11,-0.37,-0.39,0.16,0.13,-0.07,0,0,-12.00
2003-02-06T07:00:00,0.78,-0.38,0.58,0.04,-0.73,1.99,0.2,0.12,-0.01,0,0,-13.00
2003-02-06T08:00:00,1.07,0.2,-0.24,0.13,0.05,0.47,0.21,0.2,-0.02,0,0,-23.00
2003-02-06T09:00:00,1.04,0.43,0.22,0.16,0.45,1.23,0.24,0.25,-0.01,0,0,-20.00
2003-02-06T10:00:00,0.8,-0.49,-0.66,0.02,-0.51,-0.13,0.1,0.28,-0.05,0,0,-17.00
2003-02-06T11:00:00,0.7,-0.51,-0.25,-0.02,-0.77,0.46,0.1,0.37,0.08,0,0,-18.00
2003-02-06T12:00:00,1.07,-0.83,-0.23,0.08,-0.76,0.63,0.17,0.43,-0.05,0,0,-22.00
2003-02-06T13:00:00,0.91,-1.1,-0.31,-0.05,-1.06,0.59,0.24,0.43,-0.06,0,0,-26.00
2003-02-06T14:00:00,0.82,-1.01,-0.56,-0.11,-0.91,0.21,0.07,0.35,-0.09,0,0,-24.00
2003-02-06T15:00:00,0.83,-1.45,-0.3,-0.18,-1.06,0.54,-0.11,0.22,-0.14,0,0,-21.00
2003-02-06T16:00:00,0.52,-1.38,-0.52,-0.3,-0.92,0.34,-0.08,0.26,-0.12,0,0,-25.00
2003-02-06T17:00:00,0.82,-0.64,-0.58,-0.18,-0.55,0.06,-0.05,0.28,-0.08,0,0,-31.00
2003-02-06T18:00:00,1.15,-0.39,-0.58,-0.09,-0.14,-0.07,-0.02,0.2,-0.11,0,0,-30.00
2003-02-06T19:00:00,0.71,-1.23,-0.39,-0.23,-1.13,-0.12,-0.13,0.43,-0.1,0,0,-30.00
2003-02-06T20:00:00,1.31,0.3,0.36,-0.04,1.1,1.64,-0.12,0.23,-0.1,0,0,-35.00
2003-02-06T21:00:00,0.81,0.07,0.55,-0.29,0.59,1.69,-0.12,0.43,0.02,0,0,-39.00
2003-02-06T22:00:00,0.78,-0.08,0.02,-0.27,0.51,0.73,-0.19,0.42,0.12,0,0,-40.00
2003-02-06T23:00:00,0.61,-0.38,-0.31,-0.39,0.1,0.12,-0.25,0.51,0.08,0,0,-35.00
2003-02-07T00:00:00,0.43,-0.83,-0.51,-0.44,-0.74,-0.46,-0.4,0.34,-0.09,0,0,-31.00
2003-02-07T01:00:00,1.08,-0.3,0.2,-0.09,0.12,1.38,-0.39,0.03,-0.12,0,0,-32.00
2003-02-07T02:00:00,0.85,-0.79,-0.09,-0.19,-0.69,0.61,-0.4,-0.03,-0.13,0,0,-30.00
2003-02-07T03:00:00,1.05,-0.3,0.24,-0.09,-0.36,1.12,-0.32,-0.04,-0.12,0,0,-31.00
2003-02-07T04:00:00,0.79,0.29,0.71,-0.21,0.6,1.87,-0.31,-0.02,-0.12,0,0,-27.00
2003-02-07T05:00:00,0.87,-0.03,0.64,-0.19,0.12,1.79,-0.34,0.02,-0.11,0,0,-26.00
2003-02-07T06:00:00,1.14,-0.5,-0.19,-0.07,-0.31,0.28,-0.46,-0.07,-0.15,0,0,-25.00
2003-02-07T07:00:00,0.78,-0.65,-0.56,-0.22,-0.7,-0.79,-0.5,0.14,-0.14,0,0,-26.00
2003-02-07T08:00:00,0.72,-0.75,-0.3,-0.25,-0.76,-0.02,-0.47,0.1,-0.12,0,0,-29.00
2003-02-07T09:00:00,0.65,-0.85,-0.38,-0.27,-0.98,-0.15,-0.45,0.12,-0.13,0,0,-34.00
2003-02-07T10:00:00,0.22,-1.11,0.07,-0.4,-1.51,0.83,-0.37,0.19,-0.1,0,0,-38.00
2003-02-07T11:00:00,0.87,-0.82,-0.56,-0.07,-1.1,-0.33,-0.43,-0.05,-0.15,0,0,-36.00
2003-02-07T12:00:00,1.08,-0.47,-0.26,0.07,-0.45,0.11,-0.42,-0.11,-0.15,0,0,-34.00
2003-02-07T13:00:00,0.91,-0.77,-0.21,0.05,-0.92,0.41,-0.42,-0.02,-0.14,0,0,-35.00
2003-02-07T14:00:00,0.7,-0.5,-0.28,-0.0,-0.49,0.2,-0.31,0.18,-0.05,0,0,-35.00
2003-02-07T15:00:00,0.83,-0.67,0.14,0.04,-0.76,0.89,-0.36,0.08,-0.1,0,0,-35.00
2003-02-07T16:00:00,0.58,-0.71,-0.34,-0.08,-0.75,-0.13,-0.37,0.12,-0.09,0,0,-36.00
2003-02-07T17:00:00,0.43,-0.84,-0.1,-0.21,-0.89,0.33,-0.35,0.16,-0.07,0,0,-36.00
2003-02-07T18:00:00,0.45,-0.67,-0.49,-0.18,-1.04,-1.6,-0.38,0.06,-0.1,0,0,-31.00
2003-02-07T19:00:00,0.93,-0.5,-0.27,0.04,-0.52,-0.48,-0.42,-0.1,-0.14,0,0,-30.00
2003-02-07T20:00:00,0.48,-0.01,0.77,-0.2,0.46,1.88,-0.37,-0.07,-0.11,0,0,-31.00
2003-02-07T21:00:00,0.6,-0.56,0.64,-0.09,-0.99,1.04,-0.39,-0.0,-0.12,0,0,-32.00
2003-02-07T22:00:00,0.7,-0.72,-0.29,-0.09,-0.57,-0.23,-0.48,0.06,-0.12,0,0,-29.00
2003-02-07T23:00:00,0.77,-0.87,-0.09,-0.11,-0.8,0.29,-0.49,0.07,-0.13,0,0,-26.00
2003-02-08T00:00:00,0.88,-0.33,-0.13,-0.17,0.48,0.15,-0.47,0.22,-0.08,0,0,-27.00
2003-02-08T01:00:00,0.59,-0.6,-0.48,-0.37,-0.24,-0.74,-0.48,0.29,-0.1,0,0,-30.00
2003-02-08T02:00:00,0.52,-0.63,-0.36,-0.36,-0.25,-0.66,-0.5,0.28,-0.08,0,0,-32.00
2003-02-08T03:00:00,0.91,-0.47,-0.26,-0.13,-0.08,-0.41,-0.48,0.15,-0.11,0,0,-26.00
2003-02-08T04:00:00,1.24,-0.04,-0.06,0.09,0.87,0.01,-0.51,-0.15,-0.16,0,0,-26.00
2003-02-08T05:00:00,1.18,-0.29,0.13,0.05,0.26,0.46,-0.5,-0.13,-0.15,0,0,-30.00
2003-02-08T06:00:00,0.85,-0.73,-0.39,-0.11,-0.45,-0.96,-0.5,0.05,-0.14,0,0,-30.00
2003-02-08T07:00:00,0.6,-0.83,-0.56,-0.24,-0.76,-1.53,-0.48,0.08,-0.14,0,0,-25.00
2003-02-08T08:00:00,0.53,-0.57,0.74,-0.27,-0.22,1.5,-0.42,0.05,-0.12,0,0,-23.00
2003-02-08T09:00:00,0.68,-0.83,0.21,-0.16,-0.62,0.17,-0.38,0.04,-0.11,0,0,-29.00
2003-02-08T10:00:00,0.94,-0.5,-0.08,-0.0,-0.13,-0.14,-0.41,-0.11,-0.13,0,0,-24.00
2003-02-08T11:00:00,1.15,-0.43,-0.16,0.13,-0.14,-0.49,-0.42,-0.22,-0.16,0,0,-20.00
2003-02-08T12:00:00,0.99,-0.02,-0.55,0.05,0.48,-1.37,-0.39,-0.06,-0.14,0,0,-19.00
2003-02-08T13:00:00,0.78,-0.43,-0.32,-0.03,-0.15,-0.73,-0.4,-0.03,-0.11,0,0,-19.00
2003-02-08T14:00:00,0.22,-0.93,0.64,-0.28,-0.53,1.13,-0.3,-0.0,-0.12,0,0,-21.00
2003-02-08T15:00:00,0.56,-0.81,0.16,-0.11,-0.6,0.22,-0.28,-0.06,-0.1,0,0,-28.00
2003-02-08T16:00:00,0.82,-0.76,-0.15,-0.01,-0.6,-0.23,-0.29,0.01,-0.11,0,0,-28.00
2003-02-08T17:00:00,0.89,-0.42,-0.31,0.01,0.06,-0.4,-0.34,-0.03,-0.11,0,0,-23.00
2003-02-08T18:00:00,0.74,-0.3,-0.19,-0.15,0.41,-0.13,0.57,0.19,0.21,0,0,-22.00
2003-02-08T19:00:00,0.64,-0.01,0.12,-0.2,0.93,0.75,-0.35,0.21,0.11,0,0,-24.00
2003-02-08T20:00:00,0.69,-0.19,0.33,-0.21,0.67,1.43,-0.35,0.25,0.02,0,0,-28.00
2003-02-08T21:00:00,0.69,-0.57,-0.11,-0.18,-0.05,0.64,-0.36,0.18,-0.05,0,0,-30.00
2003-02-08T22:00:00,0.64,-0.05,-0.59,-0.17,0.99,-0.67,-0.41,0.05,-0.1,0,0,-30.00
2003-02-08T23:00:00,0.36,-0.63,-0.5,-0.27,-0.67,-0.75,-0.39,0.15,-0.08,0,0,-32.00
2003-02-09T00:00:00,0.54,-0.44,-0.31,-0.15,0.1,0.05,-0.37,0.12,-0.03,0,0,-28.00
2003-02-09T01:00:00,0.59,-0.3,-0.54,-0.07,0.39,-0.61,-0.37,-0.15,-0.12,0,0,-31.00
2003-02-09T02:00:00,0.99,-0.72,0.0,0.19,-0.4,0.5,-0.35,-0.19,-0.15,0,0,-32.00
2003-02-09T03:00:00,0.64,-0.73,0.42,0.04,-0.48,1.37,-0.3,-0.04,-0.11,0,0,-29.00
2003-02-09T04:00:00,0.71,-0.67,-0.17,0.16,-0.32,0.03,-0.23,-0.11,-0.1,0,0,-31.00
2003-02-09T05:00:00,0.71,-0.42,-0.45,0.2,0.05,-0.68,-0.22,-0.19,-0.12,0,0,-25.00
2003-02-09T06:00:00,0.54,-0.82,-0.19,0.17,-0.58,-0.38,-0.22,-0.21,-0.12,0,0,-21.00
2003-02-09T07:00:00,0.78,-0.32,-0.37,0.31,0.33,-0.55,-0.22,-0.26,-0.12,0,0,-26.00
2003-02-09T08:00:00,0.22,-0.91,0.04,0.07,-0.72,0.03,-0.13,-0.14,-0.08,0,0,-31.00
2003-02-09T09:00:00,0.47,-0.82,0.16,0.22,-0.6,0.36,-0.14,-0.18,-0.09,0,0,-29.00
2003-02-09T10:00:00,-0.17,-0.97,0.37,-0.07,-0.79,0.79,-0.19,-0.29,-0.14,0,0,-30.00
2003-02-09T11:00:00,0.71,-0.66,-0.1,0.35,-0.37,-0.16,-0.09,-0.25,-0.11,0,0,-26.00
2003-02-09T12:00:00,0.34,-0.8,0.29,0.14,-0.49,0.65,-0.02,-0.2,-0.07,0,0,-21.00
2003-02-09T13:00:00,0.41,-1.06,-0.63,0.0,-0.57,-1.1,0.2,-0.14,-0.13,0,0,-17.00
2003-02-09T14:00:00,0.74,-0.2,0.07,0.15,0.57,0.24,0.31,-0.09,0.08,0,0,-11.00
2003-02-09T15:00:00,0.77,-0.95,-0.46,0.2,-0.58,-0.64,0.26,-0.19,-0.13,0,0,-15.00
2003-02-09T16:00:00,0.66,-0.56,-0.96,0.23,-0.09,-1.44,0.21,-0.24,-0.15,0,0,-25.00
2003-02-09T17:00:00,0.84,-0.49,-0.58,0.28,-0.12,-0.74,0.29,-0.17,-0.11,0,0,-21.00
2003-02-09T18:00:00,0.41,-1.13,-0.55,0.19,-1.31,-0.86,0.18,-0.15,-0.13,0,0,-25.00
2003-02-09T19:00:00,0.44,-1.28,-0.3,0.24,-0.98,-0.33,0.18,-0.1,-0.12,0,0,-28.00
2003-02-09T20:00:00,0.88,-0.76,-0.33,0.38,-0.39,-0.39,0.3,-0.04,-0.08,0,0,-32.00
2003-02-09T21:00:00,0.74,-0.98,-0.36,0.37,-0.73,-0.47,0.25,-0.08,-0.1,0,0,-35.00
2003-02-09T22:00:00,0.66,-0.91,-0.29,0.38,-0.5,-0.44,0.23,-0.14,-0.1,0,0,-36.00
2003-02-09T23:00:00,0.57,-1.07,-0.58,0.38,-0.79,-0.91,0.13,-0.22,-0.14,0,0,-36.00
2003-02-10T00:00:00,0.34,-1.09,-0.7,0.34,-0.65,-0.91,0.01,-0.34,-0.16,0,0,-33.00
2003-02-10T01:00:00,0.63,-0.95,-0.7,0.36,-0.48,-0.74,0.11,-0.26,-0.15,0,0,-30.00
2003-02-10T02:00:00,0.79,-1.18,-0.02,0.46,-0.58,0.19,0.12,-0.26,-0.15,0,0,-31.00
2003-02-10T03:00:00,0.73,-0.23,-1.01,0.38,0.19,-0.58,-0.01,-0.25,-0.15,0,0,-33.00
2003-02-10T04:00:00,0.75,-0.09,-0.91,0.33,0.49,-0.52,0.02,-0.23,-0.14,0,0,-28.00
2003-02-10T05:00:00,0.9,-0.03,-0.73,0.38,0.68,-0.45,0.07,-0.15,-0.12,0,0,-24.00
2003-02-10T06:00:00,0.83,-0.27,-0.59,0.35,0.47,-0.27,0.09,-0.08,-0.09,0,0,-33.00
2003-02-10T07:00:00,0.49,-0.84,-0.53,0.31,0.09,-0.32,0.06,-0.06,-0.1,0,0,-43.00
2003-02-10T08:00:00,0.77,-0.97,-0.34,0.37,-0.15,-0.17,0.02,-0.13,-0.13,0,0,-45.00
2003-02-10T09:00:00,0.73,-1.02,-0.18,0.41,-0.23,-0.16,-0.06,-0.17,-0.13,0,0,-44.00
2003-02-10T10:00:00,0.81,-0.94,-0.04,0.43,-0.12,0.12,-0.03,-0.16,-0.13,0,0,-41.00
2003-02-10T11:00:00,0.76,-0.92,-0.22,0.39,-0.18,-0.21,-0.05,-0.19,-0.13,0,0,-31.00
2003-02-10T12:00:00,0.27,-1.23,-0.09,0.2,-0.42,-0.0,-0.05,-0.24,-0.14,0,0,-27.00
2003-02-10T13:00:00,0.66,-1.02,-0.09,0.33,-0.32,-0.01,0.02,-0.19,-0.13,0,0,-21.00
2003-02-10T14:00:00,0.41,-1.14,0.1,0.27,-1.08,0.46,-0.01,-0.23,-0.13,0,0,-20.00
2003-02-10T15:00:00,0.62,-1.14,0.03,0.35,-0.46,0.15,0.0,-0.27,-0.14,0,0,-22.00
2003-02-10T16:00:00,1.08,-0.48,-0.09,0.55,0.37,0.23,0.1,-0.23,-0.12,0,0,-22.00
2003-02-10T17:00:00,0.76,-0.9,-0.15,0.4,-0.36,0.04,0.14,-0.22,-0.12,0,0,-24.00
2003-02-10T18:00:00,0.61,-1.0,-0.19,0.35,-0.44,-0.02,0.21,-0.24,-0.12,0,0,-25.00
2003-02-10T19:00:00,0.67,-0.86,0.06,0.38,-0.29,0.4,0.24,-0.25,-0.1,0,0,-16.00
2003-02-10T20:00:00,0.6,-1.09,-0.06,0.37,-0.52,0.08,0.2,-0.28,-0.13,0,0,-16.00
2003-02-10T21:00:00,-0.18,-0.97,-0.56,0.26,-0.36,-0.32,0.21,-0.37,-0.15,0,0,-15.00
2003-02-10T22:00:00,0.09,-0.6,-0.71,0.36,0.07,-0.19,0.26,-0.31,-0.12,0,0,-15.00
2003-02-10T23:00:00,-0.1,-0.95,-0.61,0.3,-0.44,-0.32,0.18,-0.34,-0.14,0,0,-12.00
2003-02-11T00:00:00,0.12,-0.71,-0.84,0.41,-0.18,-0.58,0.14,-0.3,-0.14,0,0,-16.00
2003-02-11T01:00:00,0.18,-0.7,-0.66,0.47,-0.26,-0.21,0.19,-0.27,-0.12,0,0,-19.00
2003-02-11T02:00:00,0.47,-0.67,-0.58,0.52,-0.28,-0.23,0.18,-0.26,-0.11,0,0,-22.00
2003-02-11T03:00:00,0.68,-0.2,-0.71,0.56,0.13,-0.43,0.27,-0.19,-0.1,0,0,-22.00
2003-02-11T04:00:00,0.87,0.35,-0.54,0.56,0.57,-0.12,0.3,-0.19,-0.1,0,0,-23.00
2003-02-11T05:00:00,0.44,-0.15,-0.8,0.52,0.12,-0.59,0.48,-0.23,-0.09,0,0,-24.00
2003-02-11T06:00:00,0.05,-1.09,-0.39,0.47,-0.47,-0.26,0.45,-0.33,-0.12,0,0,-28.00
2003-02-11T07:00:00,0.11,-1.06,0.09,0.61,-0.16,0.09,0.84,-0.29,-0.07,0,0,-34.00
2003-02-11T08:00:00,0.85,-0.43,-0.04,0.79,0.2,-0.16,0.93,-0.24,-0.0,0,0,-36.00
2003-02-11T09:00:00,-0.01,-1.05,0.52,0.59,-0.23,0.36,0.77,-0.41,-0.13,0,0,-34.00
2003-02-11T10:00:00,-0.38,-0.77,0.37,0.5,-0.11,0.23,0.67,-0.39,-0.09,0,0,-31.00
2003-02-11T11:00:00,-0.37,-1.17,0.06,0.56,-0.5,-0.11,0.56,-0.41,-0.14,0,0,-31.00
2003-02-11T12:00:00,-0.42,-1.21,0.11,0.56,-0.62,-0.07,0.5,-0.42,-0.15,0,0,-26.00
2003-02-11T13:00:00,-0.4,-1.24,0.09,0.59,-0.65,-0.09,0.5,-0.42,-0.15,0,0,-21.00
2003-02-11T14:00:00,-0.35,-1.24,0.01,0.65,-0.67,-0.13,0.54,-0.43,-0.15,0,0,-15.00
2003-02-11T15:00:00,-0.35,-1.21,-0.08,0.66,-0.58,-0.29,0.61,-0.42,-0.15,0,0,-15.00
2003-02-11T16:00:00,-0.27,-0.9,-0.12,0.67,-0.34,-0.38,0.57,-0.41,-0.11,0,0,-15.00
2003-02-11T17:00:00,1.07,-0.23,0.41,0.97,0.08,0.31,0.44,-0.26,-0.1,0,0,-13.00
2003-02-11T18:00:00,1.02,-0.28,0.33,0.99,0.08,0.27,0.47,-0.28,-0.09,0,0,-15.00
2003-02-11T19:00:00,0.67,-0.49,0.58,0.91,0.05,0.67,0.41,-0.34,-0.1,0,0,-20.00
2003-02-11T20:00:00,0.77,-0.69,0.13,0.98,-0.25,0.18,0.4,-0.33,-0.1,0,0,-17.00
2003-02-11T21:00:00,0.93,-0.39,0.37,1.06,0.11,0.62,0.42,-0.28,-0.09,0,0,-16.00
2003-02-11T22:00:00,0.95,-0.35,0.34,1.11,0.06,0.59,0.31,-0.32,-0.11,0,0,-17.00
2003-02-11T23:00:00,0.99,-0.28,-0.1,1.15,0.02,-0.28,0.32,-0.32,-0.11,0,0,-15.00
2003-02-12T00:00:00,0.89,-0.45,-0.04,1.13,-0.39,-0.25,0.34,-0.28,-0.09,0,0,-10.00
2003-02-12T01:00:00,0.36,-0.83,-0.12,0.92,-0.51,-0.34,0.45,-0.23,-0.04,0,0,-6.00
2003-02-12T02:00:00,0.35,-0.65,-0.38,0.91,-0.43,-0.83,0.43,-0.27,-0.05,0,0,-7.00
2003-02-12T03:00:00,0.67,-0.44,0.11,1.0,-0.35,-0.07,0.49,-0.21,0.03,0,0,-6.00
2003-02-12T04:00:00,0.2,-0.54,-0.17,0.9,-0.61,-0.62,0.48,-0.27,0.1,0,0,-8.00
2003-02-12T05:00:00,-0.22,-0.7,-0.43,0.77,-0.6,-0.71,0.66,-0.27,-0.04,0,0,-12.00
2003-02-12T06:00:00,-0.12,-1.22,0.25,0.82,-0.61,-0.23,0.84,-0.31,-0.11,0,0,-9.00
2003-02-12T07:00:00,-0.11,-0.46,1.24,0.81,-0.09,0.59,0.94,-0.27,-0.12,0,0,-7.00
2003-02-12T08:00:00,0.15,-0.13,-0.35,0.9,-0.11,-0.21,1.37,-0.28,0.45,0,0,-9.00
2003-02-12T09:00:00,0.04,0.37,0.06,0.9,-0.0,-0.0,2.35,-0.32,1.26,0,0,-9.00
2003-02-12T10:00:00,0.09,0.62,0.49,0.94,0.18,0.2,1.6,-0.43,-0.02,0,0,-8.00
2003-02-12T11:00:00,0.11,0.51,0.97,0.93,0.26,0.16,1.47,-0.45,-0.12,0,0,-12.00
2003-02-12T12:00:00,0.19,0.52,0.68,0.99,0.23,0.09,1.48,-0.41,-0.05,0,0,-15.00
2003-02-12T13:00:00,-0.19,-0.04,-0.26,0.93,-0.05,-0.38,1.02,-0.39,0.38,0,0,-10.00
2003-02-12T14:00:00,-0.29,-0.2,-0.87,0.93,-0.11,-1.0,0.85,-0.45,-0.14,0,0,-4.00
2003-02-12T15:00:00,0.16,0.2,-0.2,0.97,0.12,-0.48,1.39,-0.35,0.67,0,0,-3.00
2003-02-12T16:00:00,0.03,0.17,-0.03,0.97,0.14,-0.33,2.21,-0.39,3.07,1,0,-10.00
2003-02-12T17:00:00,-0.05,0.41,-0.28,0.98,0.38,-0.5,1.46,-0.34,0.24,1,0,-13.00
2003-02-12T18:00:00,0.23,0.17,-0.49,1.04,0.21,-0.61,1.25,-0.32,0.1,1,0,-7.00
2003-02-12T19:00:00,0.12,0.53,-0.0,0.98,0.29,-0.33,2.1,-0.28,0.54,1,0,-9.00
2003-02-12T20:00:00,0.41,-0.11,-0.71,1.0,0.17,-0.96,1.62,-0.34,-0.02,1,0,-12.00
2003-02-12T21:00:00,0.65,-0.5,-0.86,0.98,0.07,-1.11,1.98,-0.5,-0.14,1,0,-16.00
2003-02-12T22:00:00,-0.57,0.99,-0.11,0.86,0.31,-0.68,1.94,-0.26,-0.02,1,0,-13.00
2003-02-12T23:00:00,-0.47,1.43,0.15,0.92,-0.35,-0.6,1.06,-0.13,-0.1,1,0,-19.00
2003-02-13T00:00:00,-0.39,1.59,0.54,0.95,-0.59,-0.98,0.77,-0.29,-0.15,1,0,-25.00
2003-02-13T01:00:00,-0.54,1.5,0.89,0.96,-0.37,-1.3,0.73,-0.39,-0.17,1,0,-22.00
2003-02-13T02:00:00,-0.6,1.55,0.41,0.99,-0.56,-0.79,0.96,-0.36,-0.15,1,0,-20.00
2003-02-13T03:00:00,-0.02,1.53,0.89,0.82,-0.73,-1.51,1.16,-0.4,-0.16,1,0,-23.00
2003-02-13T04:00:00,0.14,1.59,0.88,0.72,-0.91,-1.46,1.15,-0.42,-0.16,1,0,-21.00
2003-02-13T05:00:00,-0.45,1.61,0.75,0.88,-1.17,-1.19,1.06,-0.43,-0.17,1,0,-16.00
2003-02-13T06:00:00,-1.15,1.62,0.67,1.01,-1.18,-1.2,1.23,-0.41,-0.17,1,0,-14.00
2003-02-13T07:00:00,-1.23,1.68,0.82,0.99,-1.24,-1.03,1.24,-0.41,-0.17,1,0,-13.00
2003-02-13T08:00:00,-1.53,1.42,1.01,1.05,-1.11,-1.02,1.19,-0.45,-0.18,1,0,-11.00
2003-02-13T09:00:00,-1.3,1.39,0.42,1.01,-1.15,-0.66,1.62,-0.38,-0.15,1,0,-10.00
2003-02-13T10:00:00,-0.21,1.3,0.71,0.84,-0.64,-1.21,1.73,-0.04,-0.04,1,0,-6.00
2003-02-13T11:00:00,-0.07,1.64,0.12,0.81,-0.78,-0.56,1.42,0.24,-0.03,1,0,-1.00
2003-02-13T12:00:00,0.08,1.92,0.2,0.76,-0.13,-0.43,0.6,0.48,-0.09,1,0,-3.00
2003-02-13T13:00:00,-0.2,1.61,0.55,0.78,0.39,-0.35,0.47,0.48,-0.08,1,0,-1.00
2003-02-13T14:00:00,-0.44,1.21,0.55,0.92,0.56,-0.16,0.42,0.52,-0.02,1,0,0.00
2003-02-13T15:00:00,-0.86,1.02,0.85,0.78,0.59,0.07,0.33,0.46,-0.07,1,0,1.00
2003-02-13T16:00:00,-0.31,0.95,0.78,0.73,0.03,0.3,0.48,0.48,0.01,1,0,0.00
2003-02-13T17:00:00,-0.79,0.96,0.5,0.85,-0.14,0.54,0.69,0.5,0.03,1,0,2.00
2003-02-13T18:00:00,-0.6,0.77,0.65,0.89,-0.45,0.21,0.74,0.53,0.11,1,0,2.00
2003-02-13T19:00:00,0.06,0.49,0.22,0.76,-0.45,0.43,0.8,0.48,1.26,1,0,3.00
2003-02-14T17:00:00,-1.48,1.43,0.83,0.1,-0.71,-1.58,0.54,0.45,-0.12,1,0,-9.00
2003-02-14T18:00:00,-0.58,1.57,1.15,-0.37,-0.95,-1.54,0.32,0.22,-0.14,1,0,-10.00
2003-02-14T19:00:00,-1.47,1.16,0.79,-0.01,-0.68,-1.51,0.54,0.52,-0.1,1,0,-11.00
2003-02-15T18:00:00,-1.41,-0.11,-0.47,-0.62,0.93,1.42,-0.25,-0.06,-0.15,0,0,-31.00
2003-02-15T19:00:00,-1.52,0.17,-0.02,-0.6,0.32,0.66,-0.27,-0.19,-0.16,0,0,-23.00
2003-02-15T20:00:00,-1.14,0.63,0.43,-0.85,-0.36,-0.26,-0.22,-0.12,-0.15,0,0,-22.00
2003-02-15T21:00:00,-0.76,1.28,0.17,-1.04,-0.94,0.08,-0.2,0.23,-0.13,0,0,-22.00
2003-02-15T22:00:00,-1.12,0.76,0.6,-0.89,-0.59,-0.58,-0.24,0.1,-0.14,0,0,-21.00
2003-02-15T23:00:00,-1.19,0.88,0.28,-0.88,-0.62,0.08,-0.24,0.13,-0.14,0,0,-24.00
2003-02-16T20:00:00,-0.16,-0.85,-0.12,-1.74,2.35,1.19,-0.25,0.51,0.05,0,0,-10.00
2003-02-16T21:00:00,-0.7,-0.61,-0.17,-1.48,1.79,1.14,-0.24,0.45,-0.0,0,0,-13.00
2003-02-16T22:00:00,-0.87,-0.48,-0.31,-1.37,1.64,1.56,-0.23,0.37,-0.05,0,0,-9.00
2003-02-16T23:00:00,-1.02,-0.03,0.02,-1.16,0.87,0.82,-0.3,0.01,-0.1,0,0,-16.00
2003-02-17T00:00:00,-0.72,0.79,0.29,-1.36,-0.65,-0.12,-0.39,0.23,-0.1,0,0,-19.00
2003-02-18T17:00:00,-1.03,-0.43,0.47,-1.41,0.31,0.14,0.42,-0.58,-0.18,0,0,-11.00
2003-02-18T18:00:00,-0.98,-0.4,0.58,-1.36,0.21,0.11,0.3,-0.57,-0.18,0,0,-13.00
2003-02-18T19:00:00,-1.01,-0.35,0.45,-1.27,0.26,0.07,0.48,-0.57,-0.18,0,0,-7.00
2003-02-18T20:00:00,-1.0,-0.17,0.54,-1.2,0.09,-0.01,0.29,-0.57,-0.18,0,0,0.00
2003-02-18T21:00:00,-1.14,-0.35,0.08,-1.08,0.27,0.39,0.34,-0.57,-0.18,0,0,-3.00
2003-02-18T22:00:00,-1.1,-0.15,0.29,-1.03,0.08,0.14,0.28,-0.57,-0.18,0,0,-11.00
2003-02-18T23:00:00,-1.16,-0.15,0.25,-0.89,0.06,0.09,0.16,-0.58,-0.18,0,0,-14.00
2003-02-19T00:00:00,-1.07,-0.32,0.35,-0.88,0.19,0.13,0.22,-0.58,-0.18,0,0,-16.00
2003-02-19T01:00:00,-0.98,-0.19,0.39,-0.88,0.14,0.02,0.24,-0.55,-0.17,0,0,-12.00
2003-02-19T02:00:00,-0.74,0.3,0.54,-0.89,-0.12,-0.24,0.3,-0.55,-0.16,0,0,-8.00
2003-02-19T03:00:00,-0.5,0.19,0.75,-0.9,-0.09,-0.6,0.26,-0.54,-0.16,0,0,-4.00
2003-02-19T04:00:00,-0.91,-0.27,0.29,-0.73,0.3,-0.0,0.16,-0.5,-0.16,0,0,-3.00
2003-02-19T05:00:00,-0.92,-0.53,0.02,-0.66,0.56,0.32,0.02,-0.5,-0.16,0,0,0.00
2003-02-19T06:00:00,-0.7,0.05,0.45,-0.68,0.03,-0.32,0.19,-0.5,-0.14,0,0,2.00
2003-02-19T07:00:00,-0.74,-0.23,0.45,-0.61,0.24,-0.44,0.14,-0.49,-0.15,0,0,-1.00
2003-02-19T08:00:00,-0.75,-0.49,0.41,-0.57,0.41,-0.49,0.07,-0.5,-0.16,0,0,-1.00
2003-02-19T09:00:00,-0.53,-0.56,0.55,-0.58,0.45,-0.63,0.06,-0.49,-0.15,0,0,1.00
2003-02-19T10:00:00,-0.77,-0.53,0.28,-0.46,0.45,-0.31,-0.03,-0.49,-0.16,0,0,1.00
2003-02-19T11:00:00,-0.93,-0.22,0.15,-0.37,0.19,0.05,0.42,-0.46,-0.13,0,0,0.00
2003-02-19T12:00:00,-0.87,-0.1,0.49,-0.4,0.03,-0.38,0.37,-0.42,-0.13,1,0,-3.00
2003-02-19T13:00:00,-1.02,-0.32,0.26,-0.36,0.17,-0.27,0.79,-0.42,-0.12,1,0,-6.00
2003-02-19T14:00:00,-1.11,0.71,0.07,-0.37,-0.66,-0.03,1.06,-0.4,-0.13,1,0,-2.00
2003-02-19T15:00:00,-0.8,0.53,0.36,-0.55,-0.46,-0.3,0.67,-0.16,-0.03,1,0,-2.00
2003-02-19T16:00:00,-0.95,-0.17,0.79,-0.58,0.21,-0.65,0.88,0.11,-0.01,1,0,0.00
2003-02-19T17:00:00,-0.4,-0.55,0.52,-0.68,0.43,-0.49,1.02,0.22,0.31,1,0,1.00
2003-02-19T18:00:00,-0.09,0.74,0.47,-0.73,-0.72,-0.25,0.96,0.29,0.28,1,0,4.00
2003-02-19T19:00:00,-0.57,0.21,0.17,-0.59,-0.31,0.27,0.91,0.74,1.26,1,0,6.00
2003-02-19T20:00:00,-0.3,-0.02,-0.6,-0.6,-0.04,1.03,0.75,0.46,0.37,1,0,3.00
2003-02-19T21:00:00,-0.58,0.25,0.12,-0.56,0.29,0.29,0.36,1.14,1.06,1,0,0.00
2003-02-19T22:00:00,-0.24,0.73,0.46,-0.74,-0.12,-0.19,0.22,0.64,0.2,1,0,-13.00
2003-02-19T23:00:00,-0.56,0.43,0.61,-0.56,-0.02,-0.94,0.34,0.35,0.11,1,0,-20.00
2003-02-20T00:00:00,-0.59,1.13,0.48,-0.56,-0.82,-1.06,0.63,0.24,-0.03,1,0,-13.00
2003-02-20T01:00:00,-0.17,-0.11,1.03,-0.67,-0.08,-2.01,0.87,0.29,0.08,1,0,-7.00
2003-02-20T02:00:00,-0.59,0.5,0.62,-0.84,0.34,-1.57,0.29,0.97,0.23,1,0,-2.00
2003-02-20T03:00:00,-0.17,0.76,0.19,-1.18,0.45,-1.15,-0.02,1.59,0.51,1,0,3.00
2003-02-20T04:00:00,-0.97,0.68,-0.47,-0.91,0.48,-0.01,0.04,1.29,0.04,1,0,-1.00
2003-02-20T05:00:00,-1.34,0.62,0.65,-0.95,0.15,-1.91,-0.02,1.14,-0.05,1,0,-1.00
2003-02-20T06:00:00,-0.84,0.84,0.31,-1.59,0.7,-0.72,-0.11,1.09,0.02,1,0,-9.00
2003-02-20T07:00:00,-0.52,0.17,0.92,-2.01,1.65,-1.1,-0.06,1.34,0.11,1,0,-10.00
2003-02-20T08:00:00,-0.71,0.66,0.37,-1.97,1.1,-0.44,-0.04,1.24,0.16,1,0,-11.00
2003-02-20T09:00:00,-0.79,0.51,0.08,-1.94,1.44,-0.09,-0.1,1.12,0.18,1,0,-6.00
2003-02-20T10:00:00,-0.96,0.58,0.06,-1.84,0.97,-0.13,-0.14,0.85,0.02,1,0,-4.00
2003-02-20T11:00:00,-0.7,0.42,0.73,-1.93,0.98,-1.51,-0.19,0.55,-0.03,1,0,-15.00
2003-02-20T12:00:00,-0.59,0.6,0.27,-1.87,0.42,-0.6,-0.24,0.55,0.05,1,0,-16.00
2003-02-20T13:00:00,-0.61,0.27,0.46,-1.88,0.55,-1.09,-0.22,0.67,0.14,1,0,-15.00
2003-02-20T14:00:00,-0.82,0.14,0.46,-1.83,0.58,-0.79,-0.21,0.57,0.03,1,0,-12.00
2003-02-20T15:00:00,-0.84,-0.11,-0.09,-1.83,0.72,0.12,-0.28,0.54,0.05,1,0,-10.00
2003-02-20T16:00:00,-0.81,0.63,0.1,-1.8,-0.19,-0.15,-0.27,0.63,-0.01,0,0,-13.00
2003-02-20T20:00:00,-0.2,0.66,0.75,-1.89,-0.17,-2.09,-0.5,0.36,-0.1,0,0,-19.00
2003-02-20T21:00:00,-0.18,0.34,0.57,-1.94,0.3,-1.62,-0.46,0.38,0.04,0,0,-23.00
2003-02-20T22:00:00,-0.66,0.22,0.3,-1.46,0.19,-0.49,-0.43,0.2,-0.01,0,0,-27.00
2003-02-20T23:00:00,-0.29,0.55,0.38,-1.55,-0.37,-0.65,-0.37,0.29,0.04,0,0,-22.00
2003-02-21T00:00:00,-0.64,0.27,-0.06,-1.34,-0.28,0.28,-0.36,0.35,0.07,0,0,-15.00
2003-02-21T01:00:00,-0.26,0.48,0.15,-1.51,-0.42,-0.31,-0.36,0.39,0.23,0,0,-10.00
2003-02-21T02:00:00,-0.49,0.32,-0.09,-1.41,-0.24,0.04,-0.28,0.37,0.21,0,0,-9.00
2003-02-21T03:00:00,0.06,0.59,0.37,-1.6,-0.67,-0.73,-0.26,0.27,0.09,0,0,-9.00
2003-02-21T04:00:00,0.17,0.44,0.43,-1.57,-0.32,-0.86,-0.22,0.05,0.08,0,0,-9.00
2003-02-21T05:00:00,0.32,0.6,0.07,-1.56,-0.4,-0.36,-0.22,0.04,0.05,0,0,-6.00
2003-02-21T06:00:00,-0.14,0.58,0.14,-1.42,-0.63,-0.48,-0.11,0.17,0.2,0,0,-5.00
2003-02-21T07:00:00,-0.91,0.13,0.12,-1.03,0.04,-0.63,-0.35,-0.15,-0.11,0,0,-2.00
