2003-03-20T11:00:00,-1.0,-1.6,-0.12,-2.54,3.67,-1.96,-0.34,1.6,-0.1,0,0,-15.00
2003-03-20T12:00:00,-0.93,-1.3,-0.42,-2.29,3.15,0.13,-0.43,1.56,-0.1,0,0,-18.00
2003-03-20T13:00:00,-1.68,-1.19,-0.42,-1.71,1.99,-1.94,-0.29,0.68,-0.15,0,1,-24.00
2003-03-20T14:00:00,-1.88,-0.77,-0.61,-1.58,1.84,-0.33,-0.75,0.36,-0.18,0,1,-32.00
2003-03-20T15:00:00,-1.78,-0.16,-0.89,-1.71,0.71,0.02,-0.76,0.33,-0.18,0,1,-37.00
2003-03-20T16:00:00,-1.67,0.29,-0.97,-1.52,-0.28,0.03,-0.79,0.16,-0.18,0,1,-43.00
2003-03-20T17:00:00,-1.49,0.19,-1.0,-1.63,0.31,0.44,-0.7,0.11,-0.18,0,1,-49.00
2003-03-20T18:00:00,-1.67,0.5,-0.69,-1.53,-0.2,-0.51,-0.6,-0.06,-0.18,0,1,-46.00
2003-03-20T19:00:00,-1.5,0.81,-0.4,-1.73,-0.42,-1.52,-0.63,0.18,-0.17,0,1,-55.00
2003-03-20T20:00:00,-1.54,0.99,-0.17,-1.86,-0.11,-1.46,-0.65,-0.11,-0.18,0,1,-64.00
2003-03-20T21:00:00,-1.3,1.11,0.43,-1.83,-0.21,-1.79,-0.58,0.04,-0.17,0,1,-63.00
2003-03-20T22:00:00,-0.97,0.84,0.26,-1.89,0.28,-1.25,-0.5,0.48,-0.12,0,0,-58.00
2003-03-20T23:00:00,-1.15,0.78,-0.21,-1.79,0.2,0.27,-0.45,0.33,-0.14,0,0,-49.00
2003-03-21T00:00:00,-1.04,0.75,0.42,-1.92,0.44,-0.97,-0.38,0.66,-0.1,0,0,-37.00
2003-03-21T01:00:00,-0.82,0.9,0.63,-2.03,-0.08,-0.94,-0.4,0.86,-0.09,0,0,-42.00
2003-03-21T02:00:00,-0.78,0.84,0.46,-1.95,-0.05,-0.37,-0.39,0.68,-0.08,0,0,-36.00
2003-03-21T03:00:00,-0.36,0.74,-0.03,-2.21,-0.04,0.54,-0.36,1.1,0.13,0,0,-27.00
2003-03-21T04:00:00,-0.37,0.47,-0.19,-2.18,0.28,0.88,-0.44,1.12,0.26,0,0,-23.00
2003-03-21T05:00:00,-0.43,0.49,0.34,-2.09,0.4,-0.61,-0.44,1.13,0.19,0,0,-25.00
2003-03-21T06:00:00,-0.51,0.38,0.1,-2.01,1.24,-0.25,-0.46,0.79,0.2,0,0,-33.00
2003-03-21T07:00:00,-0.54,0.74,0.19,-1.98,0.43,-0.26,-0.48,0.54,-0.04,0,0,-31.00
2003-03-21T08:00:00,-0.86,0.03,-0.37,-1.79,0.46,0.65,-0.43,0.25,-0.08,0,0,-30.00
2003-03-21T09:00:00,-0.73,-0.03,-0.61,-1.91,0.37,1.03,-0.41,0.38,-0.08,0,0,-30.00
2003-03-21T10:00:00,-0.86,0.71,-0.11,-1.8,-0.79,0.11,-0.4,0.26,-0.1,0,0,-30.00
2003-03-21T11:00:00,-1.06,0.24,0.13,-1.69,-0.05,-0.2,-0.31,0.29,-0.07,0,0,-27.00
2003-03-21T12:00:00,-0.88,-0.43,0.6,-1.8,0.85,-1.11,-0.36,0.36,-0.09,0,0,-28.00
2003-03-21T13:00:00,-0.64,-0.09,0.9,-1.88,0.36,-1.71,-0.39,0.59,-0.08,0,0,-22.00
2003-03-21T14:00:00,-0.8,-0.01,0.6,-1.82,0.35,-0.92,-0.41,0.63,-0.03,0,0,-18.00
2003-03-21T15:00:00,-0.73,-0.22,0.63,-1.89,0.52,-0.81,-0.4,0.7,-0.02,0,0,-20.00
2003-03-21T16:00:00,-0.58,0.21,0.49,-1.96,0.0,-0.51,-0.39,0.76,0.1,0,0,-21.00
2003-03-21T17:00:00,-0.28,0.5,0.17,-2.13,-0.37,0.05,-0.38,0.84,0.34,0,0,-20.00
2003-03-21T18:00:00,-0.69,0.3,0.29,-1.94,0.06,-0.15,-0.46,0.2,-0.04,0,0,-18.00
2003-03-21T19:00:00,-0.7,0.46,0.42,-1.97,-0.35,-0.41,-0.43,0.4,-0.05,0,0,-20.00
2003-03-21T20:00:00,-0.68,0.32,0.02,-1.99,-0.08,0.5,-0.39,0.59,0.08,0,0,-24.00
2003-03-21T21:00:00,-0.7,-0.45,-0.34,-2.0,1.32,1.26,-0.44,0.29,-0.07,0,0,-18.00
2003-03-21T22:00:00,-0.96,-0.38,-0.28,-1.78,1.09,1.31,-0.45,0.19,-0.11,0,0,-16.00
2003-03-21T23:00:00,-1.06,0.19,0.22,-1.62,-0.03,-0.03,-0.45,-0.06,-0.13,0,0,-24.00
2003-03-22T00:00:00,-0.55,0.48,0.69,-1.81,-0.67,-0.99,-0.47,0.35,-0.09,0,0,-34.00
2003-03-22T01:00:00,-0.6,0.29,0.76,-1.69,-0.29,-0.94,-0.46,0.36,-0.09,0,0,-36.00
2003-03-22T02:00:00,-0.86,0.22,0.02,-1.58,0.0,0.97,-0.36,0.38,-0.02,0,0,-27.00
2003-03-22T03:00:00,-0.61,0.41,0.19,-1.66,-0.48,0.4,-0.36,0.45,0.07,0,0,-21.00
2003-03-22T04:00:00,-0.64,0.17,0.6,-1.59,-0.1,-0.37,-0.34,0.2,-0.05,0,0,-23.00
2003-03-22T05:00:00,-0.69,0.06,0.41,-1.56,0.25,-0.01,-0.32,0.25,0.01,0,0,-31.00
2003-03-22T06:00:00,-0.71,0.19,0.33,-1.53,0.03,0.13,-0.3,0.23,0.01,0,0,-36.00
2003-03-22T07:00:00,-0.81,0.07,-0.04,-1.44,0.2,1.01,-0.32,0.11,-0.03,0,0,-36.00
2003-03-22T08:00:00,-0.61,-0.44,0.59,-1.51,1.24,-0.58,-0.3,0.16,-0.06,0,0,-28.00
2003-03-22T09:00:00,-0.57,-0.09,0.63,-1.46,0.65,-0.69,-0.31,0.15,-0.04,0,0,-31.00
2003-03-22T10:00:00,-0.45,0.05,0.62,-1.5,0.48,-0.77,-0.35,0.07,-0.03,0,0,-27.00
2003-03-22T11:00:00,-0.68,0.63,0.32,-1.33,-0.53,-0.15,-0.34,0.06,-0.09,0,0,-29.00
2003-03-22T12:00:00,-0.58,0.58,0.2,-1.34,-0.48,0.18,-0.35,0.11,-0.05,0,0,-23.00
2003-03-22T13:00:00,-0.47,0.65,0.4,-1.38,-0.66,-0.2,-0.39,0.1,-0.08,0,0,-18.00
2003-03-22T14:00:00,-0.58,0.69,0.32,-1.26,-0.72,-0.13,-0.36,0.11,-0.08,0,0,-15.00
2003-03-22T15:00:00,-0.67,0.52,0.55,-1.21,-0.45,-0.76,-0.46,-0.07,-0.13,0,0,-15.00
2003-03-22T16:00:00,-0.59,0.74,0.62,-1.19,-0.86,-0.76,-0.43,0.08,-0.13,0,0,-13.00
2003-03-22T17:00:00,-0.93,0.35,0.41,-0.99,-0.13,-0.27,-0.42,-0.11,-0.13,0,0,-12.00
2003-03-22T18:00:00,-0.73,0.25,0.06,-1.11,0.24,0.88,-0.38,0.07,-0.03,0,0,-11.00
2003-03-22T19:00:00,-0.71,0.52,0.24,-1.13,-0.5,0.26,-0.32,0.14,-0.06,0,0,-14.00
2003-03-22T20:00:00,-0.76,0.35,0.13,-1.1,-0.38,0.16,-0.37,0.07,-0.06,0,0,-16.00
2003-03-22T21:00:00,-0.5,0.16,0.3,-1.26,0.06,-0.1,-0.35,0.32,0.18,0,0,-14.00
2003-03-22T22:00:00,-0.68,0.61,0.53,-1.2,-0.75,-0.86,-0.34,0.28,-0.08,0,0,-16.00
2003-03-22T23:00:00,-1.04,-0.15,0.37,-0.96,0.54,-0.72,-0.3,0.14,-0.1,0,0,-18.00
2003-03-23T00:00:00,-0.75,0.33,-0.25,-1.09,-0.24,0.88,-0.37,0.18,-0.06,0,0,-19.00
2003-03-23T01:00:00,-0.04,0.27,0.66,-1.45,0.01,-0.76,-0.45,0.22,-0.02,0,0,-17.00
2003-03-23T02:00:00,-0.83,0.43,0.43,-1.16,-0.31,-0.92,-0.42,0.25,-0.09,0,0,-18.00
2003-03-23T03:00:00,-0.69,0.51,0.25,-1.2,-0.6,-0.29,-0.43,0.04,-0.09,0,0,-16.00
2003-03-23T04:00:00,-0.45,0.33,0.41,-1.37,-0.22,-0.54,-0.33,0.25,0.07,0,0,-16.00
2003-03-23T05:00:00,-0.63,-0.02,-0.13,-1.35,0.36,0.87,-0.33,0.16,0.06,0,0,-17.00
2003-03-23T06:00:00,-0.11,0.22,0.56,-1.51,0.69,-0.35,-0.33,0.2,0.1,0,0,-15.00
2003-03-23T07:00:00,-0.11,0.82,0.1,-1.52,-0.92,0.15,-0.36,0.28,-0.02,0,0,-15.00
2003-03-23T08:00:00,-0.84,0.08,-0.37,-1.17,0.34,1.39,-0.36,0.05,-0.09,0,0,-17.00
2003-03-23T09:00:00,-0.96,-0.13,-0.18,-1.1,0.61,0.8,-0.33,0.05,-0.09,0,0,-13.00
2003-03-23T10:00:00,-0.69,0.45,0.19,-1.19,-0.45,-0.02,-0.39,0.12,-0.05,0,0,-17.00
2003-03-23T11:00:00,-0.2,0.35,0.58,-1.39,-0.3,-0.78,-0.42,0.17,-0.01,0,0,-18.00
2003-03-23T12:00:00,-0.78,0.69,-0.17,-1.04,-0.74,0.71,-0.5,-0.11,-0.14,0,0,-23.00
2003-03-23T13:00:00,-0.35,0.79,0.15,-1.21,-0.89,-0.15,-0.44,-0.06,-0.1,0,0,-17.00
2003-03-23T14:00:00,-0.18,0.15,0.71,-1.29,0.2,-1.49,-0.38,0.04,-0.05,0,0,-18.00
2003-03-23T15:00:00,-0.63,0.56,0.52,-1.06,-0.41,-0.95,-0.34,0.04,-0.1,0,0,-23.00
2003-03-23T16:00:00,-0.66,0.74,-0.24,-1.0,-0.74,0.92,-0.4,-0.1,-0.13,0,0,-23.00
2003-03-23T17:00:00,-0.55,0.55,-0.1,-1.02,-0.52,0.6,-0.37,-0.01,-0.06,0,0,-20.00
2003-03-23T18:00:00,-0.68,0.5,0.07,-1.03,-0.45,0.48,-0.29,-0.06,-0.07,0,0,-20.00
2003-03-23T19:00:00,-0.67,0.74,0.1,-1.05,-0.95,0.38,-0.33,-0.08,-0.11,0,0,-22.00
2003-03-23T20:00:00,-0.69,0.36,0.2,-1.09,-0.24,0.13,-0.2,0.01,-0.01,0,0,-24.00
2003-03-23T21:00:00,-0.22,-0.12,0.35,-1.4,0.42,0.16,-0.2,0.26,0.71,0,0,-22.00
2003-03-23T22:00:00,-0.39,0.27,0.08,-1.48,0.3,0.8,-0.21,0.46,0.58,0,0,-19.00
2003-03-23T23:00:00,-0.23,0.34,0.15,-1.56,0.22,1.01,-0.24,0.51,0.8,0,0,-17.00
2003-03-24T00:00:00,-0.35,0.28,0.1,-1.52,0.08,1.57,-0.31,0.44,0.55,0,0,-20.00
2003-03-24T01:00:00,-0.08,0.24,0.15,-1.57,0.21,1.32,-0.39,0.37,1.3,0,0,-15.00
2003-03-24T02:00:00,-0.15,0.15,0.23,-1.49,0.44,0.93,-0.44,0.39,1.18,0,0,-10.00
2003-03-24T03:00:00,-0.16,-0.02,0.39,-1.4,1.16,1.21,-0.21,0.22,0.66,0,0,-9.00
2003-03-24T04:00:00,-0.34,0.23,0.13,-1.26,0.36,0.68,-0.49,0.19,0.29,0,0,-11.00
2003-03-24T05:00:00,-0.46,0.04,0.08,-1.13,0.46,0.72,-0.39,0.11,0.27,0,0,-12.00
2003-03-24T06:00:00,-0.6,0.07,-0.2,-1.13,0.43,0.8,-0.34,0.01,0.01,0,0,-11.00
2003-03-24T07:00:00,-0.51,0.3,-0.14,-1.1,-0.2,0.68,-0.3,-0.0,0.03,0,0,-12.00
2003-03-24T08:00:00,-0.5,0.27,0.23,-1.0,-0.45,0.29,-0.34,-0.01,0.06,0,0,-11.00
2003-03-24T09:00:00,-0.36,0.14,0.25,-0.99,-0.09,0.15,-0.42,0.0,0.2,0,0,-17.00
2003-03-24T10:00:00,-0.29,0.09,0.25,-0.94,-0.13,-0.19,-0.48,-0.05,0.25,0,0,-21.00
2003-03-24T11:00:00,0.07,-0.15,0.27,-0.96,0.11,0.29,-0.54,-0.19,0.39,0,0,-18.00
2003-03-24T12:00:00,-0.46,0.27,0.19,-0.63,-0.3,0.1,-0.5,-0.19,-0.04,0,0,-15.00
2003-03-24T13:00:00,-0.32,0.25,0.35,-0.55,-0.35,-0.38,-0.46,-0.27,-0.04,0,0,-12.00
2003-03-24T14:00:00,-0.54,0.22,0.15,-0.42,-0.34,-0.31,-0.29,-0.14,0.03,0,0,-15.00
2003-03-24T15:00:00,-0.28,0.47,0.3,-0.47,-0.42,-0.31,-0.29,-0.25,-0.04,0,0,-15.00
2003-03-24T16:00:00,-0.52,0.26,0.17,-0.27,-0.19,-0.19,-0.31,-0.16,0.01,0,0,-14.00
2003-03-24T17:00:00,-0.48,0.06,0.26,-0.16,-0.08,-0.11,-0.42,-0.21,-0.0,0,0,-13.00
2003-03-24T18:00:00,-0.27,0.17,0.3,-0.11,-0.12,-0.26,-0.48,-0.28,0.03,0,0,-12.00
2003-03-24T19:00:00,0.36,0.29,0.16,-0.03,0.02,-0.64,-0.44,-0.39,-0.06,0,0,-12.00
2003-03-24T20:00:00,0.14,0.48,0.15,0.05,0.07,-0.43,-0.43,-0.38,-0.08,0,0,-13.00
2003-03-24T21:00:00,-0.13,0.24,0.22,0.19,0.11,-0.49,-0.41,-0.35,0.13,0,0,-11.00
2003-03-24T22:00:00,-0.38,0.24,0.23,0.28,0.12,-0.3,-0.36,-0.33,-0.02,0,0,-7.00
2003-03-24T23:00:00,-0.17,0.3,0.2,0.34,0.18,-0.64,-0.33,-0.39,0.04,0,0,-5.00
2003-03-25T00:00:00,-0.38,0.32,0.17,0.41,0.1,-0.56,-0.25,-0.34,-0.02,0,0,-6.00
2003-03-25T01:00:00,0.04,0.45,0.35,0.27,-0.17,-0.67,-0.25,-0.42,-0.09,0,0,-7.00
2003-03-25T02:00:00,-0.41,0.35,0.03,0.43,-0.27,-0.22,-0.12,-0.31,0.01,0,0,-6.00
2003-03-25T03:00:00,-0.22,0.48,0.17,0.4,-0.31,-0.29,-0.05,-0.42,-0.05,0,0,-5.00
2003-03-25T04:00:00,-0.12,0.43,0.32,0.43,-0.16,-0.5,-0.07,-0.44,-0.06,0,0,-6.00
2003-03-25T05:00:00,-0.24,0.55,0.28,0.51,-0.22,-0.47,0.05,-0.45,-0.1,0,0,-6.00
2003-03-25T06:00:00,0.1,0.57,0.4,0.41,-0.33,-0.64,-0.04,-0.47,-0.12,0,0,-5.00
2003-03-25T07:00:00,0.06,0.59,0.44,0.43,-0.32,-0.77,-0.04,-0.49,-0.14,0,0,-3.00
2003-03-25T08:00:00,0.1,0.66,0.36,0.44,-0.4,-0.63,0.0,-0.47,-0.13,0,0,-3.00
2003-03-25T09:00:00,0.04,0.51,0.51,0.49,-0.36,-0.87,0.0,-0.47,-0.13,0,0,-2.00
2003-03-25T10:00:00,0.14,0.2,0.41,0.45,-0.06,-0.87,0.08,-0.39,0.06,0,0,-1.00
2003-03-25T11:00:00,-0.07,0.39,0.3,0.55,-0.29,-0.57,0.08,-0.41,0.02,0,0,0.00
2003-03-25T12:00:00,-0.01,0.04,0.6,0.56,0.09,-1.03,0.04,-0.46,-0.09,0,0,4.00
2003-03-25T13:00:00,0.1,0.4,0.22,0.55,-0.15,-0.58,0.13,-0.48,-0.01,0,0,6.00
2003-03-25T14:00:00,-0.05,0.6,0.22,0.62,-0.32,-0.52,0.22,-0.47,-0.08,0,0,5.00
2003-03-25T15:00:00,-0.1,0.73,0.24,0.64,-0.33,-0.6,0.25,-0.5,-0.13,0,0,3.00
2003-03-25T16:00:00,0.11,0.51,0.28,0.64,-0.27,-0.65,0.34,-0.46,-0.05,0,0,0.00
2003-03-25T17:00:00,-0.51,0.36,0.32,0.77,-0.12,-0.75,0.36,-0.35,-0.02,0,0,0.00
2003-03-25T18:00:00,-0.18,0.27,0.61,0.71,-0.15,-1.02,0.36,-0.47,-0.1,0,0,1.00
2003-03-25T19:00:00,-0.49,0.08,0.41,0.82,0.1,-0.92,0.36,-0.39,-0.01,0,0,-4.00
2003-03-25T20:00:00,-0.65,0.11,0.38,0.88,0.08,-0.95,0.5,-0.33,-0.02,0,0,-3.00
2003-03-25T21:00:00,-0.32,0.41,0.34,0.81,0.13,-0.86,1.15,-0.51,-0.04,0,0,-3.00
2003-03-25T22:00:00,0.04,0.12,0.73,0.79,0.07,-1.08,1.08,-0.5,-0.1,0,0,-2.00
2003-03-25T23:00:00,-0.3,0.46,0.61,0.87,-0.14,-1.12,1.11,-0.49,-0.1,0,0,3.00
2003-03-26T00:00:00,-0.64,0.66,0.21,0.93,-0.16,-0.86,1.25,-0.43,-0.08,0,0,7.00
2003-03-26T01:00:00,-0.49,0.81,-0.19,0.94,-0.27,-0.67,1.31,-0.42,-0.08,0,0,11.00
2003-03-26T02:00:00,-0.35,0.9,-0.26,0.9,-0.33,-0.84,1.63,-0.42,-0.08,0,0,13.00
2003-03-26T03:00:00,-0.55,0.84,-0.09,0.92,-0.32,-0.96,1.88,-0.39,-0.05,0,0,12.00
2003-03-26T04:00:00,-0.74,0.66,0.22,0.96,-0.34,-1.16,2.32,-0.38,-0.02,0,0,9.00
2003-03-26T05:00:00,-0.58,0.23,0.08,0.96,-0.35,-1.1,3.64,-0.5,0.15,0,0,7.00
2003-03-26T06:00:00,-0.42,0.39,-0.06,0.96,-0.45,-0.93,3.81,-0.5,0.2,0,0,7.00
2003-03-26T07:00:00,-0.23,-0.11,0.2,0.99,-0.29,-1.04,4.27,-0.51,1.46,0,0,9.00
2003-03-26T08:00:00,-0.03,-0.82,0.08,1.0,-0.39,-1.03,3.35,-0.52,-0.02,0,0,10.00
2003-03-26T09:00:00,0.47,-0.54,-0.34,1.02,-0.28,-1.06,0.88,-0.42,-0.07,0,0,9.00
2003-03-26T10:00:00,0.69,-0.07,-0.49,0.93,0.27,-0.73,0.23,-0.27,-0.08,0,0,6.00
2003-03-26T11:00:00,0.69,0.08,-0.35,0.93,0.12,-0.92,0.34,-0.18,-0.0,0,0,0.00
2003-03-26T12:00:00,0.73,-0.24,-0.12,0.9,0.61,-1.06,0.13,-0.18,-0.0,0,0,-3.00
2003-03-26T13:00:00,0.48,-0.6,-0.01,0.94,0.58,-0.75,0.19,-0.22,-0.0,0,0,-5.00
2003-03-26T14:00:00,0.39,-0.58,0.18,0.95,0.53,-0.23,0.12,-0.16,0.05,1,0,-2.00
2003-03-26T15:00:00,-0.3,-0.75,0.25,0.92,0.55,-0.09,0.1,-0.3,-0.07,1,0,-4.00
2003-03-26T16:00:00,-0.12,-0.36,0.76,0.79,0.28,-0.38,0.36,-0.23,-0.04,1,0,-7.00
2003-03-26T17:00:00,-0.22,-1.1,-0.03,0.55,-0.37,-0.93,1.91,-0.3,-0.03,1,0,-7.00
2003-03-26T18:00:00,-0.12,-0.85,0.32,0.54,-0.43,-0.37,3.06,-0.31,0.16,1,0,-4.00
2003-03-26T19:00:00,1.31,-0.72,-0.69,0.75,-0.49,-0.82,3.22,-0.37,-0.11,1,0,6.00
2003-03-26T20:00:00,0.87,-0.89,0.15,0.78,-0.71,-0.59,3.86,-0.39,-0.02,1,0,2.00
2003-03-26T21:00:00,-0.68,-1.04,1.2,0.69,-0.48,-0.47,2.91,-0.47,-0.15,1,0,2.00
2003-03-26T22:00:00,0.73,-0.7,-0.59,0.77,-0.06,-1.21,3.91,-0.32,0.02,1,0,-4.00
2003-03-26T23:00:00,0.77,-0.51,-0.82,0.74,-0.17,-1.32,3.89,-0.28,0.0,1,0,-6.00
2003-03-27T00:00:00,-0.14,-1.2,0.44,0.58,-0.4,-0.42,2.78,-0.06,0.09,1,0,3.00
2003-03-27T01:00:00,-0.17,-0.62,0.9,0.34,0.04,0.1,1.35,0.16,0.1,1,0,5.00
2003-03-27T02:00:00,0.64,-1.07,0.24,0.3,0.22,0.17,1.14,0.36,0.1,1,0,-10.00
2003-03-27T03:00:00,0.6,-1.49,-0.13,0.2,-0.11,0.39,1.18,0.37,-0.01,1,0,-12.00
2003-03-27T04:00:00,0.83,-0.76,-0.53,0.18,0.16,0.43,1.02,0.31,0.04,1,0,-9.00
2003-03-27T05:00:00,1.15,-0.53,-1.12,0.22,0.21,0.07,0.72,0.11,-0.11,1,0,-7.00
2003-03-27T06:00:00,1.02,-1.08,-0.68,0.27,-0.24,0.27,0.84,0.05,-0.1,1,0,-10.00
2003-03-27T07:00:00,0.87,-1.07,-0.73,0.19,-0.06,0.18,0.73,0.18,-0.08,1,0,-24.00
2003-03-27T08:00:00,0.82,-0.98,-0.91,0.07,0.2,0.01,0.79,0.31,-0.07,1,0,-33.00
2003-03-27T09:00:00,0.74,-1.46,-0.4,-0.05,-0.03,0.9,0.62,0.22,-0.09,1,0,-25.00
2003-03-27T10:00:00,1.33,-0.48,-0.46,0.08,1.02,0.92,0.68,0.13,-0.07,1,0,-19.00
2003-03-27T11:00:00,-0.22,-1.5,0.29,-0.45,0.01,2.03,0.58,0.2,-0.07,1,0,-36.00
2003-03-27T12:00:00,1.05,-0.6,-0.82,-0.09,0.44,0.5,0.45,0.09,-0.1,1,0,-35.00
2003-03-27T13:00:00,0.75,-0.77,-0.79,-0.18,0.32,0.3,0.29,0.04,-0.11,1,0,-33.00
2003-03-27T14:00:00,0.49,-0.94,-0.84,-0.27,0.11,0.27,0.28,0.03,-0.11,1,0,-34.00
2003-03-27T15:00:00,0.75,-1.18,-0.23,-0.17,-0.27,0.78,0.22,-0.03,-0.11,1,0,-36.00
2003-03-27T16:00:00,0.6,-0.91,0.26,-0.21,0.07,1.63,0.24,0.03,-0.04,1,0,-43.00
2003-03-27T17:00:00,0.97,-0.36,0.35,-0.09,0.6,1.78,0.29,-0.02,-0.04,1,0,-53.00
2003-03-27T18:00:00,1.02,-0.71,-0.04,-0.06,0.07,1.16,0.2,-0.13,-0.11,1,0,-56.00
2003-03-27T19:00:00,1.06,-0.43,0.17,-0.05,0.35,1.55,0.23,-0.09,-0.08,1,0,-48.00
2003-03-27T20:00:00,0.85,-0.7,-0.49,-0.12,-0.07,0.38,0.14,-0.13,-0.11,1,0,-43.00
2003-03-27T21:00:00,1.08,-0.39,-0.31,0.01,0.28,0.67,0.1,-0.18,-0.12,1,0,-46.00
2003-03-27T22:00:00,1.1,-0.39,-0.4,0.06,0.15,0.37,-0.03,-0.3,-0.15,1,0,-41.00
2003-03-27T23:00:00,1.11,-0.65,-0.39,0.15,-0.24,0.36,-0.12,-0.32,-0.16,1,0,-47.00
2003-03-28T00:00:00,1.09,-0.52,-0.45,0.2,-0.16,0.16,-0.11,-0.27,-0.15,1,0,-52.00
2003-03-28T01:00:00,0.82,-0.83,-0.45,0.1,-0.56,0.03,-0.09,-0.16,-0.14,0,0,-50.00
2003-03-28T02:00:00,0.84,-0.82,-0.33,0.06,-0.58,0.37,-0.02,-0.21,-0.13,0,0,-42.00
2003-03-28T03:00:00,0.7,-0.7,-0.35,0.0,-0.35,0.17,0.06,-0.17,-0.1,0,0,-32.00
2003-03-28T04:00:00,0.67,-0.8,-0.03,-0.03,-0.36,0.68,0.11,-0.05,-0.06,0,0,-32.00
2003-03-28T05:00:00,0.51,-0.46,-0.7,-0.05,0.06,-0.69,-0.08,-0.21,-0.13,0,0,-31.00
2003-03-28T06:00:00,0.66,-0.55,-0.23,0.01,0.04,0.09,0.01,-0.17,-0.07,0,0,-30.00
2003-03-28T07:00:00,0.4,-0.85,-0.12,-0.11,-0.47,0.16,-0.04,-0.15,-0.08,0,0,-30.00
2003-03-28T08:00:00,0.71,-0.38,-0.04,0.03,0.08,0.14,0.05,-0.1,0.0,0,0,-33.00
2003-03-28T09:00:00,0.44,-0.53,0.35,-0.08,-0.09,0.72,-0.0,-0.11,0.01,0,0,-31.00
2003-03-28T10:00:00,0.54,-0.54,0.09,-0.15,0.04,0.26,0.2,-0.01,0.1,0,0,-26.00
2003-03-28T11:00:00,0.65,-0.05,0.43,-0.19,0.74,0.61,0.34,0.08,0.16,0,0,-21.00
2003-03-28T12:00:00,0.84,0.45,0.33,-0.15,1.11,0.53,0.34,0.17,0.04,0,0,-16.00
2003-03-28T13:00:00,0.76,0.42,0.31,-0.07,1.21,0.62,0.25,0.11,0.05,0,0,-16.00
2003-03-28T14:00:00,-0.14,-0.07,0.09,-0.38,0.45,0.3,0.24,0.07,7.17,0,0,-18.00
2003-03-28T15:00:00,0.01,-0.82,-0.51,-0.27,-0.24,-0.56,0.16,-0.06,-0.06,0,0,-15.00
2003-03-28T16:00:00,-0.06,-0.85,-0.28,-0.26,-0.34,-0.21,0.07,-0.11,-0.05,0,0,-12.00
2003-03-28T17:00:00,0.1,-0.63,-0.42,-0.17,-0.09,-0.4,0.12,-0.16,-0.03,0,0,-20.00
2003-03-28T18:00:00,0.25,-0.35,-0.68,-0.12,0.19,-0.7,0.32,-0.19,-0.06,0,0,-22.00
2003-03-28T19:00:00,0.06,-0.04,-0.78,-0.14,0.35,-0.75,0.28,-0.28,-0.09,0,0,-29.00
2003-03-28T20:00:00,-0.02,0.22,-0.8,-0.12,0.43,-0.76,0.29,-0.3,-0.11,0,0,-37.00
2003-03-28T21:00:00,-0.02,-0.29,-0.86,-0.07,0.18,-0.89,0.2,-0.32,-0.13,0,0,-41.00
2003-03-28T22:00:00,-0.15,0.39,-0.54,-0.09,0.78,-0.89,0.22,-0.3,-0.07,0,0,-50.00
2003-03-28T23:00:00,-0.13,0.88,-0.19,-0.06,1.49,-0.25,0.12,-0.36,-0.12,0,0,-50.00
2003-03-29T00:00:00,0.15,0.33,-0.8,0.09,0.94,-1.16,0.07,-0.39,-0.14,0,0,-55.00
2003-03-29T01:00:00,-0.08,0.12,-0.84,0.08,0.82,-1.28,0.08,-0.41,-0.15,0,0,-49.00
2003-03-29T02:00:00,-0.29,-0.35,-0.83,0.11,0.32,-1.27,0.08,-0.43,-0.16,0,0,-49.00
2003-03-29T03:00:00,-0.2,-0.34,-0.86,0.18,0.21,-1.06,0.15,-0.45,-0.16,0,0,-58.00
2003-03-29T04:00:00,0.14,-0.1,-0.68,0.24,0.17,-0.58,0.55,-0.37,-0.08,0,0,-57.00
2003-03-29T05:00:00,0.71,0.05,-0.13,0.32,0.12,0.22,1.39,-0.27,0.16,0,0,-62.00
2003-03-29T06:00:00,0.8,0.04,0.02,0.34,0.11,0.29,1.25,-0.32,0.06,0,0,-62.00
2003-03-29T07:00:00,0.82,0.09,0.03,0.38,0.12,0.26,1.22,-0.3,0.06,0,0,-63.00
2003-03-29T08:00:00,0.79,0.02,-0.01,0.4,0.06,0.25,1.05,-0.34,0.03,0,0,-55.00
2003-03-29T09:00:00,0.86,-0.02,0.13,0.42,-0.06,0.31,1.15,-0.33,0.01,0,0,-46.00
2003-03-29T10:00:00,0.93,-0.23,0.08,0.45,-0.29,0.2,1.13,-0.35,-0.04,0,0,-40.00
2003-03-29T11:00:00,0.69,-0.26,-0.35,0.52,-0.45,0.14,1.22,-0.42,-0.06,0,0,-38.00
2003-03-29T12:00:00,0.64,-0.17,-0.72,0.53,-0.46,-0.05,1.15,-0.46,-0.13,0,0,-40.00
2003-03-29T13:00:00,0.67,0.1,-0.87,0.53,-0.5,-0.23,1.11,-0.49,-0.15,0,0,-41.00
2003-03-29T14:00:00,0.6,0.2,-0.95,0.56,-0.53,-0.27,1.24,-0.48,-0.15,0,0,-39.00
2003-03-29T15:00:00,0.47,0.48,-0.82,0.58,-0.51,-0.36,1.74,-0.44,-0.12,0,0,-39.00
2003-03-29T16:00:00,0.6,-0.01,-1.02,0.64,-0.74,-0.85,1.38,-0.47,-0.15,0,0,-43.00
2003-03-29T17:00:00,0.78,0.15,-1.09,0.75,-0.74,-1.19,1.25,-0.51,-0.17,0,0,-46.00
2003-03-29T18:00:00,0.67,0.64,-1.04,0.8,-0.44,-1.03,1.51,-0.47,-0.16,1,0,-51.00
2003-03-29T19:00:00,0.88,1.08,-0.59,0.86,0.08,-0.5,1.45,-0.49,-0.16,1,0,-53.00
2003-03-29T20:00:00,0.65,1.32,-0.65,0.81,0.3,-0.43,1.62,-0.5,-0.17,1,0,-62.00
2003-03-29T21:00:00,0.6,1.02,-0.69,0.61,-0.2,-0.3,2.44,-0.48,-0.14,1,0,-70.00
2003-03-29T22:00:00,-0.08,0.99,-1.08,0.45,-0.23,-0.22,2.69,-0.45,-0.14,1,0,-70.00
2003-03-29T23:00:00,-0.51,0.94,-0.96,0.37,-0.03,-0.2,2.74,-0.39,-0.12,1,0,-61.00
2003-03-30T00:00:00,0.46,0.45,0.02,0.41,-0.2,-0.09,3.39,-0.3,0.55,1,0,-67.00
2003-03-30T01:00:00,0.35,-0.49,1.19,0.44,-0.52,0.46,2.82,-0.11,0.01,1,0,-59.00
2003-03-30T02:00:00,0.14,-1.08,0.38,0.34,-0.46,-0.35,1.68,0.25,0.2,1,0,-59.00
2003-03-30T03:00:00,0.07,-1.89,-0.12,0.21,-0.34,-0.82,0.71,0.48,-0.08,1,0,-45.00
2003-03-30T04:00:00,0.21,-2.08,0.01,0.12,0.15,-0.55,0.49,0.34,-0.12,1,0,-46.00
2003-03-30T05:00:00,0.55,-2.0,-0.28,0.09,0.02,-0.43,0.48,0.2,-0.13,1,0,-48.00
2003-03-30T06:00:00,0.83,-1.98,-0.35,0.04,-0.17,-0.44,0.49,0.12,-0.14,1,0,-48.00
2003-03-30T07:00:00,1.44,-1.51,-0.23,0.22,-0.11,-0.8,0.63,-0.06,-0.15,1,0,-50.00
2003-03-30T08:00:00,0.89,-1.99,0.37,0.02,-0.84,-0.35,0.64,-0.1,-0.15,1,0,-49.00
2003-03-30T09:00:00,0.99,-1.81,0.47,-0.0,-0.81,-0.16,0.5,-0.04,-0.15,1,0,-48.00
2003-03-30T10:00:00,0.93,-1.7,-0.0,-0.53,0.29,-0.16,0.01,1.03,-0.1,1,0,-45.00
2003-03-30T11:00:00,0.81,-1.67,0.24,-0.73,0.39,0.71,-0.11,1.73,-0.06,1,0,-38.00
2003-03-30T12:00:00,0.81,-1.43,-0.58,-0.82,0.52,-0.24,-0.25,1.57,-0.08,1,0,-38.00
2003-03-30T13:00:00,1.14,-1.21,-0.12,-0.9,0.39,0.83,-0.41,1.75,-0.08,1,0,-37.00
2003-03-30T14:00:00,0.52,-0.86,-0.71,-1.3,1.26,-0.64,-0.44,2.04,-0.01,1,0,-40.00
2003-03-30T15:00:00,1.11,-0.76,-0.33,-0.99,1.39,0.49,-0.44,1.77,-0.04,1,0,-44.00
2003-03-30T16:00:00,0.84,-0.94,-0.42,-1.16,1.12,0.13,-0.43,1.97,-0.02,1,0,-42.00
2003-03-30T17:00:00,0.87,-0.95,-0.38,-1.14,1.03,0.47,-0.48,1.89,-0.04,1,0,-42.00
2003-03-30T18:00:00,0.63,0.04,-0.22,-1.14,2.8,0.84,-0.41,2.57,0.63,1,0,-46.00
2003-03-30T19:00:00,0.84,-0.71,-0.78,-1.23,1.32,0.21,-0.47,2.17,-0.04,1,0,-51.00
2003-03-30T20:00:00,0.52,-0.78,-1.01,-1.36,1.25,-0.54,-0.49,2.14,-0.07,1,0,-57.00
2003-03-30T21:00:00,0.26,-1.1,-0.75,-1.43,0.68,-0.23,-0.5,2.16,-0.06,1,0,-57.00
2003-03-30T22:00:00,0.19,-1.37,-0.16,-1.35,0.68,0.97,-0.45,2.3,-0.02,1,0,-65.00
2003-03-30T23:00:00,0.2,-1.07,0.49,-1.34,0.85,1.77,-0.41,2.12,0.05,1,0,-76.00
2003-03-31T00:00:00,-0.07,-0.57,1.15,-1.41,1.55,2.35,-0.46,1.27,-0.08,1,0,-67.00
2003-03-31T01:00:00,0.26,-1.18,0.22,-1.28,-0.78,0.34,-0.28,0.69,-0.05,0,0,-61.00
2003-03-31T02:00:00,0.73,0.06,1.15,-1.22,0.64,0.88,-0.33,0.07,-0.14,0,0,-56.00
2003-03-31T03:00:00,-0.09,0.62,1.38,-1.52,1.13,0.86,-0.27,0.24,-0.14,0,0,-50.00
2003-03-31T04:00:00,0.16,-0.4,1.52,-1.34,0.02,1.4,-0.28,0.25,-0.15,0,0,-50.00
2003-03-31T05:00:00,-0.44,-1.54,1.19,-1.41,-1.33,1.1,-0.37,0.04,-0.17,0,0,-42.00
2003-03-31T06:00:00,-0.79,-1.79,-0.19,-1.39,-1.41,-0.58,-0.12,0.15,-0.15,0,0,-33.00
2003-03-31T07:00:00,-0.08,-1.9,-0.54,-1.14,-1.91,-1.49,-0.27,0.01,-0.17,0,0,-28.00
2003-03-31T08:00:00,0.16,-1.77,-0.63,-0.88,-2.11,-1.18,-0.33,-0.06,-0.17,0,0,-34.00
2003-03-31T09:00:00,-0.09,-1.7,-0.6,-0.98,-1.81,-0.49,-0.29,-0.12,-0.17,0,0,-41.00
2003-03-31T10:00:00,0.77,-1.19,-0.71,-0.71,-1.73,-0.37,-0.38,0.11,-0.16,0,0,-52.00
2003-03-31T11:00:00,0.57,-0.26,-0.97,-0.69,-0.46,-0.15,-0.39,0.1,-0.14,0,0,-53.00
2003-03-31T12:00:00,0.6,-0.03,-1.14,-0.71,-0.01,-0.73,-0.36,-0.11,-0.16,0,0,-56.00
2003-03-31T13:00:00,0.71,-0.18,-1.11,-0.67,-0.25,-0.19,-0.29,-0.25,-0.17,0,0,-59.00
2003-03-31T14:00:00,0.99,-0.16,-0.89,-0.46,-0.4,0.08,-0.35,0.14,-0.14,0,0,-61.00
2003-03-31T15:00:00,1.31,0.27,-0.65,-0.34,0.04,0.35,-0.45,0.26,-0.15,0,0,-68.00
2003-03-31T16:00:00,1.16,0.01,-0.71,-0.28,-0.49,-0.41,-0.47,0.21,-0.15,0,0,-78.00
2003-03-31T17:00:00,0.99,0.29,-0.69,-0.31,-0.48,-0.44,-0.25,0.08,-0.13,0,0,-76.00
2003-03-31T18:00:00,1.09,0.09,-0.6,-0.31,-0.64,-0.59,-0.22,0.04,-0.13,0,0,-60.00
2003-03-31T19:00:00,0.99,0.44,-0.64,-0.28,-0.32,-0.76,-0.18,-0.04,-0.13,0,0,-67.00
2003-03-31T20:00:00,0.7,-0.08,-0.55,-0.36,-0.67,-0.38,-0.26,-0.19,-0.12,0,0,-72.00
2003-03-31T21:00:00,1.12,0.57,-0.46,-0.08,-0.15,-0.92,-0.41,0.1,-0.14,0,0,-72.00
2003-03-31T22:00:00,1.0,-0.23,-0.79,-0.11,-0.55,-0.78,-0.56,-0.23,-0.17,0,0,-67.00
2003-03-31T23:00:00,0.99,-0.43,-0.81,-0.18,-0.71,-0.15,-0.67,-0.42,-0.19,0,0,-68.00
2003-04-01T00:00:00,0.65,-0.53,-0.95,-0.37,-1.06,-0.39,-0.63,-0.39,-0.18,0,0,---
2003-04-01T01:00:00,0.75,-0.42,-0.95,-0.31,-0.74,-0.25,-0.53,-0.44,-0.18,0,0,-61.00
2003-04-01T02:00:00,0.05,-0.03,0.49,-0.55,-0.01,1.0,-0.3,-0.37,-0.03,0,0,-68.00
2003-04-01T03:00:00,-0.26,-0.13,1.23,-0.63,0.02,0.88,-0.36,-0.49,-0.18,0,0,-60.00
2003-04-01T04:00:00,0.68,-0.43,0.77,-0.46,-0.21,2.06,-0.5,-0.15,-0.15,0,0,-63.00
2003-04-01T05:00:00,1.18,-0.45,0.18,-0.34,-0.65,1.57,-0.43,-0.2,-0.16,0,0,-56.00
2003-04-01T06:00:00,1.2,-0.19,0.32,-0.26,-0.05,0.46,-0.52,-0.15,-0.16,0,0,-51.00
2003-04-01T07:00:00,1.02,-0.68,0.17,-0.31,-0.73,1.51,-0.57,-0.21,-0.16,0,0,-54.00
2003-04-01T08:00:00,0.82,-0.83,0.08,-0.38,-0.89,0.97,-0.55,-0.12,-0.15,0,0,-55.00
2003-04-01T09:00:00,0.94,-0.68,-0.03,-0.27,-0.72,0.71,-0.57,-0.22,-0.16,0,0,-48.00
2003-04-01T10:00:00,0.7,-0.95,0.18,-0.42,-0.92,1.01,-0.52,-0.11,-0.15,0,0,-41.00
2003-04-01T11:00:00,0.58,-0.96,0.22,-0.47,-1.01,1.08,-0.48,-0.09,-0.14,0,0,-37.00
2003-04-01T12:00:00,0.79,-0.74,0.06,-0.36,-0.62,0.53,-0.44,-0.12,-0.14,0,0,-31.00
2003-04-01T13:00:00,0.53,-1.09,0.12,-0.48,-1.11,0.51,-0.44,-0.08,-0.15,0,0,-27.00
2003-04-01T14:00:00,0.65,-0.62,-0.1,-0.46,-0.4,0.18,-0.32,0.03,-0.07,0,0,-31.00
2003-04-01T15:00:00,0.53,-0.54,-0.38,-0.47,-0.32,-0.47,-0.33,0.04,-0.07,0,0,-34.00
2003-04-01T16:00:00,-0.06,-0.48,-0.62,-0.72,-0.32,-1.01,-0.3,0.05,-0.07,0,0,-31.00
2003-04-01T17:00:00,-0.26,0.1,-0.55,-0.8,0.42,-0.8,-0.3,-0.04,-0.05,0,0,-31.00
2003-04-01T18:00:00,0.46,-0.35,-0.4,-0.48,-0.0,-0.3,-0.27,0.08,-0.01,0,0,-36.00
2003-04-01T19:00:00,0.61,-0.64,0.17,-0.37,-0.42,0.63,-0.28,0.09,-0.04,0,0,-40.00
2003-04-01T20:00:00,0.68,-0.52,0.17,-0.37,-0.15,0.67,-0.25,0.23,0.01,0,0,-41.00
2003-04-01T21:00:00,0.66,-0.32,-0.07,-0.36,-0.13,0.09,-0.23,0.24,0.08,0,0,-45.00
2003-04-01T22:00:00,0.55,-0.41,0.14,-0.39,-0.1,0.55,-0.24,0.34,0.16,0,0,-39.00
2003-04-01T23:00:00,0.51,0.02,-0.02,-0.41,0.53,0.29,-0.28,0.31,0.37,0,0,-34.00
2003-04-02T00:00:00,0.03,-0.69,0.08,-0.6,-0.45,0.63,-0.3,0.2,0.08,0,0,-34.00
2003-04-02T01:00:00,0.62,0.37,0.16,-0.32,1.23,1.06,-0.32,0.11,0.01,0,0,-33.00
2003-04-02T02:00:00,0.4,-0.36,-0.22,-0.47,-0.53,-0.1,-0.3,0.39,0.2,0,0,-33.00
2003-04-02T03:00:00,0.3,0.11,-0.48,-0.5,0.78,-0.24,-0.29,0.38,0.11,0,0,-34.00
2003-04-02T04:00:00,0.23,0.14,-0.64,-0.52,0.91,-0.64,-0.31,0.21,-0.03,0,0,-33.00
2003-04-02T05:00:00,0.29,-0.5,-0.29,-0.45,-0.07,0.12,-0.28,0.2,0.07,0,0,-33.00
2003-04-02T06:00:00,0.2,-0.06,-0.54,-0.46,0.48,-0.36,-0.32,0.1,0.0,0,0,-38.00
2003-04-02T07:00:00,0.44,-0.56,0.03,-0.31,-0.19,0.52,-0.32,-0.04,-0.01,0,0,-41.00
2003-04-02T08:00:00,0.55,-0.72,-0.07,-0.07,-1.04,0.23,-0.32,-0.24,-0.12,0,0,-45.00
2003-04-02T09:00:00,0.27,-0.64,-0.34,-0.07,-1.01,-0.15,-0.2,-0.21,-0.09,0,0,-51.00
2003-04-02T10:00:00,-0.43,-0.17,-0.63,-0.3,-0.36,-0.73,-0.17,-0.34,-0.13,0,0,-48.00
2003-04-02T11:00:00,0.2,-0.54,-0.29,-0.08,-0.47,-0.26,-0.15,-0.24,-0.05,0,0,-40.00
2003-04-02T12:00:00,0.64,-0.54,-0.17,0.09,-0.64,-0.22,-0.14,-0.14,-0.07,0,0,-36.00
2003-04-02T13:00:00,0.32,-0.55,0.03,-0.07,-0.49,-0.05,-0.09,-0.11,0.08,0,0,-39.00
2003-04-02T14:00:00,0.31,-0.78,0.3,-0.03,-0.7,0.38,-0.12,-0.22,-0.09,0,0,-44.00
2003-04-02T15:00:00,0.53,-0.7,0.05,0.07,-0.76,0.09,-0.11,-0.18,-0.07,0,0,-37.00
2003-04-02T16:00:00,-0.08,-0.07,-0.69,-0.14,-0.09,-1.01,-0.18,-0.32,-0.12,0,0,-39.00
2003-04-02T17:00:00,0.58,-0.47,-0.42,0.15,-0.74,-0.55,-0.1,-0.32,-0.12,0,0,-36.00
2003-04-02T18:00:00,0.09,-0.47,-0.72,-0.06,-0.49,-1.2,-0.07,-0.27,-0.12,0,0,-32.00
2003-04-02T19:00:00,-0.06,-0.48,-0.69,-0.13,-0.7,-1.03,-0.05,-0.31,-0.13,0,0,-33.00
2003-04-02T20:00:00,0.4,-0.13,-0.58,0.07,-0.14,-1.01,0.01,-0.26,-0.08,0,0,-37.00
2003-04-02T21:00:00,0.6,-0.49,-0.36,0.13,-0.45,-0.57,0.13,-0.22,-0.07,0,0,-46.00
2003-04-02T22:00:00,0.76,-0.45,-0.18,0.21,-0.41,-0.29,0.13,-0.26,-0.08,0,0,-50.00
2003-04-02T23:00:00,0.59,-0.1,-0.43,0.13,-0.0,-0.83,0.12,-0.22,-0.05,0,0,-53.00
2003-04-03T00:00:00,0.86,-0.2,0.48,0.22,-0.17,0.77,0.16,-0.2,-0.08,0,0,-40.00
2003-04-03T01:00:00,0.86,-0.23,0.41,0.22,-0.15,0.53,0.19,-0.21,-0.07,0,0,-36.00
2003-04-03T02:00:00,0.67,-0.8,0.2,0.17,-0.87,0.1,0.14,-0.21,-0.09,0,0,-35.00
2003-04-03T03:00:00,0.75,-0.37,0.42,0.21,-0.27,0.52,0.18,-0.17,-0.05,0,0,-29.00
2003-04-03T04:00:00,0.33,-0.68,0.37,0.07,-0.62,0.35,0.16,-0.19,-0.02,0,0,-25.00
2003-04-03T05:00:00,0.86,-0.62,0.37,0.28,-0.63,0.6,0.2,-0.21,-0.1,0,0,-27.00
2003-04-03T06:00:00,0.38,-0.92,-0.38,0.13,-0.85,-0.64,0.14,-0.32,-0.13,0,0,-28.00
2003-04-03T07:00:00,0.67,-0.99,-0.02,0.21,-0.96,-0.18,0.07,-0.35,-0.14,0,0,-29.00
2003-04-03T08:00:00,0.94,-0.2,0.77,0.28,-0.08,0.9,0.24,-0.3,-0.13,0,0,-28.00
2003-04-03T09:00:00,0.78,0.25,0.81,0.22,0.43,0.91,0.21,-0.27,-0.12,0,0,-31.00
2003-04-03T10:00:00,1.16,0.1,0.35,0.36,0.35,0.15,0.33,-0.21,-0.11,0,0,-32.00
2003-04-03T11:00:00,0.79,0.4,0.4,0.21,0.53,0.23,0.33,-0.12,-0.03,0,0,-26.00
2003-04-03T12:00:00,0.62,-0.84,0.05,0.14,-0.73,-0.27,0.33,-0.11,-0.05,0,0,-20.00
2003-04-03T13:00:00,0.62,-0.63,-0.14,0.15,-0.45,-0.57,0.33,-0.16,-0.02,0,0,-20.00
2003-04-03T14:00:00,0.55,-0.21,0.07,0.11,0.07,-0.43,0.24,-0.11,0.24,0,0,-21.00
2003-04-03T15:00:00,0.32,-0.87,0.81,0.03,-0.55,0.75,2.47,-0.18,0.02,0,0,-23.00
2003-04-03T16:00:00,0.55,-0.67,0.11,0.07,-0.31,-0.41,0.16,-0.09,-0.0,0,0,-21.00
2003-04-03T17:00:00,0.9,-0.66,0.58,0.2,-0.33,0.5,0.22,-0.12,-0.11,0,0,-18.00
2003-04-03T18:00:00,0.91,-0.57,-0.43,0.24,-0.12,-1.34,0.28,-0.1,-0.09,0,0,-20.00
2003-04-03T19:00:00,0.76,-0.61,-0.47,0.17,-0.32,-1.1,0.36,-0.01,-0.05,0,0,-22.00
2003-04-03T20:00:00,0.27,-0.12,-1.0,0.01,-0.88,-2.34,0.33,-0.02,-0.09,0,0,-15.00
2003-04-03T21:00:00,0.88,-0.36,-0.45,0.18,0.55,-0.36,0.38,-0.09,-0.06,0,0,-17.00
2003-04-03T22:00:00,1.11,-0.89,0.19,0.26,-0.56,0.09,0.42,-0.11,-0.11,0,0,-28.00
2003-04-03T23:00:00,1.11,-0.72,0.01,0.26,-0.29,-0.08,0.39,-0.12,-0.1,0,0,-40.00
2003-04-04T00:00:00,0.79,-0.72,-0.4,0.11,-0.24,-0.71,0.48,-0.05,-0.06,0,0,-45.00
2003-04-04T01:00:00,0.57,-1.03,0.22,0.03,-0.47,-0.11,0.47,-0.06,-0.06,0,0,-38.00
2003-04-04T02:00:00,0.86,-0.57,-0.07,0.02,-0.04,-0.14,0.46,0.36,0.11,0,0,-35.00
2003-04-04T03:00:00,1.08,-0.47,-0.11,0.09,0.06,-0.19,0.35,0.19,-0.02,0,0,-33.00
2003-04-04T04:00:00,0.75,-0.38,-0.36,-0.04,0.36,-0.33,0.35,0.18,0.06,0,0,-28.00
2003-04-04T05:00:00,0.72,-0.88,-0.14,-0.06,-0.28,-0.12,0.31,0.2,-0.01,0,0,-26.00
2003-04-04T06:00:00,0.61,-1.17,-0.12,-0.16,-0.24,-0.29,0.25,0.1,-0.08,0,0,-25.00
2003-04-04T07:00:00,0.69,-1.0,-0.64,-0.13,0.0,-1.06,0.26,0.06,-0.1,0,0,-26.00
2003-04-04T08:00:00,0.74,-0.5,0.49,-0.13,0.46,0.28,0.3,0.18,0.04,0,0,-29.00
2003-04-04T09:00:00,1.02,-0.83,-0.08,-0.07,0.3,-0.29,0.27,0.04,-0.08,0,0,-29.00
2003-04-04T10:00:00,0.25,-0.86,-0.95,-0.24,0.27,-1.13,0.08,-0.11,-0.14,0,0,-32.00
2003-04-04T11:00:00,0.44,-0.85,-0.92,-0.17,0.1,-1.0,0.04,-0.13,-0.14,0,0,-30.00
2003-04-04T12:00:00,0.85,-0.84,-0.43,-0.08,-0.0,-0.48,0.16,-0.03,-0.11,0,0,-30.00
2003-04-04T13:00:00,0.93,-0.65,-0.48,-0.07,0.15,-0.77,0.13,-0.08,-0.11,0,0,-36.00
2003-04-04T14:00:00,0.6,-1.05,0.01,-0.15,-0.29,-0.17,0.06,-0.08,-0.1,0,0,-46.00
2003-04-04T15:00:00,0.76,-0.63,0.33,-0.07,0.12,0.46,0.19,-0.02,-0.04,0,0,-51.00
2003-04-04T16:00:00,0.57,-0.71,0.55,-0.09,-0.16,0.75,0.13,-0.08,-0.07,0,0,-51.00
2003-04-04T17:00:00,1.06,-0.29,0.09,0.1,0.31,0.01,0.3,-0.1,-0.06,0,0,-51.00
2003-04-04T18:00:00,0.81,-0.49,-0.5,0.04,0.04,-0.87,0.24,-0.02,-0.07,0,0,-44.00
2003-04-04T19:00:00,0.38,0.03,-0.99,-0.12,0.62,-1.48,0.11,-0.11,-0.12,0,0,-35.00
2003-04-04T20:00:00,0.54,0.01,-0.87,-0.03,0.57,-0.94,0.08,-0.16,-0.12,0,0,-33.00
2003-04-04T21:00:00,0.78,0.3,-0.81,0.02,0.96,-0.99,0.19,-0.11,-0.12,0,0,-41.00
2003-04-04T22:00:00,0.9,-0.26,-0.29,0.08,0.27,-0.16,0.29,-0.05,-0.03,0,0,-38.00
2003-04-04T23:00:00,0.71,-0.33,0.34,0.03,0.37,0.87,0.22,-0.05,0.03,0,0,-50.00
2003-04-05T00:00:00,0.3,-0.9,-0.4,-0.08,-0.3,-0.44,0.12,-0.08,-0.08,0,0,-62.00
2003-04-05T01:00:00,0.24,-0.65,-0.4,-0.1,0.2,-0.27,0.16,-0.11,-0.02,0,0,-58.00
2003-04-05T02:00:00,0.66,-0.63,-0.18,0.03,0.2,0.22,0.15,-0.02,-0.02,0,0,-52.00
2003-04-05T03:00:00,0.88,-0.25,0.0,0.09,0.8,0.99,0.24,0.11,0.05,0,0,-49.00
2003-04-05T04:00:00,0.48,-0.91,0.16,-0.03,-0.04,0.88,0.12,0.06,-0.03,0,0,-48.00
2003-04-05T05:00:00,0.49,-0.86,-0.28,-0.02,-0.08,-0.12,0.13,0.04,-0.05,0,0,-51.00
2003-04-05T06:00:00,0.47,-0.7,-0.18,-0.06,0.17,0.08,0.11,0.01,0.01,0,0,-46.00
2003-04-05T07:00:00,0.89,-0.74,0.19,0.12,0.01,0.71,0.2,0.0,-0.07,0,0,-35.00
2003-04-05T08:00:00,0.49,-0.75,0.44,0.04,-0.0,0.84,0.14,-0.2,-0.08,0,0,-35.00
2003-04-05T09:00:00,0.34,-0.82,0.28,-0.01,-0.24,0.67,0.19,-0.21,-0.06,0,0,-40.00
2003-04-05T10:00:00,0.5,-0.52,-0.59,0.09,0.04,-0.51,0.21,-0.2,-0.09,0,0,-38.00
2003-04-05T11:00:00,0.68,-0.46,-0.46,0.14,-0.06,-0.16,0.32,-0.18,-0.07,0,0,-34.00
2003-04-05T12:00:00,0.58,-0.55,-0.37,0.11,-0.05,-0.07,0.38,-0.19,-0.04,0,0,-30.00
2003-04-05T13:00:00,0.75,-0.7,-0.31,0.18,-0.49,0.04,0.7,-0.17,-0.05,0,0,-26.00
2003-04-05T14:00:00,0.46,-0.95,-0.27,0.09,-0.73,0.16,0.42,-0.19,-0.08,0,0,-26.00
2003-04-05T15:00:00,0.9,-0.63,0.04,0.17,-0.6,0.39,0.72,-0.14,-0.03,0,0,-31.00
2003-04-05T16:00:00,-0.2,-0.02,-1.0,-0.13,-0.26,-0.48,0.42,-0.0,-0.07,0,0,-35.00
2003-04-05T17:00:00,0.71,-0.95,0.03,-0.08,-0.61,0.17,0.35,0.12,-0.03,0,0,-34.00
2003-04-05T18:00:00,0.19,-0.52,-0.83,-0.33,0.16,-0.4,0.4,0.51,0.05,0,0,-34.00
2003-04-05T19:00:00,0.62,-0.53,0.67,-0.48,0.53,0.9,0.52,0.68,0.19,0,0,-47.00
2003-04-05T20:00:00,0.32,-0.28,-0.12,-0.67,1.08,0.81,0.49,0.83,1.95,0,0,-48.00
2003-04-05T21:00:00,0.29,-0.58,0.5,-0.59,1.05,1.53,0.37,0.61,0.36,0,0,-45.00
2003-04-05T22:00:00,0.35,-0.43,0.16,-0.66,0.94,0.77,0.2,0.55,0.83,0,0,-39.00
2003-04-05T23:00:00,0.54,-0.21,-0.02,-0.68,0.98,0.71,0.04,0.55,0.62,0,0,-34.00
2003-04-06T00:00:00,0.77,-0.25,0.21,-0.63,0.67,1.25,-0.1,0.34,0.1,0,0,-28.00
2003-04-06T01:00:00,0.61,-0.5,0.13,-0.66,0.59,0.92,-0.18,0.4,0.11,0,0,-37.00
2003-04-06T02:00:00,0.6,-0.38,-0.07,-0.63,0.83,0.4,-0.2,0.31,0.14,0,0,-36.00
2003-04-06T03:00:00,0.36,-0.38,-0.09,-0.58,1.05,0.23,-0.2,0.2,0.31,0,0,-31.00
2003-04-06T04:00:00,0.71,-0.25,0.33,-0.41,1.03,0.51,-0.19,0.16,0.03,0,0,-26.00
2003-04-06T05:00:00,0.63,-0.43,0.29,-0.35,0.97,0.42,-0.3,-0.0,-0.04,0,0,-23.00
2003-04-06T06:00:00,0.29,-0.56,0.03,-0.22,0.48,0.24,-0.34,-0.07,0.02,0,0,-23.00
2003-04-06T07:00:00,0.58,-0.4,0.09,0.05,0.25,0.54,-0.06,-0.19,0.01,0,0,-22.00
2003-04-06T08:00:00,0.56,0.01,0.34,0.11,0.42,0.42,-0.1,-0.2,0.02,0,0,-24.00
2003-04-06T09:00:00,0.41,-0.12,0.37,0.17,0.09,0.53,-0.23,-0.28,0.01,0,0,-25.00
2003-04-06T10:00:00,0.47,-0.42,0.29,0.32,-0.44,0.55,-0.18,-0.41,-0.1,0,0,-26.00
2003-04-06T11:00:00,0.58,-0.3,0.09,0.34,-0.1,0.06,-0.0,-0.33,-0.03,0,0,-23.00
2003-04-06T12:00:00,0.48,-0.31,0.24,0.38,-0.07,0.44,-0.11,-0.33,-0.02,0,0,-20.00
2003-04-06T13:00:00,0.18,-0.3,0.13,0.33,-0.09,0.37,-0.23,-0.35,0.22,0,0,-17.00
2003-04-06T14:00:00,-0.09,0.11,-0.28,0.35,-0.17,0.07,-0.28,-0.35,0.03,0,0,-16.00
2003-04-06T15:00:00,0.16,-0.46,-0.14,0.35,-0.35,-0.09,-0.23,-0.42,-0.07,0,0,-17.00
2003-04-06T16:00:00,0.49,-0.44,-0.08,0.48,-0.28,-0.0,-0.15,-0.37,-0.08,0,0,-18.00
2003-04-06T17:00:00,0.63,-0.26,-0.13,0.57,-0.17,-0.02,-0.22,-0.42,-0.11,0,0,-19.00
2003-04-06T18:00:00,0.52,-0.52,0.03,0.58,-0.67,0.26,-0.3,-0.43,-0.13,0,0,-19.00
2003-04-06T19:00:00,0.56,-0.33,-0.1,0.63,-0.37,-0.01,-0.37,-0.46,-0.14,0,0,-16.00
2003-04-06T20:00:00,0.47,-0.52,0.02,0.62,-0.89,0.1,-0.35,-0.47,-0.14,0,0,-16.00
2003-04-06T21:00:00,0.36,-0.52,-0.06,0.66,-0.76,-0.07,-0.33,-0.46,-0.13,0,0,-17.00
2003-04-06T22:00:00,0.54,-0.34,-0.14,0.79,-0.77,-0.33,-0.27,-0.47,-0.13,0,0,-21.00
2003-04-06T23:00:00,0.54,-0.47,-0.04,0.81,-0.64,-0.32,-0.0,-0.45,-0.11,0,0,-22.00
2003-04-07T00:00:00,0.51,-0.47,-0.12,0.86,-0.72,-0.57,-0.12,-0.5,-0.14,0,0,-21.00
2003-04-07T01:00:00,0.56,-0.42,-0.15,0.9,-0.7,-0.53,-0.03,-0.49,-0.13,0,0,-18.00
2003-04-07T02:00:00,0.52,-0.43,-0.14,0.92,-0.87,-0.74,-0.11,-0.46,-0.12,0,0,-16.00
2003-04-07T03:00:00,0.59,-0.38,-0.08,1.02,-0.94,-0.77,-0.22,-0.5,-0.14,0,0,-15.00
2003-04-07T04:00:00,0.6,-0.43,-0.02,1.01,-0.88,-0.63,-0.2,-0.53,-0.15,0,0,-14.00
2003-04-07T05:00:00,0.58,-0.43,-0.06,0.97,-0.71,-0.63,0.06,-0.5,-0.13,0,0,-13.00
2003-04-07T06:00:00,0.19,-0.56,-0.17,1.0,-0.81,-0.6,0.03,-0.52,-0.13,1,0,-15.00
2003-04-07T07:00:00,0.34,-0.53,-0.07,0.92,-0.38,-0.34,0.4,-0.52,-0.1,1,0,-13.00
2003-04-07T08:00:00,0.43,-0.66,-0.14,0.96,-0.69,-0.21,0.3,-0.52,-0.14,1,0,-12.00
2003-04-07T09:00:00,0.32,-0.5,-0.19,0.9,-0.77,-0.06,1.22,-0.51,-0.05,1,0,-12.00
2003-04-07T10:00:00,-0.38,-0.42,-0.58,0.91,-0.92,-0.11,1.09,-0.46,-0.1,1,0,-12.00
2003-04-07T11:00:00,0.07,-0.88,-0.35,0.97,-0.92,0.0,1.11,-0.48,-0.12,1,0,-10.00
2003-04-07T12:00:00,0.17,-0.83,-0.3,0.98,-0.96,-0.07,1.65,-0.49,-0.09,1,0,-9.00
2003-04-07T13:00:00,-0.41,-0.12,-0.3,0.99,-0.92,-0.03,2.73,-0.49,0.13,1,0,-12.00
2003-04-07T14:00:00,-0.92,0.23,-0.25,1.08,-1.13,0.19,2.97,-0.47,-0.05,1,0,-11.00
2003-04-07T15:00:00,-0.56,0.51,0.01,1.04,-0.99,0.05,2.93,-0.5,0.01,1,0,-5.00
2003-04-07T16:00:00,-0.54,0.65,0.45,0.99,-0.66,0.02,1.24,-0.43,-0.09,1,0,-8.00
2003-04-07T17:00:00,-0.2,0.61,0.64,0.98,-0.35,0.24,1.47,-0.3,0.01,1,0,-6.00
2003-04-07T18:00:00,0.13,0.53,0.6,0.99,-0.29,0.25,1.62,-0.31,0.06,1,0,-9.00
2003-04-07T19:00:00,0.18,0.28,0.65,1.0,-0.26,0.21,1.86,-0.35,0.11,1,0,-7.00
2003-04-07T20:00:00,0.39,0.16,0.58,0.98,-0.22,0.19,1.95,-0.34,0.15,1,0,-6.00
2003-04-07T21:00:00,0.53,-0.06,0.52,0.96,-0.23,0.26,1.55,-0.39,0.05,1,0,-3.00
2003-04-07T22:00:00,0.59,0.74,0.55,0.98,-0.29,0.12,1.01,-0.47,-0.13,1,0,1.00
2003-04-07T23:00:00,0.19,0.06,0.53,1.05,0.04,-0.35,1.76,-0.49,0.07,1,0,1.00
2003-04-08T00:00:00,0.07,0.71,0.98,0.99,0.12,-0.49,5.44,-0.47,-0.05,1,0,0.00
2003-04-08T01:00:00,0.01,1.24,0.63,1.04,-0.51,0.35,5.04,-0.47,-0.09,1,0,5.00
2003-04-08T02:00:00,-0.67,0.83,-0.49,1.0,-0.33,0.64,5.25,-0.41,0.0,1,0,20.00
2003-04-08T03:00:00,-0.71,1.43,-0.05,0.89,-0.18,-0.12,2.72,-0.27,-0.08,1,0,17.00
2003-04-08T04:00:00,-0.59,1.88,-0.02,0.77,-0.48,-0.23,2.12,-0.29,-0.14,1,0,17.00
2003-04-08T05:00:00,-0.58,1.72,-0.74,0.77,-0.32,-0.03,1.36,-0.15,-0.13,1,0,4.00
2003-04-08T06:00:00,-1.24,-0.07,-0.63,0.77,0.86,-0.24,1.18,0.4,0.03,1,0,-4.00
2003-04-08T07:00:00,-1.24,-1.34,-0.6,0.48,0.76,-0.54,1.31,0.03,-0.11,1,0,-12.00
2003-04-08T08:00:00,-0.91,0.06,-0.81,0.17,-0.33,-1.78,5.48,-0.14,0.17,1,0,-23.00
2003-04-08T09:00:00,-1.44,1.79,0.6,0.2,-0.84,-1.3,2.48,0.03,-0.11,1,0,-23.00
2003-04-08T10:00:00,-1.62,2.1,0.62,0.2,-0.41,-1.56,1.65,0.21,-0.13,1,0,-14.00
2003-04-08T11:00:00,-1.76,1.2,-0.71,0.39,-0.44,-0.65,1.74,0.14,-0.11,1,0,-21.00
2003-04-08T12:00:00,-1.54,0.75,-0.65,0.42,-0.01,0.1,1.64,0.18,-0.07,1,0,-13.00
2003-04-08T13:00:00,-1.94,1.05,0.08,0.59,-0.34,-0.91,1.53,0.07,-0.11,1,0,-12.00
2003-04-08T14:00:00,-1.99,0.2,-0.53,0.7,0.43,0.09,1.42,-0.02,-0.12,1,0,-17.00
2003-04-08T15:00:00,-1.47,0.35,0.53,0.52,0.41,-0.99,1.52,0.2,-0.01,1,0,-31.00
2003-04-08T16:00:00,-0.93,1.21,0.08,0.24,0.15,0.43,1.05,0.36,-0.01,1,0,-33.00
2003-04-08T17:00:00,-1.0,1.22,0.85,0.18,-0.14,-0.53,0.71,0.41,-0.08,1,0,-28.00
2003-04-08T18:00:00,-0.92,0.86,0.96,0.14,0.17,-0.62,0.54,0.31,-0.08,1,0,-25.00
2003-04-08T19:00:00,-0.81,0.51,1.32,0.13,0.47,-1.04,0.4,0.34,-0.1,1,0,-28.00
2003-04-08T20:00:00,-1.17,0.52,0.7,0.32,0.29,-0.45,0.53,0.19,-0.07,1,0,-29.00
2003-04-08T21:00:00,-1.19,0.98,-0.6,0.38,-0.31,0.87,0.63,0.04,-0.11,1,0,-29.00
2003-04-08T22:00:00,-1.37,0.72,-0.15,0.53,0.06,0.25,0.68,0.11,-0.08,1,0,-23.00
2003-04-08T23:00:00,-0.94,0.71,-0.72,0.43,0.36,1.15,0.64,0.31,-0.05,1,0,-17.00
2003-04-09T00:00:00,-0.14,1.35,-0.2,0.22,-0.17,0.23,0.71,0.3,-0.03,1,0,-18.00
2003-04-09T01:00:00,-1.0,0.83,-0.06,0.53,0.71,0.49,0.69,0.3,0.0,1,0,-21.00
2003-04-09T02:00:00,-0.94,1.2,-0.55,0.51,-0.07,0.14,0.8,0.2,-0.08,1,0,-22.00
2003-04-09T03:00:00,-1.21,1.0,0.85,0.51,0.0,-0.82,0.54,-0.02,-0.13,1,0,-19.00
2003-04-09T04:00:00,-1.53,1.22,-0.5,0.6,-0.04,0.73,0.49,-0.11,-0.15,1,0,-16.00
2003-04-09T05:00:00,-1.34,1.43,-0.48,0.48,-0.06,0.22,0.58,0.04,-0.14,1,0,-26.00
2003-04-09T06:00:00,-1.4,1.38,0.4,0.54,-0.07,-1.29,0.67,0.01,-0.13,1,0,-32.00
2003-04-09T07:00:00,-0.96,1.15,0.49,0.48,0.07,-1.17,0.93,0.05,-0.08,1,0,-35.00
2003-04-09T08:00:00,-1.26,1.64,0.13,0.57,-0.61,-0.78,1.17,-0.08,-0.13,1,0,-41.00
2003-04-09T09:00:00,-1.49,1.03,-0.2,0.67,-0.35,-0.34,1.29,-0.03,-0.1,1,0,-29.00
2003-04-09T10:00:00,-1.48,0.94,-0.85,0.68,-0.6,0.29,1.2,-0.06,-0.13,1,0,-23.00
2003-04-09T11:00:00,-1.55,0.74,-0.59,0.69,-0.65,-0.02,1.35,-0.11,-0.12,1,0,-19.00
2003-04-09T12:00:00,-0.94,1.34,-0.93,0.56,-1.16,0.27,1.55,-0.13,-0.13,1,0,-26.00
2003-04-09T13:00:00,-1.19,1.3,0.83,0.58,-1.4,-1.08,1.72,-0.13,-0.12,1,0,-30.00
2003-04-09T14:00:00,-1.32,1.34,0.19,0.65,-1.57,-0.54,1.79,-0.16,-0.11,1,0,-26.00
2003-04-09T15:00:00,-1.52,1.05,0.08,0.73,-1.54,-0.21,1.69,-0.22,-0.12,1,0,-24.00
2003-04-09T16:00:00,-1.34,0.84,1.19,0.7,-1.28,-1.14,2.0,-0.25,-0.13,1,0,-16.00
2003-04-09T18:00:00,-0.95,0.34,1.48,0.3,-0.77,-1.33,1.77,0.14,-0.07,1,0,-18.00
2003-04-09T19:00:00,-1.1,1.38,0.44,0.27,-0.95,-1.22,1.74,0.26,-0.04,1,0,-16.00
2003-04-09T20:00:00,-1.54,0.81,1.18,0.19,-0.26,-2.04,1.53,0.18,-0.1,1,0,-14.00
2003-04-09T21:00:00,-1.57,0.05,1.27,0.1,0.47,-2.17,1.68,0.22,-0.08,1,0,-14.00
2003-04-09T22:00:00,-1.24,0.06,1.34,-0.1,0.57,-1.82,1.42,0.25,-0.07,1,0,-18.00
2003-04-09T23:00:00,-1.47,0.92,0.65,-0.21,-0.1,-0.75,1.05,0.58,-0.04,1,0,-12.00
2003-04-10T00:00:00,-1.42,0.85,0.32,-0.26,0.21,-0.37,0.94,0.4,-0.04,1,0,-7.00
2003-04-10T01:00:00,-1.51,0.23,0.22,-0.28,0.92,-0.07,1.11,0.52,0.03,1,0,-5.00
2003-04-10T02:00:00,-0.74,1.22,-0.19,-0.51,-0.04,0.45,1.31,0.83,0.14,1,0,-11.00
2003-04-10T03:00:00,-0.87,1.32,0.17,-0.62,0.01,0.04,1.34,1.16,0.15,1,0,-12.00
2003-04-10T04:00:00,-1.03,1.31,0.28,-0.63,0.07,-0.01,1.29,0.9,0.07,1,0,-13.00
2003-04-10T05:00:00,-1.65,1.18,0.07,-0.49,0.03,0.1,1.08,0.7,-0.05,1,0,-22.00
2003-04-10T06:00:00,-1.21,1.18,-0.4,-0.59,0.09,0.88,1.07,0.69,-0.01,1,0,-31.00
2003-04-10T07:00:00,-1.88,1.41,0.37,-0.83,0.92,-0.06,0.6,0.73,-0.11,1,0,-32.00
