2003-07-23T11:00:00,0.69,-0.61,0.29,0.69,-0.58,-0.22,-0.24,-0.09,-0.09,0,0,-3.00
2003-07-23T12:00:00,0.6,-0.78,0.51,0.59,-1.0,0.54,-0.13,-0.11,-0.11,0,0,0.00
2003-07-23T13:00:00,0.67,-0.58,0.57,0.56,-0.81,0.63,0.05,-0.14,-0.09,0,0,2.00
2003-07-23T14:00:00,0.16,0.15,-0.3,0.15,-0.7,-0.06,0.02,-0.16,0.24,0,0,3.00
2003-07-23T15:00:00,0.4,0.92,-0.84,0.0,-0.08,-0.16,-0.09,-0.33,-0.16,0,1,3.00
2003-07-23T16:00:00,-0.71,1.15,-0.13,-0.3,0.91,0.02,-0.1,-0.35,-0.16,0,1,4.00
2003-07-23T17:00:00,-0.79,1.08,-0.16,-0.29,1.11,-0.18,-0.25,-0.4,-0.17,0,1,-3.00
2003-07-23T18:00:00,-0.46,0.84,-0.33,-0.12,0.9,-1.09,-0.11,-0.4,-0.15,0,1,-6.00
2003-07-23T19:00:00,0.21,0.62,-0.62,0.1,0.53,-1.26,-0.0,-0.4,-0.15,0,1,-7.00
2003-07-23T20:00:00,0.37,0.44,-0.6,0.16,0.27,-0.93,0.01,-0.37,-0.13,0,1,-4.00
2003-07-23T21:00:00,0.57,0.39,-0.49,0.2,0.14,-0.86,-0.01,-0.35,-0.12,0,1,-10.00
2003-07-23T22:00:00,0.95,0.28,0.09,0.07,-0.14,-0.47,0.46,-0.46,-0.13,0,1,-20.00
2003-07-23T23:00:00,0.7,0.58,0.3,0.19,-0.16,-0.37,0.39,-0.47,-0.14,0,1,-26.00
2003-07-24T00:00:00,0.37,0.77,0.25,0.23,-0.15,-0.26,0.92,-0.51,-0.13,0,1,-21.00
2003-07-24T01:00:00,0.45,0.77,0.4,0.28,-0.24,-0.41,0.93,-0.51,-0.14,0,1,-13.00
2003-07-24T02:00:00,0.42,0.79,0.41,0.3,-0.38,-0.65,0.81,-0.5,-0.14,0,1,1.00
2003-07-24T03:00:00,0.32,0.91,0.4,0.36,-0.43,-0.54,0.75,-0.51,-0.15,0,1,5.00
2003-07-24T04:00:00,0.14,0.9,0.49,0.43,-0.57,-0.65,0.77,-0.52,-0.15,0,1,4.00
2003-07-24T05:00:00,0.37,0.77,0.49,0.49,-0.74,-1.42,1.47,-0.51,-0.13,0,1,2.00
2003-07-24T06:00:00,0.69,0.39,0.68,0.49,-0.57,-0.72,0.37,-0.53,-0.16,0,1,3.00
2003-07-24T07:00:00,0.69,0.42,0.62,0.52,-0.38,-0.78,0.16,-0.54,-0.17,0,1,5.00
2003-07-24T08:00:00,0.58,0.62,0.51,0.5,-0.11,-0.77,0.05,-0.54,-0.17,0,1,5.00
2003-07-24T09:00:00,0.73,0.49,0.51,0.52,0.05,-0.67,-0.07,-0.53,-0.17,0,1,6.00
2003-07-24T10:00:00,0.56,0.61,0.51,0.61,0.02,-1.05,-0.01,-0.53,-0.17,0,1,4.00
2003-07-24T11:00:00,0.64,0.54,0.54,0.6,0.26,-1.42,0.13,-0.52,-0.16,0,1,6.00
2003-07-24T12:00:00,0.45,0.78,0.42,0.65,0.1,-1.67,0.25,-0.52,-0.16,0,1,6.00
2003-07-24T13:00:00,0.45,0.74,0.44,0.72,0.13,-1.14,0.24,-0.53,-0.16,0,1,8.00
2003-07-24T14:00:00,0.37,0.59,0.46,0.71,0.47,-1.23,0.4,-0.49,-0.13,0,1,8.00
2003-07-24T15:00:00,0.23,0.6,0.17,0.74,0.77,-2.06,0.36,-0.45,-0.07,0,0,6.00
2003-07-24T16:00:00,0.01,-0.38,0.03,0.9,0.09,-1.75,0.42,-0.45,0.23,0,0,7.00
2003-07-24T17:00:00,-0.22,-0.2,0.16,0.93,0.24,-1.0,0.22,-0.37,0.54,0,0,6.00
2003-07-24T18:00:00,0.03,0.06,0.3,1.02,0.21,-1.0,0.28,-0.43,0.54,0,0,3.00
2003-07-24T19:00:00,-0.16,-0.34,-0.54,1.2,-0.04,-0.12,0.91,-0.57,-0.15,0,0,0.00
2003-07-24T20:00:00,-0.05,-0.4,-0.69,1.15,-0.02,-0.08,0.8,-0.57,-0.16,0,0,0.00
2003-07-24T21:00:00,0.05,-0.4,-0.71,1.18,0.15,-0.23,0.68,-0.56,-0.16,0,0,-2.00
2003-07-24T22:00:00,0.0,-0.43,-0.34,1.19,-0.06,0.55,1.04,-0.5,-0.04,0,0,-14.00
2003-07-24T23:00:00,0.29,-0.91,-0.24,1.23,-0.48,0.31,0.84,-0.54,-0.15,0,0,-22.00
2003-07-25T00:00:00,1.13,-0.49,-0.36,1.37,-0.25,0.14,0.6,-0.57,-0.18,0,0,-16.00
2003-07-25T01:00:00,1.15,-0.43,0.12,1.37,-0.26,0.19,1.0,-0.56,-0.17,0,0,-8.00
2003-07-25T02:00:00,0.52,-1.0,-0.35,1.39,-0.37,-0.02,0.94,-0.53,-0.16,0,0,-4.00
2003-07-25T03:00:00,0.25,-1.03,-0.51,1.31,-0.33,-0.29,1.09,-0.53,-0.16,0,0,1.00
2003-07-25T04:00:00,-0.15,-1.0,-0.66,1.29,-0.26,-0.1,0.98,-0.55,-0.17,0,0,3.00
2003-07-25T05:00:00,-0.41,-0.78,-0.96,1.28,-0.06,-0.19,1.01,-0.55,-0.17,0,0,1.00
2003-07-25T06:00:00,0.22,-1.29,-0.2,1.36,-0.49,-0.16,1.54,-0.53,-0.16,0,0,-4.00
2003-07-25T07:00:00,0.32,-1.31,-0.44,1.33,-0.52,0.11,1.23,-0.55,-0.17,0,0,-11.00
2003-07-25T08:00:00,0.49,-1.42,-0.55,1.36,-0.59,0.22,0.75,-0.55,-0.18,0,0,-16.00
2003-07-25T09:00:00,0.61,-1.44,-0.48,1.38,-0.54,0.13,0.99,-0.55,-0.18,0,0,-16.00
2003-07-25T10:00:00,0.55,-1.38,-0.61,1.38,-0.44,-0.07,1.3,-0.53,-0.17,0,0,-17.00
2003-07-25T11:00:00,0.47,-1.7,0.68,1.43,-0.63,0.48,1.03,-0.57,-0.18,0,0,-17.00
2003-07-25T12:00:00,0.52,-1.63,0.67,1.45,-0.71,0.49,1.04,-0.57,-0.18,0,0,-16.00
2003-07-25T13:00:00,0.47,-1.59,0.61,1.44,-0.77,0.51,1.25,-0.57,-0.18,0,0,-16.00
2003-07-25T14:00:00,0.33,-1.48,0.72,1.42,-0.77,0.48,1.54,-0.57,-0.18,0,0,-8.00
2003-07-25T15:00:00,0.45,-1.22,0.84,1.45,-0.74,0.47,1.61,-0.55,-0.17,0,0,-6.00
2003-07-25T16:00:00,0.42,-1.44,0.64,1.46,-0.79,0.46,1.58,-0.56,-0.18,0,0,-6.00
2003-07-25T17:00:00,0.22,-1.41,0.62,1.43,-0.7,0.42,1.69,-0.55,-0.17,0,0,-8.00
2003-07-25T18:00:00,0.69,-0.91,0.92,1.51,-0.33,0.65,1.71,-0.52,-0.16,0,0,-8.00
2003-07-25T19:00:00,0.68,-1.1,0.63,1.52,-0.55,0.37,1.64,-0.5,-0.15,0,0,-6.00
2003-07-25T20:00:00,0.47,-0.88,0.94,1.51,-0.47,0.52,1.44,-0.5,-0.16,0,0,-7.00
2003-07-25T21:00:00,-0.03,-1.43,0.6,1.41,-0.58,0.03,1.31,-0.51,-0.16,0,0,-6.00
2003-07-25T22:00:00,-0.65,-1.17,-0.08,1.4,-0.59,-0.24,2.01,-0.45,-0.12,0,0,-8.00
2003-07-25T23:00:00,-0.4,-1.23,0.14,1.42,-0.71,-0.14,1.77,-0.43,-0.12,0,0,-7.00
2003-07-26T00:00:00,0.63,-1.18,0.7,1.48,-1.5,-0.08,0.6,-0.46,-0.16,0,0,-3.00
2003-07-26T01:00:00,0.72,-1.12,1.06,1.41,-1.46,0.09,0.73,-0.5,-0.18,0,0,-4.00
2003-07-26T02:00:00,0.56,-1.39,0.73,1.31,-1.59,-0.18,1.5,-0.49,-0.16,0,0,-4.00
2003-07-26T03:00:00,0.87,-1.65,-0.41,1.31,-1.57,-0.38,1.82,-0.48,-0.17,0,0,6.00
2003-07-26T04:00:00,0.9,-1.77,-0.73,1.28,-1.61,-0.66,1.68,-0.49,-0.17,0,0,12.00
2003-07-26T05:00:00,1.31,-2.08,0.37,1.35,-2.12,-0.23,1.53,-0.53,-0.18,0,0,7.00
2003-07-26T06:00:00,1.61,-1.64,-0.43,1.3,-1.75,-0.63,2.04,-0.5,-0.18,0,0,4.00
2003-07-26T07:00:00,2.08,-1.74,-0.71,1.36,-1.91,-0.85,1.33,-0.55,-0.19,0,0,0.00
2003-07-26T08:00:00,2.53,-1.96,-0.3,1.39,-2.35,-0.55,1.24,-0.56,-0.19,0,0,4.00
2003-07-26T09:00:00,2.32,-2.05,0.46,1.39,-2.46,-0.27,2.13,-0.52,-0.18,0,0,-6.00
2003-07-26T10:00:00,1.88,-1.67,0.94,1.31,-2.16,-0.16,3.07,-0.51,-0.18,0,0,-13.00
2003-07-26T11:00:00,-0.05,-0.01,1.64,1.2,-1.69,-0.01,4.7,-0.47,-0.13,0,0,-10.00
2003-07-26T12:00:00,-1.9,1.3,0.82,1.07,-1.64,-0.44,3.18,-0.4,-0.16,0,0,2.00
2003-07-26T13:00:00,-0.52,0.18,-0.75,0.8,-1.11,-0.12,3.66,-0.18,0.17,1,0,6.00
2003-07-26T14:00:00,-1.77,1.01,0.21,0.9,-1.73,0.07,5.2,0.4,0.13,1,0,5.00
2003-07-26T15:00:00,-2.33,0.93,-0.23,0.85,-1.96,0.35,8.29,0.74,0.24,1,0,13.00
2003-07-26T16:00:00,-2.63,0.62,-1.55,0.74,-1.69,1.0,8.86,0.37,0.0,1,0,10.00
2003-07-26T17:00:00,-1.87,1.45,-1.89,0.67,-2.07,0.34,10.92,0.43,0.05,1,0,15.00
2003-07-26T18:00:00,-2.39,3.07,-2.05,0.48,-1.58,-0.94,9.62,-0.07,-0.13,1,0,5.00
2003-07-26T19:00:00,-3.64,4.21,-0.77,0.05,-0.17,0.1,3.14,0.85,-0.15,1,0,-9.00
2003-07-26T20:00:00,-3.22,4.4,-1.14,-0.61,1.76,-0.3,1.12,3.26,-0.14,1,0,-31.00
2003-07-26T21:00:00,-3.45,3.82,0.24,-0.63,2.61,-0.29,1.56,3.0,-0.12,1,0,-49.00
2003-07-26T22:00:00,-2.74,4.06,-0.57,-0.75,2.92,1.33,1.72,3.05,-0.11,1,0,-41.00
2003-07-26T23:00:00,-2.86,3.43,0.46,-0.68,2.47,0.58,1.31,3.06,-0.1,1,0,-34.00
2003-07-27T00:00:00,-2.57,3.81,0.33,-0.69,2.93,0.43,1.1,3.09,-0.11,1,0,-39.00
2003-07-27T01:00:00,-0.81,2.93,-0.47,-1.12,3.13,2.21,1.41,5.0,0.1,1,0,-42.00
2003-07-27T02:00:00,-1.73,2.68,0.55,-1.03,3.37,2.28,0.85,3.66,-0.03,1,0,-35.00
2003-07-27T03:00:00,-2.25,2.51,0.86,-0.93,3.44,2.33,0.58,2.42,-0.11,1,0,-36.00
2003-07-27T04:00:00,-1.87,1.82,0.86,-1.16,3.58,2.82,0.43,2.29,-0.08,1,0,-43.00
2003-07-27T05:00:00,-0.54,0.64,-0.3,-2.46,0.79,0.96,-0.38,0.66,-0.0,1,0,-39.00
2003-07-27T06:00:00,-0.37,0.15,-0.55,-2.59,0.98,0.92,-0.53,0.7,-0.0,1,0,-37.00
2003-07-27T07:00:00,-0.85,0.26,0.01,-2.2,0.65,-0.76,-0.58,0.26,-0.09,1,0,-48.00
2003-07-27T08:00:00,-0.72,0.57,-0.14,-2.25,0.06,-0.3,-0.57,0.39,-0.09,0,0,-57.00
2003-07-27T09:00:00,-0.58,-0.05,-0.13,-2.37,1.49,-0.28,-0.51,0.56,0.13,0,0,-53.00
2003-07-27T10:00:00,-0.89,-0.13,0.07,-2.14,1.42,-1.04,-0.55,0.28,-0.08,0,0,-43.00
2003-07-27T11:00:00,-0.56,0.71,0.04,-2.19,-0.38,-0.74,-0.57,0.32,-0.09,0,0,-40.00
2003-07-27T12:00:00,-0.47,0.52,-0.04,-2.19,-0.1,-0.81,-0.54,0.46,0.02,0,0,-31.00
2003-07-27T13:00:00,-0.27,0.47,-0.19,-2.28,-0.09,-0.01,-0.51,0.78,0.17,0,0,-28.00
2003-07-27T14:00:00,-0.75,0.23,0.22,-1.76,0.5,-0.95,-0.51,0.22,-0.05,0,0,-26.00
2003-07-27T15:00:00,-0.69,0.5,0.17,-1.87,-0.26,-0.85,-0.59,0.04,-0.11,0,0,-31.00
2003-07-27T16:00:00,-0.44,0.64,0.2,-2.03,-0.45,-0.96,-0.57,0.11,-0.09,0,0,-30.00
2003-07-27T17:00:00,-0.56,0.61,0.07,-1.87,-0.31,-0.5,-0.59,0.0,-0.11,0,0,-27.00
2003-07-27T18:00:00,-0.26,0.59,0.05,-1.99,-0.2,-0.35,-0.57,0.12,-0.04,0,0,-24.00
2003-07-27T19:00:00,-0.47,0.2,-0.15,-1.87,0.5,0.11,-0.52,0.34,0.11,0,0,-30.00
2003-07-27T20:00:00,-0.62,0.46,0.09,-1.77,-0.13,-0.43,-0.55,0.07,-0.08,0,0,-31.00
2003-07-27T21:00:00,-0.06,0.51,-0.1,-1.86,-0.41,-0.01,-0.53,0.08,0.03,0,0,-33.00
2003-07-27T22:00:00,-0.54,0.24,0.14,-1.56,-0.26,-0.43,-0.48,0.06,0.03,0,0,-31.00
2003-07-27T23:00:00,-0.56,0.09,0.02,-1.46,0.03,-0.36,-0.43,0.15,0.11,0,0,-33.00
2003-07-28T00:00:00,-0.45,0.21,0.28,-1.45,-0.13,-0.63,-0.45,0.07,0.08,0,0,-29.00
2003-07-28T01:00:00,-0.57,0.05,0.26,-1.31,-0.15,-0.32,-0.4,0.11,0.06,0,0,-20.00
2003-07-28T02:00:00,-0.23,0.34,0.18,-1.46,-0.68,-0.49,-0.42,0.22,0.35,0,0,-10.00
2003-07-28T03:00:00,0.28,0.23,0.12,-1.46,-0.85,-0.93,-0.3,0.2,0.72,0,0,-2.00
2003-07-28T04:00:00,-0.84,0.24,0.2,-1.07,-1.21,-1.09,-0.21,-0.03,-0.06,0,0,-4.00
2003-07-28T05:00:00,-0.3,0.41,0.03,-1.07,-1.25,-0.76,-0.09,-0.03,0.23,0,0,-8.00
2003-07-28T06:00:00,-0.75,0.46,0.19,-0.87,-1.83,-0.51,-0.02,0.05,-0.01,1,0,-8.00
2003-07-28T07:00:00,-0.31,0.88,0.13,-0.84,-2.03,-0.66,-0.02,-0.1,-0.07,1,0,-10.00
2003-07-28T08:00:00,-0.63,0.61,0.17,-0.72,-1.81,-0.33,0.09,0.06,0.01,1,0,-8.00
2003-07-28T09:00:00,-0.61,0.75,-0.46,-0.72,-1.85,0.43,0.32,-0.05,-0.07,1,0,-7.00
2003-07-28T10:00:00,-1.07,1.01,0.05,-0.68,-2.54,-0.01,0.59,0.06,-0.08,1,0,-2.00
2003-07-28T11:00:00,-1.07,1.07,-0.01,-1.27,-1.38,0.39,0.14,0.66,-0.06,1,0,-7.00
2003-07-28T12:00:00,-0.77,-0.08,0.96,-1.84,0.65,0.1,0.08,1.44,0.09,1,0,-12.00
2003-07-28T13:00:00,-0.68,0.82,0.01,-2.0,-0.12,1.08,0.13,1.38,0.22,1,0,-9.00
2003-07-28T14:00:00,-0.94,1.06,0.17,-1.9,-0.12,0.74,-0.04,1.08,-0.02,1,0,-4.00
2003-07-28T15:00:00,-1.02,1.4,0.05,-1.86,-0.34,0.32,-0.21,0.94,-0.11,1,0,-6.00
2003-07-28T16:00:00,-1.19,1.01,0.03,-1.99,0.22,0.8,-0.28,0.89,-0.1,1,0,-16.00
2003-07-28T17:00:00,-1.32,1.08,0.43,-1.99,-0.53,0.41,-0.36,0.75,-0.13,1,0,-19.00
2003-07-28T18:00:00,-1.19,1.11,0.21,-1.86,-1.1,0.85,-0.27,0.84,-0.11,1,0,-21.00
2003-07-28T19:00:00,-1.24,0.89,0.37,-1.78,-0.81,0.69,-0.27,0.68,-0.11,1,0,-17.00
2003-07-28T20:00:00,-1.44,0.59,0.43,-1.78,-0.29,0.69,-0.32,0.74,-0.11,1,0,-19.00
2003-07-28T21:00:00,-1.05,0.91,0.38,-2.27,-0.73,0.39,-0.26,1.16,-0.05,1,0,-22.00
2003-07-28T22:00:00,-1.08,0.78,0.44,-2.66,-0.65,0.46,-0.41,0.86,-0.1,1,0,-19.00
2003-07-28T23:00:00,-1.06,0.27,0.55,-2.76,-0.16,0.05,-0.38,0.95,-0.05,1,0,-14.00
2003-07-29T00:00:00,-1.16,-0.0,0.52,-2.8,0.23,-0.24,-0.43,0.78,-0.08,1,0,-11.00
2003-07-29T01:00:00,-1.34,0.17,0.38,-2.67,-0.27,-0.14,-0.39,0.47,-0.12,1,0,-6.00
2003-07-29T02:00:00,-1.07,0.16,-0.25,-2.8,-0.31,0.96,-0.33,0.65,-0.05,1,0,-3.00
2003-07-29T03:00:00,-1.2,0.4,0.01,-2.69,-0.6,0.39,-0.34,0.56,-0.09,1,0,-3.00
2003-07-29T04:00:00,-1.1,0.19,-0.04,-2.63,-0.31,0.37,-0.39,0.28,-0.1,1,0,-13.00
2003-07-29T05:00:00,-1.21,-0.0,0.15,-2.52,0.16,-0.58,-0.43,0.13,-0.12,1,0,-19.00
2003-07-29T06:00:00,-1.25,0.07,0.28,-2.52,-0.21,-1.06,-0.44,0.15,-0.13,1,0,-23.00
2003-07-29T07:00:00,-1.41,0.08,0.23,-2.43,-0.26,-0.99,-0.48,0.02,-0.15,1,0,-23.00
2003-07-29T08:00:00,-1.27,0.04,-0.09,-2.41,-0.24,-0.46,-0.46,0.05,-0.14,1,0,-18.00
2003-07-29T09:00:00,-1.24,0.3,-0.24,-2.37,-0.97,0.21,-0.48,0.15,-0.14,0,0,-18.00
2003-07-29T10:00:00,-1.28,-0.04,0.03,-2.34,-0.18,-0.84,-0.51,0.09,-0.14,0,0,-14.00
2003-07-29T11:00:00,-1.12,0.48,-0.11,-2.39,-1.15,-0.36,-0.42,0.46,-0.1,0,0,-21.00
2003-07-29T12:00:00,-1.47,0.06,0.1,-2.09,-0.2,-0.96,-0.53,-0.14,-0.17,0,0,-15.00
2003-07-29T13:00:00,-1.17,0.19,-0.36,-2.15,-0.47,0.12,-0.48,-0.0,-0.15,0,0,-11.00
2003-07-29T14:00:00,-0.75,0.14,-0.57,-2.43,-0.43,0.31,-0.29,0.43,-0.05,0,0,-9.00
2003-07-29T15:00:00,-0.85,0.45,-0.32,-2.39,-0.85,-0.08,-0.24,0.63,-0.01,0,0,-8.00
2003-07-29T16:00:00,-0.32,0.55,-0.3,-2.63,-0.98,-0.55,-0.15,0.99,0.29,0,0,-19.00
2003-07-29T17:00:00,-0.05,0.04,-0.77,-2.78,0.11,-0.02,-0.15,1.15,0.13,0,0,-21.00
2003-07-29T18:00:00,-0.27,0.72,-0.73,-2.68,1.04,-0.08,-0.23,1.28,0.02,0,0,-26.00
2003-07-29T19:00:00,-0.63,1.3,0.5,-2.55,-0.42,-2.04,-0.17,1.12,-0.06,0,0,-32.00
2003-07-29T20:00:00,-0.97,0.69,0.07,-2.49,0.67,-0.87,-0.26,0.85,-0.03,0,0,-41.00
2003-07-29T21:00:00,-0.21,-1.3,-0.53,-2.28,1.69,-0.11,-0.19,0.7,-0.09,0,0,-35.00
2003-07-29T22:00:00,-0.36,-0.62,-0.59,-2.18,0.78,0.68,-0.05,1.34,0.17,0,0,-31.00
2003-07-29T23:00:00,-0.73,0.34,0.61,-2.24,-0.47,-0.6,-0.21,1.33,0.12,0,0,-40.00
2003-07-30T00:00:00,-0.57,0.35,0.68,-2.4,-0.31,-0.88,-0.29,1.13,0.08,0,0,-54.00
2003-07-30T01:00:00,-0.45,0.57,0.24,-2.73,-0.36,0.46,-0.34,1.35,0.28,0,0,-45.00
2003-07-30T02:00:00,-0.72,0.42,0.12,-2.64,0.1,-0.27,-0.44,1.11,0.1,0,0,-29.00
2003-07-30T03:00:00,-1.18,0.25,0.6,-2.5,0.34,-0.57,-0.49,0.49,-0.12,0,0,-23.00
2003-07-30T04:00:00,-1.13,0.27,0.59,-2.56,0.75,-0.62,-0.51,0.58,-0.12,0,0,-25.00
2003-07-30T05:00:00,-0.61,-0.07,0.6,-2.96,1.17,-0.84,-0.49,1.05,0.05,0,0,-23.00
2003-07-30T06:00:00,-0.55,0.59,0.22,-3.01,-0.17,0.12,-0.49,1.12,0.08,0,0,-24.00
2003-07-30T07:00:00,-0.62,0.03,-0.03,-2.98,0.9,0.2,-0.45,1.13,0.33,0,0,-19.00
2003-07-30T08:00:00,-0.62,-0.46,-0.41,-2.95,1.53,0.99,-0.47,0.83,-0.0,0,0,-21.00
2003-07-30T09:00:00,-0.66,0.14,-0.18,-2.87,0.5,0.51,-0.47,0.86,0.12,0,0,-29.00
2003-07-30T10:00:00,-0.78,0.25,0.01,-2.71,0.44,-0.1,-0.48,0.54,0.0,0,0,-28.00
2003-07-30T11:00:00,-0.5,0.72,-0.19,-2.83,-0.94,0.84,-0.49,0.63,-0.04,0,0,-22.00
2003-07-30T12:00:00,-0.79,-0.2,-0.19,-2.51,1.26,0.66,-0.5,0.52,-0.02,0,0,-23.00
2003-07-30T13:00:00,-0.64,0.65,-0.12,-2.47,-1.06,0.71,-0.52,0.5,-0.06,0,0,-18.00
2003-07-30T14:00:00,-0.84,0.24,0.18,-2.23,-0.29,-0.44,-0.52,0.18,-0.08,0,0,-19.00
2003-07-30T15:00:00,-0.91,0.41,0.02,-2.11,-0.71,-0.06,-0.45,0.03,-0.11,0,0,-22.00
2003-07-30T16:00:00,-0.51,0.78,-0.3,-2.42,-1.4,0.8,-0.46,0.66,-0.06,0,0,-25.00
2003-07-30T17:00:00,-0.67,0.41,0.1,-2.64,-0.53,0.17,-0.44,1.02,0.13,0,0,-23.00
2003-07-30T18:00:00,-0.34,0.66,-0.23,-2.76,-0.69,1.0,-0.49,0.97,0.06,0,0,-24.00
2003-07-30T19:00:00,-0.78,0.06,-0.18,-2.66,0.55,0.58,-0.49,0.82,0.04,0,0,-28.00
2003-07-30T20:00:00,-0.99,0.44,-0.14,-2.63,-0.09,0.51,-0.53,0.49,-0.1,0,0,-26.00
2003-07-30T21:00:00,-1.06,0.02,-0.13,-2.54,0.84,0.72,-0.5,0.48,-0.09,0,0,-34.00
2003-07-30T22:00:00,-1.04,0.16,0.36,-2.53,0.52,-0.62,-0.45,0.41,-0.09,0,0,-41.00
2003-07-30T23:00:00,-1.07,-0.18,-0.19,-2.54,1.2,1.24,-0.44,0.33,-0.1,0,0,-39.00
2003-07-31T00:00:00,-1.06,0.35,0.27,-2.53,-0.07,-0.18,-0.44,0.36,-0.1,0,0,-31.00
2003-07-31T01:00:00,-0.56,0.21,0.41,-2.96,0.36,-0.56,-0.46,0.98,0.16,0,0,-30.00
2003-07-31T02:00:00,-0.51,0.27,0.72,-2.95,0.31,-1.47,-0.47,1.09,0.02,0,0,-20.00
2003-07-31T03:00:00,-0.5,0.76,-0.06,-2.9,-0.56,0.49,-0.5,1.19,0.03,0,0,-14.00
2003-07-31T04:00:00,-0.55,-0.12,-0.44,-2.91,1.08,1.41,-0.49,1.19,0.1,0,0,-10.00
2003-07-31T05:00:00,-0.71,0.08,0.35,-2.83,0.52,-0.92,-0.5,1.1,0.11,0,0,-16.00
2003-07-31T06:00:00,-0.92,0.04,0.32,-2.72,0.67,-0.5,-0.48,0.82,-0.01,0,0,-27.00
2003-07-31T07:00:00,-0.74,0.13,0.41,-2.84,0.43,-0.63,-0.5,0.94,0.04,0,0,-29.00
2003-07-31T08:00:00,-0.56,0.53,-0.43,-2.98,-0.43,1.16,-0.55,1.01,-0.03,0,0,-23.00
2003-07-31T09:00:00,-0.3,0.4,-0.72,-3.2,-0.01,1.45,-0.58,1.15,-0.05,0,0,-21.00
2003-07-31T10:00:00,-0.29,0.76,0.08,-3.22,-0.62,-0.13,-0.6,1.29,0.05,0,0,-29.00
2003-07-31T11:00:00,-0.5,0.57,0.07,-3.13,-0.45,0.13,-0.61,1.29,0.08,0,0,-40.00
2003-07-31T12:00:00,-0.47,0.58,-0.15,-3.1,-0.55,0.53,-0.54,1.15,0.08,0,0,-37.00
2003-07-31T13:00:00,-0.55,0.32,-0.2,-3.0,-0.08,0.51,-0.49,0.59,0.07,0,0,-26.00
2003-07-31T14:00:00,-0.72,0.27,-0.02,-2.96,-0.23,0.45,-0.51,0.76,0.05,0,0,-29.00
2003-07-31T15:00:00,-0.14,0.2,-0.3,-3.23,-0.1,0.99,-0.51,0.97,0.47,0,0,-37.00
2003-07-31T16:00:00,-0.56,0.71,0.28,-2.93,-0.96,-0.32,-0.51,0.66,-0.04,0,0,-36.00
2003-07-31T17:00:00,-0.8,0.46,-0.07,-2.72,-0.64,0.62,-0.5,0.39,-0.07,0,0,-36.00
2003-07-31T18:00:00,-1.02,-0.02,-0.02,-2.53,0.32,0.17,-0.53,0.08,-0.12,0,0,-29.00
2003-07-31T19:00:00,-0.82,0.33,-0.26,-2.6,-0.3,1.15,-0.49,0.36,-0.07,0,0,-28.00
2003-07-31T20:00:00,-0.89,0.34,-0.23,-2.63,-0.35,1.12,-0.57,0.41,-0.1,0,0,-32.00
2003-07-31T21:00:00,-0.68,0.49,0.32,-2.93,-0.36,-0.73,-0.61,0.81,-0.04,0,0,-34.00
2003-07-31T22:00:00,-0.67,0.8,-0.12,-3.12,-0.57,0.05,-0.57,0.7,-0.09,0,0,-40.00
2003-07-31T23:00:00,-0.69,0.71,-0.36,-3.05,-0.32,0.8,-0.58,0.55,-0.11,0,0,-40.00
2003-08-01T00:00:00,-0.51,0.09,-0.34,-3.25,0.74,0.95,-0.59,0.93,0.09,0,0,---
2003-08-01T01:00:00,-0.69,0.32,-0.32,-3.17,0.23,1.06,-0.6,0.77,-0.04,0,0,-40.00
2003-08-01T02:00:00,-0.69,0.6,0.25,-3.15,-0.4,-0.52,-0.61,0.68,-0.07,0,0,-45.00
2003-08-01T03:00:00,-0.97,0.26,0.2,-2.84,0.44,-0.31,-0.62,0.32,-0.11,0,0,-38.00
2003-08-01T04:00:00,-0.94,0.1,-0.15,-2.77,0.8,0.9,-0.65,0.27,-0.12,0,0,-32.00
2003-08-01T05:00:00,-0.87,0.47,-0.26,-2.74,-0.31,0.97,-0.66,0.4,-0.12,0,0,-36.00
2003-08-01T06:00:00,-0.77,0.61,0.18,-2.79,-0.91,-0.76,-0.66,0.41,-0.11,0,0,-41.00
2003-08-01T07:00:00,-0.45,0.55,0.15,-3.15,-0.28,-0.39,-0.63,0.88,0.04,0,0,-47.00
2003-08-01T08:00:00,-0.68,0.35,-0.1,-3.04,0.03,0.11,-0.59,0.75,0.0,0,0,-39.00
2003-08-01T09:00:00,-0.68,0.16,-0.15,-3.06,0.43,0.28,-0.58,0.66,0.02,0,0,-32.00
2003-08-01T10:00:00,-0.62,0.37,0.07,-3.09,0.07,-0.5,-0.59,0.76,0.04,0,0,-25.00
2003-08-01T11:00:00,-0.57,0.2,-0.18,-3.18,0.42,0.13,-0.55,0.82,0.12,0,0,-27.00
2003-08-01T12:00:00,-0.62,0.4,-0.04,-3.13,-0.22,-0.14,-0.54,0.8,0.06,0,0,-28.00
2003-08-01T13:00:00,-0.43,0.4,0.02,-3.21,-0.04,-0.41,-0.57,0.59,0.13,0,0,-30.00
2003-08-01T14:00:00,-0.55,0.4,-0.01,-3.07,-0.04,-0.01,-0.55,0.7,0.07,0,0,-27.00
2003-08-01T15:00:00,-0.28,0.72,-0.01,-3.16,-0.83,-0.15,-0.6,0.64,-0.02,0,0,-25.00
2003-08-01T16:00:00,-0.56,0.56,-0.12,-2.91,-0.33,0.27,-0.57,0.46,-0.05,0,0,-27.00
2003-08-01T17:00:00,-0.73,0.53,0.04,-2.72,-0.39,-0.16,-0.63,0.31,-0.1,0,0,-29.00
2003-08-01T18:00:00,-0.55,0.74,0.12,-2.84,-0.93,-0.09,-0.62,0.45,-0.09,0,0,-32.00
2003-08-01T19:00:00,-0.68,0.29,-0.04,-2.72,0.24,0.15,-0.6,0.28,-0.05,0,0,-30.00
2003-08-01T20:00:00,-0.62,0.46,0.07,-2.74,-0.16,-0.26,-0.57,0.36,-0.04,0,0,-31.00
2003-08-01T21:00:00,-0.51,0.4,-0.19,-2.82,-0.12,0.6,-0.55,0.42,0.0,0,0,-29.00
2003-08-01T22:00:00,-0.54,0.24,-0.27,-2.78,0.33,0.98,-0.57,0.29,-0.03,0,0,-31.00
2003-08-01T23:00:00,-0.54,0.31,-0.2,-2.79,0.06,0.77,-0.58,0.44,0.01,0,0,-34.00
2003-08-02T00:00:00,-0.84,0.33,-0.24,-2.53,-0.08,1.01,-0.65,-0.03,-0.14,0,0,-32.00
2003-08-02T01:00:00,-0.76,0.4,0.05,-2.44,-0.42,0.24,-0.66,0.19,-0.11,0,0,-32.00
2003-08-02T02:00:00,-0.2,0.58,0.18,-2.88,-0.6,-0.48,-0.65,0.52,0.02,0,0,-32.00
2003-08-02T03:00:00,-0.19,0.77,0.13,-2.83,-0.86,-0.28,-0.6,0.68,-0.02,0,0,-20.00
2003-08-02T04:00:00,-0.28,0.48,0.04,-2.78,-0.3,-0.33,-0.56,0.8,0.22,0,0,-15.00
2003-08-02T05:00:00,-0.46,-0.45,0.32,-2.76,1.11,-0.71,-0.53,0.61,0.07,0,0,-15.00
2003-08-02T06:00:00,-0.34,0.07,-0.08,-2.76,0.36,-0.03,-0.55,0.55,0.55,0,0,-14.00
2003-08-02T07:00:00,-0.49,0.41,0.12,-2.63,-0.23,-0.47,-0.54,0.41,0.05,0,0,-15.00
2003-08-02T08:00:00,-0.57,0.04,-0.02,-2.57,0.41,-0.16,-0.56,0.28,0.06,0,0,-22.00
2003-08-02T09:00:00,-0.71,0.06,0.12,-2.47,0.49,-0.46,-0.55,0.07,-0.05,0,0,-18.00
2003-08-02T10:00:00,-0.75,0.07,0.09,-2.38,0.52,-0.4,-0.59,-0.01,-0.09,0,0,-15.00
2003-08-02T11:00:00,-0.63,0.27,0.12,-2.49,0.05,-0.45,-0.61,0.26,-0.03,0,0,-17.00
2003-08-02T12:00:00,-0.55,0.4,0.12,-2.48,-0.35,-0.35,-0.59,0.3,-0.02,0,0,-17.00
2003-08-02T13:00:00,-0.73,0.01,-0.1,-2.35,0.55,0.33,-0.61,0.03,-0.09,0,0,-16.00
2003-08-02T14:00:00,-0.69,-0.26,-0.21,-2.32,0.9,0.5,-0.63,0.03,-0.11,0,0,-23.00
2003-08-02T15:00:00,-0.78,0.17,0.19,-2.1,-0.11,-0.54,-0.65,-0.07,-0.12,0,0,-30.00
2003-08-02T16:00:00,-0.48,0.36,0.24,-2.24,-0.31,-0.6,-0.63,0.16,-0.04,0,0,-32.00
2003-08-02T17:00:00,-0.36,0.62,0.4,-2.21,-0.73,-0.8,-0.62,0.27,-0.08,0,0,-33.00
2003-08-02T18:00:00,-0.5,0.43,0.42,-2.12,-0.23,-0.79,-0.59,0.3,-0.06,0,0,-28.00
2003-08-02T19:00:00,-0.63,-0.29,-0.3,-2.07,0.78,0.99,-0.62,0.11,-0.1,0,0,-26.00
2003-08-02T20:00:00,-0.7,-0.03,-0.29,-1.93,0.48,1.0,-0.61,0.11,-0.1,0,0,-25.00
2003-08-02T21:00:00,-0.63,-0.16,-0.26,-1.96,0.72,0.84,-0.63,0.16,-0.08,0,0,-31.00
2003-08-02T22:00:00,-0.71,0.22,-0.1,-1.9,0.18,0.57,-0.61,0.07,-0.09,0,0,-31.00
2003-08-02T23:00:00,-0.76,0.0,0.16,-1.83,0.67,-0.3,-0.62,-0.09,-0.11,0,0,-32.00
2003-08-03T00:00:00,-0.49,-0.4,0.07,-1.99,1.32,-0.13,-0.61,0.09,-0.03,0,0,-27.00
2003-08-03T01:00:00,-0.42,-0.68,0.0,-2.0,1.66,-0.05,-0.63,0.05,-0.1,0,0,-16.00
2003-08-03T02:00:00,-0.56,-0.31,-0.08,-1.84,0.87,0.32,-0.62,0.01,-0.07,0,0,-14.00
2003-08-03T03:00:00,-0.61,-0.39,-0.11,-1.82,1.06,0.29,-0.62,-0.11,-0.11,0,0,-13.00
2003-08-03T04:00:00,-0.63,-0.13,-0.09,-1.75,0.61,0.17,-0.57,-0.09,-0.07,0,0,-16.00
2003-08-03T05:00:00,-0.6,-0.02,0.12,-1.74,0.34,-0.38,-0.58,-0.01,-0.03,0,0,-19.00
2003-08-03T06:00:00,-0.5,0.16,0.41,-1.75,0.24,-1.1,-0.58,-0.03,-0.07,0,0,-19.00
2003-08-03T07:00:00,-0.23,0.43,0.06,-1.82,-0.43,-0.43,-0.6,0.06,0.04,0,0,-17.00
2003-08-03T08:00:00,-0.38,0.3,0.05,-1.69,-0.22,-0.37,-0.58,0.08,0.07,0,0,-21.00
2003-08-03T09:00:00,-0.35,0.25,-0.0,-1.62,-0.29,-0.31,-0.56,0.05,0.13,0,0,-17.00
2003-08-03T10:00:00,-0.57,0.07,0.11,-1.52,0.1,-0.42,-0.45,-0.08,0.01,0,0,-14.00
2003-08-03T11:00:00,-0.55,0.15,0.09,-1.46,-0.07,-0.3,-0.46,0.01,0.04,0,0,-17.00
2003-08-03T12:00:00,-0.14,0.4,-0.11,-1.42,-0.36,0.17,-0.54,-0.11,0.01,0,0,-23.00
2003-08-03T13:00:00,0.02,0.56,0.41,-1.34,-0.45,-0.56,-0.53,-0.25,-0.11,0,0,-24.00
2003-08-03T14:00:00,-0.36,0.17,0.17,-1.13,-0.09,0.13,-0.45,-0.13,0.14,0,0,-19.00
2003-08-03T15:00:00,0.08,-0.84,-0.14,-1.22,0.65,0.5,-0.36,-0.21,-0.11,0,0,-17.00
2003-08-03T16:00:00,-0.24,-0.75,-0.4,-1.05,0.39,0.68,-0.21,-0.18,-0.11,0,0,-18.00
2003-08-03T17:00:00,-0.43,-0.7,-0.18,-0.95,0.49,0.51,-0.27,-0.21,-0.1,0,0,-19.00
2003-08-03T18:00:00,-0.48,-0.48,-0.25,-0.92,0.44,0.7,-0.3,-0.2,-0.08,0,0,-23.00
2003-08-03T19:00:00,-0.6,-0.49,-0.16,-0.78,0.62,0.7,-0.4,-0.23,-0.11,0,0,-27.00
2003-08-03T20:00:00,-0.66,-0.29,-0.15,-0.77,0.42,0.77,-0.36,-0.23,-0.09,0,0,-26.00
2003-08-03T21:00:00,-0.5,-0.39,0.22,-0.81,0.46,0.13,-0.33,-0.14,-0.02,0,0,-29.00
2003-08-03T22:00:00,-0.76,-0.39,-0.07,-0.65,0.62,0.56,-0.33,-0.26,-0.12,0,0,-25.00
2003-08-04T08:00:00,0.16,0.6,-0.21,-0.73,-0.4,0.75,-0.45,-0.28,-0.11,0,0,-6.00
2003-08-04T09:00:00,0.44,0.73,-0.06,-0.87,-0.79,0.39,-0.49,-0.35,-0.15,0,0,-8.00
2003-08-04T10:00:00,0.24,0.72,0.25,-0.7,-0.68,-0.23,-0.44,-0.21,-0.11,0,0,-9.00
2003-08-04T11:00:00,0.29,0.56,0.47,-0.65,-0.52,-0.45,-0.41,-0.27,-0.12,0,0,-6.00
2003-08-04T12:00:00,0.17,0.69,0.37,-0.57,-0.76,-0.35,-0.38,-0.31,-0.13,0,0,-4.00
2003-08-04T13:00:00,0.12,0.57,0.52,-0.49,-0.54,-0.51,-0.46,-0.32,-0.13,0,0,-4.00
2003-08-04T14:00:00,0.09,0.31,0.63,-0.45,-0.25,-1.01,-0.45,-0.4,-0.14,0,0,-5.00
2003-08-04T15:00:00,0.35,0.69,0.13,-0.54,-1.1,-0.29,-0.45,-0.39,-0.14,0,0,-7.00
2003-08-04T16:00:00,0.35,0.83,-0.03,-0.51,-1.36,0.52,-0.44,-0.42,-0.16,0,0,-10.00
2003-08-04T17:00:00,0.31,0.74,-0.11,-0.41,-1.06,0.55,-0.14,-0.44,-0.14,0,0,-13.00
2003-08-04T18:00:00,0.24,0.19,-0.48,-0.29,-0.49,0.13,0.47,-0.43,-0.07,0,0,-12.00
2003-08-04T19:00:00,0.18,0.32,-0.23,-0.25,-0.42,0.11,0.86,-0.43,0.12,0,0,-9.00
2003-08-04T20:00:00,0.45,0.65,0.44,-0.26,-0.55,-0.23,1.18,-0.45,-0.08,0,0,-10.00
2003-08-04T21:00:00,0.58,0.73,0.85,-0.3,-0.81,-0.82,0.38,-0.47,-0.16,0,0,-2.00
2003-08-04T22:00:00,-0.05,-0.39,0.4,-0.21,-0.74,-0.85,1.48,-0.4,0.25,0,0,-3.00
2003-08-04T23:00:00,-0.36,-0.7,0.56,-0.12,-0.7,-0.62,1.92,-0.42,-0.04,0,0,7.00
2003-08-05T00:00:00,-0.29,-0.43,0.95,-0.04,-0.42,-0.63,1.5,-0.41,-0.1,0,0,8.00
2003-08-05T01:00:00,-0.24,-0.62,1.13,0.08,-0.14,-0.35,0.19,-0.34,-0.15,0,0,7.00
2003-08-05T02:00:00,-0.44,-0.97,0.99,0.05,-0.24,-0.06,0.09,-0.41,-0.17,0,1,3.00
2003-08-05T03:00:00,0.01,-1.02,0.91,0.13,-0.22,-0.32,0.3,-0.43,-0.16,0,1,5.00
2003-08-05T04:00:00,-0.21,-0.92,0.94,0.18,-0.24,-0.28,0.51,-0.47,-0.16,0,1,6.00
2003-08-05T05:00:00,0.07,-1.14,0.76,0.25,-0.48,-0.21,0.66,-0.48,-0.16,0,1,6.00
2003-08-05T06:00:00,0.2,-1.21,0.66,0.25,-0.45,-0.27,0.59,-0.5,-0.17,0,1,7.00
2003-08-05T07:00:00,0.23,-1.21,0.82,0.25,-0.18,-0.01,0.11,-0.55,-0.18,0,1,10.00
2003-08-05T08:00:00,0.2,0.4,0.72,0.12,-0.02,-0.36,0.36,-0.52,-0.15,0,1,8.00
2003-08-05T09:00:00,0.54,0.72,1.12,0.19,-0.1,-0.39,0.53,-0.52,-0.18,0,1,8.00
2003-08-05T10:00:00,0.91,0.02,1.11,0.28,-0.15,-0.33,0.52,-0.54,-0.18,0,1,12.00
2003-08-05T11:00:00,0.71,0.09,1.22,0.31,0.02,-0.08,0.49,-0.54,-0.18,0,1,12.00
2003-08-05T12:00:00,0.56,-0.13,1.3,0.32,-0.3,0.12,0.44,-0.52,-0.18,0,1,11.00
2003-08-05T13:00:00,1.23,-0.28,0.97,0.44,-0.15,-0.19,0.31,-0.51,-0.18,0,1,11.00
2003-08-05T14:00:00,0.97,-0.41,1.15,0.43,-0.28,-0.02,0.52,-0.51,-0.18,0,1,11.00
2003-08-05T15:00:00,1.01,-0.55,1.14,0.41,-0.4,-0.22,0.94,-0.52,-0.18,0,1,10.00
2003-08-05T16:00:00,1.09,-1.12,0.89,0.45,-0.52,-0.19,1.02,-0.55,-0.18,0,1,11.00
2003-08-05T17:00:00,0.84,-1.42,0.33,0.48,-0.68,-0.37,0.63,-0.54,-0.18,0,1,14.00
2003-08-05T18:00:00,1.0,-1.11,0.5,0.5,-0.55,-0.23,0.74,-0.52,-0.17,1,1,12.00
2003-08-05T19:00:00,0.88,-1.26,0.37,0.49,-0.62,-0.42,0.91,-0.53,-0.17,1,1,4.00
2003-08-05T20:00:00,1.46,-0.85,0.18,0.55,-0.85,-0.57,1.02,-0.55,-0.18,1,1,1.00
2003-08-05T21:00:00,1.28,-1.46,-0.0,0.44,-0.76,-0.63,1.3,-0.53,-0.18,1,1,1.00
2003-08-05T22:00:00,1.9,-0.84,-0.5,0.54,-0.73,-0.84,1.65,-0.54,-0.18,1,1,2.00
2003-08-05T23:00:00,0.82,-2.06,-0.69,0.3,-0.66,-0.51,1.51,-0.51,-0.18,1,1,3.00
2003-08-06T00:00:00,0.86,-0.77,-1.57,0.35,-0.71,-1.17,2.23,-0.52,-0.18,1,1,-5.00
2003-08-06T01:00:00,0.91,-1.39,-1.21,0.28,-0.79,-0.69,2.56,-0.42,-0.16,1,1,-17.00
2003-08-06T02:00:00,0.93,-0.74,-0.52,0.08,-0.62,-0.54,1.21,0.36,0.06,1,0,-35.00
2003-08-06T03:00:00,0.61,-0.21,-0.62,0.02,-0.72,-0.92,1.25,0.54,0.34,1,0,-58.00
2003-08-06T04:00:00,0.46,0.05,-0.25,0.01,-0.83,-1.17,0.97,0.67,1.36,1,0,-57.00
2003-08-06T05:00:00,0.83,-0.04,-0.88,-0.02,-0.86,-1.1,0.62,0.79,0.06,1,0,-51.00
2003-08-06T06:00:00,1.2,0.17,-0.52,0.05,-0.36,-0.75,0.4,0.81,0.04,1,0,-53.00
2003-08-06T07:00:00,1.09,-0.81,0.14,-0.09,-1.43,0.04,0.5,0.94,0.09,1,0,-60.00
2003-08-06T08:00:00,0.86,-1.0,-0.23,-0.18,-1.43,-0.63,0.35,0.88,0.05,1,0,-45.00
2003-08-06T09:00:00,1.02,-0.96,-0.23,-0.21,-1.14,-1.17,0.08,0.81,-0.03,1,0,-45.00
2003-08-06T10:00:00,1.09,-1.07,-0.35,-0.3,-0.71,-1.36,-0.13,0.54,-0.1,1,0,-50.00
2003-08-06T11:00:00,0.75,-1.2,0.31,-0.45,-1.03,-0.42,-0.14,0.67,-0.07,1,0,-50.00
2003-08-06T12:00:00,1.06,-1.2,0.25,-0.42,-0.71,-1.85,-0.24,0.52,-0.12,1,0,-49.00
2003-08-06T13:00:00,0.9,-0.86,0.58,-0.42,-0.29,-1.39,-0.29,0.33,-0.11,1,0,-47.00
2003-08-06T14:00:00,0.78,-0.84,0.89,-0.36,-0.33,-0.47,-0.26,0.54,-0.11,1,0,-44.00
2003-08-06T15:00:00,1.27,0.04,0.56,-0.02,1.14,-1.4,-0.32,0.31,-0.12,1,0,-42.00
2003-08-06T16:00:00,1.39,-0.25,0.3,0.06,0.6,-2.04,-0.31,0.45,-0.11,1,0,-40.00
2003-08-06T17:00:00,0.63,-0.38,0.63,-0.29,0.46,-1.33,-0.3,0.48,-0.01,0,0,-38.00
2003-08-06T18:00:00,0.31,-0.92,0.43,-0.25,0.08,-2.81,-0.31,0.8,0.0,0,0,-36.00
2003-08-06T19:00:00,0.4,-1.04,0.6,-0.26,-0.36,-1.66,-0.41,0.64,-0.09,0,0,-34.00
2003-08-06T20:00:00,0.63,-0.97,0.82,-0.22,-0.11,-1.4,-0.36,0.36,-0.13,0,0,-36.00
2003-08-06T21:00:00,0.41,-1.37,0.61,-0.25,-0.95,-1.74,-0.37,0.47,-0.13,0,0,-34.00
2003-08-06T22:00:00,0.85,-0.96,0.6,-0.02,-0.42,-1.49,-0.28,0.48,-0.1,0,0,-31.00
2003-08-06T23:00:00,0.26,-0.78,0.96,-0.27,-0.38,-0.17,-0.35,0.24,-0.12,0,0,-29.00
2003-08-07T00:00:00,0.71,-1.01,0.51,-0.11,-0.92,-0.48,-0.22,0.14,-0.12,0,0,-27.00
2003-08-07T01:00:00,0.81,-1.04,0.38,-0.11,-1.15,-0.3,-0.18,0.08,-0.12,0,0,-21.00
2003-08-07T02:00:00,0.83,-0.91,0.5,-0.17,-1.31,0.33,-0.18,0.15,-0.11,0,0,-15.00
2003-08-07T03:00:00,0.96,-0.88,0.34,-0.08,-1.22,0.15,0.03,0.13,-0.09,0,0,-12.00
2003-08-07T04:00:00,1.17,-0.66,0.22,0.03,-1.33,0.19,0.17,0.12,-0.08,0,0,-11.00
2003-08-07T05:00:00,0.94,-0.89,0.46,-0.04,-1.43,0.29,0.23,0.16,-0.08,0,0,-10.00
2003-08-07T06:00:00,1.12,-0.73,0.27,0.03,-1.42,0.05,0.16,0.12,-0.08,0,0,-9.00
2003-08-07T07:00:00,0.68,-0.9,0.82,-0.12,-1.64,1.07,0.13,0.13,-0.1,0,0,-7.00
2003-08-07T08:00:00,0.95,-0.75,0.71,-0.06,-1.49,1.22,0.24,0.27,-0.07,1,0,-7.00
2003-08-07T09:00:00,1.0,-0.97,0.54,-0.05,-1.81,1.59,0.21,0.41,-0.07,1,0,-7.00
2003-08-07T10:00:00,1.29,-0.98,-0.01,0.07,-2.02,1.29,0.23,0.61,-0.06,1,0,-4.00
2003-08-07T11:00:00,1.5,-0.63,0.21,0.12,-1.34,1.74,0.26,0.35,-0.09,1,0,-3.00
2003-08-07T12:00:00,1.34,-0.84,0.04,-0.05,-1.75,1.84,0.25,0.6,-0.05,1,0,-9.00
2003-08-07T13:00:00,1.44,-1.07,-0.27,-0.6,-0.95,1.01,-0.11,0.48,-0.13,1,0,-11.00
2003-08-07T14:00:00,1.24,-1.12,1.13,-0.97,-0.25,2.4,0.01,0.72,-0.12,1,0,-16.00
2003-08-07T15:00:00,1.49,-1.29,0.47,-0.86,-0.96,2.87,0.07,1.19,-0.09,1,0,-15.00
2003-08-07T16:00:00,0.7,-0.34,-0.94,-1.19,0.66,0.33,-0.09,1.49,0.01,1,0,-11.00
2003-08-07T17:00:00,1.73,-0.67,-0.45,-1.17,1.23,0.15,-0.03,0.88,-0.11,1,0,-9.00
2003-08-07T18:00:00,1.04,0.02,-1.26,-1.36,1.96,-0.61,0.03,1.23,-0.07,1,0,-22.00
2003-08-07T19:00:00,0.86,-0.56,-0.14,-1.44,2.84,0.7,0.13,1.27,0.24,1,0,-26.00
2003-08-07T20:00:00,0.87,-0.32,-0.56,-1.41,1.3,-0.53,0.0,0.9,0.05,1,0,-50.00
2003-08-07T21:00:00,1.2,-1.23,0.46,-1.26,-0.18,1.09,-0.13,0.35,-0.13,1,0,-49.00
2003-08-07T22:00:00,1.44,0.46,-0.48,-1.17,2.0,-0.5,0.06,0.53,-0.09,1,0,-61.00
2003-08-07T23:00:00,1.56,-0.64,0.38,-1.09,0.36,1.26,0.04,0.29,-0.12,1,0,-45.00
2003-08-08T00:00:00,1.49,-0.09,-0.4,-1.09,0.86,-0.46,0.14,0.43,-0.09,1,0,-40.00
2003-08-08T01:00:00,1.24,-0.57,-0.24,-1.13,-0.16,0.16,0.15,0.32,-0.07,1,0,-36.00
2003-08-08T02:00:00,1.38,-0.63,-0.41,-0.95,-0.47,-0.14,0.16,0.29,-0.1,1,0,-37.00
2003-08-08T03:00:00,1.54,-1.19,0.09,-0.94,-1.03,0.53,0.38,0.3,-0.12,1,0,-43.00
2003-08-08T04:00:00,1.17,-0.97,-1.31,-0.99,-0.8,-0.87,0.62,0.56,-0.11,1,0,-37.00
2003-08-08T05:00:00,1.09,-0.57,0.69,-1.69,0.54,1.4,0.33,1.53,0.12,1,0,-32.00
2003-08-08T06:00:00,1.11,-0.92,-0.3,-2.28,0.89,-0.4,0.04,1.3,0.01,1,0,-41.00
2003-08-08T07:00:00,0.66,-0.38,0.28,-2.74,1.46,-0.27,-0.09,1.34,0.44,1,0,-34.00
2003-08-08T08:00:00,0.95,-0.67,0.48,-2.61,0.77,0.14,-0.14,1.29,0.04,1,0,-36.00
2003-08-08T09:00:00,0.8,-0.49,0.78,-2.64,1.03,0.2,-0.09,1.23,0.04,1,0,-40.00
2003-08-08T10:00:00,0.81,-0.42,0.66,-2.6,1.13,-0.38,-0.17,1.13,0.05,1,0,-37.00
2003-08-08T11:00:00,1.03,-0.03,0.29,-2.4,2.08,-1.26,-0.22,1.36,0.12,0,0,-34.00
2003-08-08T12:00:00,0.93,-0.89,0.23,-2.43,0.58,-1.52,-0.16,1.6,0.05,0,0,-29.00
2003-08-08T13:00:00,0.8,-0.63,0.65,-2.4,-0.21,-0.53,-0.16,1.37,0.05,0,0,-24.00
2003-08-08T14:00:00,0.87,-0.64,0.13,-2.41,0.91,-1.25,-0.17,1.16,0.09,0,0,-23.00
2003-08-08T15:00:00,1.1,-0.89,0.45,-2.26,0.39,-0.35,-0.25,0.88,-0.08,0,0,-19.00
2003-08-08T16:00:00,0.96,-0.7,0.41,-2.37,1.16,-0.38,-0.27,0.76,-0.05,0,0,-23.00
2003-08-08T17:00:00,0.74,-0.88,0.44,-2.51,0.61,-0.21,-0.36,0.73,-0.06,0,0,-23.00
2003-08-08T18:00:00,1.15,-0.55,0.45,-2.27,1.14,-0.03,-0.38,0.28,-0.12,0,0,-30.00
2003-08-08T19:00:00,1.18,-0.97,0.27,-2.23,0.23,-0.14,-0.45,0.31,-0.14,0,0,-29.00
2003-08-08T20:00:00,1.32,-0.36,0.39,-2.16,1.61,0.28,-0.45,0.34,-0.13,0,0,-29.00
2003-08-08T21:00:00,0.99,-0.5,0.17,-2.31,1.1,0.06,-0.38,1.07,-0.0,0,0,-31.00
2003-08-08T22:00:00,0.73,-0.78,0.23,-2.39,0.69,0.34,-0.39,1.06,0.01,0,0,-31.00
2003-08-08T23:00:00,1.09,-0.63,0.22,-2.16,0.6,0.39,-0.38,0.57,-0.09,0,0,-32.00
2003-08-09T00:00:00,1.18,-0.31,0.32,-2.06,1.38,0.67,-0.37,0.37,-0.1,0,0,-28.00
2003-08-09T01:00:00,1.04,0.52,0.45,-2.33,2.6,0.61,-0.31,0.35,-0.1,0,0,-18.00
2003-08-09T02:00:00,0.47,1.04,0.71,-2.58,3.09,0.84,-0.31,0.55,-0.1,0,0,-8.00
2003-08-09T03:00:00,0.93,0.35,0.35,-2.23,1.98,-0.02,-0.36,0.4,-0.06,0,0,-3.00
2003-08-09T04:00:00,0.2,-0.82,-0.0,-2.45,0.03,-0.82,-0.44,0.55,0.01,0,0,-8.00
2003-08-09T05:00:00,0.76,-0.52,0.24,-2.0,0.58,-0.18,-0.44,0.61,-0.01,0,0,-11.00
2003-08-09T06:00:00,0.69,-0.87,0.4,-1.99,0.01,0.45,-0.48,0.49,-0.1,0,0,-12.00
2003-08-09T07:00:00,0.73,-0.65,0.17,-1.94,0.4,-0.27,-0.44,0.46,-0.05,0,0,-12.00
2003-08-09T08:00:00,0.84,-0.5,0.29,-1.9,0.42,-0.17,-0.39,0.66,-0.02,0,0,-15.00
2003-08-09T09:00:00,0.81,-0.5,0.23,-1.85,0.27,-0.46,-0.42,0.5,-0.03,0,0,-17.00
2003-08-09T10:00:00,0.56,0.05,0.28,-1.99,1.03,-0.6,-0.43,0.52,0.2,0,0,-22.00
2003-08-09T11:00:00,0.82,0.18,0.34,-1.83,1.02,-0.19,-0.42,0.28,-0.05,0,0,-16.00
2003-08-09T12:00:00,0.83,-0.48,0.27,-1.76,0.0,-0.09,-0.42,0.2,-0.08,0,0,-12.00
2003-08-09T13:00:00,0.67,-0.65,0.24,-1.81,-0.51,-0.0,-0.45,0.29,-0.07,0,0,-16.00
2003-08-09T14:00:00,1.01,-0.08,0.27,-1.55,0.81,0.34,-0.5,-0.12,-0.14,0,0,-17.00
2003-08-09T15:00:00,0.99,-0.12,0.06,-1.5,0.71,-0.15,-0.47,-0.07,-0.12,0,0,-14.00
2003-08-09T16:00:00,0.48,-0.5,0.07,-1.76,-0.12,-0.21,-0.43,0.2,0.03,0,0,-14.00
2003-08-09T17:00:00,-0.17,-0.88,0.43,-2.0,-0.81,0.71,-0.46,0.31,-0.08,0,0,-14.00
2003-08-09T18:00:00,0.17,-0.6,0.2,-1.91,-0.18,0.17,-0.42,0.35,0.12,0,0,-17.00
2003-08-09T19:00:00,0.5,-0.55,-0.11,-1.72,-0.11,-0.16,-0.37,0.34,0.04,0,0,-19.00
2003-08-09T20:00:00,0.19,-0.83,-0.3,-1.83,-0.58,-0.62,-0.46,0.15,-0.09,0,0,-21.00
2003-08-09T21:00:00,-0.11,-0.8,0.31,-1.94,-0.54,0.67,-0.48,0.28,-0.05,0,0,-27.00
2003-08-09T22:00:00,-0.08,-0.9,0.11,-1.84,-0.75,0.31,-0.46,0.23,-0.07,0,0,-28.00
2003-08-09T23:00:00,0.26,-0.56,-0.3,-1.64,-0.35,-0.66,-0.42,0.36,0.03,0,0,-27.00
2003-08-10T00:00:00,0.48,-0.3,-0.06,-1.54,0.02,-0.45,-0.44,0.3,0.16,0,0,-25.00
2003-08-10T01:00:00,0.56,-0.01,-0.08,-1.5,0.52,-0.36,-0.4,0.36,0.2,0,0,-24.00
2003-08-10T02:00:00,0.34,-0.53,0.57,-1.54,-0.31,0.65,-0.42,0.24,-0.04,0,0,-24.00
2003-08-10T03:00:00,0.32,-0.33,0.63,-1.47,-0.07,0.94,-0.48,0.19,-0.04,0,0,-28.00
2003-08-10T04:00:00,0.14,-0.64,0.4,-1.47,-0.96,0.64,-0.46,0.1,-0.04,0,0,-23.00
2003-08-10T05:00:00,0.65,-0.49,-0.19,-1.17,-0.88,-0.48,-0.4,0.04,-0.07,0,0,-18.00
2003-08-10T06:00:00,0.12,-0.63,0.33,-1.36,-1.1,0.3,-0.4,0.01,-0.02,0,0,-17.00
2003-08-10T07:00:00,0.51,-0.71,-0.0,-1.12,-1.26,-0.23,-0.37,0.05,-0.07,0,0,-16.00
2003-08-10T08:00:00,0.15,-0.81,-0.07,-1.23,-1.34,-0.29,-0.43,0.05,-0.07,0,0,-15.00
2003-08-10T09:00:00,0.36,-0.71,-0.11,-1.13,-1.11,-0.42,-0.45,0.01,-0.07,0,0,-16.00
2003-08-10T10:00:00,0.85,-0.43,0.42,-1.11,-0.59,0.06,-0.65,-0.14,-0.15,0,0,-13.00
2003-08-10T11:00:00,0.95,-0.66,0.13,-1.32,-0.43,-0.79,-0.72,-0.21,-0.17,0,0,-13.00
2003-08-10T12:00:00,0.88,-0.6,0.33,-1.36,-0.45,-0.5,-0.71,-0.12,-0.16,0,0,-12.00
2003-08-10T13:00:00,0.95,-0.45,0.1,-1.47,0.1,-0.96,-0.63,-0.13,-0.15,0,0,-14.00
2003-08-10T14:00:00,0.93,-0.5,0.1,-1.42,0.06,-0.76,-0.67,-0.24,-0.16,0,0,-17.00
2003-08-10T15:00:00,0.91,-0.3,0.16,-1.38,0.61,-0.5,-0.65,-0.12,-0.15,0,0,-20.00
2003-08-10T16:00:00,0.88,-0.24,0.25,-1.34,0.76,-0.39,-0.62,-0.09,-0.14,0,0,-24.00
2003-08-10T17:00:00,0.66,-0.57,0.05,-1.29,-0.35,-0.6,-0.6,0.09,-0.11,0,0,-24.00
2003-08-10T18:00:00,0.55,-0.4,0.17,-1.24,-0.15,-0.09,-0.52,0.19,0.01,0,0,-22.00
2003-08-10T19:00:00,0.58,-0.49,0.28,-1.23,-0.3,-0.02,-0.53,0.12,-0.07,0,0,-24.00
2003-08-10T20:00:00,0.7,-0.4,0.37,-1.06,-0.39,0.42,-0.56,0.0,-0.11,0,0,-24.00
2003-08-10T21:00:00,0.73,-0.51,0.27,-0.87,-0.83,0.4,-0.54,-0.06,-0.12,0,0,-24.00
2003-08-10T22:00:00,0.74,-0.42,0.31,-0.76,-0.98,0.44,-0.43,-0.12,-0.11,0,0,-24.00
2003-08-10T23:00:00,0.63,-0.2,0.16,-0.77,-0.5,-0.12,-0.33,-0.08,-0.0,0,0,-21.00
2003-08-11T00:00:00,0.18,-0.43,0.55,-0.99,-0.91,0.62,-0.35,-0.02,-0.03,0,0,-19.00
2003-08-11T01:00:00,0.29,-0.56,0.54,-0.89,-1.18,0.63,-0.31,0.01,-0.05,0,0,-12.00
2003-08-11T02:00:00,0.79,-0.43,0.03,-0.62,-1.0,-0.41,-0.22,-0.07,-0.07,0,0,-4.00
2003-08-11T03:00:00,0.89,-0.2,0.27,-0.54,-0.79,-0.01,-0.16,-0.04,-0.07,0,0,0.00
2003-08-11T04:00:00,0.71,-0.16,0.32,-0.55,-0.77,-0.01,-0.2,0.06,0.01,0,0,-2.00
2003-08-11T05:00:00,0.43,-0.14,0.69,-0.67,-1.0,0.71,-0.21,0.06,-0.03,0,0,-2.00
2003-08-11T06:00:00,0.82,-0.2,0.41,-0.45,-1.22,0.54,-0.15,0.01,-0.05,0,0,1.00
2003-08-11T07:00:00,0.7,-0.52,0.58,-0.52,-1.44,0.96,-0.16,0.2,-0.05,0,0,1.00
2003-08-11T08:00:00,0.94,-0.52,0.09,-0.39,-1.47,0.31,-0.23,0.1,-0.08,0,0,-2.00
2003-08-11T09:00:00,0.85,-0.52,0.18,-0.32,-1.61,0.37,-0.36,-0.23,-0.13,0,0,-4.00
2003-08-11T10:00:00,1.26,-0.74,0.19,-0.34,-1.9,0.9,-0.33,-0.25,-0.16,0,0,-8.00
2003-08-11T11:00:00,1.19,-0.6,0.29,-0.88,-0.7,1.22,-0.44,-0.18,-0.16,0,0,-8.00
2003-08-11T12:00:00,1.2,-0.42,-0.07,-1.01,-0.51,0.75,-0.28,-0.03,-0.13,0,0,-7.00
2003-08-11T13:00:00,1.08,-0.53,0.28,-1.15,-0.77,1.33,-0.23,0.11,-0.11,0,0,-8.00
2003-08-11T14:00:00,1.14,0.42,0.33,-1.15,0.69,1.23,-0.11,0.23,-0.08,0,0,-6.00
2003-08-11T15:00:00,1.27,0.17,0.24,-1.08,0.2,1.21,-0.14,0.03,-0.11,0,0,-8.00
2003-08-11T16:00:00,0.99,0.45,0.34,-1.14,0.37,1.26,-0.23,0.13,-0.09,0,0,-9.00
2003-08-11T17:00:00,1.12,-0.68,-0.17,-1.12,-0.93,-0.03,-0.08,0.27,-0.09,0,0,-10.00
2003-08-11T18:00:00,0.52,-0.44,0.4,-1.36,-0.62,1.29,-0.12,0.36,0.12,0,0,-12.00
2003-08-11T19:00:00,0.73,-0.33,-0.5,-1.35,-0.2,-0.42,-0.04,0.62,0.05,0,0,-14.00
2003-08-11T20:00:00,0.9,-0.87,-0.08,-1.28,-0.6,0.47,0.01,0.42,-0.04,0,0,-11.00
2003-08-11T21:00:00,1.14,-0.14,-0.26,-1.15,0.4,0.38,-0.05,0.31,-0.06,0,0,-17.00
2003-08-11T22:00:00,1.19,-0.81,-0.41,-1.13,-0.72,0.23,-0.14,0.08,-0.14,0,0,-25.00
2003-08-11T23:00:00,1.02,-0.69,0.45,-1.27,-0.45,1.52,-0.16,0.13,-0.11,0,0,-27.00
2003-08-12T00:00:00,0.91,-0.81,-0.05,-1.65,0.03,0.16,-0.04,0.48,-0.03,0,0,-23.00
2003-08-12T01:00:00,0.65,-0.96,0.11,-1.76,-0.26,0.38,-0.06,0.59,0.0,0,0,-16.00
2003-08-12T02:00:00,0.87,-0.59,-0.39,-1.67,0.16,-0.68,-0.07,0.42,-0.03,0,0,-7.00
2003-08-12T03:00:00,0.78,-0.68,-0.24,-1.73,-0.08,-0.52,-0.14,0.43,-0.02,0,0,-5.00
2003-08-12T04:00:00,0.93,-0.35,0.75,-1.66,0.55,1.36,-0.14,0.31,-0.08,0,0,-10.00
2003-08-12T05:00:00,1.02,-0.73,-0.52,-1.67,0.16,-1.25,-0.19,0.32,-0.11,0,0,-12.00
2003-08-12T06:00:00,1.03,-0.92,0.25,-1.75,-0.19,0.22,-0.22,0.47,-0.09,0,0,-11.00
2003-08-12T07:00:00,0.66,-0.65,0.52,-1.98,0.45,0.57,-0.14,0.71,0.03,0,0,-16.00
2003-08-12T08:00:00,0.94,-0.17,0.32,-1.86,0.96,-0.12,-0.13,0.62,0.05,0,0,-14.00
2003-08-12T09:00:00,1.11,-0.88,-0.05,-1.8,0.02,-0.71,-0.23,0.33,-0.11,0,0,-18.00
2003-08-12T10:00:00,1.03,0.21,0.05,-1.85,1.91,-0.58,-0.14,0.76,0.05,0,0,-18.00
2003-08-12T11:00:00,0.54,0.17,-0.34,-2.06,1.94,-1.57,-0.17,0.79,0.27,0,0,-17.00
2003-08-12T12:00:00,0.76,-0.79,0.26,-1.89,0.32,-0.38,-0.32,0.57,-0.05,0,0,-17.00
2003-08-12T13:00:00,0.81,-0.87,0.12,-1.76,-0.2,-0.69,-0.38,0.4,-0.09,0,0,-24.00
2003-08-12T14:00:00,0.81,-0.75,0.09,-1.66,0.38,-0.68,-0.39,0.18,-0.1,0,0,-21.00
2003-08-12T15:00:00,0.54,-1.02,0.47,-1.7,0.01,0.41,-0.43,0.33,-0.11,0,0,-21.00
2003-08-12T16:00:00,0.35,-1.32,-0.07,-1.79,0.04,-0.56,-0.35,0.73,-0.09,0,0,-24.00
2003-08-12T17:00:00,1.29,-1.45,0.05,-1.13,2.13,-1.36,-0.08,1.3,-0.09,0,0,-23.00
2003-08-12T18:00:00,0.68,-1.02,0.34,-1.53,1.46,-0.38,-0.24,1.01,-0.02,0,0,-21.00
2003-08-12T19:00:00,0.94,-1.08,0.1,-1.31,0.43,4.21,0.02,1.81,0.08,0,0,-19.00
2003-08-12T20:00:00,1.54,-1.06,0.5,-0.96,3.88,-0.49,0.08,1.73,-0.04,0,0,-21.00
2003-08-12T21:00:00,1.67,-0.76,0.58,-0.97,2.7,0.0,0.01,0.64,-0.11,0,0,-22.00
2003-08-12T22:00:00,0.91,-0.67,0.01,-1.16,0.19,0.25,-0.25,0.39,-0.06,0,0,-22.00
2003-08-12T23:00:00,0.03,-0.34,0.48,-1.5,0.04,1.07,-0.2,0.86,0.55,0,0,-22.00
2003-08-13T00:00:00,0.05,0.22,1.05,-1.19,3.29,0.37,0.26,1.44,0.2,0,0,-19.00
2003-08-13T01:00:00,1.09,-0.68,0.45,-0.8,3.24,0.12,0.31,1.55,0.15,0,0,-12.00
2003-08-13T02:00:00,1.35,-1.21,-0.88,-0.73,3.77,-1.6,0.5,2.93,0.06,0,0,-2.00
2003-08-13T03:00:00,2.18,-1.02,0.41,-0.9,4.31,-0.77,0.82,1.81,-0.03,0,0,3.00
2003-08-13T04:00:00,1.48,-0.11,0.67,-1.05,4.45,-1.14,0.4,1.74,0.08,0,0,0.00
2003-08-13T05:00:00,1.58,-0.74,0.08,-0.77,3.85,-1.29,0.23,1.52,0.0,0,0,-6.00
2003-08-13T06:00:00,1.32,-1.26,-0.35,-0.46,2.68,-1.67,0.12,1.67,-0.03,0,0,-6.00
2003-08-13T07:00:00,1.11,-1.01,0.27,-0.45,2.38,-1.22,0.11,1.75,0.06,0,0,-6.00
2003-08-13T08:00:00,1.07,-0.68,-0.07,-0.57,3.29,-1.94,0.04,2.3,0.23,0,0,-8.00
2003-08-13T09:00:00,0.9,-0.96,0.01,-0.4,2.02,-1.79,-0.13,2.09,0.11,0,0,-14.00
2003-08-13T10:00:00,1.08,-0.56,0.8,-0.29,2.33,-0.24,-0.22,1.65,-0.01,0,0,-18.00
2003-08-13T11:00:00,1.04,-0.45,0.47,-0.42,2.32,-0.89,-0.24,1.68,0.07,0,0,-17.00
2003-08-13T12:00:00,0.58,-0.67,-0.18,-0.56,2.23,-1.34,-0.17,2.28,0.43,0,0,-13.00
2003-08-13T13:00:00,0.86,-0.27,0.48,-0.33,2.36,-0.71,-0.24,2.62,0.34,0,0,-12.00
2003-08-13T14:00:00,0.75,-0.61,0.23,-0.25,1.08,-0.35,-0.1,2.72,0.5,0,0,-18.00
2003-08-13T15:00:00,0.72,-0.58,0.54,-0.28,1.95,-0.02,-0.15,1.93,0.22,0,0,-15.00
