2003-10-01T10:00:00,1.04,0.31,-0.08,1.95,-0.27,-0.01,1.33,-0.54,-0.15,0,0,-8.00
2003-10-01T11:00:00,1.27,-0.07,-0.1,1.9,-0.68,-0.08,1.3,-0.55,-0.16,0,0,-2.00
2003-10-01T12:00:00,1.41,-0.56,-0.22,1.82,-1.04,-0.14,1.17,-0.56,-0.18,1,0,1.00
2003-10-01T13:00:00,1.36,-0.47,-0.33,1.84,-1.03,-0.17,2.09,-0.54,-0.16,1,0,3.00
2003-10-01T14:00:00,1.18,-0.48,-0.46,1.83,-1.05,-0.43,2.52,-0.53,-0.15,1,0,2.00
2003-10-01T15:00:00,1.02,-0.49,-0.64,1.86,-0.98,-0.37,3.14,-0.55,-0.15,1,0,1.00
2003-10-01T16:00:00,0.79,-0.38,-0.88,1.85,-0.98,-0.64,3.45,-0.54,-0.15,1,0,4.00
2003-10-01T17:00:00,0.82,-0.16,-0.92,1.87,-0.92,-0.61,4.15,-0.54,-0.14,1,0,6.00
2003-10-01T18:00:00,1.33,-0.4,-0.44,1.83,-1.07,-0.27,4.69,-0.51,-0.12,1,0,10.00
2003-10-01T19:00:00,1.28,-0.25,-0.36,1.85,-1.05,-0.47,6.3,-0.51,-0.09,1,0,16.00
2003-10-01T20:00:00,1.1,-0.43,-0.68,1.8,-1.05,-0.71,7.25,-0.5,-0.07,1,0,19.00
2003-10-01T21:00:00,0.01,0.05,-1.42,1.7,-1.04,-0.59,6.51,-0.5,-0.12,1,0,6.00
2003-10-01T22:00:00,1.27,-1.11,-1.17,1.75,-1.29,-0.41,4.47,-0.53,-0.17,1,0,-14.00
2003-10-01T23:00:00,2.2,-2.43,-0.21,1.69,-1.67,-0.2,1.43,-0.51,-0.19,1,0,-38.00
2003-10-02T00:00:00,2.09,-2.59,0.08,1.64,-1.62,-0.47,-0.09,-0.5,-0.19,1,0,-36.00
2003-10-02T01:00:00,1.85,-2.67,0.33,1.62,-1.97,-0.1,0.03,-0.47,-0.19,1,0,-24.00
2003-10-02T02:00:00,2.02,-2.49,-0.09,1.62,-2.05,-0.46,0.03,-0.48,-0.19,1,0,-21.00
2003-10-02T03:00:00,1.81,-2.5,0.41,1.55,-2.39,-0.34,0.35,-0.46,-0.19,1,0,-23.00
2003-10-02T04:00:00,1.8,-2.39,0.71,1.55,-2.26,-0.27,0.09,-0.39,-0.19,1,0,-23.00
2003-10-02T05:00:00,2.11,-1.65,1.62,1.62,0.01,1.75,-0.71,-0.44,-0.19,1,0,-21.00
2003-10-02T06:00:00,2.18,-1.55,1.56,1.67,-0.12,1.13,-0.62,-0.49,-0.19,1,0,-19.00
2003-10-02T07:00:00,2.24,-1.94,1.23,1.71,-1.09,-0.02,-0.68,-0.5,-0.19,1,0,-16.00
2003-10-02T08:00:00,2.2,-1.96,1.09,1.74,-0.99,-0.79,-0.66,-0.42,-0.19,1,0,-15.00
2003-10-02T09:00:00,1.17,-0.65,2.2,1.22,0.25,1.2,-0.01,0.05,-0.17,1,0,-9.00
2003-10-02T10:00:00,2.12,-2.03,1.05,1.35,-0.37,-1.33,-0.66,-0.28,-0.19,1,0,-8.00
2003-10-02T11:00:00,1.94,-2.23,0.93,1.28,-0.61,-1.33,-0.61,-0.24,-0.19,1,0,-8.00
2003-10-02T12:00:00,1.76,-2.36,0.59,1.33,-1.03,-1.0,-0.49,-0.27,-0.19,1,0,-7.00
2003-10-02T13:00:00,1.82,-2.33,0.4,1.24,-0.27,-1.43,-0.51,-0.06,-0.19,1,0,-4.00
2003-10-02T14:00:00,2.07,-2.15,0.45,1.35,-0.82,-0.3,-0.6,0.49,-0.18,1,0,-2.00
2003-10-02T15:00:00,1.76,-2.36,-0.36,0.95,1.7,0.4,-0.34,0.0,-0.18,1,0,-1.00
2003-10-02T16:00:00,1.82,-2.35,-0.42,0.93,0.86,0.09,-0.47,-0.06,-0.18,1,0,0.00
2003-10-02T17:00:00,1.87,-2.08,-0.22,1.0,0.31,-0.45,-0.45,0.9,-0.17,1,0,-4.00
2003-10-02T18:00:00,1.76,-1.48,0.31,1.0,1.35,-0.96,-0.06,0.84,-0.13,1,0,-1.00
2003-10-02T19:00:00,1.4,-1.51,0.19,1.09,0.11,-0.83,-0.02,0.36,-0.14,1,0,1.00
2003-10-02T20:00:00,1.93,-2.22,-0.73,1.07,0.56,0.09,-0.36,-0.13,-0.18,1,0,-3.00
2003-10-02T21:00:00,1.89,-1.99,-0.77,1.0,0.29,0.16,-0.24,-0.02,-0.18,1,0,-12.00
2003-10-02T22:00:00,1.79,-1.93,0.18,0.67,0.91,-0.25,-0.12,0.56,-0.16,1,0,-12.00
2003-10-02T23:00:00,1.74,-1.76,-0.76,0.42,1.46,-0.6,-0.08,0.66,-0.15,1,0,-7.00
2003-10-03T00:00:00,1.41,-2.03,-0.48,0.29,0.98,-0.81,-0.05,0.96,-0.14,1,0,-5.00
2003-10-03T01:00:00,1.88,-1.57,-0.38,0.45,1.61,-1.26,-0.17,0.43,-0.16,1,0,-14.00
2003-10-03T02:00:00,1.68,-1.74,-0.19,0.24,0.98,-0.85,-0.17,0.6,-0.15,1,0,-24.00
2003-10-03T03:00:00,1.43,-1.65,-0.23,0.22,0.96,-0.32,-0.14,0.77,-0.14,1,0,-29.00
2003-10-03T04:00:00,1.28,-0.48,-1.17,0.35,1.67,-1.18,-0.16,0.74,-0.13,1,0,-27.00
2003-10-03T05:00:00,1.57,-0.85,-0.31,0.22,1.49,-0.69,-0.1,0.61,-0.12,1,0,-27.00
2003-10-03T06:00:00,1.6,0.1,-0.73,0.14,2.82,-1.51,-0.06,0.5,-0.12,1,0,-33.00
2003-10-03T07:00:00,1.55,-0.48,-0.25,0.12,1.69,-0.75,-0.03,0.25,-0.12,1,0,-28.00
2003-10-03T08:00:00,1.43,-1.05,0.18,0.13,1.16,-0.61,-0.11,0.26,-0.14,1,0,-23.00
2003-10-03T09:00:00,1.57,-1.07,0.29,0.23,0.8,-1.57,-0.21,0.1,-0.16,1,0,-24.00
2003-10-03T10:00:00,1.0,-0.51,1.54,0.01,1.82,0.63,-0.33,0.12,-0.17,1,0,-26.00
2003-10-03T11:00:00,0.63,-0.16,1.61,0.03,1.34,0.9,-0.08,0.37,-0.14,1,0,-24.00
2003-10-03T12:00:00,0.44,-0.31,1.05,-0.08,1.17,-0.1,0.07,0.41,-0.04,1,0,-18.00
2003-10-03T13:00:00,1.02,-0.44,0.93,0.1,1.05,0.2,0.14,0.31,-0.09,1,0,-13.00
2003-10-03T14:00:00,0.38,-0.66,0.95,-0.16,0.69,0.51,0.08,0.33,-0.06,1,0,-15.00
2003-10-03T15:00:00,0.72,-0.86,0.27,0.0,0.23,-0.55,-0.02,0.07,-0.07,1,0,-15.00
2003-10-03T16:00:00,0.62,-0.78,0.43,0.02,0.34,-0.2,-0.03,-0.04,-0.08,1,0,-14.00
2003-10-03T17:00:00,0.54,-1.04,-0.26,0.02,-0.33,-1.93,-0.03,-0.01,-0.1,1,0,-12.00
2003-10-03T18:00:00,0.58,-0.64,0.54,0.03,0.14,-0.06,0.02,0.03,-0.05,1,0,-15.00
2003-10-03T19:00:00,0.56,-0.25,0.75,0.07,0.62,0.46,-0.02,0.09,-0.04,0,0,-16.00
2003-10-03T20:00:00,0.4,-0.51,0.87,-0.01,0.35,0.75,-0.01,0.03,-0.08,0,0,-9.00
2003-10-03T21:00:00,0.84,-0.75,0.1,0.18,-0.05,-0.45,0.01,-0.02,-0.08,0,0,-5.00
2003-10-03T22:00:00,0.7,-0.68,0.29,0.12,0.1,-0.01,0.06,0.03,-0.04,0,0,-4.00
2003-10-03T23:00:00,0.54,-0.42,0.47,0.05,0.23,0.11,0.07,0.03,0.04,0,0,-5.00
2003-10-04T00:00:00,0.34,-0.03,0.42,-0.07,0.59,0.21,0.02,0.05,0.35,0,0,-1.00
2003-10-04T01:00:00,0.48,-0.62,0.45,-0.01,-0.28,0.35,0.03,0.09,0.01,0,0,-2.00
2003-10-04T02:00:00,0.46,-0.77,0.27,-0.01,-0.58,-0.02,-0.06,0.05,-0.03,0,0,-7.00
2003-10-04T03:00:00,0.21,-0.81,0.51,-0.11,-0.32,0.44,-0.17,0.1,-0.06,0,0,-8.00
2003-10-04T04:00:00,0.77,-0.6,0.14,0.14,-0.08,0.02,-0.19,-0.0,-0.07,0,0,-8.00
2003-10-04T05:00:00,0.31,-0.57,-0.53,-0.05,-0.08,-1.26,-0.25,0.01,-0.08,0,0,-7.00
2003-10-04T06:00:00,-0.1,-0.79,0.31,-0.14,-0.44,0.21,-0.29,0.03,-0.04,0,0,-9.00
2003-10-04T07:00:00,0.45,-0.35,0.41,0.04,-0.01,0.23,-0.26,0.14,0.08,0,0,-12.00
2003-10-04T08:00:00,0.45,-0.4,0.44,0.04,-0.05,0.33,-0.26,0.13,0.04,0,0,-8.00
2003-10-04T09:00:00,0.14,-0.47,0.42,-0.06,-0.09,0.45,-0.31,0.1,0.08,0,0,-5.00
2003-10-04T10:00:00,0.52,-0.51,0.2,0.12,-0.31,0.01,-0.34,0.03,-0.01,0,0,-6.00
2003-10-04T11:00:00,0.46,-0.5,0.03,0.02,-0.04,-0.31,-0.25,0.04,0.05,0,0,-6.00
2003-10-04T12:00:00,0.31,-0.61,0.0,-0.04,-0.04,-0.52,-0.27,-0.09,0.0,0,0,-5.00
2003-10-04T13:00:00,0.06,-0.56,0.5,-0.08,0.02,-0.0,-0.37,-0.25,-0.1,0,0,-5.00
2003-10-04T14:00:00,-0.13,-0.49,0.36,-0.07,-0.03,-0.21,-0.36,-0.23,-0.04,0,0,-4.00
2003-10-04T15:00:00,0.11,-0.46,0.59,0.02,-0.04,0.05,-0.42,-0.29,-0.12,0,0,-2.00
2003-10-04T16:00:00,0.15,-0.37,0.43,0.05,-0.02,-0.24,-0.39,-0.19,-0.01,0,0,-1.00
2003-10-04T17:00:00,-0.0,-0.28,0.28,0.07,-0.13,0.05,-0.36,-0.11,0.38,0,0,0.00
2003-10-04T18:00:00,0.41,-0.41,0.35,0.25,-0.52,0.41,-0.42,-0.19,-0.06,0,0,1.00
2003-10-04T19:00:00,0.41,-0.5,0.37,0.36,-0.77,0.69,-0.4,-0.24,-0.09,0,0,0.00
2003-10-04T20:00:00,0.33,-0.61,0.39,0.4,-0.84,0.82,-0.41,-0.32,-0.12,0,0,0.00
2003-10-04T21:00:00,0.61,-0.4,0.29,0.6,-0.62,0.75,-0.32,-0.3,-0.11,0,0,0.00
2003-10-04T22:00:00,0.66,-0.41,0.24,0.68,-0.6,0.67,-0.36,-0.32,-0.12,0,0,1.00
2003-10-04T23:00:00,0.53,-0.64,0.08,0.61,-0.83,0.49,-0.34,-0.28,-0.12,0,0,0.00
2003-10-05T00:00:00,0.68,-0.57,0.21,0.7,-0.87,0.54,-0.31,-0.23,-0.11,0,0,1.00
2003-10-05T01:00:00,0.73,-0.47,0.04,0.72,-0.75,0.28,-0.29,-0.21,-0.1,0,0,-1.00
2003-10-05T02:00:00,0.69,-0.49,0.14,0.72,-0.86,0.48,-0.34,-0.19,-0.1,0,0,-4.00
2003-10-05T03:00:00,0.73,-0.45,-0.03,0.7,-1.17,0.15,-0.41,-0.11,-0.1,0,0,-4.00
2003-10-05T04:00:00,0.78,-0.42,0.07,0.49,-0.19,0.67,-0.48,-0.2,-0.12,0,0,-4.00
2003-10-05T05:00:00,0.72,-0.38,0.16,0.58,-0.67,0.82,-0.47,-0.33,-0.14,0,0,-3.00
2003-10-05T06:00:00,0.57,-0.42,0.2,0.85,-0.67,0.75,-0.14,-0.28,-0.06,0,0,-1.00
2003-10-05T07:00:00,0.38,-0.44,0.27,0.83,-0.54,0.92,-0.12,-0.39,-0.07,0,0,1.00
2003-10-05T08:00:00,0.14,-0.3,0.49,0.83,-0.6,1.14,0.05,-0.5,-0.1,0,0,2.00
2003-10-05T09:00:00,0.26,-0.57,0.28,0.86,-0.8,1.01,0.06,-0.48,-0.11,0,0,4.00
2003-10-05T10:00:00,0.45,-0.51,0.35,0.89,-0.69,1.13,0.06,-0.48,-0.13,0,0,6.00
2003-10-05T11:00:00,0.49,-0.67,0.3,0.91,-0.9,1.16,0.15,-0.5,-0.14,0,0,7.00
2003-10-05T12:00:00,0.64,-0.64,0.27,1.0,-0.98,1.22,0.28,-0.49,-0.14,0,0,8.00
2003-10-05T13:00:00,0.81,-0.36,0.48,0.99,-0.79,1.49,0.36,-0.44,-0.13,1,0,5.00
2003-10-05T14:00:00,0.65,-0.66,0.57,0.99,-0.98,1.81,0.69,-0.52,-0.15,1,0,1.00
2003-10-05T15:00:00,0.65,-0.73,0.62,1.01,-1.13,1.97,0.91,-0.54,-0.16,1,0,3.00
2003-10-05T16:00:00,1.07,-0.61,0.76,1.09,-1.22,2.2,0.78,-0.54,-0.17,1,0,7.00
2003-10-05T17:00:00,0.45,-1.32,0.1,1.1,-1.77,2.21,2.52,-0.58,-0.17,1,0,9.00
2003-10-05T18:00:00,1.06,-1.08,0.73,0.86,-1.52,1.38,2.59,-0.5,-0.15,1,0,19.00
2003-10-05T19:00:00,0.69,-0.91,1.03,0.65,-1.31,1.03,2.82,-0.41,-0.12,1,0,24.00
2003-10-05T20:00:00,1.12,-0.3,-0.44,0.76,-1.06,-0.26,3.22,-0.38,-0.05,1,0,31.00
2003-10-05T21:00:00,1.32,-1.22,-0.32,0.62,-0.86,-0.15,1.84,-0.17,-0.11,1,0,25.00
2003-10-05T22:00:00,1.55,-1.0,-0.59,0.51,-0.75,-0.29,1.72,-0.02,-0.1,1,0,15.00
2003-10-05T23:00:00,1.13,-1.58,0.77,0.26,-0.27,-0.57,1.14,0.07,-0.12,1,0,1.00
2003-10-06T00:00:00,1.23,-1.46,0.67,0.25,0.46,-1.37,0.69,0.08,-0.13,1,0,-1.00
2003-10-06T01:00:00,0.22,-1.54,0.8,0.27,0.64,-1.47,0.5,0.21,-0.11,1,0,2.00
2003-10-06T02:00:00,0.64,-1.3,0.71,0.4,0.33,-0.84,0.6,-0.0,-0.11,1,0,0.00
2003-10-06T03:00:00,-0.08,-0.99,0.5,0.37,-0.04,-0.18,0.85,-0.09,-0.02,1,0,0.00
2003-10-06T04:00:00,0.11,-0.96,0.58,0.39,-0.81,0.5,0.92,-0.11,-0.02,0,0,-1.00
2003-10-06T05:00:00,0.78,-1.01,0.63,0.55,-0.51,0.44,0.99,-0.14,-0.09,0,0,0.00
2003-10-06T06:00:00,1.27,-0.89,0.52,0.59,-0.49,0.54,1.09,-0.26,-0.13,0,0,3.00
2003-10-06T07:00:00,1.29,-0.59,0.69,0.59,-0.53,0.7,1.25,-0.25,-0.11,0,0,8.00
2003-10-06T08:00:00,1.34,-0.75,0.75,0.68,-0.48,0.98,0.95,-0.39,-0.16,0,0,11.00
2003-10-06T09:00:00,1.45,-0.35,0.66,0.79,-0.4,1.08,1.24,-0.4,-0.15,1,0,10.00
2003-10-06T10:00:00,1.38,-0.18,0.45,0.88,-0.48,1.14,1.9,-0.29,-0.09,1,0,15.00
2003-10-06T11:00:00,1.22,-0.15,0.99,0.71,-0.02,1.77,1.55,-0.35,-0.13,1,0,16.00
2003-10-06T12:00:00,1.04,-0.54,0.87,0.36,0.14,0.65,1.11,0.09,-0.04,1,0,19.00
2003-10-06T13:00:00,0.44,-1.34,0.37,0.32,0.07,0.39,1.17,0.21,-0.0,1,0,20.00
2003-10-06T14:00:00,1.53,-0.32,0.66,-0.27,0.93,-0.6,0.27,0.92,-0.04,1,0,16.00
2003-10-06T15:00:00,1.6,-0.99,0.48,-0.45,1.02,-0.76,0.14,0.16,-0.14,1,0,8.00
2003-10-06T16:00:00,1.77,-0.99,0.6,-0.4,1.14,-0.9,0.18,0.04,-0.15,1,0,7.00
2003-10-06T17:00:00,1.68,-0.98,0.07,-0.43,0.82,-1.08,0.15,0.09,-0.14,1,0,6.00
2003-10-06T18:00:00,1.56,-1.2,0.14,-0.54,0.82,-0.44,0.02,0.12,-0.15,1,0,8.00
2003-10-06T19:00:00,0.56,-1.43,0.16,-1.11,1.21,-0.72,0.02,0.71,-0.07,1,0,5.00
2003-10-06T20:00:00,0.85,-1.54,0.62,-0.99,1.65,-0.41,0.1,1.29,-0.06,1,0,5.00
2003-10-06T21:00:00,0.86,-1.19,0.42,-1.08,1.76,-0.39,-0.02,1.12,-0.03,1,0,-4.00
2003-10-06T22:00:00,0.92,-0.69,0.67,-1.25,2.7,-1.09,0.02,0.99,0.01,1,0,-4.00
2003-10-06T23:00:00,0.84,-1.11,-0.14,-1.33,1.86,-2.11,0.05,1.03,0.0,1,0,-2.00
2003-10-07T00:00:00,0.98,-1.01,-0.36,-1.12,1.95,-2.46,0.04,0.67,-0.06,1,0,-1.00
2003-10-07T01:00:00,1.1,-0.78,0.1,-1.06,1.3,-1.95,0.1,0.57,-0.03,1,0,-15.00
2003-10-07T02:00:00,1.25,-0.44,0.31,-1.14,-1.44,-3.4,1.19,0.04,-0.01,0,0,-15.00
2003-10-07T03:00:00,1.08,-0.45,0.42,-0.97,0.53,-1.31,-0.09,0.12,-0.09,0,0,-20.00
2003-10-07T04:00:00,0.7,-0.39,0.58,-0.83,0.33,-0.42,0.05,0.36,0.04,0,0,-17.00
2003-10-07T05:00:00,0.48,-0.11,0.59,-0.79,0.34,-0.29,0.14,0.37,0.21,0,0,-12.00
2003-10-07T06:00:00,0.92,-0.05,0.16,-0.63,0.5,-0.83,0.13,0.26,0.07,0,0,-8.00
2003-10-07T07:00:00,0.83,0.24,0.27,-0.68,0.81,-0.46,0.0,0.18,0.03,0,0,-5.00
2003-10-07T08:00:00,0.6,0.01,0.44,-0.7,0.53,0.02,-0.05,0.07,0.08,0,0,-8.00
2003-10-07T09:00:00,0.83,0.03,0.19,-0.64,0.48,-0.49,-0.01,0.04,0.02,0,0,-11.00
2003-10-07T10:00:00,0.81,-0.37,-0.03,-0.61,-0.07,-0.51,-0.06,-0.05,-0.04,0,0,-7.00
2003-10-07T11:00:00,0.74,-0.15,-0.04,-0.61,0.15,-0.46,-0.08,-0.06,0.01,0,0,-9.00
2003-10-07T12:00:00,0.87,-0.05,0.11,-0.57,0.26,0.05,-0.0,-0.19,-0.06,0,0,-7.00
2003-10-07T13:00:00,0.59,-0.45,0.01,-0.61,-0.25,-0.2,-0.14,-0.12,-0.01,0,0,-5.00
2003-10-07T14:00:00,0.5,0.17,0.23,-0.63,0.54,0.14,-0.13,-0.03,0.19,0,0,-5.00
2003-10-07T15:00:00,0.77,0.12,0.25,-0.46,0.36,0.44,-0.23,-0.13,-0.06,0,0,-9.00
2003-10-07T16:00:00,0.45,0.48,0.1,-0.54,0.96,0.15,-0.3,-0.04,0.01,0,0,-10.00
2003-10-07T17:00:00,0.47,-0.68,-0.08,-0.5,-0.64,-0.03,-0.22,0.05,-0.02,0,0,-8.00
2003-10-07T18:00:00,0.75,0.37,0.14,-0.4,0.84,0.3,-0.26,0.02,-0.04,0,0,-7.00
2003-10-07T19:00:00,0.64,0.51,0.14,-0.52,1.14,0.25,-0.26,0.13,-0.01,0,0,-5.00
2003-10-07T20:00:00,0.83,-0.01,0.08,-0.45,0.49,0.33,-0.22,0.07,-0.01,0,0,-3.00
2003-10-07T21:00:00,0.55,0.08,-0.03,-0.56,0.66,0.01,-0.26,0.11,0.2,0,0,-6.00
2003-10-07T22:00:00,0.5,-0.07,-0.07,-0.58,0.1,0.0,-0.22,0.13,0.29,0,0,-9.00
2003-10-07T23:00:00,0.59,-0.44,0.22,-0.54,-0.38,0.35,-0.2,0.09,0.04,0,0,-7.00
2003-10-08T00:00:00,0.54,-0.2,0.48,-0.57,-0.21,0.86,-0.19,0.06,0.03,0,0,-5.00
2003-10-08T01:00:00,0.19,-0.03,0.58,-0.69,0.18,1.0,-0.21,0.1,0.12,0,0,-5.00
2003-10-08T02:00:00,0.29,-0.2,0.44,-0.59,-0.27,0.62,-0.18,0.06,0.2,0,0,-2.00
2003-10-08T03:00:00,0.84,-0.49,0.18,-0.27,-0.75,0.43,-0.18,-0.14,-0.1,0,0,-2.00
2003-10-08T04:00:00,0.95,-0.3,0.2,-0.17,-0.37,0.54,-0.2,-0.24,-0.12,0,0,-3.00
2003-10-08T05:00:00,0.73,-0.28,0.4,-0.3,-0.31,0.79,-0.07,-0.09,-0.04,0,0,-3.00
2003-10-08T06:00:00,0.7,-0.32,0.55,-0.31,-0.07,1.02,-0.16,-0.06,-0.07,0,0,2.00
2003-10-08T07:00:00,0.34,-0.92,0.26,-0.52,-0.91,0.58,-0.13,0.09,-0.05,0,0,4.00
2003-10-08T08:00:00,0.6,-0.67,-0.05,-0.45,-0.52,0.18,-0.17,0.29,0.01,0,0,6.00
2003-10-08T09:00:00,0.96,-0.84,0.19,-0.79,-0.29,-0.67,-0.55,0.43,-0.13,0,0,5.00
2003-10-08T10:00:00,1.01,-0.53,0.45,-0.8,0.38,-0.0,-0.6,0.39,-0.13,0,0,1.00
2003-10-08T11:00:00,0.84,-0.27,0.53,-0.98,0.9,0.26,-0.59,0.59,-0.09,0,0,0.00
2003-10-08T12:00:00,0.86,-0.18,0.7,-1.08,0.9,0.75,-0.63,0.59,-0.11,0,0,2.00
2003-10-08T13:00:00,0.77,-0.72,0.39,-1.1,-0.17,-0.31,-0.63,0.7,-0.1,0,0,1.00
2003-10-08T14:00:00,0.59,-0.64,0.52,-1.28,0.16,-0.17,-0.63,0.9,-0.07,0,0,1.00
2003-10-08T15:00:00,0.63,-0.45,0.78,-1.2,0.91,0.97,-0.67,0.62,-0.12,0,0,1.00
2003-10-08T16:00:00,0.63,-0.66,0.65,-1.18,0.39,0.77,-0.66,0.6,-0.12,0,0,0.00
2003-10-08T17:00:00,0.44,-0.75,0.5,-1.32,0.29,0.35,-0.63,0.56,-0.09,0,0,0.00
2003-10-08T18:00:00,0.54,-0.64,0.46,-1.23,0.41,0.42,-0.6,0.47,-0.08,0,0,3.00
2003-10-08T19:00:00,0.87,-0.5,0.23,-0.94,0.62,0.08,-0.64,0.01,-0.14,0,0,4.00
2003-10-08T20:00:00,0.78,-0.59,-0.07,-1.0,0.22,-0.74,-0.65,0.12,-0.13,0,0,1.00
2003-10-08T21:00:00,0.67,-0.46,0.07,-1.0,0.26,-0.36,-0.67,0.2,-0.1,0,0,-1.00
2003-10-08T22:00:00,0.64,-0.57,0.2,-1.03,-0.07,0.03,-0.68,0.2,-0.11,0,0,-2.00
2003-10-08T23:00:00,0.77,-0.18,-0.25,-0.95,0.77,-1.46,-0.64,0.23,-0.1,0,0,2.00
2003-10-09T00:00:00,0.73,-0.06,-0.39,-0.94,0.99,-2.19,-0.66,0.3,-0.11,0,0,1.00
2003-10-09T01:00:00,0.54,-0.28,0.27,-1.06,0.43,-0.18,-0.65,0.38,0.0,0,0,-6.00
2003-10-09T02:00:00,0.21,0.39,0.22,-1.29,2.05,-0.38,-0.66,0.44,0.14,0,0,-12.00
2003-10-09T03:00:00,0.05,-0.62,0.42,-1.35,-0.49,0.13,-0.64,0.59,-0.02,0,0,-10.00
2003-10-09T04:00:00,0.43,-0.53,0.34,-1.05,-0.35,-0.2,-0.63,0.59,-0.01,0,0,-6.00
2003-10-09T05:00:00,0.17,-0.83,0.13,-1.19,-1.07,-0.96,-0.63,0.59,-0.05,0,0,-5.00
2003-10-09T06:00:00,-0.01,-0.66,0.41,-1.29,-0.84,-0.05,-0.64,0.57,-0.03,0,0,-3.00
2003-10-09T07:00:00,0.34,0.03,0.41,-1.06,0.6,-0.23,-0.62,0.59,0.17,0,0,-2.00
2003-10-09T08:00:00,0.13,-0.71,0.24,-1.09,-0.69,-0.59,-0.64,0.59,-0.01,0,0,0.00
2003-10-09T09:00:00,0.25,0.1,0.36,-1.0,1.03,-0.51,-0.67,0.67,0.29,0,0,1.00
2003-10-09T10:00:00,0.29,-0.02,0.72,-0.99,0.64,0.49,0.13,0.48,0.22,0,0,1.00
2003-10-09T11:00:00,0.13,-0.27,0.58,-0.99,0.05,-0.15,-0.74,0.49,-0.05,0,0,0.00
2003-10-09T12:00:00,0.27,-0.35,0.64,-0.87,-0.1,0.28,-0.75,0.25,-0.11,0,0,1.00
2003-10-09T13:00:00,0.15,-0.35,0.62,-0.86,-0.08,0.52,-0.78,0.21,-0.12,0,0,-1.00
2003-10-09T14:00:00,0.29,-0.35,0.53,-0.74,-0.1,0.42,-0.78,0.02,-0.13,0,0,-2.00
2003-10-09T15:00:00,0.0,-0.67,0.63,-0.86,-0.81,0.89,-0.78,0.06,-0.15,0,0,-3.00
2003-10-09T16:00:00,0.62,-0.13,0.3,-0.44,0.54,-0.39,-0.75,0.14,-0.09,0,0,-1.00
2003-10-09T17:00:00,0.12,-0.55,0.47,-0.75,-0.52,0.36,-0.72,0.19,-0.09,0,0,1.00
2003-10-09T18:00:00,0.44,-0.39,0.28,-0.49,-0.11,0.21,-0.75,0.09,-0.09,0,0,3.00
2003-10-09T19:00:00,0.01,-0.83,0.37,-0.69,-1.16,0.34,-0.8,0.32,-0.14,0,0,-1.00
2003-10-09T20:00:00,0.64,-0.32,0.39,-0.18,0.0,0.61,-0.74,0.36,-0.1,0,0,-4.00
2003-10-09T21:00:00,0.84,0.16,0.29,-0.27,0.61,-0.09,-0.62,-0.01,-0.12,0,0,-4.00
2003-10-09T22:00:00,0.94,0.03,0.35,-0.17,0.61,0.06,-0.63,-0.08,-0.14,0,0,2.00
2003-10-09T23:00:00,1.0,-0.0,0.22,-0.04,0.33,-0.17,-0.68,-0.22,-0.16,0,0,4.00
2003-10-10T00:00:00,1.06,-0.11,0.33,0.06,0.26,-0.4,-0.66,-0.32,-0.17,0,0,3.00
2003-10-10T01:00:00,0.86,-0.37,0.34,0.02,-0.2,-0.08,-0.71,-0.26,-0.17,0,0,3.00
2003-10-10T02:00:00,0.87,-0.46,0.15,0.02,-0.25,-0.48,-0.71,-0.26,-0.17,0,0,2.00
2003-10-10T03:00:00,0.69,-0.45,0.35,-0.03,-0.49,0.22,-0.73,-0.22,-0.16,0,0,0.00
2003-10-10T04:00:00,0.68,-0.33,0.5,0.08,-0.3,0.43,-0.72,-0.27,-0.16,0,0,1.00
2003-10-10T05:00:00,0.56,-0.13,0.66,0.07,-0.06,0.96,-0.72,-0.31,-0.17,0,0,1.00
2003-10-10T06:00:00,0.46,-0.25,0.72,0.14,-0.44,1.01,-0.72,-0.31,-0.17,0,0,3.00
2003-10-10T07:00:00,0.57,-0.48,0.57,0.26,-0.75,0.64,-0.72,-0.3,-0.17,0,0,5.00
2003-10-10T08:00:00,0.27,-0.46,0.71,0.1,-0.75,1.11,-0.73,-0.32,-0.17,0,0,4.00
2003-10-10T09:00:00,0.29,-0.45,0.67,0.11,-1.0,1.0,-0.73,-0.4,-0.17,0,0,4.00
2003-10-10T10:00:00,0.68,-0.47,0.38,0.42,-1.16,0.32,-0.75,-0.37,-0.17,0,0,6.00
2003-10-10T11:00:00,0.76,-0.26,0.29,0.52,-0.66,-0.1,-0.77,-0.36,-0.17,0,0,7.00
2003-10-10T12:00:00,0.45,-0.41,0.62,0.32,-0.99,1.0,-0.74,-0.43,-0.18,0,0,5.00
2003-10-10T13:00:00,0.47,-0.23,0.68,0.33,-0.61,1.17,-0.73,-0.39,-0.17,0,0,1.00
2003-10-10T14:00:00,0.45,-0.68,0.34,0.34,-1.6,0.1,-0.7,-0.42,-0.17,0,0,-1.00
2003-10-10T15:00:00,0.52,-0.64,0.42,0.42,-1.45,0.35,-0.71,-0.38,-0.17,0,0,-1.00
2003-10-10T16:00:00,0.55,-0.61,0.46,0.43,-1.24,0.69,-0.7,-0.35,-0.17,0,0,0.00
2003-10-10T17:00:00,0.65,-0.24,0.45,0.48,-0.28,0.77,-0.7,-0.27,-0.15,0,0,1.00
2003-10-10T18:00:00,0.52,-0.47,0.52,0.42,-0.58,1.06,-0.68,-0.32,-0.16,0,0,3.00
2003-10-10T19:00:00,0.18,-0.96,0.17,0.24,-1.59,-0.05,-0.66,-0.38,-0.17,0,0,3.00
2003-10-10T20:00:00,-0.04,-0.94,0.13,0.1,-1.55,-0.12,-0.68,-0.38,-0.17,0,0,3.00
2003-10-10T21:00:00,0.06,-0.94,-0.23,0.2,-1.36,-1.04,-0.72,-0.36,-0.17,0,0,2.00
2003-10-10T22:00:00,0.08,-0.92,-0.23,0.23,-1.21,-0.86,-0.77,-0.3,-0.17,0,0,0.00
2003-10-10T23:00:00,0.41,-0.87,-0.03,0.44,-1.13,-0.29,-0.76,-0.12,-0.16,0,0,-3.00
2003-10-11T00:00:00,0.53,-0.8,0.07,0.54,-1.11,-0.17,-0.75,-0.08,-0.16,0,0,-5.00
2003-10-11T01:00:00,0.78,-0.48,0.14,0.75,-0.78,0.28,-0.73,-0.11,-0.15,0,0,-6.00
2003-10-11T02:00:00,0.75,-0.38,0.34,0.73,-0.42,0.46,-0.68,-0.21,-0.15,0,0,-4.00
2003-10-11T03:00:00,0.67,-0.53,0.41,0.67,-0.61,0.88,-0.74,-0.09,-0.15,0,0,1.00
2003-10-11T04:00:00,0.62,-0.71,0.23,0.65,-0.98,0.47,-0.75,-0.08,-0.16,0,0,4.00
2003-10-11T05:00:00,0.59,-0.75,-0.01,0.63,-1.21,-0.53,-0.76,-0.03,-0.15,0,0,4.00
2003-10-11T06:00:00,0.66,-0.71,0.02,0.69,-1.2,-0.41,-0.73,-0.06,-0.15,0,0,3.00
2003-10-11T07:00:00,0.81,-0.54,0.09,0.85,-0.81,0.0,-0.74,-0.08,-0.16,0,0,2.00
2003-10-11T08:00:00,0.74,-0.61,0.16,0.81,-0.89,0.15,-0.72,-0.11,-0.15,0,0,2.00
2003-10-11T09:00:00,0.72,-0.5,0.28,0.76,-1.03,0.36,-0.7,0.05,-0.13,0,0,2.00
2003-10-11T10:00:00,0.87,-0.24,0.3,0.9,-0.57,1.54,-0.67,0.07,-0.13,0,0,5.00
2003-10-11T11:00:00,0.87,-0.15,0.39,0.86,-0.4,0.3,-0.66,-0.16,-0.15,0,0,6.00
2003-10-11T12:00:00,0.74,-0.55,0.28,0.83,-0.91,0.01,-0.68,-0.33,-0.17,0,0,4.00
2003-10-11T13:00:00,0.8,-0.55,0.09,0.88,-0.76,-0.34,-0.68,-0.29,-0.16,0,0,4.00
2003-10-11T14:00:00,0.6,-0.7,0.27,0.82,-0.99,0.16,-0.67,-0.36,-0.17,0,0,4.00
2003-10-11T15:00:00,0.7,-0.61,0.26,0.86,-0.8,0.19,-0.67,-0.35,-0.17,0,0,3.00
2003-10-11T16:00:00,0.74,-0.62,0.16,0.89,-0.77,-0.02,-0.66,-0.36,-0.17,0,0,3.00
2003-10-11T17:00:00,0.83,-0.5,0.11,0.98,-0.63,-0.04,-0.66,-0.23,-0.16,0,0,2.00
2003-10-11T18:00:00,0.86,-0.45,0.03,1.0,-0.44,-0.3,-0.64,-0.24,-0.16,0,0,2.00
2003-10-11T19:00:00,0.78,-0.55,-0.02,0.98,-0.68,-0.31,-0.64,-0.34,-0.16,0,0,3.00
2003-10-11T20:00:00,0.81,-0.49,0.08,0.97,-0.5,-0.04,-0.6,-0.16,-0.14,0,0,4.00
2003-10-11T21:00:00,0.79,-0.52,0.04,0.95,-0.37,-0.08,-0.56,-0.11,-0.13,0,0,4.00
2003-10-11T22:00:00,0.44,-0.71,-0.23,0.99,-0.58,-0.09,-0.56,-0.37,-0.16,0,0,5.00
2003-10-11T23:00:00,0.66,-0.53,-0.07,1.04,-0.62,-0.03,-0.54,-0.32,-0.15,0,0,6.00
2003-10-12T00:00:00,0.87,-0.23,0.33,1.04,-0.49,0.26,-0.53,-0.33,-0.15,0,0,5.00
2003-10-12T01:00:00,0.84,-0.36,0.3,1.03,-0.64,0.28,-0.52,-0.33,-0.15,0,0,2.00
2003-10-12T02:00:00,0.79,-0.43,0.3,1.01,-0.84,0.1,-0.49,-0.33,-0.15,0,0,3.00
2003-10-12T03:00:00,0.77,-0.27,0.32,1.04,-0.78,0.29,-0.45,-0.34,-0.14,0,0,6.00
2003-10-12T04:00:00,0.85,-0.24,0.32,1.12,-1.12,0.2,-0.45,-0.34,-0.15,0,0,6.00
2003-10-12T05:00:00,0.65,0.12,0.3,1.07,-0.48,0.24,-0.34,-0.36,-0.11,0,0,6.00
2003-10-12T06:00:00,0.76,0.4,0.05,1.12,0.18,-0.28,-0.18,-0.34,-0.12,0,0,9.00
2003-10-12T07:00:00,0.92,-0.0,0.04,1.21,-0.42,-0.15,-0.18,-0.35,-0.13,0,0,11.00
2003-10-12T08:00:00,0.97,-0.11,-0.13,1.2,-0.58,-0.26,-0.22,-0.33,-0.14,0,0,8.00
2003-10-12T09:00:00,1.05,-0.32,-0.09,1.23,-0.69,-0.22,-0.2,-0.33,-0.15,0,0,6.00
2003-10-12T10:00:00,1.08,-0.43,-0.1,1.14,-0.81,-0.0,-0.24,-0.37,-0.16,0,0,6.00
2003-10-12T11:00:00,0.93,-0.72,0.18,1.07,-0.89,0.09,-0.13,-0.52,-0.18,0,0,5.00
2003-10-12T12:00:00,0.82,-0.25,-0.08,1.0,-0.56,0.05,0.75,-0.57,-0.16,0,0,5.00
2003-10-12T13:00:00,0.8,-0.24,-0.07,1.07,-0.58,-0.02,0.93,-0.58,-0.16,0,0,9.00
2003-10-12T14:00:00,0.74,-0.39,-0.0,1.12,-0.51,-0.15,0.86,-0.55,-0.14,0,0,12.00
2003-10-12T15:00:00,0.83,-0.12,-0.27,1.29,-0.81,-0.11,0.72,-0.55,-0.15,0,0,12.00
2003-10-12T16:00:00,0.82,-0.04,-0.2,1.35,-1.0,-0.1,0.77,-0.57,-0.15,0,0,10.00
2003-10-12T17:00:00,0.5,0.07,-0.21,1.51,-1.12,0.0,1.5,-0.58,-0.1,0,0,11.00
2003-10-12T18:00:00,0.33,0.01,-0.05,1.52,-1.12,-0.07,1.93,-0.58,0.09,0,0,8.00
2003-10-12T19:00:00,0.38,0.11,-0.1,1.54,-1.14,-0.11,1.69,-0.58,-0.0,0,0,10.00
2003-10-12T20:00:00,0.57,0.44,-0.29,1.5,-0.88,-0.05,0.84,-0.56,-0.15,0,0,8.00
2003-10-12T21:00:00,0.42,0.3,-0.13,1.54,-0.83,-0.26,0.91,-0.54,-0.07,0,0,4.00
2003-10-12T22:00:00,0.59,0.24,-0.23,1.47,-0.85,-0.18,1.09,-0.57,-0.13,0,0,3.00
2003-10-12T23:00:00,0.52,0.28,-0.24,1.39,-0.97,-0.1,1.41,-0.57,-0.11,0,0,3.00
2003-10-13T00:00:00,0.58,0.42,-0.32,1.41,-0.83,-0.16,1.93,-0.58,-0.14,0,0,7.00
2003-10-13T01:00:00,0.0,0.75,-0.47,1.28,-1.06,0.04,3.2,-0.58,-0.13,0,0,8.00
2003-10-13T02:00:00,-0.26,0.78,-0.27,1.26,-0.96,0.35,3.07,-0.56,-0.11,0,0,13.00
2003-10-13T03:00:00,-0.05,0.37,-0.35,1.28,-1.01,0.48,2.7,-0.55,-0.02,0,0,10.00
2003-10-13T04:00:00,0.3,-0.24,-0.3,1.31,-1.05,0.76,2.47,-0.55,0.02,0,0,7.00
2003-10-13T05:00:00,0.15,-0.01,-0.29,1.33,-1.0,0.77,3.02,-0.57,0.12,0,0,5.00
2003-10-13T06:00:00,0.17,-0.0,-0.14,1.39,-0.99,0.77,3.04,-0.56,0.58,0,0,8.00
2003-10-13T07:00:00,0.44,0.05,0.02,1.41,-0.83,0.89,3.36,-0.55,0.24,0,0,8.00
2003-10-13T08:00:00,0.5,-0.27,0.08,1.31,-1.29,1.15,6.08,-0.53,0.34,0,0,8.00
2003-10-13T09:00:00,-0.09,-0.42,-0.31,1.24,-1.08,1.09,4.59,-0.51,0.21,0,0,18.00
2003-10-13T10:00:00,-0.83,0.72,-0.25,1.33,-1.18,1.07,4.64,-0.51,-0.08,0,0,20.00
2003-10-13T11:00:00,-0.59,0.71,0.26,1.32,-1.13,0.96,5.23,-0.51,-0.02,0,0,18.00
2003-10-13T12:00:00,-0.54,0.77,0.54,1.25,-0.93,0.96,5.32,-0.46,0.01,0,0,17.00
2003-10-13T13:00:00,-1.46,0.79,-0.47,1.14,-0.15,1.3,3.31,-0.18,-0.06,0,0,21.00
2003-10-13T14:00:00,-1.32,0.22,-0.9,1.13,0.16,0.88,3.87,-0.21,-0.05,0,0,18.00
2003-10-13T15:00:00,-3.06,1.39,-1.51,1.41,2.24,-0.39,4.64,0.19,-0.12,0,0,9.00
2003-10-13T16:00:00,-2.59,1.93,0.01,1.31,2.28,-0.62,2.09,0.42,-0.12,0,0,-7.00
2003-10-13T17:00:00,-1.95,1.73,1.64,1.33,2.03,-0.62,2.34,0.54,-0.11,0,0,-18.00
2003-10-13T18:00:00,-0.01,0.08,3.14,1.32,1.91,-0.11,2.36,0.61,-0.12,0,0,-14.00
2003-10-13T19:00:00,-2.33,1.46,0.23,1.21,2.39,0.29,2.92,0.69,-0.05,0,0,-8.00
2003-10-13T20:00:00,0.38,-0.62,-2.21,1.04,2.79,0.01,2.99,0.76,-0.04,0,0,1.00
2003-10-13T21:00:00,0.36,-0.52,-0.23,1.08,2.57,-0.32,1.2,1.18,1.52,0,0,-11.00
2003-10-13T22:00:00,-1.67,0.9,-0.42,0.54,4.0,-0.94,0.33,1.73,-0.02,0,0,-31.00
2003-10-13T23:00:00,-1.13,0.98,-0.55,0.56,3.08,-0.85,0.13,2.13,0.05,0,0,-25.00
2003-10-14T00:00:00,-1.41,1.21,0.34,1.0,1.64,-1.14,0.02,1.95,-0.03,0,0,-21.00
2003-10-14T01:00:00,-1.2,0.89,0.99,0.79,2.18,-1.21,0.24,2.08,0.02,0,0,-22.00
2003-10-14T02:00:00,-0.85,0.26,0.48,0.68,2.73,-1.04,0.31,2.11,0.55,0,0,-18.00
2003-10-14T03:00:00,-1.12,0.28,0.37,0.67,2.57,-0.8,0.12,1.75,0.2,0,0,-17.00
2003-10-14T04:00:00,-1.28,0.59,-1.24,0.42,2.43,-0.41,0.14,1.51,-0.07,0,0,-17.00
2003-10-14T05:00:00,-1.11,0.17,-1.54,0.37,2.74,-1.82,-0.32,1.93,-0.11,0,0,-19.00
2003-10-14T06:00:00,-1.08,0.57,-1.22,0.28,1.82,-1.49,-0.32,1.65,-0.11,0,0,-29.00
2003-10-14T07:00:00,-1.1,0.3,-1.34,0.48,1.77,-0.19,-0.12,1.58,-0.09,1,0,-35.00
2003-10-14T08:00:00,-1.49,0.39,-1.69,0.84,1.44,-0.0,0.3,1.14,-0.12,1,0,-39.00
2003-10-14T09:00:00,-1.15,0.96,-1.53,0.69,0.59,0.4,1.7,0.98,-0.03,1,0,-38.00
2003-10-14T10:00:00,-1.06,0.9,-1.42,0.69,1.18,-0.41,2.02,1.23,0.04,1,0,-30.00
2003-10-14T11:00:00,-1.3,0.53,-1.35,0.83,1.0,0.09,2.01,0.88,0.01,1,0,-37.00
2003-10-14T12:00:00,-1.34,1.06,-0.86,0.81,1.09,-0.09,2.96,1.5,0.24,1,0,-52.00
2003-10-14T13:00:00,-1.51,1.29,-0.8,0.57,0.98,0.15,3.5,1.28,0.17,1,0,-52.00
2003-10-14T14:00:00,-1.72,1.53,1.03,0.42,1.28,-0.96,4.62,1.12,0.12,1,0,-38.00
2003-10-14T15:00:00,-1.08,1.11,0.44,0.11,0.38,-0.35,4.51,0.69,0.4,1,0,-28.00
2003-10-14T16:00:00,-1.15,1.21,-0.11,0.05,-0.52,0.08,3.6,0.17,0.08,1,0,-17.00
2003-10-14T17:00:00,-2.1,1.31,-0.85,0.18,1.6,0.22,5.52,1.27,0.17,1,0,-22.00
2003-10-14T18:00:00,-2.99,1.91,-0.82,0.16,1.13,0.18,4.66,1.17,-0.03,1,0,-28.00
2003-10-14T19:00:00,-1.86,1.45,2.99,-0.79,2.52,-1.37,2.3,2.76,-0.06,1,0,-44.00
2003-10-14T20:00:00,-2.02,2.11,-1.33,-0.81,2.54,0.38,0.75,3.0,-0.07,1,0,-28.00
2003-10-14T21:00:00,-1.15,1.06,-2.6,-0.82,2.72,0.15,0.8,3.81,-0.06,1,0,-28.00
2003-10-14T22:00:00,-1.44,0.88,-1.55,-0.78,2.61,0.01,0.58,3.55,0.02,1,0,-66.00
2003-10-14T23:00:00,-1.4,0.46,1.38,-1.18,2.61,0.57,-0.03,2.98,-0.03,1,0,-85.00
2003-10-15T00:00:00,-1.31,0.09,0.66,-1.35,2.86,1.02,-0.22,3.05,0.09,1,0,-77.00
2003-10-15T01:00:00,-0.89,0.0,0.46,-1.01,3.24,0.87,-0.26,3.77,0.5,1,0,-67.00
2003-10-15T02:00:00,-1.6,0.63,-0.44,-1.05,2.37,0.83,-0.18,3.71,0.04,1,0,-66.00
2003-10-15T03:00:00,-1.49,0.6,-0.12,-1.21,2.88,-0.23,-0.17,3.11,0.06,1,0,-66.00
2003-10-15T04:00:00,-1.11,0.39,0.08,-1.31,2.67,-0.23,-0.28,3.45,0.27,1,0,-64.00
2003-10-15T05:00:00,-1.01,0.22,-1.16,-1.3,2.98,2.47,-0.41,4.2,0.0,1,0,-60.00
2003-10-15T06:00:00,-0.64,0.31,0.68,-1.5,2.48,-0.92,-0.45,4.91,0.43,1,0,-68.00
2003-10-15T07:00:00,-0.9,0.26,0.27,-1.34,3.06,-0.8,-0.52,4.23,0.34,1,0,-77.00
2003-10-15T08:00:00,-1.02,0.54,-0.44,-1.17,2.04,-0.31,-0.44,4.03,0.14,1,0,-63.00
2003-10-15T09:00:00,-0.88,0.27,-0.33,-1.23,2.6,0.29,-0.47,4.11,0.32,1,0,-58.00
2003-10-15T10:00:00,-1.09,0.36,-0.73,-0.87,1.81,0.11,-0.55,3.34,-0.02,0,0,-54.00
2003-10-15T11:00:00,-0.58,0.16,0.18,-1.14,2.16,-1.67,-0.59,3.29,0.72,0,0,-52.00
2003-10-15T12:00:00,-1.1,0.48,0.03,-1.0,1.62,-1.56,-0.51,2.39,0.03,0,0,-51.00
2003-10-15T13:00:00,-0.91,0.15,-0.47,-1.06,2.56,-0.2,-0.48,2.61,0.1,0,0,-50.00
2003-10-15T14:00:00,-0.52,0.03,-0.16,-0.95,2.06,-0.68,-0.58,2.23,0.56,0,0,-48.00
2003-10-15T15:00:00,-0.84,0.13,-0.64,-0.98,2.22,-0.26,-0.56,2.59,0.02,0,0,-57.00
2003-10-15T16:00:00,-0.93,0.36,-0.49,-1.0,1.82,0.31,-0.51,2.57,0.04,0,0,-58.00
2003-10-15T17:00:00,-1.07,0.48,0.31,-0.77,1.19,-1.2,-0.6,2.32,-0.02,0,0,-60.00
2003-10-15T18:00:00,-0.9,0.32,-0.0,-0.56,2.18,-1.1,-0.66,2.74,0.08,0,0,-52.00
2003-10-15T19:00:00,-0.78,0.23,-0.29,-0.87,2.06,-0.04,-0.6,2.48,0.13,0,0,-47.00
2003-10-15T20:00:00,-0.71,0.34,0.27,-0.92,1.48,-0.97,-0.57,2.96,0.29,0,0,-39.00
2003-10-15T21:00:00,-0.58,0.39,-0.79,-0.9,1.76,1.57,-0.54,3.0,0.04,0,0,-44.00
2003-10-15T22:00:00,-0.72,0.36,0.17,-0.7,1.96,-0.62,-0.55,3.41,0.39,0,0,-44.00
2003-10-15T23:00:00,-0.84,0.26,0.01,-0.47,1.44,-0.04,-0.64,2.58,0.13,0,0,-42.00
2003-10-16T00:00:00,-0.75,0.39,-0.62,-0.46,0.82,1.73,-0.59,2.57,0.01,0,0,-45.00
2003-10-16T01:00:00,-0.5,0.31,-0.49,-0.55,0.88,0.26,-0.56,2.56,0.19,0,0,-40.00
2003-10-16T02:00:00,-0.49,0.3,-0.4,-0.62,0.45,0.93,-0.64,2.83,0.22,0,0,-44.00
2003-10-16T03:00:00,-0.44,0.04,0.87,-0.64,0.99,-1.51,-0.61,3.01,0.09,0,0,-51.00
2003-10-16T04:00:00,-0.31,0.05,0.65,-0.27,0.77,-0.8,-0.7,2.22,0.13,0,0,-46.00
2003-10-16T05:00:00,-0.83,0.29,0.47,-0.1,-1.52,0.18,-0.62,2.68,0.08,0,0,-38.00
2003-10-16T06:00:00,-0.71,0.21,0.48,-0.21,1.0,-0.68,-0.65,2.62,0.12,0,0,-38.00
2003-10-16T07:00:00,-0.34,0.07,0.13,-0.24,0.55,-0.42,-0.73,3.02,1.5,0,0,-38.00
2003-10-16T08:00:00,-0.53,-0.03,-0.35,-0.38,0.87,0.61,-0.67,2.27,0.2,0,0,-41.00
2003-10-16T09:00:00,-0.24,-0.07,-0.9,-0.62,0.86,1.83,-0.63,2.89,0.01,0,0,-42.00
2003-10-16T10:00:00,-0.85,0.1,-0.42,-0.05,0.06,1.29,-0.74,2.09,-0.05,0,0,-42.00
2003-10-16T11:00:00,-0.83,0.14,-0.33,-0.16,0.25,-0.4,-0.71,2.2,-0.0,0,0,-42.00
2003-10-16T12:00:00,-0.64,0.15,-0.12,-0.32,0.17,-0.04,-0.72,2.03,0.14,0,0,-36.00
2003-10-16T13:00:00,-0.62,0.17,-0.17,-0.29,-0.37,0.72,-0.74,2.03,0.11,0,0,-34.00
2003-10-16T14:00:00,-1.02,0.32,-0.06,0.11,-0.23,0.08,-0.7,1.37,-0.08,0,0,-37.00
2003-10-16T15:00:00,-0.57,0.24,0.17,-0.44,-0.45,-0.28,-0.72,1.98,0.2,0,0,-39.00
2003-10-16T16:00:00,-0.55,0.3,0.05,-0.4,0.01,-0.03,-0.69,2.34,0.3,0,0,-41.00
2003-10-16T17:00:00,-0.73,0.22,-0.34,-0.08,0.51,0.66,-0.7,2.36,0.05,0,0,-39.00
2003-10-16T18:00:00,-0.71,0.15,-0.09,-0.19,0.38,0.57,-0.68,1.62,0.08,0,0,-37.00
2003-10-16T19:00:00,-0.63,0.11,-0.24,-0.19,-0.37,1.26,-0.76,1.6,0.02,0,0,-29.00
2003-10-16T20:00:00,-0.36,0.02,0.5,0.1,0.99,-1.25,-0.76,2.03,0.18,0,0,-33.00
2003-10-16T21:00:00,-0.51,0.14,0.67,-0.45,0.1,-1.92,-0.67,1.83,0.03,0,0,-30.00
2003-10-16T22:00:00,-0.92,0.18,0.17,0.66,0.28,-0.31,-0.85,1.03,-0.13,0,0,-26.00
2003-10-16T23:00:00,-0.44,0.09,-0.22,-0.05,1.11,0.57,-0.8,1.85,0.15,0,0,-24.00
2003-10-17T00:00:00,-0.96,0.2,0.15,0.34,-0.34,-0.18,-0.78,1.32,-0.09,0,0,-33.00
2003-10-17T01:00:00,-0.83,0.06,0.52,0.28,-0.64,-1.76,-0.78,2.03,-0.06,0,0,-36.00
2003-10-17T02:00:00,-1.41,0.28,0.23,0.67,1.08,-0.91,-0.8,1.34,-0.15,0,0,-33.00
2003-10-17T03:00:00,-0.71,0.22,-0.04,-0.07,-0.37,0.18,-0.72,1.99,0.09,0,0,-31.00
2003-10-17T04:00:00,-0.62,0.12,-0.65,-0.32,0.1,1.32,-0.71,1.67,-0.06,0,0,-29.00
2003-10-17T05:00:00,-1.1,0.08,-0.33,0.05,-0.23,0.06,-0.83,1.33,-0.14,0,0,-39.00
2003-10-17T06:00:00,-0.71,0.03,-0.5,-0.23,-0.76,1.79,-0.74,1.85,-0.04,0,0,-51.00
2003-10-17T07:00:00,-0.98,0.01,-0.21,0.43,0.28,1.29,-0.76,1.36,-0.09,0,0,-53.00
2003-10-17T08:00:00,-0.87,0.11,-0.3,0.11,-0.0,0.89,-0.72,1.82,-0.03,0,0,-53.00
2003-10-17T09:00:00,-0.93,0.08,0.21,0.57,-1.14,-0.47,-0.79,1.06,-0.1,0,0,-45.00
2003-10-17T10:00:00,-1.21,0.23,0.21,0.74,-0.95,-0.33,-0.77,0.86,-0.14,0,0,-44.00
2003-10-17T11:00:00,-1.1,0.22,0.04,0.6,-0.91,0.26,-0.71,1.02,-0.11,0,0,-45.00
2003-10-17T12:00:00,-0.91,0.27,0.21,0.27,-0.49,0.34,-0.64,1.1,-0.04,0,0,-38.00
2003-10-17T13:00:00,-0.53,0.16,0.17,0.01,-0.7,0.1,-0.64,1.7,0.37,0,0,-36.00
2003-10-17T14:00:00,-0.3,0.16,0.03,-0.31,-0.82,-0.41,-0.68,1.49,0.97,0,0,-35.00
2003-10-17T15:00:00,-0.76,0.19,0.41,0.36,-1.35,-1.45,-0.78,1.21,-0.08,0,0,-39.00
2003-10-17T16:00:00,-0.61,0.25,0.39,0.52,-2.46,-0.42,-0.78,1.73,0.01,0,0,-39.00
2003-10-17T17:00:00,-0.47,0.22,0.58,-0.13,-0.3,-2.26,-0.69,2.38,0.13,0,0,-36.00
2003-10-17T18:00:00,-0.51,0.16,0.31,0.1,-0.95,-1.09,-0.79,1.43,0.07,0,0,-31.00
2003-10-17T19:00:00,-0.46,0.07,0.26,0.63,-1.45,0.05,-0.83,1.19,0.07,0,0,-28.00
2003-10-17T20:00:00,-0.28,-0.07,0.05,1.27,0.24,-0.27,-0.92,1.51,0.29,0,0,-34.00
2003-10-17T21:00:00,-0.34,0.03,0.26,0.79,-1.11,0.11,-0.78,1.03,0.29,0,0,-31.00
2003-10-17T22:00:00,-0.79,0.09,-0.0,0.9,-0.52,0.26,-0.8,0.81,-0.09,0,0,-25.00
2003-10-17T23:00:00,-0.82,0.14,0.0,0.38,-0.49,-0.06,-0.72,1.21,-0.03,0,0,-23.00
2003-10-18T00:00:00,-1.04,0.1,0.27,0.54,-0.66,-1.33,-0.79,0.72,-0.14,0,0,-20.00
2003-10-18T01:00:00,-1.58,0.24,0.27,1.07,-0.79,-0.58,-0.83,0.29,-0.18,0,0,-17.00
2003-10-18T02:00:00,-1.11,0.34,0.68,0.27,-0.63,-2.11,-0.67,0.9,-0.13,0,0,-20.00
2003-10-18T03:00:00,-1.05,0.24,0.17,0.52,-1.1,-0.41,-0.79,0.83,-0.13,0,0,-18.00
2003-10-18T04:00:00,-1.32,0.15,0.12,0.7,-0.48,-0.85,-0.8,0.69,-0.16,0,0,-23.00
2003-10-18T05:00:00,-1.09,0.08,-0.19,0.33,0.02,0.87,-0.75,1.34,-0.11,0,0,-27.00
2003-10-18T06:00:00,-1.91,0.18,0.16,0.31,-0.86,-0.71,-0.96,1.19,-0.19,0,0,-31.00
2003-10-18T08:00:00,-1.32,0.05,0.13,1.23,-0.21,-0.05,-0.86,0.75,-0.17,0,0,-49.00
2003-10-18T09:00:00,-1.63,0.12,0.14,2.15,-0.48,0.47,-0.91,0.1,-0.19,0,0,-37.00
2003-10-18T10:00:00,-1.41,0.24,0.16,1.34,-0.52,-1.3,-0.87,0.38,-0.18,0,0,-32.00
2003-10-18T11:00:00,-1.1,0.18,0.23,1.67,-1.29,3.92,-0.89,0.3,-0.17,0,0,-31.00
2003-10-18T12:00:00,-1.51,0.19,0.2,4.3,-1.35,-0.47,-0.95,-0.4,-0.19,0,0,-34.00
2003-10-18T13:00:00,-1.08,0.15,-0.02,0.9,-0.56,0.23,-0.74,1.05,-0.11,0,0,-37.00
2003-10-18T14:00:00,-1.51,0.25,0.24,0.78,-0.6,-0.18,-0.74,0.69,-0.16,0,0,-33.00
2003-10-18T15:00:00,-0.92,0.23,0.41,0.65,-2.45,0.27,-0.73,1.04,-0.1,0,0,-28.00
2003-10-18T16:00:00,-1.08,0.2,0.22,0.84,-1.08,-0.08,-0.77,0.6,-0.14,0,0,-30.00
2003-10-18T17:00:00,-1.05,0.21,0.17,0.53,-0.49,-0.09,-0.73,1.05,-0.1,0,0,-32.00
2003-10-18T18:00:00,-1.22,0.14,0.11,0.77,-0.5,0.63,-0.82,0.92,-0.15,0,0,-33.00
2003-10-18T19:00:00,-1.15,0.13,0.12,1.99,-0.64,3.15,-0.93,0.83,-0.17,0,0,-37.00
2003-10-18T20:00:00,-0.15,0.14,0.36,1.1,0.16,-1.86,-0.87,0.76,0.06,0,0,-37.00
2003-10-18T21:00:00,-0.32,-0.01,0.27,1.66,-1.81,-1.2,-0.91,0.65,-0.03,0,0,-30.00
2003-10-18T23:00:00,-0.58,0.1,0.28,0.8,0.27,-1.22,-0.84,1.44,-0.0,0,0,-26.00
2003-10-19T00:00:00,0.73,-0.12,0.14,1.84,0.24,4.37,-0.91,0.94,-0.13,0,0,-22.00
2003-10-19T03:00:00,-0.61,0.05,-0.0,-0.21,-4.21,-5.22,-0.94,1.98,-0.09,0,0,-28.00
2003-10-19T04:00:00,-0.5,0.04,0.06,0.9,-0.41,0.23,-0.92,1.08,-0.06,0,0,-26.00
2003-10-19T05:00:00,-0.35,0.0,0.1,0.55,-1.05,-1.13,-0.93,1.03,0.04,0,0,-27.00
2003-10-19T07:00:00,-0.47,-0.18,0.21,-0.33,2.77,5.53,-0.97,-0.47,-0.19,0,0,-39.00
2003-10-19T08:00:00,-1.08,0.03,-0.05,0.26,-0.79,0.73,-0.9,2.16,-0.13,0,0,-42.00
2003-10-19T09:00:00,-1.64,0.1,0.03,1.04,-0.08,0.05,-0.91,0.33,-0.18,0,0,-37.00
2003-10-19T10:00:00,-1.76,0.19,-0.01,2.74,10.49,21.06,-0.97,0.53,-0.19,0,0,-32.00
2003-10-19T12:00:00,-0.69,0.03,0.11,3.46,4.31,16.59,11.46,-0.62,-0.08,0,0,-38.00
2003-10-19T15:00:00,-0.58,-0.05,-0.06,1.71,2.06,7.78,-0.97,0.41,-0.17,0,0,-45.00
2003-10-19T18:00:00,-1.42,0.25,0.1,0.94,-1.02,3.18,-0.93,2.06,-0.17,0,0,-49.00
2003-10-19T19:00:00,-1.58,0.22,0.02,0.86,-0.14,0.4,-0.85,0.57,-0.18,0,0,-54.00
2003-10-19T22:00:00,1.01,-0.37,-0.06,2.35,3.14,-3.53,-0.99,1.83,-0.18,0,0,-46.00
2003-10-20T05:00:00,-1.29,0.15,0.0,2.02,0.36,7.29,-0.95,-0.04,-0.19,0,0,-40.00
2003-10-20T11:00:00,-0.72,0.06,0.16,1.19,-2.59,1.67,-0.91,-0.0,-0.17,0,0,-45.00
2003-10-20T12:00:00,-1.94,0.16,-0.05,2.82,6.37,-6.06,-0.94,0.42,-0.19,0,0,-37.00
2003-10-20T13:00:00,-1.79,0.2,0.09,1.52,-1.5,-0.16,-0.91,0.92,-0.18,0,0,-34.00
2003-10-20T17:00:00,-0.38,-0.15,0.09,0.53,-2.18,2.7,-0.87,1.75,0.22,0,0,-35.00
2003-10-21T02:00:00,-0.09,0.07,-0.06,4.27,-17.73,6.48,-1.0,0.15,-0.14,0,0,-49.00
2003-10-21T20:00:00,2.44,-0.16,0.22,-0.76,0.91,-3.03,-0.95,0.63,-0.19,0,0,-50.00
2003-10-22T04:00:00,-1.87,0.18,0.14,5.55,13.84,4.92,3.72,-0.6,-0.18,0,0,-56.00
2003-10-22T07:00:00,-2.26,0.05,-0.02,1.75,2.79,-0.13,-0.93,0.41,-0.19,0,0,-61.00
2003-10-22T08:00:00,-2.48,0.14,0.07,3.19,-2.29,1.23,-0.94,0.13,-0.19,0,0,-50.00
2003-10-22T09:00:00,-2.03,0.15,0.16,2.11,-1.46,6.88,-0.91,0.5,-0.19,0,0,-51.00
2003-10-22T10:00:00,-2.23,0.05,0.14,2.27,0.7,1.91,-0.94,0.07,-0.19,0,0,-48.00
2003-10-22T11:00:00,-2.82,0.21,0.13,2.3,1.58,-2.82,-0.93,0.03,-0.19,0,0,-36.00
2003-10-22T12:00:00,-1.95,0.19,0.31,0.78,-0.99,1.73,-0.79,0.74,-0.18,0,0,-22.00
2003-10-22T13:00:00,-2.26,0.25,0.37,1.04,-2.72,1.13,-0.82,0.45,-0.18,0,0,-24.00
2003-10-22T14:00:00,-2.32,0.16,0.29,0.9,-1.31,1.0,-0.79,0.71,-0.18,0,0,-24.00
2003-10-22T15:00:00,-1.79,-0.16,0.19,1.48,-1.57,-1.18,-0.86,1.26,-0.17,0,0,-15.00
2003-10-22T17:00:00,0.76,0.6,0.2,-1.05,-5.12,-1.45,-0.99,9.81,-0.13,0,0,-33.00
2003-10-22T18:00:00,2.34,0.02,0.39,2.62,-0.05,0.11,-0.95,-0.33,-0.19,0,0,-33.00
2003-10-22T22:00:00,-0.81,-0.0,0.43,-0.1,0.23,-0.61,-0.78,1.26,-0.08,0,0,-28.00
2003-10-22T23:00:00,-0.27,0.3,0.46,-0.3,-3.89,-1.22,-0.87,1.41,-0.03,0,0,-24.00
2003-10-23T00:00:00,0.05,0.46,0.56,-0.48,-3.89,0.15,-0.79,1.31,-0.03,0,0,-24.00
2003-10-23T01:00:00,0.35,-0.34,0.33,0.89,-1.3,0.12,-0.83,1.09,0.02,0,0,-16.00
2003-10-23T02:00:00,0.13,0.01,0.38,0.86,-3.0,1.69,-0.74,1.44,0.61,0,0,-13.00
2003-10-23T03:00:00,-0.8,0.21,0.32,1.04,-4.75,-1.34,-0.9,0.46,-0.16,0,0,-20.00
2003-10-23T04:00:00,-0.96,0.22,0.25,0.72,-0.74,-0.47,-0.9,1.02,-0.15,0,0,-18.00
2003-10-23T05:00:00,-0.56,0.17,0.29,0.83,-2.17,4.85,-0.9,1.77,-0.06,0,0,-17.00
2003-10-23T06:00:00,-0.78,0.22,0.27,0.76,0.1,0.6,-0.93,1.66,-0.13,0,0,-18.00
2003-10-23T07:00:00,-1.11,0.17,0.3,1.25,-5.68,8.43,-0.92,1.43,-0.16,0,0,-19.00
2003-10-23T08:00:00,-0.67,0.31,0.34,0.48,-3.04,1.8,-0.87,0.98,-0.12,0,0,-21.00
2003-10-23T09:00:00,-0.5,0.2,0.19,0.4,-5.52,2.04,-0.88,1.23,-0.03,0,0,-18.00
2003-10-23T10:00:00,-0.4,0.14,0.24,0.46,-0.35,0.65,-0.92,1.07,-0.05,0,0,-19.00
2003-10-23T11:00:00,-0.62,0.15,0.24,1.54,-8.47,5.95,-0.95,0.77,-0.15,0,0,-18.00
2003-10-23T12:00:00,-1.17,0.09,0.2,4.14,-2.3,-2.4,-0.98,0.82,-0.19,0,0,-17.00
2003-10-23T14:00:00,-0.23,0.17,0.33,0.54,-0.99,0.24,-0.87,1.01,0.06,0,0,-15.00
2003-10-23T15:00:00,0.23,0.21,0.07,0.66,-2.24,1.12,-0.87,1.02,0.28,0,0,-14.00
2003-10-23T16:00:00,-0.21,0.14,0.38,0.64,-0.58,1.58,-0.84,1.35,0.17,0,0,-14.00
2003-10-23T17:00:00,-0.13,-0.11,0.47,1.29,2.8,-1.09,-0.87,0.81,-0.02,0,0,-12.00
2003-10-23T18:00:00,0.05,-0.08,0.62,1.18,-2.39,1.35,-0.85,1.06,-0.06,0,0,-11.00
2003-10-23T19:00:00,-0.18,-0.09,0.29,1.32,-5.17,2.6,-0.91,0.33,0.0,0,0,-12.00
2003-10-23T20:00:00,0.04,0.02,0.32,0.92,-1.83,0.22,-0.86,1.42,0.49,0,0,-11.00
2003-10-23T22:00:00,0.96,0.04,0.21,3.19,2.66,-5.86,-0.95,-0.27,-0.19,0,0,-9.00
2003-10-23T23:00:00,0.98,-0.01,0.25,4.28,-0.69,2.02,-0.94,-0.02,-0.18,0,0,-10.00
2003-10-24T00:00:00,1.03,0.07,0.15,4.32,-0.77,1.38,-0.96,-0.48,-0.19,0,0,-10.00
2003-10-24T02:00:00,0.46,0.06,0.14,1.36,-7.42,3.82,-0.96,-0.62,-0.19,0,0,-8.00
2003-10-24T14:00:00,-1.2,-0.2,-0.03,3.92,-1.72,-1.93,-0.99,8.96,-0.16,0,0,-43.00
2003-10-24T15:00:00,-2.44,-0.26,0.0,0.63,-1.8,-5.97,-0.99,6.91,-0.19,0,0,-44.00
2003-10-24T16:00:00,5.43,-0.65,0.36,1.38,-0.26,-0.56,-0.18,0.51,-0.19,0,0,-30.00
2003-10-24T17:00:00,1.09,0.42,1.27,-0.54,-2.3,-2.7,0.89,1.63,0.08,0,0,-26.00
2003-10-24T18:00:00,-0.63,0.27,0.5,0.88,-0.64,0.56,-0.21,0.67,0.11,0,0,-9.00
2003-10-24T19:00:00,-3.25,0.06,0.6,2.57,0.43,1.78,-0.82,0.58,-0.19,0,0,5.00
2003-10-24T20:00:00,0.23,-1.9,1.16,-0.36,-0.62,0.09,0.81,1.45,-0.04,0,0,-26.00
2003-10-24T21:00:00,-1.57,-0.84,1.76,-0.45,1.38,2.28,1.0,2.16,-0.03,0,0,-34.00
2003-10-24T22:00:00,0.1,-0.2,2.59,-1.02,3.0,0.55,2.35,1.38,-0.03,0,0,-22.00
2003-10-24T23:00:00,-0.2,1.7,3.2,-0.61,1.39,-1.45,0.26,1.39,-0.16,0,0,-18.00
2003-10-25T00:00:00,0.58,1.1,4.45,-1.12,0.8,-0.35,0.3,1.18,-0.17,0,0,-36.00
2003-10-25T01:00:00,0.03,0.45,4.31,-1.1,1.34,-0.49,0.6,1.29,-0.17,0,0,-29.00
2003-10-25T02:00:00,0.08,-0.82,2.01,-0.77,1.21,-1.02,0.62,1.48,-0.07,0,0,-19.00
2003-10-25T03:00:00,0.8,0.29,0.46,-0.08,-0.27,-2.42,0.58,1.19,0.47,0,0,0.00
2003-10-25T04:00:00,0.31,0.22,0.64,-0.31,-0.6,-2.2,0.71,2.3,1.58,0,0,-3.00
2003-10-25T05:00:00,-0.5,-0.14,0.48,0.05,-1.0,-2.39,0.07,1.58,0.83,0,0,-11.00
2003-10-25T06:00:00,-0.66,0.15,0.14,0.53,-0.02,-2.37,-0.26,2.02,0.71,0,0,-10.00
2003-10-25T07:00:00,-0.77,0.03,0.41,0.23,-0.25,-1.02,-0.55,1.17,0.04,0,0,-13.00
2003-10-25T08:00:00,-1.32,-0.19,1.13,-0.17,1.3,-1.53,-0.62,1.41,-0.14,0,0,-19.00
2003-10-25T09:00:00,-1.96,-0.09,0.27,1.11,0.18,-0.27,-0.83,0.51,-0.18,0,0,-20.00
2003-10-25T10:00:00,-1.87,0.01,0.27,1.2,2.18,-4.07,-0.92,0.47,-0.19,0,0,-18.00
2003-10-25T12:00:00,-1.23,-1.08,0.23,-0.65,1.84,3.5,-0.66,1.99,-0.12,0,0,-20.00
