2004-01-02T15:00:00,-1.29,0.27,0.02,1.07,-0.33,0.52,-0.79,0.12,-0.17,1,0,-10.00
2004-01-02T16:00:00,-0.34,0.48,0.46,-0.0,-1.8,-0.79,-0.48,0.78,0.08,1,0,-10.00
2004-01-02T17:00:00,-0.8,0.5,-0.16,0.37,-1.72,-0.27,-0.32,-0.05,-0.1,1,0,-9.00
2004-01-02T18:00:00,-0.63,0.29,-0.08,0.44,-1.33,-0.1,-0.25,0.18,0.06,1,0,-7.00
2004-01-02T19:00:00,-0.67,0.41,0.29,0.46,-1.63,-0.86,0.08,-0.02,0.01,1,0,-6.00
2004-01-02T20:00:00,-0.67,0.43,-0.21,0.53,-2.01,-0.42,0.17,-0.23,-0.06,1,0,-4.00
2004-01-02T21:00:00,-1.05,0.42,0.5,0.56,-1.88,-1.23,0.02,-0.18,-0.13,1,0,-9.00
2004-01-02T22:00:00,-0.88,0.37,0.09,0.46,-1.75,-0.71,0.3,-0.03,-0.01,1,0,-1.00
2004-01-02T23:00:00,-0.9,0.57,0.28,0.43,-1.55,-1.39,0.32,-0.07,-0.06,1,0,-2.00
2004-01-03T00:00:00,-0.99,0.51,0.8,0.45,-1.44,-2.23,0.45,-0.07,-0.1,1,0,-1.00
2004-01-03T01:00:00,-1.04,0.65,0.44,0.3,-1.7,-1.63,0.37,0.05,-0.07,1,0,1.00
2004-01-03T02:00:00,-0.89,0.57,-0.14,0.5,-1.56,-0.79,-0.18,0.39,-0.04,1,0,-1.00
2004-01-03T03:00:00,-1.13,0.68,0.9,0.11,-1.43,-2.11,0.39,0.36,-0.08,1,0,0.00
2004-01-03T04:00:00,-1.51,0.95,-0.1,0.27,-1.63,-0.32,0.25,0.27,-0.12,1,0,3.00
2004-01-03T05:00:00,-2.37,0.4,-0.03,0.94,-0.16,1.5,-0.75,0.59,-0.18,1,0,-9.00
2004-01-03T07:00:00,-2.93,0.51,0.07,1.4,-0.35,-3.0,-0.88,0.2,-0.19,1,0,-8.00
2004-01-03T08:00:00,-0.95,0.24,0.01,0.05,-4.04,0.6,-0.66,1.05,-0.06,1,0,-13.00
2004-01-03T09:00:00,-2.37,0.42,-0.06,0.94,1.07,1.52,-0.87,0.33,-0.19,1,0,-18.00
2004-01-03T10:00:00,-2.27,0.49,-0.03,0.84,-0.25,0.47,-0.85,0.45,-0.19,1,0,-15.00
2004-01-03T11:00:00,-1.87,0.44,-0.06,0.73,-0.26,0.54,-0.87,0.39,-0.18,1,0,-24.00
2004-01-03T12:00:00,-1.85,0.27,0.06,0.97,-0.64,-0.94,-0.91,0.17,-0.19,1,0,-18.00
2004-01-03T13:00:00,-1.62,0.58,0.08,0.48,-0.15,-2.55,-0.82,0.94,-0.17,1,0,-12.00
2004-01-03T14:00:00,-0.68,0.56,0.26,-0.54,-0.74,-0.16,-0.75,1.62,-0.05,1,0,-14.00
2004-01-03T15:00:00,-1.67,0.24,0.04,1.53,-7.01,11.76,-0.96,0.01,-0.19,1,0,-19.00
2004-01-03T16:00:00,-2.01,0.19,0.13,2.15,0.76,-9.78,-0.95,-0.05,-0.19,1,0,-18.00
2004-01-03T17:00:00,-0.72,0.17,0.26,-0.18,0.1,-0.33,-0.7,1.51,0.04,1,0,-16.00
2004-01-03T18:00:00,-0.08,0.03,0.09,0.13,-0.77,-0.68,-0.82,1.66,9.33,1,0,-14.00
2004-01-03T19:00:00,-1.42,0.18,0.11,0.7,-1.36,0.17,-0.85,0.2,-0.18,1,0,-9.00
2004-01-03T20:00:00,-2.0,0.25,0.16,1.41,0.17,0.24,-0.89,0.13,-0.19,1,0,-10.00
2004-01-03T21:00:00,-1.06,0.27,0.43,0.52,-0.73,0.62,-0.81,0.43,-0.16,0,0,-9.00
2004-01-03T22:00:00,-0.82,0.51,0.59,-0.12,-1.42,-1.32,-0.66,0.96,-0.1,0,0,-9.00
2004-01-03T23:00:00,-0.62,0.51,0.56,-0.28,-1.41,-1.3,-0.65,0.98,-0.07,0,0,-12.00
2004-01-04T00:00:00,-0.73,0.47,0.59,-0.2,-1.85,-1.55,-0.66,1.0,-0.09,0,0,-14.00
2004-01-04T01:00:00,-1.27,0.12,-0.02,0.24,-0.89,0.81,-0.69,0.24,-0.15,0,0,-13.00
2004-01-04T02:00:00,-0.96,0.41,0.39,0.07,-1.58,-0.25,-0.58,0.79,-0.09,0,0,-20.00
2004-01-04T03:00:00,-0.57,0.55,0.75,-0.58,-2.1,-1.71,-0.63,1.22,-0.08,0,0,-23.00
2004-01-04T04:00:00,-1.24,0.27,0.24,0.26,-1.06,0.23,-0.72,0.56,-0.15,0,0,-20.00
2004-01-04T05:00:00,-1.33,0.3,0.09,0.89,-1.25,1.38,-0.83,0.55,-0.17,0,0,-18.00
2004-01-04T06:00:00,-0.54,0.89,0.22,-0.64,-1.82,-0.04,-0.65,1.54,-0.05,0,0,-19.00
2004-01-04T07:00:00,-0.34,0.76,0.36,-0.83,-0.76,-0.36,-0.64,1.45,0.0,0,0,-22.00
2004-01-04T08:00:00,-1.87,0.29,0.04,0.97,0.42,0.68,-0.88,0.24,-0.19,0,0,-22.00
2004-01-04T09:00:00,-1.5,0.46,0.06,0.25,-0.29,0.65,-0.79,0.59,-0.17,0,0,-25.00
2004-01-04T10:00:00,-1.66,0.24,0.04,0.88,0.97,0.35,-0.85,0.12,-0.18,0,0,-21.00
2004-01-04T11:00:00,-0.84,0.33,0.08,0.07,0.29,0.09,-0.77,1.65,-0.05,0,0,-24.00
2004-01-04T12:00:00,-1.18,0.24,0.08,0.19,-0.36,0.78,-0.73,0.89,-0.13,0,0,-17.00
2004-01-04T13:00:00,-1.09,-0.24,-0.09,0.04,1.54,1.29,-0.76,0.83,-0.13,0,0,-13.00
2004-01-04T14:00:00,-1.78,0.25,0.14,1.12,-0.52,1.14,-0.86,0.4,-0.18,0,0,-25.00
2004-01-04T15:00:00,-1.9,0.29,0.03,1.17,0.07,0.82,-0.88,0.2,-0.19,0,0,-12.00
2004-01-04T16:00:00,-1.31,0.57,0.15,-0.12,-0.67,-0.01,-0.77,1.46,-0.14,0,0,-25.00
2004-01-04T17:00:00,-1.21,0.41,0.11,-0.02,-0.69,0.97,-0.78,1.14,-0.14,0,0,-29.00
2004-01-04T18:00:00,-1.89,0.31,0.13,1.18,-0.18,-1.07,-0.9,0.33,-0.19,0,0,-27.00
2004-01-04T19:00:00,-1.62,0.25,0.15,0.7,-0.85,0.49,-0.87,0.19,-0.18,0,0,-23.00
2004-01-04T20:00:00,-1.29,0.32,0.2,0.63,0.85,0.61,-0.86,1.04,-0.16,0,0,-20.00
2004-01-04T21:00:00,-1.3,0.25,0.21,0.6,0.53,1.41,-0.86,0.58,-0.17,0,0,-15.00
2004-01-04T22:00:00,-1.6,0.24,0.25,0.96,0.75,1.05,-0.93,0.31,-0.19,0,0,-19.00
2004-01-04T23:00:00,-1.38,0.32,0.06,1.04,-0.13,1.18,-0.92,0.71,-0.18,0,0,-22.00
2004-01-05T00:00:00,-1.05,0.22,0.12,0.34,-0.81,0.4,-0.87,1.74,-0.13,0,0,-24.00
2004-01-05T01:00:00,-0.91,0.09,0.17,0.89,0.09,0.5,-0.92,1.05,-0.15,0,0,-21.00
2004-01-05T02:00:00,-1.46,0.28,-0.0,0.56,0.01,1.36,-0.86,0.29,-0.18,0,0,-18.00
2004-01-05T03:00:00,-1.48,0.3,0.08,0.6,-0.07,0.58,-0.88,0.39,-0.18,0,0,-18.00
2004-01-05T04:00:00,-1.37,0.37,0.1,0.58,0.24,0.65,-0.86,0.52,-0.17,0,0,-20.00
2004-01-05T05:00:00,-1.46,0.25,0.08,1.07,1.04,-0.38,-0.89,0.29,-0.18,0,0,-20.00
2004-01-05T06:00:00,-1.42,-0.04,-0.09,2.44,-0.07,-3.65,-0.97,-0.17,-0.19,0,0,-19.00
2004-01-05T07:00:00,-1.25,0.13,0.06,0.04,-0.74,0.14,-0.85,0.74,-0.16,0,0,-15.00
2004-01-05T08:00:00,-1.48,0.0,0.06,0.65,-0.21,0.46,-0.92,0.6,-0.18,0,0,-18.00
2004-01-05T09:00:00,-1.65,0.16,0.15,2.03,3.92,9.24,-0.95,-0.2,-0.19,0,0,-22.00
2004-01-05T11:00:00,-1.72,0.18,-0.01,0.44,0.29,-0.19,-0.89,0.44,-0.18,0,0,-10.00
2004-01-05T12:00:00,-1.53,0.15,0.02,0.71,-1.06,0.33,-0.89,0.36,-0.18,0,0,-10.00
2004-01-05T13:00:00,-1.66,0.15,0.14,0.01,-6.91,-1.54,-0.95,0.3,-0.19,0,0,-10.00
2004-01-05T14:00:00,-1.57,0.06,-0.0,2.34,-1.02,-3.8,-0.95,-0.03,-0.19,0,0,-11.00
2004-01-05T15:00:00,-1.03,0.16,0.06,0.15,-0.89,0.57,-0.84,1.22,-0.13,0,0,-6.00
2004-01-05T16:00:00,-1.57,0.12,0.05,0.92,-0.79,0.75,-0.9,0.16,-0.18,0,0,-5.00
2004-01-05T17:00:00,-1.72,0.15,-0.0,1.91,-0.8,0.52,-0.95,-0.02,-0.19,0,0,-11.00
2004-01-05T18:00:00,-1.29,0.02,0.11,0.42,-2.55,-1.13,-0.93,0.82,-0.18,0,0,-18.00
2004-01-05T19:00:00,-1.12,0.14,0.06,0.64,-1.04,0.3,-0.92,0.44,-0.18,0,0,-20.00
2004-01-05T20:00:00,-1.14,0.34,0.24,-0.0,-0.72,-0.31,-0.89,1.07,-0.16,0,0,-11.00
2004-01-05T21:00:00,-0.39,0.1,0.18,-0.61,-1.7,-0.16,-0.86,1.74,0.21,0,0,-11.00
2004-01-05T22:00:00,-1.48,0.17,0.15,0.91,-0.02,2.49,-0.93,0.39,-0.18,0,0,-11.00
2004-01-05T23:00:00,-1.5,0.19,0.12,1.68,-0.88,1.42,-0.95,0.35,-0.19,0,0,-16.00
2004-01-06T00:00:00,-1.61,0.14,0.11,2.96,-7.02,-8.55,-0.96,-0.2,-0.19,0,0,-17.00
2004-01-06T02:00:00,-1.39,0.17,0.1,0.86,-0.03,-0.37,-0.94,0.3,-0.18,0,0,-20.00
2004-01-06T03:00:00,-0.94,0.16,0.11,-0.12,-0.22,0.49,-0.93,1.41,-0.15,0,0,-23.00
2004-01-06T04:00:00,-0.22,0.54,0.56,-1.42,-1.45,-1.64,-0.88,1.85,-0.09,0,0,-22.00
2004-01-06T05:00:00,-0.93,0.26,0.22,-0.17,-0.97,-0.2,-0.91,0.73,-0.16,0,0,-20.00
2004-01-06T06:00:00,-1.19,0.18,0.07,0.83,-1.35,-0.26,-0.92,0.47,-0.18,0,0,-31.00
2004-01-06T07:00:00,-0.9,0.09,0.14,0.66,-0.86,3.91,-0.94,1.58,-0.15,0,0,-30.00
2004-01-06T08:00:00,-0.75,0.0,0.04,1.36,-2.97,0.95,-0.95,1.11,-0.15,0,0,-27.00
2004-01-06T11:00:00,-0.17,0.09,0.49,-0.8,-0.54,-1.25,-0.84,1.67,0.1,0,0,-21.00
2004-01-06T12:00:00,-0.14,0.06,0.53,-0.29,5.82,0.27,-0.83,1.34,0.05,0,0,-16.00
2004-01-06T13:00:00,0.33,-0.03,0.22,0.24,3.55,-3.09,-0.93,2.72,0.23,0,0,-13.00
2004-01-06T15:00:00,0.28,-0.12,0.09,2.32,9.36,-9.0,-0.97,0.55,-0.06,0,0,-15.00
2004-01-06T16:00:00,-0.69,0.13,0.18,0.09,-0.53,-0.08,-0.89,1.0,-0.11,0,0,-17.00
2004-01-06T17:00:00,-0.4,0.47,0.5,-0.86,-1.54,-1.52,-0.8,1.04,-0.08,0,0,-17.00
2004-01-06T18:00:00,-1.1,0.26,0.2,0.0,-0.83,0.09,-0.88,0.21,-0.17,0,0,-14.00
2004-01-06T19:00:00,-0.79,0.35,0.4,-0.4,-1.29,-0.94,-0.82,0.47,-0.14,0,0,-17.00
2004-01-06T20:00:00,-0.59,0.9,0.86,-1.35,-3.1,-1.16,-0.44,0.83,-0.11,1,0,-15.00
2004-01-06T21:00:00,-0.92,0.23,0.16,-1.29,-2.18,1.73,-0.32,0.97,0.07,1,0,2.00
2004-01-06T22:00:00,-1.47,0.4,-0.3,-1.23,-2.83,1.6,-0.2,0.97,-0.08,1,0,-5.00
2004-01-06T23:00:00,-1.59,0.12,-1.01,-1.48,-1.89,2.87,-0.38,1.35,-0.13,1,0,-16.00
2004-01-07T00:00:00,-1.1,1.56,1.09,-2.8,-2.94,-2.04,-0.76,4.14,-0.14,1,0,-34.00
2004-01-07T01:00:00,-1.65,0.82,0.6,-1.87,-1.44,-1.61,-0.75,2.61,-0.15,1,0,-30.00
2004-01-07T02:00:00,-1.56,0.67,0.5,-1.56,-1.87,-1.51,-0.74,1.74,-0.15,1,0,-23.00
2004-01-07T03:00:00,-1.35,0.68,0.49,-1.79,-2.05,-0.09,-0.74,2.39,-0.12,1,0,-27.00
2004-01-07T04:00:00,-1.37,0.75,0.5,-1.67,-2.06,-1.85,-0.78,2.38,-0.14,1,0,-31.00
2004-01-07T05:00:00,-1.78,0.48,0.2,-1.05,-0.44,-1.06,-0.78,0.92,-0.17,1,0,-33.00
2004-01-07T06:00:00,-1.85,0.54,0.27,-0.74,-1.0,-0.54,-0.8,0.86,-0.17,1,0,-40.00
2004-01-07T07:00:00,-2.1,0.36,0.13,0.01,-0.61,-1.03,-0.89,0.52,-0.19,1,0,-46.00
2004-01-07T08:00:00,-0.81,-0.13,-0.36,-1.47,0.86,2.65,-0.63,1.87,0.03,1,0,-34.00
2004-01-07T09:00:00,-1.6,0.44,0.03,-0.57,-0.94,0.77,-0.75,1.84,-0.14,1,0,-36.00
2004-01-07T10:00:00,-1.19,0.25,-0.13,-0.88,-0.48,1.8,-0.7,1.71,-0.09,1,0,-46.00
2004-01-07T11:00:00,-0.69,0.64,0.5,-1.06,-2.11,-0.73,-0.76,2.1,-0.07,1,0,-45.00
2004-01-07T12:00:00,-1.32,-0.06,-0.28,-0.3,0.32,2.65,-0.82,0.62,-0.16,1,0,-45.00
2004-01-07T13:00:00,-1.28,-0.07,-0.27,0.0,0.28,0.88,-0.88,1.12,-0.16,1,0,-36.00
2004-01-07T14:00:00,-1.65,0.12,0.03,0.51,-1.11,0.84,-0.97,0.24,-0.19,1,0,-50.00
2004-01-07T15:00:00,-1.44,0.2,0.03,0.8,-0.98,-1.47,-0.95,0.59,-0.18,1,0,-45.00
2004-01-07T16:00:00,-1.22,0.09,0.11,0.69,-2.5,-2.34,-0.96,0.52,-0.18,1,0,-38.00
2004-01-07T17:00:00,-1.13,0.24,0.17,2.16,-9.01,-8.74,-0.97,0.47,-0.19,0,0,-38.00
2004-01-07T18:00:00,-1.3,0.24,0.12,0.75,-2.65,-1.35,-0.97,0.28,-0.19,0,0,-40.00
2004-01-07T19:00:00,-1.4,0.17,0.18,1.92,4.93,-0.1,-0.97,0.28,-0.19,0,0,-35.00
2004-01-07T20:00:00,-1.41,0.09,0.07,0.54,-1.98,0.03,-0.93,1.02,-0.18,0,0,-36.00
2004-01-07T21:00:00,-1.13,0.21,0.21,0.32,1.41,0.03,-0.94,1.44,-0.17,0,0,-29.00
2004-01-07T22:00:00,-0.47,0.06,0.34,-1.4,-0.32,-1.51,-0.88,3.23,0.14,0,0,-27.00
2004-01-07T23:00:00,-0.64,0.13,0.28,-0.99,-0.65,-1.77,-0.91,2.55,-0.06,0,0,-22.00
2004-01-08T00:00:00,-0.79,0.28,0.32,-0.64,-0.88,1.12,-0.92,1.14,-0.15,0,0,-18.00
2004-01-08T01:00:00,-0.98,0.13,0.25,0.73,-0.43,4.34,-0.96,0.28,-0.18,0,0,-18.00
2004-01-08T04:00:00,-0.0,0.04,0.16,1.53,-0.81,5.7,-0.96,0.79,0.76,0,0,-17.00
2004-01-08T05:00:00,-0.01,0.01,0.15,1.35,8.19,-0.7,-0.94,1.4,2.86,0,0,-14.00
2004-01-08T06:00:00,-0.63,0.15,0.13,0.84,0.69,-0.05,-0.94,0.6,-0.15,0,0,-16.00
2004-01-08T07:00:00,-0.59,0.05,0.13,0.54,-5.23,-6.69,-0.96,0.28,-0.17,0,0,-19.00
2004-01-08T12:00:00,-1.02,0.18,0.04,3.32,-4.4,-4.81,-0.97,0.1,-0.19,0,0,-18.00
2004-01-08T13:00:00,-1.12,0.1,0.1,4.2,-0.94,-2.66,-0.97,0.06,-0.19,0,0,-15.00
2004-01-08T14:00:00,-0.17,0.02,0.11,0.92,-6.98,-0.77,-0.95,1.19,0.47,0,0,-14.00
2004-01-08T15:00:00,-0.3,0.11,0.15,0.39,-0.79,-1.23,-0.95,0.76,-0.03,0,0,-14.00
2004-01-08T16:00:00,-0.46,0.08,0.11,2.23,-2.39,2.48,-0.97,0.28,-0.15,0,0,-15.00
2004-01-08T19:00:00,-0.8,0.1,0.17,1.1,1.01,-0.05,-0.94,0.12,-0.18,0,0,-16.00
2004-01-08T21:00:00,-0.39,0.09,0.12,0.69,1.52,0.04,-0.92,0.78,-0.03,0,0,-11.00
2004-01-08T22:00:00,-0.12,0.03,0.07,0.92,-1.59,0.43,-0.93,0.3,0.66,0,0,-5.00
2004-01-08T23:00:00,-0.75,0.24,-0.02,1.82,3.75,-1.57,-0.97,0.33,-0.18,0,0,-6.00
2004-01-09T00:00:00,-1.0,0.23,0.05,0.72,-0.26,-0.27,-0.85,-0.02,-0.17,0,0,-7.00
2004-01-09T01:00:00,-1.26,0.19,0.08,1.29,0.63,-0.56,-0.89,-0.09,-0.18,0,0,-7.00
2004-01-09T02:00:00,-1.1,0.14,0.09,0.95,1.39,-1.53,-0.89,-0.0,-0.18,0,0,-12.00
2004-01-09T03:00:00,-0.91,0.07,-0.0,2.8,4.31,1.46,-0.95,0.04,-0.18,0,0,-15.00
2004-01-09T04:00:00,-0.55,-0.03,-0.0,1.4,0.3,1.5,-0.92,0.84,-0.1,0,0,-12.00
2004-01-09T05:00:00,-0.98,0.16,0.01,0.88,-0.95,0.22,-0.83,0.28,-0.16,0,0,-12.00
2004-01-09T06:00:00,-1.39,0.22,0.04,1.05,-0.16,-0.79,-0.85,0.33,-0.17,0,0,-11.00
2004-01-09T07:00:00,-0.61,0.07,0.12,-0.46,0.21,-1.38,-0.7,0.45,0.0,0,0,-15.00
2004-01-09T08:00:00,-1.23,0.22,-0.16,0.11,-0.09,0.12,-0.74,1.0,-0.13,0,0,-18.00
2004-01-09T09:00:00,-0.08,0.02,-0.05,0.36,-0.35,-0.71,-0.75,1.07,3.15,0,0,-18.00
2004-01-09T10:00:00,-0.63,0.2,-0.04,0.74,0.18,0.15,-0.8,1.27,-0.01,0,0,-28.00
2004-01-09T11:00:00,-1.78,0.21,-0.02,1.49,-1.41,-0.17,-0.86,0.43,-0.18,0,0,-27.00
2004-01-09T12:00:00,-1.52,0.26,0.04,1.18,1.0,0.16,-0.89,0.91,-0.18,0,0,-28.00
2004-01-09T13:00:00,-0.69,0.02,0.06,1.3,-6.71,0.45,0.56,2.66,2.1,0,0,-25.00
2004-01-09T15:00:00,-1.18,0.4,0.01,1.72,2.85,-1.05,-0.9,0.13,-0.18,0,0,-21.00
2004-01-09T16:00:00,-0.64,0.99,-0.18,-0.88,-0.82,-1.83,-0.08,1.27,0.05,0,0,-18.00
2004-01-09T17:00:00,-0.15,0.6,0.39,-0.99,-0.64,-2.18,-0.04,1.56,0.63,0,0,-19.00
2004-01-09T18:00:00,-1.15,0.39,-0.12,-1.13,-0.71,0.61,-0.04,1.96,0.16,0,0,-19.00
2004-01-09T19:00:00,-0.75,0.67,0.27,-1.06,-1.67,0.96,0.15,1.85,0.36,0,0,-28.00
2004-01-09T20:00:00,-0.56,0.92,0.36,-1.21,-2.18,0.99,0.56,1.61,0.37,0,0,-22.00
2004-01-09T21:00:00,1.03,0.7,0.29,-1.39,-2.59,1.28,1.0,1.14,0.28,0,0,-16.00
2004-01-09T22:00:00,0.38,1.08,0.82,-1.16,-2.92,0.84,1.08,0.76,0.1,0,0,-9.00
2004-01-09T23:00:00,0.64,1.39,1.17,-1.05,-2.84,0.74,1.01,0.43,-0.08,0,0,-3.00
2004-01-10T00:00:00,0.26,1.54,0.9,-0.86,-2.88,0.62,1.16,0.65,-0.02,0,0,3.00
2004-01-10T01:00:00,0.05,1.34,0.87,-0.64,-2.75,0.27,0.74,0.79,-0.0,0,0,-3.00
2004-01-10T02:00:00,0.2,1.25,0.51,-0.69,-2.68,1.09,0.57,0.52,0.01,0,0,-6.00
2004-01-10T03:00:00,-0.76,1.07,0.26,-0.4,-1.86,0.92,0.12,0.37,-0.06,0,0,-8.00
2004-01-10T04:00:00,-1.03,0.64,0.2,-0.23,-1.44,0.45,0.12,0.73,0.02,0,0,-8.00
2004-01-10T05:00:00,-0.74,0.09,0.88,-0.43,-1.12,0.35,0.12,1.21,0.1,0,0,-8.00
2004-01-10T06:00:00,-0.94,0.42,0.85,-0.36,-1.45,0.29,0.37,0.82,0.03,0,0,-1.00
2004-01-10T07:00:00,-0.51,0.8,-0.09,-0.55,-1.46,0.58,0.4,0.72,0.22,0,0,1.00
2004-01-10T08:00:00,-0.32,0.77,-0.75,-0.47,-1.3,1.13,0.13,0.81,0.01,0,0,-22.00
2004-01-10T09:00:00,-0.96,1.02,0.19,-0.18,-1.58,-0.21,-0.25,0.76,-0.08,0,0,-41.00
2004-01-10T10:00:00,-0.82,0.94,1.3,-0.76,-1.2,1.0,-0.22,0.95,-0.12,0,0,-40.00
2004-01-10T11:00:00,-0.41,-0.42,1.16,-0.43,0.61,-0.4,-0.46,1.67,-0.06,0,0,-25.00
2004-01-10T12:00:00,0.74,-1.06,0.8,0.26,2.45,-0.53,-0.76,1.04,-0.15,0,0,-22.00
2004-01-10T13:00:00,0.1,-0.55,0.54,-0.35,-0.29,0.93,-0.7,1.76,0.06,0,0,-19.00
2004-01-10T14:00:00,-1.09,-0.44,0.26,0.43,-0.15,-0.34,-0.62,0.53,-0.12,0,0,-21.00
2004-01-10T15:00:00,-0.7,-0.74,-0.27,-0.13,-0.78,0.64,-0.74,0.54,-0.13,0,0,-28.00
2004-01-10T16:00:00,0.23,-1.3,-0.53,-0.64,-1.41,-0.25,-0.87,0.18,-0.18,0,0,-43.00
2004-01-10T17:00:00,0.62,-1.28,-0.61,-0.47,-0.56,-0.08,-0.91,0.58,-0.18,0,0,-45.00
2004-01-10T18:00:00,0.72,-0.82,-0.25,4.15,-1.26,3.89,-0.96,0.22,-0.19,0,0,-45.00
2004-01-10T19:00:00,1.27,-0.36,-0.17,1.16,3.5,1.77,-0.96,-0.22,-0.19,0,0,-42.00
2004-01-10T20:00:00,0.9,-0.39,0.24,0.52,-0.27,-0.86,-0.81,0.22,-0.15,0,0,-32.00
2004-01-10T21:00:00,-0.42,-0.36,0.67,-0.59,-1.55,0.17,-0.71,0.67,-0.09,0,0,-30.00
2004-01-10T22:00:00,-0.7,-0.27,0.7,-0.83,-1.92,-0.02,-0.77,0.36,-0.15,0,0,-31.00
2004-01-10T23:00:00,0.28,-0.4,0.23,-0.14,-1.68,0.17,-0.8,0.98,0.1,0,0,-29.00
2004-01-11T00:00:00,-0.82,-0.21,0.67,-0.81,-1.61,-1.1,-0.73,0.44,-0.14,0,0,-26.00
2004-01-11T01:00:00,-0.73,-0.33,0.48,-0.65,-1.33,-1.33,-0.69,0.54,-0.1,0,0,-19.00
2004-01-11T02:00:00,-0.98,-0.27,0.47,-0.69,-0.8,-1.39,-0.74,0.61,-0.13,0,0,-19.00
2004-01-11T03:00:00,-0.18,-0.34,0.4,-0.2,-0.74,-1.92,-0.79,1.84,0.2,0,0,-15.00
2004-01-11T04:00:00,-0.28,-0.13,0.34,-0.03,0.94,-1.92,-0.91,2.39,0.13,0,0,-14.00
2004-01-11T05:00:00,-1.05,0.16,0.43,-1.0,-1.02,-2.61,-0.8,1.12,-0.13,0,0,-14.00
2004-01-11T06:00:00,-0.81,0.08,0.54,-1.36,-0.51,-3.08,-0.79,2.18,-0.06,0,0,-8.00
2004-01-11T07:00:00,-1.3,0.26,0.27,-0.74,-1.26,-1.0,-0.85,0.69,-0.17,0,0,-8.00
2004-01-11T08:00:00,-1.63,0.19,0.12,1.03,1.17,-2.01,-0.93,0.6,-0.18,0,0,-13.00
2004-01-11T09:00:00,-1.04,0.39,0.39,-0.55,-0.16,-2.11,-0.83,2.03,-0.12,0,0,-18.00
2004-01-11T10:00:00,-1.63,0.3,0.13,-0.01,-0.25,0.4,-0.92,0.66,-0.18,0,0,-14.00
2004-01-11T11:00:00,-1.54,0.25,0.11,0.46,1.61,-0.0,-0.93,0.73,-0.18,0,0,-17.00
2004-01-11T12:00:00,-1.54,0.28,0.07,0.79,-0.62,0.02,-0.92,0.67,-0.18,0,0,-22.00
2004-01-11T13:00:00,-1.05,0.3,0.26,-0.74,-0.71,-1.06,-0.81,1.35,-0.13,0,0,-20.00
2004-01-11T14:00:00,-1.37,0.2,0.07,-0.2,0.72,0.09,-0.86,0.62,-0.17,0,0,-23.00
2004-01-11T15:00:00,-1.17,0.27,-0.05,-0.41,-0.8,-0.09,-0.77,0.98,-0.14,0,0,-28.00
2004-01-11T16:00:00,-0.89,0.19,-0.21,-0.45,-0.25,2.03,-0.81,1.48,-0.09,0,0,-31.00
2004-01-11T17:00:00,-0.67,0.4,-0.54,-0.72,-1.23,1.94,-0.7,0.61,-0.12,0,0,-29.00
2004-01-11T18:00:00,-1.01,0.3,0.18,-0.21,-1.01,-0.72,-0.66,0.24,-0.13,0,0,-33.00
2004-01-11T19:00:00,-1.0,0.19,0.28,-0.03,-0.84,-1.02,-0.7,0.3,-0.14,0,0,-31.00
2004-01-11T20:00:00,-1.38,0.12,0.17,0.59,-0.28,-0.55,-0.81,0.31,-0.17,0,0,-24.00
2004-01-11T21:00:00,-1.14,0.15,0.15,0.35,-0.53,-0.28,-0.78,0.94,-0.13,0,0,-24.00
2004-01-11T22:00:00,-0.96,0.23,0.08,-0.19,-0.91,0.34,-0.62,0.31,-0.11,0,0,-22.00
2004-01-11T23:00:00,-0.75,0.07,0.15,-0.03,-0.53,0.16,-0.68,0.67,-0.03,0,0,-20.00
2004-01-12T00:00:00,-0.79,0.12,0.15,-0.04,-0.79,0.41,-0.69,0.36,-0.08,0,0,-21.00
2004-01-12T01:00:00,-0.8,0.09,0.21,0.08,-1.11,0.12,-0.77,0.62,-0.1,0,0,-19.00
2004-01-12T02:00:00,-0.53,0.08,0.27,0.28,-1.2,-0.98,-0.83,0.81,-0.03,0,0,-20.00
2004-01-12T03:00:00,0.58,0.03,0.15,-0.38,-2.92,-0.16,-0.76,0.74,0.02,0,0,-16.00
2004-01-12T04:00:00,-0.44,-0.08,-0.11,0.04,-0.11,1.24,-0.69,1.02,0.27,0,0,-12.00
2004-01-12T05:00:00,0.17,-0.08,0.31,0.63,0.03,-2.17,-0.88,0.81,0.19,0,0,-14.00
2004-01-12T06:00:00,0.96,-0.21,0.26,0.97,3.91,-3.25,-0.96,0.73,-0.18,0,0,-11.00
2004-01-12T07:00:00,1.25,-0.34,0.41,0.8,1.46,-1.47,-0.85,0.57,-0.17,0,0,-8.00
2004-01-12T08:00:00,0.46,0.07,0.26,0.63,-0.14,-0.79,-0.78,0.76,0.08,0,0,-10.00
2004-01-12T09:00:00,1.41,-0.27,0.19,3.92,8.85,-0.4,-0.95,-0.17,-0.19,0,0,-12.00
2004-01-12T10:00:00,1.4,-0.27,0.17,2.07,2.39,-0.32,-0.92,0.49,-0.18,0,0,-13.00
2004-01-12T11:00:00,0.99,-0.2,0.17,1.92,-3.19,-0.36,-0.93,0.49,-0.17,0,0,-13.00
2004-01-12T12:00:00,-0.11,-0.16,0.17,3.05,-14.86,-23.88,-0.99,1.56,0.03,0,0,-13.00
2004-01-12T13:00:00,0.94,-0.41,0.14,3.62,-5.1,-0.16,-0.96,-0.42,-0.19,0,0,-15.00
2004-01-12T14:00:00,-0.22,-0.22,0.03,-0.77,-5.75,4.85,-0.95,1.83,0.14,0,0,-10.00
2004-01-12T15:00:00,-0.01,-0.01,-0.42,-0.12,-0.6,0.08,-0.66,1.53,0.3,0,0,-13.00
2004-01-12T16:00:00,-0.24,-0.38,-0.42,-0.13,-0.58,1.02,-0.65,1.15,0.07,0,0,-20.00
2004-01-12T17:00:00,-0.24,-0.4,-0.41,0.07,-0.54,0.58,-0.63,1.23,0.09,0,0,-28.00
2004-01-12T18:00:00,-0.47,0.15,-0.04,0.26,-1.23,0.04,-0.62,0.71,0.23,0,0,-23.00
2004-01-12T19:00:00,-0.18,-0.06,-0.55,-0.13,-0.99,1.1,-0.52,1.03,0.11,0,0,-21.00
2004-01-12T20:00:00,-0.34,0.27,-0.38,0.07,-1.37,0.83,-0.55,0.9,0.11,0,0,-20.00
2004-01-12T21:00:00,-0.35,0.04,-0.41,0.05,-0.37,1.15,-0.5,1.0,0.2,0,0,-21.00
2004-01-12T22:00:00,0.24,-0.24,-0.26,0.2,-0.11,-0.25,-0.59,1.06,0.4,0,0,-23.00
2004-01-12T23:00:00,-0.06,0.2,-0.58,-0.16,-1.14,0.64,-0.48,1.08,0.11,0,0,-22.00
2004-01-13T00:00:00,0.55,-0.09,-0.01,0.23,-1.92,-1.04,-0.7,1.48,0.28,0,0,-28.00
2004-01-13T01:00:00,-0.23,0.09,-0.19,0.18,-1.68,-0.22,-0.61,0.94,0.64,0,0,-25.00
2004-01-13T02:00:00,-0.38,0.16,-0.22,0.22,-1.2,0.69,-0.66,0.89,0.19,0,0,-24.00
2004-01-13T03:00:00,-0.71,0.15,-0.09,0.29,-1.27,0.5,-0.61,0.99,0.05,0,0,-24.00
2004-01-13T04:00:00,-0.55,0.01,0.15,0.21,-1.66,0.23,-0.51,1.01,0.36,0,0,-24.00
2004-01-13T05:00:00,-0.26,-0.16,-0.03,0.27,-0.59,0.52,-0.68,1.42,1.23,0,0,-21.00
2004-01-13T06:00:00,-0.59,0.08,-0.04,0.14,-1.46,1.11,-0.67,0.67,0.07,0,0,-21.00
2004-01-13T07:00:00,-0.61,0.1,-0.05,0.14,-1.37,1.14,-0.64,0.75,0.07,0,0,-23.00
2004-01-13T08:00:00,-0.77,0.31,0.39,0.36,-1.6,-0.09,-0.68,0.65,-0.08,0,0,-20.00
2004-01-13T09:00:00,-0.27,-0.18,0.41,0.29,-1.16,0.48,-0.71,1.01,0.2,0,0,-17.00
2004-01-13T10:00:00,-0.4,-0.09,0.41,0.09,-0.58,0.3,-0.74,2.57,0.37,0,0,-16.00
2004-01-13T11:00:00,-0.32,0.09,0.44,-0.49,-0.26,0.78,-0.76,2.17,0.28,0,0,-8.00
2004-01-13T12:00:00,-0.46,0.6,0.29,-0.44,-1.81,0.52,-0.78,1.22,-0.05,0,0,-7.00
2004-01-13T13:00:00,-1.35,0.38,0.25,0.16,-0.45,0.83,-0.62,1.25,-0.11,0,0,1.00
2004-01-13T14:00:00,-0.55,0.15,0.12,-0.41,0.32,0.29,-0.22,1.45,0.86,0,0,10.00
2004-01-13T15:00:00,-0.39,0.05,-0.09,-0.45,0.07,0.39,-0.37,1.75,1.43,0,0,-1.00
2004-01-13T16:00:00,-0.18,-0.01,0.2,-0.12,-0.4,-0.81,-0.59,1.61,3.2,0,0,-10.00
2004-01-13T17:00:00,-0.35,-0.03,0.07,-0.42,-2.43,-1.72,-0.6,2.18,1.74,0,0,-1.00
2004-01-13T18:00:00,-0.57,0.03,0.12,0.58,0.92,2.55,-0.84,2.3,0.13,0,0,-8.00
2004-01-13T19:00:00,0.18,-0.09,0.23,-0.1,0.5,0.65,-0.56,1.57,2.76,0,0,-10.00
2004-01-13T20:00:00,0.29,-0.08,-0.07,-0.45,-0.55,-0.55,-0.52,1.18,1.53,0,0,-10.00
2004-01-13T21:00:00,0.55,-0.2,-0.02,0.0,-0.35,-0.81,-0.69,1.11,0.17,0,0,-18.00
2004-01-13T22:00:00,0.37,-0.07,0.36,-0.3,-0.41,-1.76,-0.69,0.99,0.25,0,0,-23.00
2004-01-13T23:00:00,0.27,-0.13,0.15,0.92,-9.3,3.4,-0.94,0.66,0.04,0,0,-13.00
2004-01-14T00:00:00,-0.6,0.04,0.05,-0.07,0.51,0.74,-0.63,1.72,0.33,0,0,-7.00
2004-01-14T01:00:00,-0.31,-0.05,-0.26,-0.35,-0.17,0.52,-0.52,1.3,0.59,0,0,-5.00
2004-01-14T02:00:00,-0.33,-0.1,0.15,0.11,-0.23,0.27,-0.61,1.25,1.08,0,0,-14.00
2004-01-14T03:00:00,-0.7,-0.14,0.13,-0.66,1.65,1.1,-0.82,1.91,0.01,0,0,-20.00
2004-01-14T04:00:00,0.64,-0.21,0.11,2.14,-6.07,8.97,-0.97,0.58,-0.16,0,0,-20.00
2004-01-14T05:00:00,0.61,-0.33,0.03,-0.44,-0.3,-0.93,-0.88,1.49,-0.06,0,0,-19.00
2004-01-14T06:00:00,0.94,-0.35,0.06,0.35,0.64,-0.23,-0.83,0.89,-0.13,0,0,-15.00
2004-01-14T07:00:00,0.23,-0.2,0.09,-0.35,-0.16,0.28,-0.91,1.85,0.49,0,0,-10.00
2004-01-14T08:00:00,-0.55,-0.76,0.29,-1.33,-1.0,1.83,-0.81,1.77,-0.08,0,0,-9.00
2004-01-14T09:00:00,-0.23,-0.57,0.23,-0.34,-0.61,2.06,-0.79,1.84,0.09,0,0,-7.00
2004-01-14T10:00:00,0.34,-0.43,-0.14,-0.22,0.49,0.07,-0.58,1.76,0.46,0,0,-6.00
2004-01-14T11:00:00,-1.06,-0.04,0.06,0.13,-0.72,-0.3,-0.79,1.54,-0.1,0,0,-14.00
2004-01-14T12:00:00,-0.91,0.09,-0.01,0.68,-0.22,-0.16,-0.92,1.16,-0.15,0,0,-17.00
2004-01-14T13:00:00,0.1,-0.14,0.04,-0.21,-4.78,2.9,-0.9,1.21,1.57,0,0,-19.00
2004-01-14T14:00:00,-0.29,-0.2,-0.06,-0.53,-0.27,-2.12,-0.87,1.02,0.15,0,0,-20.00
2004-01-14T15:00:00,0.77,-0.7,-0.5,0.07,-1.36,-1.43,-0.69,1.01,-0.12,0,0,-15.00
2004-01-14T16:00:00,1.18,-0.41,-0.12,0.73,-0.33,-0.94,-0.75,-0.07,-0.17,0,0,-15.00
2004-01-14T17:00:00,0.86,-0.46,-0.47,0.36,-1.04,-1.59,-0.63,0.4,-0.13,0,0,-18.00
2004-01-14T18:00:00,0.82,-0.44,-0.54,0.38,-1.16,-1.88,-0.66,0.37,-0.14,0,0,-21.00
2004-01-14T19:00:00,0.68,-0.26,-0.23,0.59,-0.54,-1.29,-0.8,0.61,-0.1,0,0,-24.00
2004-01-14T20:00:00,0.8,-0.35,-0.27,0.75,-0.61,-0.22,-0.72,0.96,-0.08,0,0,-19.00
2004-01-14T21:00:00,1.19,-0.23,0.03,0.95,0.23,0.28,-0.8,1.01,-0.14,0,0,-16.00
2004-01-14T22:00:00,1.0,-0.43,-0.2,0.47,-0.7,-1.22,-0.62,0.46,-0.12,0,0,-13.00
2004-01-14T23:00:00,1.39,-0.26,-0.1,1.29,0.24,2.59,-0.79,0.52,-0.16,0,0,-15.00
2004-01-15T00:00:00,1.62,-0.25,-0.04,1.26,1.06,-0.89,-0.92,0.42,-0.18,1,0,-14.00
2004-01-15T01:00:00,1.01,-0.38,0.14,0.7,0.6,0.57,-0.77,0.49,-0.14,1,0,-12.00
2004-01-15T02:00:00,1.09,-0.35,0.28,0.69,-0.21,0.73,-0.76,-0.01,-0.17,1,0,-12.00
2004-01-15T03:00:00,1.07,-0.31,0.07,0.72,-0.17,-0.18,-0.78,0.0,-0.16,1,0,-13.00
2004-01-15T04:00:00,0.78,-0.29,-0.16,0.63,0.15,-0.79,-0.83,0.45,-0.13,1,0,-14.00
2004-01-15T05:00:00,0.86,-0.53,-0.06,0.38,-1.23,-0.44,-0.78,0.31,-0.15,1,0,-13.00
2004-01-15T06:00:00,1.14,-0.78,0.31,0.44,-1.5,0.74,-0.66,-0.13,-0.17,1,0,-8.00
2004-01-15T07:00:00,1.0,-0.84,0.73,0.37,-1.37,1.7,-0.6,-0.1,-0.17,1,0,-2.00
2004-01-15T08:00:00,0.85,-0.7,0.97,0.22,-1.22,2.61,-0.57,0.03,-0.16,1,0,0.00
2004-01-15T09:00:00,0.9,-0.75,0.82,0.22,-1.42,1.88,-0.48,0.12,-0.15,1,0,0.00
2004-01-15T10:00:00,0.33,-0.2,1.29,-0.31,-0.83,1.95,-0.46,0.23,-0.15,1,0,1.00
2004-01-15T11:00:00,0.85,-0.56,0.42,0.19,-1.28,0.77,-0.51,0.24,-0.11,1,0,2.00
2004-01-15T12:00:00,1.2,-0.66,0.48,0.41,-1.57,1.26,-0.54,0.02,-0.16,1,0,2.00
2004-01-15T13:00:00,1.3,-1.37,-0.32,0.3,-2.61,-0.24,-0.71,0.31,-0.18,1,0,-2.00
2004-01-15T14:00:00,0.73,-1.23,-0.83,-0.24,-2.34,-1.61,-0.58,0.75,-0.15,1,0,-9.00
2004-01-15T15:00:00,0.23,-0.84,-1.31,-0.64,-1.48,-3.07,-0.63,1.58,-0.14,1,0,-17.00
2004-01-15T16:00:00,1.16,-0.65,-0.73,0.19,-0.17,-1.67,-0.76,1.1,-0.16,1,0,-39.00
2004-01-15T17:00:00,0.62,-0.62,-0.42,-0.6,-1.31,-0.72,-0.8,1.8,-0.09,1,0,-50.00
2004-01-15T18:00:00,0.22,-0.75,-0.53,-0.86,-0.44,-0.79,-0.72,1.91,-0.05,1,0,-44.00
2004-01-15T19:00:00,1.57,-0.51,-0.1,0.68,1.14,0.8,-0.84,0.34,-0.18,1,0,-41.00
2004-01-15T20:00:00,0.91,-0.54,-0.74,-0.23,-0.89,-1.91,-0.5,0.46,-0.13,1,0,-34.00
2004-01-15T21:00:00,0.8,-0.45,-0.59,-0.24,-0.92,-1.37,-0.38,0.69,-0.07,1,0,-41.00
2004-01-15T22:00:00,0.88,-0.52,-0.02,-0.24,-0.97,-0.13,-0.4,0.58,-0.03,1,0,-48.00
2004-01-15T23:00:00,1.14,-0.04,-0.43,0.04,0.41,-0.15,-0.58,0.78,-0.11,1,0,-44.00
2004-01-16T00:00:00,1.49,-0.24,-0.01,0.58,-0.27,-0.02,-0.78,0.71,-0.16,1,0,-36.00
2004-01-16T01:00:00,0.71,-0.17,0.4,-0.77,-0.45,0.57,-0.6,1.64,0.12,1,0,-29.00
2004-01-16T02:00:00,1.13,-0.56,-0.05,-0.31,-0.58,-0.23,-0.44,0.62,-0.09,1,0,-22.00
2004-01-16T03:00:00,1.19,-0.51,-0.22,-0.21,-0.56,-0.86,-0.54,0.36,-0.13,1,0,-23.00
2004-01-16T04:00:00,0.69,-0.29,0.18,-0.52,0.18,0.13,-0.64,1.26,0.09,1,0,-24.00
2004-01-16T05:00:00,1.37,-0.23,-0.05,0.08,0.01,-1.29,-0.75,1.91,-0.12,1,0,-24.00
2004-01-16T06:00:00,1.41,-0.48,0.07,-0.08,-0.37,-0.01,-0.77,0.42,-0.17,1,0,-27.00
2004-01-16T07:00:00,1.13,-0.51,0.16,-0.37,-0.57,0.74,-0.68,0.64,-0.13,1,0,-23.00
2004-01-16T08:00:00,1.01,-0.26,-0.09,-0.18,-0.3,-1.11,-0.79,1.75,-0.08,1,0,-19.00
2004-01-16T09:00:00,0.52,-0.05,0.14,-0.27,-0.76,2.67,-0.92,2.17,0.02,1,0,-23.00
2004-01-16T10:00:00,-0.82,-0.17,-0.02,-1.59,1.19,4.02,-0.91,4.46,-0.03,1,0,-22.00
2004-01-16T11:00:00,0.37,-0.06,-0.04,0.7,0.89,0.98,-0.88,0.92,0.1,1,0,-20.00
2004-01-16T12:00:00,-1.67,0.17,0.05,-0.11,-0.65,-0.24,-0.86,1.43,-0.17,1,0,-24.00
2004-01-16T13:00:00,-1.62,0.19,0.17,3.01,8.53,0.35,-0.95,0.27,-0.19,1,0,-32.00
2004-01-16T14:00:00,-0.78,0.02,0.19,-0.85,-2.6,-0.51,-0.78,2.3,0.04,1,0,-23.00
2004-01-16T15:00:00,0.71,-0.17,0.48,-0.81,0.23,2.0,-0.75,1.47,-0.04,1,0,-24.00
2004-01-16T16:00:00,-0.13,0.07,0.29,-0.08,-0.58,4.53,-0.79,1.52,0.85,1,0,-26.00
2004-01-16T18:00:00,0.1,-0.03,0.15,-0.02,0.95,0.81,-0.89,1.91,3.99,1,0,-37.00
2004-01-16T19:00:00,1.32,-0.16,-0.06,-0.09,-0.26,-1.58,-0.86,0.86,-0.16,1,0,-30.00
2004-01-16T20:00:00,1.17,-0.01,-0.09,0.06,2.84,-0.43,-0.92,0.85,-0.17,1,0,-32.00
2004-01-16T21:00:00,0.88,-0.18,-0.06,-0.46,-0.14,-0.77,-0.81,1.3,-0.09,1,0,-34.00
2004-01-16T22:00:00,0.74,-0.27,-0.28,-0.96,0.18,-1.41,-0.74,1.07,-0.07,1,0,-28.00
2004-01-16T23:00:00,1.13,-0.12,-0.01,-0.46,-0.3,-0.8,-0.82,0.98,-0.14,1,0,-29.00
2004-01-17T00:00:00,-0.26,-0.02,0.19,0.11,2.03,3.18,-0.86,1.92,0.76,1,0,-29.00
2004-01-17T01:00:00,0.13,-0.08,0.29,-0.75,-0.34,1.18,-0.84,2.8,1.2,0,0,-29.00
2004-01-17T02:00:00,0.94,-0.15,0.11,-0.01,-0.25,-0.34,-0.92,1.42,-0.15,0,0,-26.00
2004-01-17T04:00:00,0.72,-0.2,-0.03,-0.71,-2.01,-0.26,-0.87,3.3,0.03,0,0,-25.00
2004-01-17T05:00:00,0.49,-0.22,0.14,-1.01,-0.29,0.89,-0.84,1.52,0.09,0,0,-25.00
2004-01-17T06:00:00,0.8,-0.13,0.15,-0.54,-0.98,0.47,-0.88,2.17,-0.07,0,0,-23.00
2004-01-17T07:00:00,-0.47,0.04,0.16,0.58,-0.91,6.84,-0.93,1.53,-0.04,0,0,-25.00
2004-01-17T08:00:00,0.37,-0.06,0.09,-0.44,-1.99,1.5,-0.92,2.31,0.24,0,0,-25.00
2004-01-17T09:00:00,1.34,-0.21,0.1,0.22,-3.87,3.71,-0.95,2.78,-0.17,0,0,-27.00
2004-01-17T10:00:00,0.62,-0.11,0.03,-0.73,-2.89,6.21,-0.95,2.33,-0.09,0,0,-32.00
2004-01-17T11:00:00,0.93,-0.15,0.09,0.45,0.59,2.28,-0.91,1.36,-0.14,0,0,-21.00
2004-01-17T12:00:00,0.5,-0.09,0.02,0.15,-1.91,-0.72,-0.89,1.72,0.05,0,0,-17.00
2004-01-17T13:00:00,0.91,-0.17,0.02,0.31,-1.85,1.44,-0.93,1.45,-0.15,0,0,-8.00
2004-01-17T14:00:00,1.4,-0.18,0.09,1.34,-2.57,1.84,-0.95,0.22,-0.19,0,0,-10.00
2004-01-17T15:00:00,0.9,-0.11,0.06,1.92,-1.48,5.91,-0.93,1.81,-0.14,0,0,-20.00
2004-01-17T16:00:00,0.07,-0.03,0.26,-0.61,-0.33,0.8,-0.87,1.75,1.09,0,0,-21.00
2004-01-17T17:00:00,0.5,-0.26,0.07,-0.74,-0.48,0.38,-0.81,0.89,0.02,0,0,-20.00
2004-01-17T18:00:00,0.88,-0.22,-0.04,-0.01,0.35,-0.6,-0.89,0.58,-0.15,0,0,-22.00
2004-01-17T19:00:00,-0.01,0.0,0.19,0.05,0.12,0.48,-0.86,1.39,2.68,0,0,-29.00
2004-01-17T20:00:00,-0.84,0.28,0.26,0.88,2.27,1.31,-0.91,1.24,-0.15,0,0,-23.00
2004-01-17T21:00:00,0.48,-0.1,0.08,0.27,-0.38,1.05,-0.9,0.34,-0.09,0,0,-18.00
2004-01-17T22:00:00,0.15,0.04,0.18,0.67,1.53,0.56,-0.9,1.55,1.14,0,0,-19.00
2004-01-17T23:00:00,-0.09,0.11,0.46,-0.27,1.08,2.64,-0.81,1.61,0.22,0,0,-20.00
2004-01-18T00:00:00,0.36,0.13,0.34,-0.45,0.15,1.5,-0.81,1.3,0.14,0,0,-13.00
2004-01-18T01:00:00,0.25,-0.08,0.24,-0.36,-0.38,1.02,-0.81,1.23,0.61,0,0,-10.00
2004-01-18T02:00:00,0.34,-0.08,0.19,-0.2,2.28,1.03,-0.86,1.5,0.32,0,0,-11.00
2004-01-18T03:00:00,0.05,-0.16,-0.06,-0.43,-0.24,0.17,-0.71,1.3,2.37,0,0,-13.00
2004-01-18T04:00:00,-0.03,-0.43,-0.48,-0.64,-1.73,-1.14,-0.73,1.04,-0.02,0,0,-17.00
2004-01-18T05:00:00,0.11,-0.35,-0.27,-0.46,-1.2,0.93,-0.85,1.44,0.06,0,0,-24.00
2004-01-18T06:00:00,-0.03,-0.22,-0.17,-1.19,0.97,-0.31,-0.83,1.77,0.55,0,0,-25.00
2004-01-18T07:00:00,0.55,-0.52,-0.28,-0.36,-0.71,-0.47,-0.75,1.22,-0.05,0,0,-22.00
2004-01-18T08:00:00,0.44,-0.43,-0.29,-0.42,-0.54,-0.91,-0.78,1.28,-0.02,0,0,-21.00
2004-01-18T09:00:00,0.6,-0.09,0.46,-0.32,-0.39,2.4,-0.85,1.02,-0.09,0,0,-22.00
2004-01-18T10:00:00,0.4,-0.04,0.46,-0.43,0.16,2.42,-0.88,1.1,-0.06,0,0,-19.00
2004-01-18T11:00:00,0.65,-0.08,0.27,0.08,1.11,2.14,-0.89,0.97,-0.11,0,0,-16.00
2004-01-18T12:00:00,0.36,-0.3,-0.07,-0.6,-0.34,-0.13,-0.83,1.37,0.14,0,0,-13.00
2004-01-18T13:00:00,0.51,-0.37,0.36,-0.58,-0.53,1.21,-0.85,1.05,-0.07,0,0,-19.00
2004-01-18T14:00:00,0.55,-0.23,0.32,-0.06,-2.87,2.6,-0.89,0.9,-0.1,0,0,-23.00
2004-01-18T15:00:00,0.55,-0.15,0.56,-0.5,0.27,3.04,-0.87,0.8,-0.12,0,0,-24.00
2004-01-18T16:00:00,0.94,-0.31,0.1,-0.21,-0.57,-0.08,-0.84,0.36,-0.15,0,0,-19.00
2004-01-18T17:00:00,0.66,-0.35,0.42,-0.62,-0.75,1.55,-0.82,0.78,-0.11,0,0,-22.00
2004-01-18T18:00:00,0.61,-0.33,0.36,-0.58,-1.08,1.47,-0.83,0.64,-0.11,0,0,-21.00
2004-01-18T19:00:00,0.48,-0.12,0.16,-0.47,-0.53,0.48,-0.85,1.21,0.08,0,0,-18.00
2004-01-18T20:00:00,0.87,-0.13,-0.18,-0.18,0.06,-0.03,-0.85,0.67,-0.14,0,0,-12.00
2004-01-18T21:00:00,1.02,-0.15,-0.0,0.6,-0.99,2.6,-0.85,1.37,-0.13,0,0,-22.00
2004-01-18T22:00:00,0.53,-0.04,-0.12,-0.52,0.05,-0.96,-0.79,1.18,0.08,0,0,-22.00
2004-01-18T23:00:00,0.52,-0.2,0.14,-0.54,-0.79,0.21,-0.8,0.96,0.05,0,0,-19.00
2004-01-19T00:00:00,0.51,-0.18,0.18,-0.42,-0.43,0.24,-0.84,0.98,0.01,0,0,-15.00
2004-01-19T01:00:00,0.48,-0.11,0.13,-0.26,-0.13,-0.17,-0.8,1.32,0.18,0,0,-11.00
2004-01-19T02:00:00,0.59,-0.21,0.16,-0.48,-0.74,0.62,-0.77,1.27,0.06,0,0,-11.00
2004-01-19T03:00:00,0.56,-0.17,0.14,-0.42,-0.79,-0.07,-0.78,1.56,0.14,0,0,-14.00
2004-01-19T04:00:00,0.23,-0.1,0.72,-1.04,-0.7,1.56,-0.71,1.6,0.03,0,0,-15.00
2004-01-19T05:00:00,0.65,-0.19,0.13,-0.52,-0.91,-0.7,-0.82,0.74,-0.06,0,0,-12.00
2004-01-19T06:00:00,0.56,-0.12,0.34,-0.44,1.21,3.05,-0.87,2.19,0.01,0,0,-16.00
2004-01-19T07:00:00,-0.18,-0.09,0.51,-1.2,-0.16,1.31,-0.83,2.07,0.14,0,0,-16.00
2004-01-19T08:00:00,0.48,-0.18,0.47,-0.95,-0.3,1.34,-0.79,1.25,-0.01,0,0,-13.00
2004-01-19T09:00:00,0.76,-0.19,0.1,-0.31,-1.46,-0.97,-0.86,0.81,-0.11,0,0,-11.00
2004-01-19T10:00:00,0.37,-0.17,0.15,0.7,1.92,-0.04,-0.94,0.85,-0.05,0,0,-12.00
2004-01-19T11:00:00,1.21,-0.36,0.03,0.23,0.86,-0.86,-0.91,0.41,-0.18,0,0,-4.00
2004-01-19T12:00:00,0.76,-0.41,0.17,-0.55,0.48,-0.11,-0.79,0.88,-0.09,0,0,-2.00
2004-01-19T13:00:00,1.45,-0.28,0.06,0.61,1.77,0.36,-0.92,0.22,-0.18,0,0,-3.00
2004-01-19T14:00:00,1.24,-0.33,-0.14,0.99,-0.2,-0.58,-0.91,0.37,-0.18,0,0,-8.00
2004-01-19T15:00:00,0.75,-0.19,-0.02,-0.43,0.04,-0.68,-0.82,1.03,-0.07,0,0,-16.00
2004-01-19T16:00:00,1.09,-0.1,-0.07,-0.36,0.6,-1.92,-0.82,1.21,-0.13,0,0,-22.00
2004-01-19T17:00:00,0.61,-0.13,-0.24,-0.45,0.5,-1.39,-0.77,1.29,0.0,0,0,-25.00
2004-01-19T18:00:00,0.45,0.03,-0.29,-0.52,0.71,-1.88,-0.78,1.52,0.08,0,0,-28.00
2004-01-19T19:00:00,0.52,-0.26,0.24,-0.38,-0.07,-0.02,-0.81,1.21,0.03,0,0,-35.00
2004-01-19T20:00:00,0.39,-0.2,0.05,-0.64,-0.12,-0.76,-0.81,1.12,0.23,0,0,-34.00
2004-01-19T21:00:00,0.45,-0.17,0.28,-0.33,-0.04,0.33,-0.85,1.5,0.07,0,0,-28.00
2004-01-19T22:00:00,0.44,-0.18,0.12,-0.43,-0.24,0.37,-0.79,1.2,0.2,0,0,-22.00
2004-01-19T23:00:00,0.94,-0.12,-0.06,0.38,-0.21,0.32,-0.85,0.43,-0.15,0,0,-19.00
2004-01-20T00:00:00,0.81,-0.14,0.02,0.33,-0.43,-1.61,-0.86,1.25,-0.1,0,0,-21.00
2004-01-20T01:00:00,0.48,-0.21,-0.01,-0.33,-0.74,-1.14,-0.78,0.75,0.07,0,0,-18.00
2004-01-20T02:00:00,0.53,-0.05,-0.12,-0.06,-0.32,-1.55,-0.8,1.36,0.1,0,0,-17.00
2004-01-20T03:00:00,0.94,-0.12,-0.06,0.37,-0.21,-0.15,-0.85,0.31,-0.16,0,0,-19.00
2004-01-20T04:00:00,0.49,-0.1,-0.19,0.02,0.58,-1.26,-0.8,1.22,0.06,0,0,-24.00
2004-01-20T05:00:00,0.2,-0.09,0.11,-0.61,-0.77,-0.0,-0.79,1.49,2.24,0,0,-29.00
2004-01-20T06:00:00,0.78,-0.17,0.02,0.26,-0.01,-0.37,-0.82,1.23,-0.07,0,0,-31.00
2004-01-20T07:00:00,-0.31,0.09,0.26,0.32,-1.18,0.26,-0.85,1.36,0.22,0,0,-28.00
2004-01-20T08:00:00,0.09,-0.13,0.43,-0.35,-0.45,0.59,-0.72,1.05,0.31,0,0,-23.00
2004-01-20T09:00:00,0.46,-0.26,0.43,-0.45,-0.33,0.93,-0.73,0.8,0.01,0,0,-21.00
2004-01-20T10:00:00,0.1,-0.18,0.57,-0.58,-0.2,1.24,-0.73,1.26,0.1,0,0,-17.00
2004-01-20T11:00:00,0.1,0.01,0.11,0.72,-0.21,-1.61,-0.89,0.77,3.1,0,0,-14.00
2004-01-20T13:00:00,1.0,-0.1,-0.1,0.28,0.38,-1.52,-0.83,0.71,-0.14,0,0,-18.00
2004-01-20T14:00:00,0.5,0.07,-0.43,0.1,0.25,-0.96,-0.72,1.04,-0.02,0,0,-25.00
2004-01-20T15:00:00,0.89,0.05,-0.13,-0.47,0.62,-1.84,-0.66,1.45,-0.0,0,0,-33.00
2004-01-20T17:00:00,0.94,-0.06,-0.0,0.08,-0.66,-0.33,-0.9,1.04,-0.14,0,0,-38.00
2004-01-20T18:00:00,0.33,0.01,-0.15,-0.04,0.29,-1.53,-0.77,1.23,0.39,0,0,-36.00
2004-01-20T19:00:00,0.57,-0.14,-0.09,0.05,-0.49,-1.27,-0.76,0.73,0.01,0,0,-35.00
2004-01-20T20:00:00,0.65,-0.28,0.13,0.12,-0.89,0.13,-0.79,0.28,-0.1,0,0,-37.00
2004-01-20T21:00:00,0.59,-0.22,0.13,0.2,-0.72,-0.37,-0.8,0.18,-0.09,0,0,-33.00
2004-01-20T22:00:00,0.71,-0.28,0.2,0.35,-0.57,0.33,-0.81,0.47,-0.11,0,0,-28.00
2004-01-20T23:00:00,0.69,-0.27,0.16,0.34,-0.34,0.03,-0.79,0.39,-0.1,0,0,-22.00
2004-01-21T00:00:00,0.63,-0.22,-0.09,0.07,-0.33,-0.63,-0.73,0.39,-0.06,0,0,-18.00
2004-01-21T01:00:00,0.58,-0.45,0.28,0.08,-0.91,0.29,-0.72,0.27,-0.09,0,0,-17.00
2004-01-21T02:00:00,0.33,-0.43,0.45,-0.12,-0.92,0.81,-0.67,0.64,-0.0,0,0,-18.00
2004-01-21T03:00:00,0.6,-0.39,0.13,0.12,-1.06,-0.0,-0.73,0.18,-0.09,0,0,-19.00
2004-01-21T04:00:00,0.79,-0.29,0.09,0.26,-0.69,-0.68,-0.79,0.35,-0.12,0,0,-19.00
2004-01-21T05:00:00,0.76,-0.2,0.21,0.45,0.2,0.85,-0.8,0.64,-0.1,0,0,-20.00
2004-01-21T06:00:00,0.68,-0.26,-0.18,0.25,-0.4,-0.9,-0.73,0.2,-0.11,0,0,-21.00
2004-01-21T07:00:00,0.69,0.03,-0.14,0.47,0.28,-1.61,-0.81,0.75,-0.07,0,0,-23.00
2004-01-21T08:00:00,0.68,-0.19,0.17,0.17,-3.7,-1.46,-0.87,0.85,-0.1,0,0,-27.00
2004-01-21T09:00:00,0.25,-0.17,0.12,0.46,-0.14,-0.06,-0.79,0.6,0.54,0,0,-22.00
2004-01-21T10:00:00,0.46,0.01,-0.1,0.31,-0.62,0.07,-0.77,0.65,0.08,0,0,-12.00
2004-01-21T11:00:00,0.49,-0.04,0.07,2.0,0.24,1.24,-0.94,-0.19,-0.16,0,0,-9.00
2004-01-21T12:00:00,0.11,-0.1,-0.21,0.27,-0.67,-1.21,-0.74,0.58,0.34,0,0,-12.00
2004-01-21T13:00:00,0.56,-0.15,-0.01,0.57,-0.75,-0.55,-0.75,0.41,-0.01,0,0,-18.00
2004-01-21T14:00:00,0.71,-0.26,0.03,0.11,-0.4,-0.75,-0.84,1.2,-0.07,0,0,-14.00
2004-01-21T15:00:00,0.54,-0.2,-0.28,0.34,-0.33,-0.97,-0.68,0.43,-0.04,0,0,-17.00
2004-01-21T16:00:00,0.66,-0.13,-0.08,0.76,-0.47,0.3,-0.8,0.3,-0.1,0,0,-21.00
2004-01-21T17:00:00,0.59,-0.14,0.08,0.56,-0.13,-0.07,-0.75,0.52,-0.01,0,0,-25.00
2004-01-21T18:00:00,-0.02,-0.01,0.23,0.82,-0.7,0.33,-0.81,0.82,1.5,0,0,-25.00
2004-01-21T19:00:00,1.12,-0.25,0.05,1.11,-0.56,-0.59,-0.88,0.05,-0.18,0,0,-23.00
2004-01-21T20:00:00,1.14,-0.19,-0.06,1.39,0.13,-0.67,-0.83,-0.09,-0.18,0,0,-23.00
2004-01-21T21:00:00,0.79,-0.16,-0.12,0.82,0.12,-0.55,-0.75,0.34,-0.11,0,0,-22.00
2004-01-21T22:00:00,0.63,-0.26,-0.02,0.62,-0.24,-0.23,-0.76,0.41,-0.07,0,0,-24.00
2004-01-21T23:00:00,0.99,-0.13,-0.05,0.92,-0.07,-0.69,-0.78,0.49,-0.13,0,0,-21.00
2004-01-22T00:00:00,0.72,-0.13,0.06,0.65,-1.84,-1.44,-0.9,0.84,-0.12,0,0,-20.00
2004-01-22T01:00:00,0.4,-0.14,-0.0,0.67,-0.93,-0.13,-0.76,0.76,0.24,0,0,-15.00
2004-01-22T02:00:00,1.01,-2.24,-0.29,-1.5,-1.33,0.62,1.65,2.28,0.07,0,0,1.00
2004-01-22T03:00:00,0.78,-1.84,-0.14,-1.66,-0.92,1.33,1.86,2.83,0.33,0,0,26.00
2004-01-22T04:00:00,0.8,-1.66,0.05,-1.49,-1.15,0.83,1.73,3.1,0.45,0,0,26.00
2004-01-22T05:00:00,1.32,-1.66,-0.44,-1.35,-1.54,0.23,1.7,2.42,0.18,0,0,18.00
2004-01-22T06:00:00,0.94,-1.79,-0.21,-1.31,-1.94,-0.3,1.81,3.08,0.34,0,0,2.00
2004-01-22T07:00:00,1.51,-1.55,-0.29,-1.22,-1.17,-0.31,1.24,1.88,0.06,0,0,-9.00
2004-01-22T08:00:00,1.28,-1.65,-0.19,-1.25,-1.14,-0.5,1.52,1.58,0.08,0,0,-24.00
2004-01-22T09:00:00,0.17,-3.44,0.77,-1.68,-1.09,-1.44,0.95,0.14,-0.17,0,0,-24.00
2004-01-22T10:00:00,0.3,-2.98,1.04,-1.6,-0.2,-2.67,0.78,1.39,-0.12,0,0,-21.00
2004-01-22T11:00:00,0.73,-0.62,-1.21,-1.56,0.31,-2.55,0.6,1.6,0.05,0,0,-16.00
2004-01-22T12:00:00,1.53,0.34,-1.35,-1.46,0.4,-1.65,0.95,1.66,-0.01,0,0,-40.00
2004-01-22T13:00:00,1.1,-0.05,-0.91,-1.01,0.13,0.1,0.4,1.99,0.12,0,0,-93.00
2004-01-22T14:00:00,-1.03,0.06,0.15,0.74,-0.82,-0.98,-0.78,1.94,-0.07,0,0,-130.00
2004-01-22T15:00:00,0.07,-0.12,-0.04,-1.56,0.82,-0.67,-0.86,3.06,3.67,0,0,-109.00
2004-01-22T16:00:00,0.72,-0.36,-0.5,-0.83,0.41,-0.82,-0.76,1.06,-0.11,0,0,-99.00
2004-01-22T17:00:00,1.0,-0.35,-0.44,-0.59,0.03,0.41,-0.64,1.79,-0.06,0,0,-106.00
2004-01-22T19:00:00,1.32,-0.07,-0.14,-0.96,0.13,-0.92,-0.68,2.26,-0.08,0,0,-102.00
2004-01-22T20:00:00,1.24,0.03,-0.78,-0.83,0.02,-0.2,-0.31,0.67,-0.11,0,0,-79.00
2004-01-22T21:00:00,1.15,0.04,-0.84,-0.62,-0.5,0.08,-0.13,0.7,-0.09,0,0,-71.00
2004-01-22T22:00:00,0.89,0.14,-0.78,-0.46,-0.78,0.67,-0.37,1.82,-0.01,0,0,-80.00
2004-01-22T23:00:00,1.07,0.19,-0.76,-0.47,-0.72,1.0,-0.62,2.37,-0.07,0,0,-74.00
2004-01-23T00:00:00,0.95,0.01,-0.64,-0.44,-0.89,0.37,-0.66,2.37,-0.05,0,0,-77.00
2004-01-23T01:00:00,1.14,-0.17,-0.61,-0.38,-0.73,0.7,-0.75,2.42,-0.1,0,0,-78.00
2004-01-23T02:00:00,1.04,-0.03,-0.44,-0.5,-0.19,0.29,-0.73,3.09,-0.03,0,0,-73.00
2004-01-23T03:00:00,-0.82,0.27,-0.16,0.05,0.83,0.55,-0.88,1.49,-0.12,0,0,-70.00
2004-01-23T04:00:00,-1.12,0.53,-0.07,-0.08,-0.9,1.33,-0.89,1.21,-0.16,0,0,-72.00
2004-01-23T05:00:00,-1.36,0.41,-0.02,3.61,3.46,0.55,-0.94,0.18,-0.19,0,0,-73.00
2004-01-23T06:00:00,0.08,0.62,-0.29,0.12,0.41,3.31,-0.88,0.52,-0.14,0,0,-70.00
2004-01-23T07:00:00,-0.92,0.7,-0.07,1.11,-0.56,1.78,-0.92,0.48,-0.18,0,0,-70.00
2004-01-23T08:00:00,0.19,-0.16,-0.45,-0.44,-1.15,-0.05,-0.54,0.93,0.17,0,0,-67.00
2004-01-23T09:00:00,-0.1,0.1,-0.18,0.27,-0.61,0.72,-0.82,0.83,0.31,0,0,-72.00
2004-01-23T10:00:00,-0.14,0.23,-0.38,-0.13,-1.15,0.16,-0.78,1.27,0.06,0,0,-66.00
2004-01-23T11:00:00,-0.07,0.17,-0.54,-0.05,-0.71,1.04,-0.68,0.59,-0.04,0,0,-60.00
2004-01-23T12:00:00,0.13,0.24,-0.71,-0.41,-0.42,-0.21,-0.64,0.76,-0.07,0,0,-47.00
2004-01-23T13:00:00,-1.11,0.14,0.02,1.61,0.53,3.44,-0.93,0.68,-0.17,0,0,-45.00
2004-01-23T14:00:00,-1.14,0.35,0.01,1.96,-0.07,0.4,-0.96,-0.15,-0.19,0,0,-47.00
2004-01-23T15:00:00,-0.08,0.15,-0.39,1.02,0.04,-1.82,-0.69,0.03,-0.06,0,0,-55.00
2004-01-23T16:00:00,0.79,-0.06,-1.18,-0.55,-1.79,-1.91,-0.38,0.2,-0.15,0,0,-58.00
2004-01-23T17:00:00,0.96,0.01,-1.04,-0.39,-1.29,-2.01,-0.36,0.37,-0.14,0,0,-78.00
2004-01-23T18:00:00,1.14,-0.78,-0.62,-0.3,-2.28,-1.36,-0.26,0.03,-0.15,0,0,-78.00
2004-01-23T19:00:00,1.2,-0.37,-0.65,-0.25,-1.44,-1.73,-0.47,0.21,-0.15,0,0,-77.00
2004-01-23T20:00:00,1.22,-0.37,-0.49,-0.21,-1.33,-1.35,-0.54,0.2,-0.15,0,0,-75.00
2004-01-23T21:00:00,1.17,-0.43,-0.32,-0.38,-1.16,-0.86,-0.51,0.21,-0.14,0,0,-71.00
2004-01-23T22:00:00,0.93,-0.18,0.01,-0.32,-0.5,-0.59,-0.54,0.78,-0.03,0,0,-72.00
2004-01-23T23:00:00,0.78,0.03,-0.23,-0.49,-0.49,-0.89,-0.39,0.67,0.05,0,0,-73.00
2004-01-24T00:00:00,0.4,0.2,-0.28,-0.6,-0.29,-0.76,-0.12,0.78,0.53,0,0,-60.00
2004-01-24T01:00:00,0.38,0.04,-0.11,-0.29,-0.28,-0.24,-0.17,0.87,1.31,0,0,-52.00
2004-01-24T02:00:00,-0.08,0.29,-0.2,-0.39,-0.41,0.1,-0.15,0.48,0.82,0,0,-42.00
2004-01-24T03:00:00,0.36,-0.15,0.2,-0.27,-0.79,0.25,-0.22,0.36,0.83,0,0,-42.00
2004-01-24T04:00:00,0.37,-0.19,0.17,-0.23,-0.95,0.57,-0.19,0.57,1.0,0,0,-31.00
2004-01-24T05:00:00,0.27,-0.19,0.11,-0.31,-0.94,0.35,0.24,0.23,2.17,0,0,-24.00
2004-01-24T06:00:00,0.66,-0.33,-0.01,-0.1,-1.05,0.31,0.33,0.11,0.22,0,0,-23.00
2004-01-24T07:00:00,0.78,-0.55,0.68,-0.27,-0.83,1.03,-0.24,0.43,-0.07,0,0,-35.00
