2004-03-25T08:00:00,-1.13,0.89,0.34,1.29,-0.99,-0.14,0.84,-0.41,-0.15,1,0,13.00
2004-03-25T09:00:00,-1.09,0.86,0.38,1.25,-0.88,-0.11,1.01,-0.4,-0.14,1,0,13.00
2004-03-25T10:00:00,-0.97,0.88,0.46,1.22,-0.78,0.05,1.15,-0.42,-0.14,1,0,10.00
2004-03-25T11:00:00,-1.02,0.95,0.3,1.2,-1.14,0.35,1.32,-0.41,-0.14,1,0,11.00
2004-03-25T12:00:00,-0.77,1.55,0.79,1.04,-1.65,0.13,1.18,-0.41,-0.16,1,0,14.00
2004-03-25T13:00:00,-1.1,1.65,0.48,1.03,-1.97,0.31,1.61,-0.37,-0.16,1,0,15.00
2004-03-25T14:00:00,-1.41,1.5,0.14,1.07,-1.88,0.75,1.97,-0.35,-0.15,1,0,17.00
2004-03-25T15:00:00,-1.03,1.37,0.9,1.07,-1.58,0.61,2.26,-0.44,-0.16,1,0,16.00
2004-03-25T16:00:00,-0.91,1.54,1.07,1.06,-1.51,0.85,1.73,-0.43,-0.17,1,0,17.00
2004-03-25T17:00:00,-1.7,1.37,-0.29,0.85,-0.47,1.7,0.67,-0.37,-0.17,1,0,16.00
2004-03-25T18:00:00,-0.87,1.3,1.11,0.65,-0.31,0.11,0.49,-0.08,-0.15,1,0,13.00
2004-03-25T19:00:00,-0.62,1.17,1.28,0.75,-0.81,0.23,0.85,0.12,-0.11,1,0,5.00
2004-03-25T20:00:00,-1.03,0.73,1.04,0.82,-0.59,0.78,1.08,0.2,-0.07,1,0,5.00
2004-03-25T21:00:00,-1.33,0.45,0.79,0.84,-0.43,1.28,1.4,0.29,-0.01,1,0,9.00
2004-03-25T22:00:00,-0.38,0.78,1.05,0.5,-0.76,0.84,1.27,0.09,-0.03,1,0,15.00
2004-03-25T23:00:00,-0.98,0.59,0.81,0.64,-0.67,0.67,0.92,0.05,-0.06,1,0,14.00
2004-03-26T00:00:00,-0.91,0.27,0.92,0.57,-0.07,0.22,0.87,0.09,-0.04,1,0,12.00
2004-03-26T01:00:00,-0.82,0.59,0.84,0.54,-0.11,0.17,0.96,0.12,-0.02,1,0,14.00
2004-03-26T02:00:00,-0.86,0.69,0.94,0.66,-0.05,0.08,0.95,0.08,-0.06,1,0,15.00
2004-03-26T03:00:00,-0.6,0.82,1.02,0.68,-0.07,0.21,0.81,0.02,-0.08,1,0,11.00
2004-03-26T04:00:00,-0.49,0.81,0.91,0.68,0.2,0.83,0.95,0.05,-0.04,1,0,12.00
2004-03-26T05:00:00,-0.84,1.36,0.42,0.73,-0.26,1.23,0.76,0.0,-0.11,1,0,12.00
2004-03-26T06:00:00,-0.27,1.24,0.76,0.61,-0.02,0.63,0.78,0.01,-0.09,1,0,13.00
2004-03-26T07:00:00,0.23,0.93,0.92,0.53,0.44,0.43,0.71,-0.01,-0.08,1,0,13.00
2004-03-26T08:00:00,-0.41,1.22,1.02,0.78,0.18,0.82,0.14,-0.06,-0.15,1,0,14.00
2004-03-26T09:00:00,-1.53,1.15,0.39,0.82,0.55,2.15,-0.07,-0.11,-0.16,1,0,13.00
2004-03-26T10:00:00,-0.67,1.36,0.77,0.44,0.38,0.88,-0.03,0.16,-0.14,1,0,8.00
2004-03-26T11:00:00,-1.26,1.16,0.36,0.67,1.08,1.8,-0.04,0.17,-0.14,1,0,6.00
2004-03-26T12:00:00,-1.29,-0.63,-0.31,0.34,2.99,2.32,0.16,0.48,-0.07,1,0,8.00
2004-03-26T13:00:00,-1.12,0.84,-0.28,0.16,0.82,1.49,-0.01,0.36,-0.09,1,0,9.00
2004-03-26T14:00:00,-1.41,0.2,-0.17,0.24,1.73,0.92,-0.02,0.67,-0.06,1,0,0.00
2004-03-26T15:00:00,-1.29,0.62,0.07,0.17,0.55,0.43,0.06,0.78,-0.03,1,0,-9.00
2004-03-26T16:00:00,-0.83,0.68,0.26,0.14,0.45,0.45,0.07,1.03,0.12,1,0,-15.00
2004-03-26T17:00:00,-0.16,1.02,0.77,-0.28,-0.26,-0.48,1.4,0.76,0.2,1,0,-12.00
2004-03-26T18:00:00,-0.9,0.92,0.63,-0.14,0.25,-0.14,0.17,0.26,-0.09,1,0,-9.00
2004-03-26T19:00:00,-1.19,0.72,-0.38,-0.14,0.54,1.65,0.22,0.23,-0.09,1,0,-3.00
2004-03-26T20:00:00,-1.2,0.24,0.5,-0.14,0.92,0.26,0.25,0.43,-0.03,1,0,-6.00
2004-03-26T21:00:00,-0.73,0.45,0.93,-0.26,0.51,-0.39,0.29,0.64,0.0,1,0,-13.00
2004-03-26T22:00:00,-0.6,0.82,0.87,-0.37,0.04,-0.27,0.35,0.79,0.02,1,0,-10.00
2004-03-26T23:00:00,-0.87,0.71,0.82,-0.28,0.23,-0.43,0.21,0.37,-0.07,1,0,-6.00
2004-03-27T00:00:00,-0.69,0.76,0.99,-0.37,0.17,-0.93,0.19,0.41,-0.07,1,0,-6.00
2004-03-27T01:00:00,-1.33,0.97,0.53,0.03,0.18,0.75,0.08,0.17,-0.13,1,0,-5.00
2004-03-27T02:00:00,-0.71,0.82,0.65,-0.23,0.01,-0.6,0.09,0.21,-0.07,1,0,-6.00
2004-03-27T03:00:00,-0.7,0.97,0.91,-0.24,-0.14,-1.24,0.06,0.2,-0.11,1,0,-7.00
2004-03-27T04:00:00,-1.44,0.7,0.67,0.03,0.01,-0.93,0.15,0.12,-0.13,1,0,-4.00
2004-03-27T05:00:00,-1.6,0.53,0.41,0.1,0.37,-0.63,0.21,0.08,-0.13,1,0,1.00
2004-03-27T06:00:00,-1.18,1.22,0.52,-0.13,-0.6,-0.97,0.2,0.28,-0.12,1,0,3.00
2004-03-27T07:00:00,-1.22,0.8,0.62,-0.16,-0.25,-1.26,0.17,0.29,-0.1,1,0,3.00
2004-03-27T08:00:00,-1.24,0.75,0.29,-0.41,-0.66,-0.94,0.29,0.5,-0.05,1,0,2.00
2004-03-27T09:00:00,-0.64,0.79,0.86,-0.67,0.54,-1.06,0.08,1.14,0.02,1,0,8.00
2004-03-27T10:00:00,-1.1,0.72,0.46,-1.04,1.19,-0.8,-0.05,1.06,-0.01,1,0,9.00
2004-03-27T11:00:00,-1.07,0.64,0.8,-1.07,0.82,-0.97,-0.19,1.07,-0.07,1,0,3.00
2004-03-27T12:00:00,-0.96,0.82,0.26,-1.09,0.32,-0.17,-0.27,1.38,-0.0,1,0,-5.00
2004-03-27T13:00:00,-1.34,0.25,0.49,-0.99,1.02,-1.16,-0.27,1.16,-0.06,1,0,-2.00
2004-03-27T14:00:00,-1.57,0.35,0.37,-0.9,0.53,-1.29,-0.39,1.0,-0.11,1,0,-1.00
2004-03-27T15:00:00,-1.15,0.65,-0.69,-1.12,0.05,1.42,-0.4,1.14,-0.1,1,0,0.00
2004-03-27T16:00:00,-0.99,1.26,-0.66,-1.29,-0.65,1.38,-0.46,1.26,-0.13,1,0,-4.00
2004-03-27T17:00:00,-1.09,0.65,0.91,-2.36,1.67,-0.26,-0.67,2.69,-0.1,1,0,-6.00
2004-03-27T18:00:00,-0.84,1.02,0.53,-2.96,1.13,0.93,-0.67,3.97,-0.03,1,0,-20.00
2004-03-27T19:00:00,-0.76,0.68,0.71,-3.18,1.72,-0.09,-0.68,5.25,0.06,1,0,-17.00
2004-03-27T20:00:00,-0.91,0.44,0.24,-3.13,2.13,1.33,-0.72,4.91,0.13,1,0,-12.00
2004-03-27T21:00:00,-0.81,0.11,-0.24,-3.03,3.07,4.53,-0.74,5.27,0.24,1,0,-12.00
2004-03-27T22:00:00,-0.81,-0.1,-0.28,-3.41,2.8,3.07,-0.75,5.24,0.2,1,0,-15.00
2004-03-27T23:00:00,-0.85,0.15,0.08,-3.41,2.17,1.02,-0.77,4.77,0.18,0,0,-35.00
2004-03-28T00:00:00,-0.66,0.15,0.62,-3.59,2.28,-1.59,-0.78,4.34,0.08,0,0,-35.00
2004-03-28T01:00:00,-0.82,-0.34,0.11,-3.41,4.25,1.07,-0.8,3.49,0.05,0,0,-29.00
2004-03-28T02:00:00,-0.56,0.2,0.26,-3.62,2.47,0.15,-0.81,4.36,0.33,0,0,-26.00
2004-03-28T03:00:00,-0.73,0.26,0.29,-3.38,2.44,0.29,-0.81,3.7,0.08,0,0,-26.00
2004-03-28T04:00:00,-0.86,0.26,0.27,-3.21,2.63,0.12,-0.81,3.27,0.0,0,0,-33.00
2004-03-28T05:00:00,-0.61,0.44,0.5,-3.53,2.29,-1.31,-0.82,3.78,0.02,0,0,-38.00
2004-03-28T06:00:00,-0.62,0.47,0.57,-3.51,2.33,-1.6,-0.83,3.38,-0.03,0,0,-34.00
2004-03-28T07:00:00,-0.48,0.57,0.19,-3.44,1.66,0.16,-0.83,3.15,0.06,0,0,-25.00
2004-03-28T08:00:00,-0.35,0.51,0.59,-3.35,1.63,-1.24,-0.81,2.29,-0.04,0,0,-21.00
2004-03-28T09:00:00,-0.46,0.45,0.08,-3.18,1.76,0.62,-0.8,1.99,0.08,0,0,-25.00
2004-03-28T10:00:00,-0.79,0.42,0.17,-2.71,1.56,0.0,-0.81,1.17,-0.1,0,0,-27.00
2004-03-28T11:00:00,-0.89,0.48,0.06,-2.52,1.34,0.29,-0.81,1.04,-0.12,0,0,-25.00
2004-03-28T12:00:00,-0.3,0.39,0.08,-2.85,1.29,0.57,-0.8,1.1,0.11,0,0,-23.00
2004-03-28T13:00:00,-0.44,0.63,0.26,-2.46,0.09,0.11,-0.78,1.0,-0.07,0,0,-19.00
2004-03-28T14:00:00,-0.46,0.71,0.05,-2.42,-0.18,0.82,-0.78,1.01,-0.09,0,0,-17.00
2004-03-28T15:00:00,-0.67,0.46,0.2,-2.19,0.37,0.38,-0.78,0.79,-0.09,0,0,-16.00
2004-03-28T16:00:00,-0.87,0.25,-0.21,-1.91,0.85,2.33,-0.79,0.33,-0.14,0,0,-17.00
2004-03-28T17:00:00,-0.9,-0.24,0.11,-1.91,2.26,0.77,-0.78,0.61,-0.12,0,0,-18.00
2004-03-28T18:00:00,-0.58,-0.14,0.59,-2.09,1.7,-1.15,-0.77,0.79,-0.09,0,0,-20.00
2004-03-28T19:00:00,-0.61,0.07,0.61,-1.94,1.19,-0.95,-0.76,0.54,-0.11,0,0,-22.00
2004-03-28T20:00:00,-0.32,0.4,0.69,-2.09,0.04,-1.44,-0.75,0.55,-0.11,0,0,-22.00
2004-03-28T21:00:00,-0.71,0.5,0.17,-1.62,-0.36,0.35,-0.75,-0.02,-0.15,0,0,-19.00
2004-03-28T22:00:00,-0.81,0.01,0.41,-1.42,0.7,-0.53,-0.72,-0.14,-0.15,0,0,-19.00
2004-03-28T23:00:00,-0.77,-0.22,0.1,-1.44,1.49,0.51,-0.7,-0.03,-0.13,0,0,-19.00
2004-03-29T00:00:00,-0.88,0.07,0.19,-1.31,0.58,0.24,-0.72,-0.25,-0.16,0,0,-17.00
2004-03-29T01:00:00,-0.62,0.36,0.27,-1.48,-0.3,-0.12,-0.7,0.01,-0.12,0,0,-14.00
2004-03-29T02:00:00,-0.66,-0.16,0.46,-1.48,0.93,-0.96,-0.69,0.03,-0.12,0,0,-12.00
2004-03-29T03:00:00,-0.53,0.15,0.35,-1.43,-0.37,-0.84,-0.69,0.09,-0.07,0,0,-14.00
2004-03-29T04:00:00,-0.67,-0.03,0.04,-1.31,0.52,0.51,-0.71,-0.02,-0.1,0,0,-16.00
2004-03-29T05:00:00,-0.48,0.52,0.22,-1.36,-0.76,-0.34,-0.68,0.04,-0.11,0,0,-16.00
2004-03-29T06:00:00,-0.36,0.04,-0.36,-1.41,0.35,1.4,-0.63,0.13,-0.03,0,0,-14.00
2004-03-29T07:00:00,-0.38,0.45,-0.1,-1.31,-0.8,0.5,-0.62,0.14,-0.04,0,0,-11.00
2004-03-29T08:00:00,-0.35,0.6,0.13,-1.32,-1.02,-0.53,-0.62,0.17,-0.07,0,0,-6.00
2004-03-29T09:00:00,-0.38,0.7,0.22,-1.27,-1.1,-0.88,-0.65,0.12,-0.11,0,0,-6.00
2004-03-29T10:00:00,-0.62,0.25,0.46,-1.11,-0.23,-1.18,-0.64,0.0,-0.12,0,0,-12.00
2004-03-29T11:00:00,-0.57,0.2,0.03,-1.16,-0.18,0.06,-0.52,0.07,0.01,0,0,-13.00
2004-03-29T12:00:00,-0.25,0.65,-0.01,-1.29,-0.71,-0.12,-0.55,0.15,-0.05,0,0,-8.00
2004-03-29T13:00:00,-0.21,0.49,-0.24,-1.28,-0.41,0.48,-0.54,0.29,0.01,0,0,-3.00
2004-03-29T14:00:00,-0.45,0.47,0.25,-1.19,-0.34,-0.75,-0.57,0.17,-0.04,0,0,-7.00
2004-03-29T15:00:00,-0.32,0.52,-0.11,-1.3,-0.3,0.25,-0.54,0.27,0.01,0,0,-13.00
2004-03-29T16:00:00,-0.33,0.58,0.22,-1.41,-0.33,-0.44,-0.56,0.34,-0.0,0,0,-14.00
2004-03-29T17:00:00,-0.46,0.48,0.44,-1.34,-0.05,-0.79,-0.58,0.35,-0.05,0,0,-17.00
2004-03-29T18:00:00,-0.33,0.48,0.33,-1.32,-0.19,-0.59,-0.56,0.36,0.01,0,0,-14.00
2004-03-29T19:00:00,-0.44,0.12,0.59,-1.25,0.57,-1.11,-0.58,0.28,-0.05,0,0,-10.00
2004-03-29T20:00:00,-0.21,0.41,0.58,-1.34,-0.1,-1.41,-0.58,0.43,-0.03,0,0,-9.00
2004-03-29T21:00:00,-0.15,0.47,0.34,-1.31,-0.34,-0.72,-0.55,0.32,0.06,0,0,-8.00
2004-03-29T22:00:00,0.05,0.39,0.45,-1.38,-0.08,-1.11,-0.59,0.44,0.07,0,0,-9.00
2004-03-29T23:00:00,0.07,0.19,0.84,-1.31,1.18,-2.45,-0.26,0.27,-0.03,0,0,-11.00
2004-03-30T00:00:00,-0.51,0.05,0.58,-0.97,0.3,-1.23,-0.62,0.46,-0.05,0,0,-10.00
2004-03-30T01:00:00,-0.35,0.07,0.67,-1.01,0.35,-1.34,-0.61,0.52,-0.04,0,0,-8.00
2004-03-30T02:00:00,0.17,0.63,-0.01,-1.19,-0.75,0.14,-0.56,0.43,0.03,0,0,-5.00
2004-03-30T03:00:00,0.17,0.59,0.22,-1.11,-0.68,-0.49,-0.57,0.45,0.04,0,0,-5.00
2004-03-30T04:00:00,-0.19,0.39,0.42,-0.93,-0.15,-0.65,-0.59,0.51,0.07,0,0,-6.00
2004-03-30T05:00:00,-0.31,0.31,-0.07,-0.89,-0.06,0.41,-0.58,0.58,0.28,0,0,-8.00
2004-03-30T06:00:00,-0.47,-0.04,0.41,-0.83,0.49,-0.8,-0.57,0.46,0.08,0,0,-7.00
2004-03-30T07:00:00,-0.23,0.26,0.13,-0.98,0.08,-0.23,-0.56,0.36,0.51,0,0,-10.00
2004-03-30T08:00:00,-0.75,0.03,-0.03,-0.75,0.42,-0.01,-0.55,0.09,-0.07,0,0,-9.00
2004-03-30T09:00:00,-0.63,-0.23,-0.08,-0.7,0.86,0.36,-0.56,0.28,-0.0,0,0,-9.00
2004-03-30T10:00:00,-0.4,0.14,-0.26,-0.8,0.25,0.61,-0.58,0.22,0.04,0,0,-6.00
2004-03-30T11:00:00,-0.39,0.27,-0.16,-0.79,-0.09,0.59,-0.6,0.22,0.05,0,0,-12.00
2004-03-30T12:00:00,-0.42,-0.24,-0.16,-0.84,0.78,0.77,-0.61,0.06,0.0,0,0,-17.00
2004-03-30T13:00:00,-0.42,-0.26,-0.35,-0.86,0.87,1.02,-0.6,0.01,-0.08,0,0,-18.00
2004-03-30T14:00:00,-0.58,-0.58,-0.13,-0.78,1.35,0.35,-0.6,0.08,-0.1,0,0,-19.00
2004-03-30T15:00:00,-0.75,-0.34,0.47,-0.68,1.11,-1.17,-0.6,0.05,-0.12,0,0,-20.00
2004-03-30T16:00:00,-0.44,0.28,0.45,-0.86,-0.05,-0.85,-0.6,0.27,-0.03,0,0,-18.00
2004-03-30T17:00:00,-0.46,0.53,0.39,-0.89,-0.33,-0.72,-0.58,0.36,-0.05,0,0,-15.00
2004-03-30T18:00:00,-0.43,0.14,0.39,-0.93,0.41,-0.58,-0.58,0.25,0.03,0,0,-12.00
2004-03-30T19:00:00,-0.5,0.27,0.34,-0.92,0.32,-0.34,-0.58,0.28,0.0,0,0,-12.00
2004-03-30T20:00:00,0.03,0.87,0.31,-1.22,-0.85,-0.2,-0.6,0.22,-0.11,0,0,-13.00
2004-03-30T21:00:00,-0.32,0.63,0.41,-0.98,-0.4,-0.48,-0.58,0.12,-0.09,0,0,-12.00
2004-03-30T22:00:00,-0.36,0.57,0.35,-1.06,-0.41,-0.32,-0.58,0.12,-0.07,0,0,-10.00
2004-03-30T23:00:00,-0.77,0.24,0.21,-0.83,0.1,0.04,-0.53,-0.05,-0.11,0,0,-9.00
2004-03-31T00:00:00,-0.81,-0.26,0.33,-0.75,1.11,-0.23,-0.57,-0.11,-0.13,0,0,-9.00
2004-03-31T01:00:00,-0.8,-0.37,0.16,-0.72,1.41,0.28,-0.6,-0.16,-0.14,0,0,-11.00
2004-03-31T02:00:00,-0.74,0.12,0.29,-0.71,0.23,-0.24,-0.57,-0.16,-0.12,0,0,-11.00
2004-03-31T03:00:00,-0.74,-0.05,0.23,-0.66,0.71,-0.27,-0.63,-0.24,-0.14,0,0,-10.00
2004-03-31T04:00:00,-0.76,0.11,-0.0,-0.59,0.24,0.42,-0.65,-0.3,-0.15,0,0,-8.00
2004-03-31T05:00:00,-0.42,0.5,-0.15,-0.81,-0.41,0.83,-0.61,-0.0,-0.09,0,0,-7.00
2004-03-31T06:00:00,-0.67,0.0,-0.06,-0.54,0.62,0.8,-0.64,-0.27,-0.13,0,0,-5.00
2004-03-31T07:00:00,-0.54,0.01,-0.11,-0.58,0.57,0.65,-0.66,-0.21,-0.1,0,0,-4.00
2004-03-31T08:00:00,0.03,0.5,0.22,-0.59,-0.35,0.13,-0.64,-0.27,-0.1,0,0,0.00
2004-03-31T09:00:00,0.11,0.73,0.01,-0.54,-0.73,0.62,-0.65,-0.25,-0.14,0,0,-2.00
2004-03-31T10:00:00,-0.32,0.54,0.11,-0.26,-0.26,0.32,-0.61,-0.15,-0.09,0,0,-1.00
2004-03-31T11:00:00,-0.32,0.52,0.15,-0.22,-0.21,0.34,-0.62,-0.17,-0.1,0,0,-1.00
2004-03-31T12:00:00,-0.25,0.56,-0.01,-0.2,-0.39,0.69,-0.61,-0.23,-0.11,0,0,-3.00
2004-03-31T13:00:00,-0.28,0.37,-0.29,-0.17,-0.25,1.4,-0.55,-0.2,-0.09,0,0,-4.00
2004-03-31T14:00:00,-0.5,0.19,-0.32,-0.08,-0.04,1.56,-0.61,-0.28,-0.13,0,0,-6.00
2004-03-31T15:00:00,-0.45,-0.05,-0.38,-0.09,0.2,1.76,-0.56,-0.27,-0.12,0,0,-9.00
2004-03-31T16:00:00,-0.49,0.15,-0.28,-0.01,-0.09,1.52,-0.46,-0.24,-0.09,0,0,-11.00
2004-03-31T17:00:00,-0.51,-0.1,-0.34,-0.0,0.23,1.41,-0.46,-0.23,-0.1,0,0,-13.00
2004-03-31T18:00:00,-0.5,0.24,0.04,-0.02,-0.23,0.52,-0.37,-0.19,-0.0,0,0,-13.00
2004-03-31T19:00:00,-0.55,-0.08,0.3,0.0,0.07,0.02,-0.33,-0.13,0.0,0,0,-13.00
2004-03-31T20:00:00,-0.32,0.13,0.04,-0.04,0.27,-0.09,-0.36,-0.14,0.34,0,0,-13.00
2004-03-31T21:00:00,-0.31,0.07,0.34,-0.06,0.05,-0.12,-0.37,-0.1,0.16,0,0,-10.00
2004-03-31T22:00:00,-0.44,-0.13,0.32,0.01,0.28,-0.12,-0.37,-0.16,0.03,0,0,-7.00
2004-03-31T23:00:00,-0.18,-0.48,0.56,-0.09,0.6,-0.63,-0.41,-0.22,-0.1,0,0,-8.00
2004-04-01T00:00:00,-0.54,-0.48,0.44,0.13,0.8,-0.43,-0.45,-0.32,-0.14,0,0,---
2004-04-01T01:00:00,-0.37,-0.2,0.51,0.09,0.31,-0.59,-0.47,-0.34,-0.11,0,0,-6.00
2004-04-01T02:00:00,0.05,0.51,0.44,0.03,-0.45,-0.64,-0.51,-0.35,-0.13,0,0,-4.00
2004-04-01T03:00:00,-0.21,-0.0,0.45,0.15,0.46,-0.51,-0.37,-0.33,-0.02,0,0,-2.00
2004-04-01T04:00:00,0.08,0.5,0.35,0.11,-0.27,-0.55,-0.4,-0.36,-0.1,0,0,-2.00
2004-04-01T05:00:00,-0.25,0.46,0.48,0.25,-0.17,-0.91,-0.36,-0.28,-0.1,0,0,-3.00
2004-04-01T06:00:00,0.08,0.76,0.31,0.22,-0.59,-0.49,-0.43,-0.39,-0.15,0,0,-3.00
2004-04-01T07:00:00,0.05,0.72,0.26,0.23,-0.5,-0.26,-0.4,-0.39,-0.14,0,0,-3.00
2004-04-01T08:00:00,-0.58,-0.12,0.24,0.5,0.77,-0.1,-0.28,-0.25,-0.03,0,0,-1.00
2004-04-01T09:00:00,-0.21,0.27,0.61,0.39,0.28,-0.83,-0.3,-0.29,-0.1,0,0,-1.00
2004-04-01T10:00:00,-0.18,0.71,0.05,0.39,-0.42,0.27,-0.32,-0.33,-0.11,0,0,0.00
2004-04-01T11:00:00,-0.35,0.52,0.25,0.44,-0.26,0.17,-0.3,-0.29,-0.08,0,0,-2.00
2004-04-01T12:00:00,-0.18,0.64,0.04,0.38,-0.53,0.47,-0.36,-0.33,-0.1,0,0,-5.00
2004-04-01T13:00:00,-0.35,0.18,-0.34,0.46,0.01,1.12,-0.34,-0.26,-0.06,0,0,-6.00
2004-04-01T14:00:00,-0.04,0.6,0.34,0.34,-0.56,-0.28,-0.39,-0.32,-0.11,0,0,-9.00
2004-04-01T15:00:00,0.23,0.66,0.34,0.27,-0.71,-0.37,-0.41,-0.34,-0.13,0,0,-7.00
2004-04-01T16:00:00,-0.25,0.22,0.41,0.46,0.02,-0.44,-0.37,-0.27,-0.01,0,0,-3.00
2004-04-01T17:00:00,-0.6,0.18,0.11,0.55,0.03,-0.02,-0.24,-0.22,-0.02,0,0,-1.00
2004-04-01T18:00:00,-0.34,0.27,0.15,0.54,-0.07,0.05,-0.26,-0.21,0.13,0,0,-1.00
2004-04-01T19:00:00,-0.64,-0.25,0.15,0.64,0.73,-0.18,-0.25,-0.16,-0.03,0,0,-3.00
2004-04-01T20:00:00,-0.69,-0.11,0.28,0.67,0.33,-0.62,-0.27,-0.2,-0.07,0,0,-6.00
2004-04-01T21:00:00,-0.5,0.36,0.36,0.58,-0.34,-0.7,-0.29,-0.25,-0.07,0,0,-5.00
2004-04-01T22:00:00,0.29,0.69,0.05,0.27,-0.64,-0.21,-0.38,-0.38,-0.13,0,0,-2.00
2004-04-01T23:00:00,0.2,0.58,0.28,0.32,-0.47,-0.52,-0.35,-0.36,-0.11,0,0,-1.00
2004-04-02T00:00:00,0.12,0.54,-0.12,0.32,-0.39,0.42,-0.26,-0.27,-0.03,0,0,-1.00
2004-04-02T01:00:00,-0.01,0.56,0.02,0.35,-0.36,0.12,-0.24,-0.26,-0.01,0,0,-1.00
2004-04-02T02:00:00,-0.67,0.04,0.13,0.52,0.08,0.06,-0.24,-0.19,-0.03,0,0,1.00
2004-04-02T03:00:00,-0.55,-0.28,0.43,0.44,0.26,-0.14,-0.27,-0.15,-0.05,0,0,4.00
2004-04-02T04:00:00,-0.58,-0.36,0.35,0.47,0.44,-0.11,-0.23,-0.19,-0.06,0,0,7.00
2004-04-02T05:00:00,-0.49,-0.46,0.06,0.41,0.6,0.37,-0.16,-0.14,0.01,0,0,9.00
2004-04-02T06:00:00,-0.59,-0.42,0.36,0.48,0.55,-0.28,-0.15,-0.19,-0.06,0,0,10.00
2004-04-02T07:00:00,-0.74,-0.24,0.06,0.55,0.44,0.33,-0.13,-0.24,-0.07,0,0,7.00
2004-04-02T08:00:00,-0.42,0.31,-0.34,0.4,-0.28,0.81,-0.08,-0.19,-0.03,0,0,9.00
2004-04-02T09:00:00,-0.07,0.31,0.02,0.37,-0.4,0.29,-0.07,-0.26,0.46,0,0,11.00
2004-04-02T10:00:00,0.39,0.46,0.08,0.31,-0.61,0.27,-0.08,-0.25,0.02,0,0,10.00
2004-04-02T11:00:00,-0.44,0.56,0.4,0.61,-0.64,-0.21,-0.06,-0.21,-0.07,0,0,8.00
2004-04-02T12:00:00,-0.54,-0.01,0.63,0.68,-0.15,-0.54,-0.13,-0.24,-0.09,0,0,4.00
2004-04-02T13:00:00,-0.49,0.31,0.42,0.71,-0.47,-0.28,-0.12,-0.28,-0.06,0,0,5.00
2004-04-02T14:00:00,-0.17,0.68,0.35,0.68,-0.87,-0.19,-0.21,-0.35,-0.12,0,0,6.00
2004-04-02T15:00:00,-0.64,0.49,0.44,0.89,-0.78,-0.56,-0.3,-0.47,-0.16,0,0,5.00
2004-04-02T16:00:00,-0.89,-0.04,0.35,0.97,0.06,-0.36,-0.22,-0.35,-0.14,0,0,2.00
2004-04-02T17:00:00,-0.74,0.07,0.58,0.97,-0.03,-0.78,-0.32,-0.48,-0.17,0,0,1.00
2004-04-02T18:00:00,-0.67,0.13,0.66,0.99,-0.1,-1.0,-0.36,-0.46,-0.17,0,0,0.00
2004-04-02T19:00:00,-0.78,0.06,0.56,1.0,-0.09,-0.87,-0.22,-0.41,-0.15,0,0,2.00
2004-04-02T20:00:00,-0.72,-0.1,0.6,1.01,0.05,-0.79,-0.16,-0.49,-0.16,0,0,4.00
2004-04-02T21:00:00,-0.42,0.12,0.76,0.88,-0.18,-1.04,-0.09,-0.48,-0.15,0,0,4.00
2004-04-02T22:00:00,-0.72,0.31,0.45,0.98,-0.61,-0.57,-0.04,-0.38,-0.13,0,0,4.00
2004-04-02T23:00:00,-0.77,0.39,-0.09,1.02,-0.56,0.64,-0.01,-0.37,-0.12,0,0,3.00
2004-04-03T00:00:00,-0.17,0.57,0.33,0.78,-0.73,-0.09,0.01,-0.41,-0.09,0,0,5.00
2004-04-03T01:00:00,-0.45,0.04,-0.54,0.85,-0.06,1.27,0.16,-0.33,-0.09,0,0,7.00
2004-04-03T02:00:00,-0.57,-0.04,-0.62,0.85,-0.04,0.88,0.16,-0.37,-0.12,0,0,9.00
2004-04-03T03:00:00,-0.47,-0.26,-0.66,0.78,0.2,0.76,0.03,-0.42,-0.15,0,0,5.00
2004-04-03T04:00:00,-0.5,-0.59,-0.52,0.8,0.48,0.45,0.02,-0.44,-0.15,0,0,-2.00
2004-04-03T05:00:00,-0.48,-0.63,-0.44,0.85,0.52,0.49,-0.11,-0.47,-0.16,0,0,-6.00
2004-04-03T06:00:00,-0.17,-0.74,-0.38,0.78,0.77,0.61,-0.14,-0.49,-0.16,0,0,-11.00
2004-04-03T07:00:00,-0.01,-0.72,-0.29,0.73,0.72,0.68,-0.06,-0.5,-0.15,0,0,-10.00
2004-04-03T08:00:00,-0.52,-0.56,0.18,0.89,0.31,0.12,-0.12,-0.44,-0.13,0,0,-12.00
2004-04-03T09:00:00,-0.49,-0.52,-0.17,0.85,0.07,0.77,-0.04,-0.42,-0.11,0,0,-11.00
2004-04-03T10:00:00,-0.42,0.97,0.32,0.5,-1.16,0.7,0.64,-0.17,-0.06,0,0,-7.00
2004-04-03T11:00:00,-0.8,0.02,1.0,0.58,-0.26,0.08,0.77,-0.16,-0.09,0,0,-8.00
2004-04-03T12:00:00,-0.85,1.06,-0.4,0.51,-0.95,1.62,0.59,-0.08,-0.11,0,0,-6.00
2004-04-03T13:00:00,-0.54,1.32,-0.16,0.54,-1.17,1.39,0.38,-0.01,-0.11,0,0,-1.00
2004-04-03T14:00:00,-0.44,0.42,-0.21,0.24,0.22,0.78,2.13,-0.27,0.31,0,0,-6.00
2004-04-03T15:00:00,-0.32,-0.37,-0.68,-0.17,0.14,0.27,4.81,-0.37,0.14,0,0,10.00
2004-04-03T16:00:00,-0.82,0.85,-0.9,-0.23,0.01,0.26,3.55,-0.48,-0.14,0,0,5.00
2004-04-03T17:00:00,-0.42,0.52,-1.13,-0.25,0.46,0.69,3.32,-0.48,-0.13,0,0,-15.00
2004-04-03T18:00:00,-0.1,0.26,-0.73,-0.28,0.25,0.5,2.97,-0.45,-0.03,0,0,-39.00
2004-04-03T19:00:00,-0.94,0.55,-0.53,-0.3,0.36,-0.53,2.12,-0.48,-0.13,0,0,-64.00
2004-04-03T20:00:00,-0.62,0.95,-0.73,-0.29,-0.13,-0.06,1.9,-0.49,-0.15,0,0,-80.00
2004-04-03T21:00:00,-0.59,0.73,-0.79,-0.34,0.33,-0.43,2.32,-0.46,-0.13,0,0,-69.00
2004-04-03T22:00:00,-0.54,0.68,-1.13,-0.29,0.31,-0.3,1.46,-0.53,-0.17,0,0,-82.00
2004-04-03T23:00:00,-0.59,0.46,-1.05,-0.22,0.19,-0.26,1.56,-0.5,-0.16,0,0,-92.00
2004-04-04T00:00:00,-0.74,-0.09,-0.82,-0.21,0.08,-0.33,1.36,-0.5,-0.15,0,0,-104.00
2004-04-04T01:00:00,0.82,0.82,0.45,-0.3,-0.3,-0.59,-0.46,-0.44,-0.18,0,0,-117.00
2004-04-04T02:00:00,1.38,1.12,-0.07,-0.32,-0.66,-0.04,-0.61,-0.28,-0.18,0,0,-99.00
2004-04-04T03:00:00,1.46,1.23,0.2,-0.37,-0.9,-0.16,-0.41,-0.54,-0.19,0,1,-79.00
2004-04-04T04:00:00,1.6,1.17,0.28,-0.36,-1.05,-0.31,-0.53,-0.53,-0.19,0,1,-73.00
2004-04-04T05:00:00,1.77,0.92,0.41,-0.32,-0.82,-0.42,-0.48,-0.53,-0.19,0,1,-68.00
2004-04-04T06:00:00,1.9,0.86,0.46,-0.3,-0.7,-0.18,-0.48,-0.47,-0.19,0,1,-64.00
2004-04-04T07:00:00,2.18,0.81,0.21,-0.05,-0.45,-0.52,-0.63,-0.56,-0.19,0,1,-61.00
2004-04-04T08:00:00,2.33,0.63,0.46,0.05,-0.65,-0.75,-0.65,-0.56,-0.19,0,1,-56.00
2004-04-04T09:00:00,2.37,0.74,0.7,0.09,-0.67,-0.29,-0.69,-0.56,-0.19,0,1,-50.00
2004-04-04T10:00:00,2.41,0.75,0.81,0.08,-0.36,-0.24,-0.61,-0.55,-0.19,0,1,-41.00
2004-04-04T11:00:00,2.22,0.96,1.04,0.11,-0.17,-0.16,-0.55,-0.55,-0.19,0,1,-39.00
2004-04-04T12:00:00,2.02,0.54,1.48,0.13,-0.57,0.27,-0.28,-0.54,-0.19,0,1,-36.00
2004-04-04T13:00:00,2.43,0.61,1.3,0.31,-0.16,0.46,0.55,-0.58,-0.19,0,1,-25.00
2004-04-04T14:00:00,2.33,0.39,1.64,0.31,-0.3,0.81,0.41,-0.58,-0.19,0,1,-21.00
2004-04-04T15:00:00,2.51,0.22,1.71,0.39,-0.12,0.68,0.37,-0.59,-0.19,0,1,-20.00
2004-04-04T16:00:00,2.66,-0.1,1.64,0.48,-0.09,0.34,0.57,-0.59,-0.19,0,1,-10.00
2004-04-04T17:00:00,2.4,-1.06,1.78,0.47,-0.35,0.32,0.2,-0.59,-0.19,0,1,-14.00
2004-04-04T18:00:00,2.29,-1.37,1.7,0.48,-0.52,0.19,0.54,-0.58,-0.19,0,1,-14.00
2004-04-04T19:00:00,1.97,-1.44,1.82,0.52,-0.48,0.4,0.82,-0.58,-0.19,0,1,-12.00
2004-04-04T20:00:00,1.56,-1.72,1.91,0.56,-0.35,0.21,1.03,-0.59,-0.19,0,1,-8.00
2004-04-04T21:00:00,1.69,-1.79,1.61,0.57,-0.37,0.12,0.32,-0.58,-0.19,0,1,-8.00
2004-04-04T22:00:00,1.61,-1.42,1.79,0.57,-0.46,-0.05,0.05,-0.57,-0.19,0,1,-15.00
2004-04-04T23:00:00,1.33,-1.55,1.71,0.66,-0.17,-0.05,1.05,-0.55,-0.19,0,1,-18.00
2004-04-05T00:00:00,0.78,-1.97,1.62,0.65,-0.24,-0.51,0.97,-0.56,-0.19,0,1,-10.00
2004-04-05T01:00:00,0.9,-1.88,1.71,0.65,-0.12,-0.92,0.61,-0.56,-0.19,0,1,-11.00
2004-04-05T02:00:00,0.94,-1.93,1.73,0.63,-0.44,-0.97,0.58,-0.57,-0.19,0,1,-9.00
2004-04-05T03:00:00,0.79,-2.25,1.58,0.66,-0.49,-0.66,0.47,-0.58,-0.19,0,1,-6.00
2004-04-05T04:00:00,0.69,-2.27,1.68,0.7,-0.56,-0.54,0.35,-0.58,-0.19,0,1,-4.00
2004-04-05T05:00:00,0.44,-2.32,1.81,0.68,-0.51,-0.4,0.4,-0.57,-0.19,0,1,-2.00
2004-04-05T06:00:00,0.54,-2.47,1.66,0.74,-0.7,-0.56,0.59,-0.57,-0.19,0,1,-1.00
2004-04-05T07:00:00,0.35,-2.57,1.51,0.82,-0.66,-0.59,0.61,-0.56,-0.19,0,1,0.00
2004-04-05T08:00:00,1.05,-2.41,1.48,0.98,-0.64,-0.4,0.7,-0.54,-0.19,1,0,1.00
2004-04-05T09:00:00,0.56,-2.65,1.37,0.89,-0.8,-0.59,0.66,-0.54,-0.19,1,0,4.00
2004-04-05T10:00:00,0.49,-2.79,1.2,0.76,-0.54,-0.8,0.59,-0.57,-0.19,1,0,3.00
2004-04-05T11:00:00,0.29,-2.95,0.87,0.83,-0.66,-0.56,1.18,-0.58,-0.19,1,0,-2.00
2004-04-05T12:00:00,0.31,-3.09,0.53,0.79,-0.36,-0.42,1.14,-0.54,-0.19,1,0,-3.00
2004-04-05T13:00:00,0.12,-3.16,-0.21,0.71,-0.37,-0.64,1.31,-0.48,-0.18,1,0,0.00
2004-04-05T14:00:00,-0.12,-2.93,-0.97,0.72,-0.82,-0.43,0.46,-0.41,-0.19,1,0,-6.00
2004-04-05T15:00:00,0.69,-2.91,0.26,0.72,-0.78,-0.75,0.75,-0.47,-0.19,1,0,-17.00
2004-04-05T16:00:00,0.39,-2.62,-0.1,0.75,-0.63,-0.15,1.28,-0.4,-0.18,1,0,-16.00
2004-04-05T17:00:00,-0.92,-0.88,-2.27,0.73,-0.86,-0.46,0.51,-0.34,-0.18,1,0,-11.00
2004-04-05T18:00:00,-1.04,0.09,-2.39,0.65,-1.01,-1.44,0.35,-0.3,-0.18,1,0,-32.00
2004-04-05T19:00:00,0.16,-0.6,-0.68,0.62,-0.62,-0.82,1.41,-0.26,-0.02,1,0,-51.00
2004-04-05T20:00:00,1.05,-1.92,0.27,0.53,-0.65,-1.04,2.42,0.05,-0.09,1,0,-62.00
2004-04-05T21:00:00,0.51,-0.88,-0.74,0.49,-0.33,-0.95,2.14,0.48,0.2,1,0,-60.00
2004-04-05T22:00:00,0.48,0.17,-0.44,0.3,0.14,-0.56,1.47,0.58,0.86,1,0,-57.00
2004-04-05T23:00:00,1.33,-0.69,-0.53,0.28,-0.15,-0.75,1.35,0.4,0.0,1,0,-57.00
2004-04-06T00:00:00,1.6,-1.32,-0.73,0.07,0.25,-0.51,0.8,0.37,-0.11,1,0,-52.00
2004-04-06T01:00:00,1.3,-1.42,-0.44,-0.08,0.01,-0.28,0.68,0.3,-0.11,1,0,-57.00
2004-04-06T02:00:00,0.01,-0.79,0.35,-0.52,0.96,0.74,0.26,0.93,0.39,1,0,-57.00
2004-04-06T03:00:00,0.82,-1.5,-0.23,-0.58,1.32,0.17,0.08,1.27,-0.04,1,0,-39.00
2004-04-06T04:00:00,1.02,-1.11,-0.65,-0.45,1.73,-0.43,0.06,1.06,-0.06,1,0,-33.00
2004-04-06T05:00:00,1.03,-1.21,-0.7,-0.44,1.57,-0.01,-0.15,0.87,-0.11,1,0,-35.00
2004-04-06T06:00:00,1.11,-1.27,-0.33,-0.55,1.88,0.07,-0.29,1.16,-0.1,1,0,-50.00
2004-04-06T07:00:00,1.04,-1.51,0.04,-0.64,2.43,0.98,-0.48,1.28,-0.13,1,0,-58.00
2004-04-06T08:00:00,1.24,-0.95,-0.19,-0.6,3.03,-0.08,-0.4,1.63,-0.07,1,0,-52.00
2004-04-06T09:00:00,0.94,-0.93,-0.67,-0.78,3.1,-0.95,-0.42,1.23,-0.1,1,0,-46.00
2004-04-06T10:00:00,1.16,-0.9,-0.45,-0.66,2.92,0.08,-0.5,0.83,-0.13,1,0,-44.00
2004-04-06T11:00:00,1.22,0.09,-0.54,-0.96,2.71,0.67,-0.51,0.59,-0.13,1,0,-47.00
2004-04-06T12:00:00,0.56,-0.74,0.15,-1.05,1.08,1.15,-0.59,0.57,-0.06,1,0,-50.00
2004-04-06T13:00:00,0.84,-0.25,0.23,-0.94,1.82,0.74,-0.61,0.35,-0.08,1,0,-45.00
2004-04-06T14:00:00,0.79,-0.35,0.3,-1.02,0.95,0.94,-0.67,0.18,-0.12,1,0,-47.00
2004-04-06T15:00:00,0.58,-0.57,0.29,-1.07,0.25,0.85,-0.67,0.3,-0.1,1,0,-43.00
2004-04-06T16:00:00,0.65,-0.25,0.16,-0.86,0.69,0.35,-0.68,0.07,-0.08,1,0,-42.00
2004-04-06T17:00:00,0.33,-0.6,0.09,-1.04,-0.14,0.19,-0.69,0.14,-0.07,1,0,-44.00
2004-04-06T18:00:00,0.41,-0.56,-0.06,-0.94,-0.18,-0.14,-0.67,0.18,-0.07,1,0,-47.00
2004-04-06T19:00:00,0.44,-0.34,-0.32,-0.91,-0.09,-0.76,-0.68,0.07,-0.09,1,0,-46.00
2004-04-06T20:00:00,0.59,-0.46,-0.05,-0.75,-0.46,-0.24,-0.66,0.04,-0.1,1,0,-42.00
2004-04-06T21:00:00,0.04,-0.57,-0.24,-1.05,-0.81,-0.81,-0.72,-0.0,-0.1,1,0,-38.00
2004-04-06T22:00:00,-0.4,-0.56,-0.16,-1.28,-0.79,-0.27,-0.72,-0.08,-0.13,1,0,-37.00
2004-04-06T23:00:00,-0.14,-0.54,0.05,-1.07,-0.63,0.35,-0.69,0.03,-0.03,1,0,-36.00
2004-04-07T00:00:00,0.72,0.06,-0.16,-0.65,0.53,0.17,-0.72,-0.2,-0.14,1,0,-36.00
2004-04-07T01:00:00,0.4,-0.37,-0.26,-0.52,-0.2,-0.47,-0.67,-0.12,-0.11,0,0,-33.00
2004-04-07T02:00:00,-0.02,-0.65,-0.14,-0.66,-0.54,-0.46,-0.58,-0.2,-0.11,0,0,-30.00
2004-04-07T03:00:00,0.57,-0.31,-0.19,-0.44,-0.05,-0.28,-0.52,-0.22,-0.1,0,0,-29.00
2004-04-07T04:00:00,0.65,-0.32,-0.23,-0.37,-0.29,-0.23,-0.51,-0.2,-0.12,0,0,-26.00
2004-04-07T05:00:00,0.26,-0.62,-0.06,-0.61,-0.35,-0.04,-0.46,-0.16,-0.07,0,0,-26.00
2004-04-07T06:00:00,0.64,-0.24,-0.15,-0.41,-0.06,0.07,-0.44,-0.11,-0.07,0,0,-21.00
2004-04-07T07:00:00,0.5,-0.29,-0.09,-0.46,-0.2,-0.05,-0.48,0.01,0.02,0,0,-18.00
2004-04-07T08:00:00,0.63,0.12,0.12,-0.36,0.56,0.17,-0.53,0.04,-0.02,0,0,-18.00
2004-04-07T09:00:00,0.61,-0.1,-0.14,-0.32,0.17,-0.21,-0.52,-0.02,-0.03,0,0,-17.00
2004-04-07T10:00:00,0.62,-0.3,-0.11,-0.28,-0.3,-0.22,-0.49,-0.02,-0.05,0,0,-20.00
2004-04-07T11:00:00,0.52,-0.35,-0.24,-0.29,-0.24,-0.45,-0.5,-0.09,-0.07,0,0,-25.00
2004-04-07T12:00:00,-0.18,-0.51,0.32,-0.4,-0.47,0.23,-0.46,-0.25,-0.07,0,0,-27.00
2004-04-07T13:00:00,-0.48,-0.31,0.6,-0.38,-0.31,0.66,-0.44,-0.38,-0.15,0,0,-25.00
2004-04-07T14:00:00,-0.31,-0.57,0.37,-0.32,-0.65,0.13,-0.4,-0.27,-0.1,0,0,-23.00
2004-04-07T15:00:00,0.14,-0.76,0.07,-0.19,-0.76,-0.28,-0.37,-0.24,-0.1,0,0,-20.00
2004-04-07T16:00:00,0.18,-0.63,-0.1,-0.15,-0.45,-0.47,-0.38,-0.24,-0.07,0,0,-19.00
2004-04-07T17:00:00,0.49,-0.47,-0.22,-0.04,-0.2,-0.6,-0.34,-0.27,-0.09,0,0,-22.00
2004-04-07T18:00:00,0.49,-0.21,-0.46,-0.03,0.14,-1.0,-0.35,-0.3,-0.12,0,0,-21.00
2004-04-07T19:00:00,0.48,-0.11,-0.51,0.0,0.08,-0.98,-0.33,-0.33,-0.13,0,0,-22.00
2004-04-07T20:00:00,0.61,-0.15,-0.3,0.07,-0.02,-0.74,-0.34,-0.33,-0.11,0,0,-23.00
2004-04-07T21:00:00,0.42,-0.42,-0.3,0.09,-0.88,-1.44,-0.29,-0.2,-0.07,0,0,-20.00
2004-04-07T22:00:00,0.56,-0.32,-0.31,0.15,-0.39,-0.84,-0.39,-0.39,-0.14,0,0,-25.00
2004-04-07T23:00:00,0.55,-0.39,-0.48,0.18,-0.66,-1.21,-0.37,-0.42,-0.16,0,0,-27.00
2004-04-08T00:00:00,0.44,-0.56,0.11,0.14,-0.88,0.37,-0.34,-0.39,-0.12,0,0,-29.00
2004-04-08T01:00:00,0.03,0.12,0.8,0.02,0.16,1.03,-0.32,-0.32,-0.13,0,0,-28.00
2004-04-08T02:00:00,0.81,0.06,0.13,0.37,-0.06,-0.38,-0.13,-0.24,-0.07,0,0,-23.00
2004-04-08T03:00:00,0.52,-0.45,-0.34,0.2,-0.62,-0.99,-0.2,-0.25,-0.09,0,0,-20.00
2004-04-08T04:00:00,0.64,-0.8,-0.15,0.16,-0.8,-0.63,-0.13,-0.26,-0.13,0,0,-18.00
2004-04-08T05:00:00,0.76,-0.3,-0.59,0.19,-0.16,-1.23,-0.18,-0.28,-0.14,0,0,-16.00
2004-04-08T06:00:00,0.8,-0.19,-0.44,0.19,0.02,-0.82,-0.08,-0.27,-0.12,0,0,-19.00
2004-04-08T07:00:00,0.41,-0.52,-0.35,0.04,-0.18,-0.74,-0.06,-0.17,-0.05,0,0,-18.00
2004-04-08T08:00:00,-0.11,-0.74,-0.43,-0.13,-0.57,-0.7,-0.08,-0.21,-0.1,0,0,-18.00
2004-04-08T09:00:00,0.38,-0.62,-0.45,0.06,-0.48,-0.74,-0.08,-0.17,-0.09,0,0,-21.00
2004-04-08T10:00:00,0.22,-0.7,0.18,-0.0,-0.59,0.1,-0.04,-0.16,-0.01,0,0,-21.00
2004-04-08T11:00:00,0.07,-0.73,0.23,-0.02,-0.52,0.06,-0.09,-0.22,-0.04,0,0,-25.00
2004-04-08T12:00:00,0.14,-0.8,0.31,0.01,-0.56,0.26,-0.03,-0.19,-0.06,0,0,-24.00
2004-04-08T13:00:00,0.65,-0.69,-0.21,0.06,-0.09,-0.24,-0.2,-0.14,-0.1,0,0,-19.00
2004-04-08T14:00:00,0.64,-0.51,-0.13,0.06,0.26,-0.04,-0.16,-0.03,-0.03,0,0,-20.00
2004-04-08T15:00:00,0.79,-0.25,-0.2,0.15,0.64,0.07,-0.16,-0.09,-0.06,0,0,-21.00
2004-04-08T16:00:00,0.66,-0.12,0.22,0.12,0.9,0.96,-0.2,-0.11,0.01,0,0,-21.00
2004-04-08T17:00:00,0.61,0.2,0.12,0.12,1.22,0.81,-0.22,-0.07,0.05,0,0,-25.00
2004-04-08T18:00:00,0.76,0.17,0.03,0.15,0.88,0.78,-0.15,-0.04,-0.0,0,0,-25.00
2004-04-08T19:00:00,0.77,-0.18,0.09,0.23,0.18,0.95,-0.2,-0.21,-0.07,0,0,-27.00
2004-04-08T20:00:00,0.59,-0.48,-0.23,0.19,-0.28,0.35,-0.29,-0.2,-0.09,0,0,-24.00
2004-04-08T21:00:00,0.5,-0.51,-0.34,0.2,-0.39,-0.05,-0.27,-0.26,-0.11,0,0,-20.00
2004-04-08T22:00:00,0.18,-0.45,0.18,0.12,-0.31,0.7,-0.15,-0.21,0.13,0,0,-20.00
2004-04-08T23:00:00,0.43,-0.18,0.01,0.19,0.14,0.31,-0.06,-0.03,0.41,0,0,-19.00
2004-04-09T00:00:00,0.56,-0.36,-0.46,0.24,-0.08,-0.01,-0.01,-0.12,-0.06,0,0,-11.00
2004-04-09T11:00:00,0.59,-0.6,0.44,-0.05,-0.62,1.42,-0.1,-0.0,-0.05,0,0,-16.00
2004-04-09T12:00:00,-0.14,-0.41,0.46,-0.2,-0.57,1.37,-0.08,-0.05,0.1,0,0,-11.00
2004-04-09T13:00:00,0.6,-0.66,0.15,0.09,-0.86,0.83,-0.11,-0.04,-0.04,0,0,-8.00
2004-04-09T14:00:00,0.38,-0.56,-0.14,0.07,-0.73,0.31,-0.17,-0.11,-0.0,0,0,-10.00
2004-04-09T15:00:00,0.21,-0.5,0.35,0.07,-0.58,1.08,-0.22,-0.12,0.04,0,0,-13.00
2004-04-09T16:00:00,0.38,-0.41,0.0,0.19,-0.41,0.51,-0.27,-0.15,0.06,0,0,-13.00
2004-04-09T17:00:00,0.72,0.07,-0.07,0.3,-0.05,0.26,-0.27,-0.2,-0.06,0,0,-13.00
2004-04-09T18:00:00,0.42,-0.34,-0.13,0.24,-0.65,-0.69,-0.13,-0.23,0.04,0,0,-12.00
2004-04-09T19:00:00,0.3,-0.64,0.05,0.17,-0.67,0.51,-0.32,-0.22,-0.06,0,0,-13.00
2004-04-09T20:00:00,0.61,-0.13,-0.2,0.24,0.04,0.02,-0.23,-0.18,-0.03,0,0,-10.00
2004-04-09T21:00:00,0.68,0.19,-0.07,0.23,0.3,0.29,-0.25,-0.19,-0.05,0,0,-9.00
2004-04-09T22:00:00,0.82,-0.15,0.02,0.32,0.01,0.46,-0.21,-0.18,-0.07,0,0,-13.00
2004-04-09T23:00:00,0.55,-0.27,0.23,0.23,-0.34,0.67,-0.24,-0.19,-0.0,0,0,-12.00
2004-04-10T00:00:00,0.56,0.07,0.48,0.29,0.15,1.02,-0.25,-0.2,-0.06,0,0,-11.00
2004-04-10T01:00:00,0.48,0.38,0.47,0.26,0.59,0.96,-0.32,-0.33,-0.12,0,0,-10.00
2004-04-10T02:00:00,0.55,0.29,-0.3,0.33,0.53,-0.48,-0.35,-0.31,-0.11,0,0,-9.00
2004-04-10T03:00:00,0.6,0.09,-0.36,0.33,0.28,-0.42,-0.26,-0.23,-0.08,0,0,-10.00
2004-04-10T04:00:00,0.38,-0.34,-0.26,0.29,-0.38,-0.03,-0.26,-0.26,-0.04,0,0,-8.00
2004-04-10T05:00:00,0.51,-0.23,-0.37,0.4,-0.14,-0.48,-0.31,-0.3,-0.1,0,0,-6.00
2004-04-10T06:00:00,0.32,-0.06,-0.32,0.3,0.06,-0.21,-0.31,-0.34,-0.05,0,0,-10.00
2004-04-10T07:00:00,0.42,-0.26,-0.32,0.34,-0.22,-0.14,-0.33,-0.34,-0.09,0,0,-15.00
2004-04-10T08:00:00,0.3,-0.45,-0.36,0.31,-0.32,-0.29,-0.33,-0.37,-0.12,0,0,-14.00
2004-04-10T09:00:00,0.54,0.12,-0.17,0.43,0.39,0.1,-0.32,-0.37,-0.09,0,0,-12.00
2004-04-10T10:00:00,0.53,0.53,0.17,0.41,0.82,0.66,-0.32,-0.37,-0.12,0,0,-16.00
2004-04-10T11:00:00,0.41,0.3,0.44,0.39,0.46,1.1,-0.27,-0.35,-0.09,0,0,-16.00
2004-04-10T12:00:00,0.54,0.15,0.53,0.44,0.38,1.2,-0.24,-0.36,-0.12,0,0,-13.00
2004-04-10T13:00:00,0.6,0.09,0.42,0.48,0.27,0.98,-0.25,-0.38,-0.11,0,0,-7.00
2004-04-10T14:00:00,0.58,0.26,0.4,0.51,0.63,0.89,-0.3,-0.39,-0.12,0,0,-5.00
2004-04-10T15:00:00,0.75,0.23,0.19,0.64,0.5,0.4,-0.34,-0.45,-0.15,0,0,-5.00
2004-04-10T16:00:00,0.75,0.01,-0.04,0.62,0.13,0.02,-0.22,-0.39,-0.11,0,0,-5.00
2004-04-10T17:00:00,0.72,0.04,0.03,0.62,0.29,0.36,-0.2,-0.36,-0.1,0,0,-4.00
2004-04-10T18:00:00,0.63,0.25,-0.15,0.6,0.7,0.14,-0.23,-0.36,-0.1,0,0,-3.00
2004-04-10T19:00:00,0.54,0.04,-0.09,0.57,0.47,-0.04,-0.26,-0.36,-0.05,0,0,-3.00
2004-04-10T20:00:00,0.7,-1.09,-0.02,0.17,-1.08,1.62,0.44,0.08,-0.06,0,0,-5.00
2004-04-10T21:00:00,0.62,-1.4,-0.1,-0.16,-1.91,1.35,1.13,0.13,-0.04,0,0,1.00
2004-04-10T22:00:00,1.25,-1.33,0.25,0.06,-1.76,1.31,0.71,0.05,-0.11,0,0,-8.00
2004-04-10T23:00:00,0.93,-0.82,-0.37,0.09,-1.36,0.07,0.66,-0.01,-0.06,0,0,-12.00
2004-04-11T00:00:00,0.99,-0.77,-0.36,0.26,-1.42,-0.04,0.51,-0.07,-0.09,0,0,-7.00
2004-04-11T01:00:00,1.06,-0.55,-0.26,0.36,-1.04,0.14,0.4,-0.12,-0.09,0,0,-11.00
2004-04-11T02:00:00,0.98,-0.83,0.16,0.41,-1.31,0.91,0.26,-0.14,-0.11,0,0,-16.00
2004-04-11T03:00:00,0.73,-0.83,0.25,0.35,-1.07,1.04,0.13,-0.15,-0.09,0,0,-28.00
2004-04-11T04:00:00,0.63,-0.93,-0.05,0.4,-1.11,0.39,0.0,-0.15,-0.11,0,0,-22.00
2004-04-11T05:00:00,0.7,-0.6,0.23,0.45,-0.68,1.01,0.01,-0.07,-0.05,0,0,-15.00
2004-04-11T06:00:00,0.52,-0.7,0.36,0.42,-0.74,0.91,-0.04,-0.14,-0.07,0,0,-11.00
2004-04-11T07:00:00,0.53,-0.67,0.04,0.46,-0.63,0.45,-0.1,-0.18,-0.07,0,0,-9.00
2004-04-11T08:00:00,0.58,-0.63,-0.04,0.52,-0.39,0.42,-0.21,-0.21,-0.09,0,0,-4.00
2004-04-11T09:00:00,0.61,-0.47,0.13,0.57,-0.33,0.55,-0.33,-0.19,-0.07,0,0,-8.00
2004-04-11T10:00:00,0.59,-0.22,-0.17,0.46,0.14,0.27,-0.46,-0.1,-0.05,0,0,-9.00
2004-04-11T11:00:00,0.57,-0.15,-0.27,0.44,0.17,0.23,-0.43,-0.02,-0.03,0,0,-11.00
2004-04-11T12:00:00,0.39,-0.16,-0.48,0.43,0.28,0.06,-0.49,-0.21,-0.11,0,0,-11.00
2004-04-11T13:00:00,0.44,0.01,-0.31,0.43,0.41,-0.1,-0.48,-0.07,-0.03,0,0,-10.00
2004-04-11T14:00:00,0.46,0.16,-0.14,0.45,0.68,0.05,-0.48,-0.04,0.04,0,0,-9.00
2004-04-11T15:00:00,0.52,0.12,-0.18,0.5,0.69,-0.08,-0.48,-0.15,-0.04,0,0,-8.00
2004-04-11T16:00:00,0.54,0.05,-0.21,0.48,0.69,-0.22,-0.5,-0.19,-0.06,0,0,-10.00
2004-04-11T17:00:00,0.29,0.1,-0.35,0.41,0.59,-0.28,-0.45,-0.16,-0.03,0,0,-15.00
2004-04-11T18:00:00,-0.13,0.23,-0.36,0.26,0.55,-0.53,-0.37,-0.19,-0.01,0,0,-19.00
2004-04-11T19:00:00,0.11,0.1,-0.46,0.29,0.52,-0.49,-0.42,-0.21,-0.07,0,0,-17.00
2004-04-11T20:00:00,0.32,-0.28,-0.19,0.31,0.22,0.01,-0.46,-0.19,0.01,0,0,-15.00
2004-04-11T21:00:00,0.51,-0.57,-0.04,0.39,-0.09,0.24,-0.5,-0.11,-0.09,0,0,-15.00
2004-04-11T22:00:00,0.59,-0.51,0.01,0.44,-0.21,0.45,-0.47,-0.1,-0.08,0,0,-19.00
2004-04-11T23:00:00,0.3,-0.05,-0.4,0.31,0.46,-0.54,-0.52,-0.24,-0.08,0,0,-18.00
2004-04-12T00:00:00,-0.08,0.18,-0.53,0.14,0.86,-0.96,-0.55,-0.28,-0.13,0,0,-17.00
2004-04-12T01:00:00,-0.13,0.22,-0.47,0.15,0.83,-0.86,-0.5,-0.35,-0.13,0,0,-22.00
2004-04-12T02:00:00,-0.27,0.23,-0.23,0.12,0.73,-0.23,-0.42,-0.39,-0.07,0,0,-25.00
2004-04-12T03:00:00,0.57,-0.17,-0.24,0.52,0.16,-0.09,-0.34,-0.35,-0.1,0,0,-20.00
2004-04-12T04:00:00,0.6,-0.4,-0.23,0.57,0.01,-0.12,-0.35,-0.36,-0.13,0,0,-15.00
2004-04-12T05:00:00,0.03,-0.69,-0.3,0.2,-0.64,0.47,-0.04,-0.3,-0.08,0,0,-11.00
2004-04-12T06:00:00,0.48,-0.9,-0.31,0.34,-0.95,0.56,0.01,-0.34,-0.14,0,0,-10.00
2004-04-12T07:00:00,0.62,-0.48,-0.06,0.36,-0.19,0.73,0.1,-0.24,-0.04,0,0,-17.00
2004-04-12T08:00:00,0.35,-0.68,-0.35,0.28,-0.43,-0.03,0.02,-0.32,-0.11,0,0,-14.00
2004-04-12T09:00:00,0.57,-0.7,0.04,0.37,-0.37,0.43,-0.05,-0.27,-0.1,0,0,-8.00
2004-04-12T10:00:00,0.8,-0.64,0.12,0.52,-0.24,0.31,-0.08,-0.25,-0.11,0,0,-12.00
2004-04-12T11:00:00,0.55,-0.71,-0.05,0.45,-0.4,-0.17,-0.21,-0.25,-0.11,0,0,-11.00
2004-04-12T12:00:00,0.37,-0.51,0.57,0.43,-0.01,0.78,-0.21,-0.24,-0.1,0,0,-8.00
2004-04-12T13:00:00,0.55,-0.29,0.41,0.54,0.16,0.75,-0.23,-0.17,-0.04,0,0,-7.00
2004-04-12T14:00:00,0.64,-0.68,-0.14,0.52,-0.04,-0.32,-0.29,-0.38,-0.15,0,0,-7.00
2004-04-12T15:00:00,0.86,-0.61,0.08,0.63,-0.05,-0.06,-0.36,-0.44,-0.17,0,0,-9.00
2004-04-12T16:00:00,0.66,-0.59,0.26,0.62,-0.13,0.25,-0.39,-0.38,-0.15,0,0,-12.00
2004-04-12T17:00:00,0.6,-0.43,0.21,0.56,0.17,0.39,-0.33,-0.28,-0.1,0,0,-11.00
2004-04-12T18:00:00,0.78,-0.85,-0.11,0.26,-0.57,0.8,0.04,-0.06,-0.1,0,0,-10.00
2004-04-12T19:00:00,1.63,-1.14,0.51,-0.03,-0.18,2.57,0.08,0.39,-0.13,0,0,-2.00
2004-04-12T20:00:00,1.54,-0.72,0.61,-0.07,1.27,1.8,-0.38,0.28,-0.15,0,0,-7.00
2004-04-12T21:00:00,1.29,-0.49,0.44,0.03,1.78,1.17,-0.51,0.21,-0.15,0,0,-5.00
2004-04-12T22:00:00,1.13,-0.23,0.35,0.14,2.66,1.02,-0.57,0.41,-0.12,0,0,-5.00
2004-04-12T23:00:00,1.04,-1.06,-0.29,0.63,1.38,0.3,-0.48,1.37,-0.09,0,0,-7.00
2004-04-13T00:00:00,1.22,-0.13,-0.41,0.47,3.79,2.28,-0.54,1.13,-0.09,0,0,-10.00
2004-04-13T01:00:00,0.78,-0.2,-0.04,0.12,2.73,0.3,-0.74,0.15,-0.12,0,0,-14.00
2004-04-13T02:00:00,0.62,-0.3,0.04,0.12,2.78,0.38,-0.76,1.2,0.03,0,0,-15.00
2004-04-13T03:00:00,0.4,-0.42,-0.06,0.02,2.76,-0.0,-0.78,1.35,0.09,0,0,-12.00
2004-04-13T04:00:00,0.42,-0.46,-0.09,0.03,2.36,-0.39,-0.78,1.05,0.02,0,0,-7.00
2004-04-13T05:00:00,0.64,-0.41,-0.16,0.16,2.49,-0.23,-0.75,1.2,-0.03,0,0,-6.00
2004-04-13T06:00:00,0.52,-0.49,-0.04,-0.03,1.74,-0.89,-0.76,1.28,0.02,0,0,-8.00
2004-04-13T07:00:00,0.47,-0.37,0.1,-0.13,1.8,-0.68,-0.8,0.87,0.01,0,0,-8.00
2004-04-13T08:00:00,0.55,-0.14,0.07,-0.08,2.11,-0.86,-0.78,0.66,0.02,0,0,-7.00
2004-04-13T09:00:00,0.52,-0.2,0.06,0.02,1.82,-1.12,-0.77,0.63,0.04,0,0,-6.00
2004-04-13T10:00:00,0.58,0.02,-0.07,0.01,1.78,-1.61,-0.77,0.58,-0.01,0,0,-8.00
2004-04-13T11:00:00,0.59,-0.18,0.02,0.04,1.13,-1.35,-0.77,0.66,-0.0,0,0,-10.00
2004-04-13T12:00:00,0.51,-0.3,0.1,0.05,0.68,-0.71,-0.78,0.62,0.0,0,0,-8.00
2004-04-13T13:00:00,0.54,-0.19,0.02,0.2,0.75,-0.81,-0.79,0.65,0.0,0,0,-11.00
2004-04-13T14:00:00,0.56,-0.04,-0.09,0.3,1.21,-0.96,-0.72,0.31,-0.02,0,0,-13.00
2004-04-13T15:00:00,0.41,-0.34,0.08,0.24,0.34,-0.17,-0.67,0.11,0.02,0,0,-11.00
2004-04-13T16:00:00,0.49,-0.27,0.1,0.31,0.21,-0.06,-0.7,0.05,-0.03,0,0,-10.00
2004-04-13T17:00:00,0.49,-0.13,-0.15,0.34,0.77,-0.82,-0.66,0.05,-0.02,0,0,-12.00
2004-04-13T18:00:00,0.23,-0.4,-0.32,0.23,0.41,-1.16,-0.7,-0.05,-0.1,0,0,-11.00
2004-04-13T19:00:00,0.43,-0.39,-0.03,0.34,0.19,-0.17,-0.71,0.03,-0.06,0,0,-10.00
2004-04-13T20:00:00,0.61,-0.21,0.06,0.46,0.6,-0.03,-0.73,0.07,-0.08,0,0,-10.00
2004-04-13T21:00:00,0.48,-0.33,-0.03,0.36,0.43,-0.31,-0.73,-0.03,-0.08,0,0,-7.00
2004-04-13T22:00:00,0.47,-0.56,0.08,0.36,-0.11,-0.13,-0.71,-0.23,-0.14,0,0,-8.00
2004-04-13T23:00:00,0.56,-0.49,-0.0,0.44,-0.07,-0.33,-0.69,-0.19,-0.14,0,0,-10.00
2004-04-14T00:00:00,0.63,-0.42,0.09,0.5,-0.05,0.13,-0.69,-0.26,-0.14,0,0,-9.00
2004-04-14T01:00:00,0.48,-0.5,-0.18,0.45,0.0,-0.67,-0.72,-0.37,-0.16,0,0,-9.00
2004-04-14T02:00:00,0.58,-0.38,-0.16,0.47,-0.02,-0.74,-0.66,-0.23,-0.13,0,0,-8.00
2004-04-14T03:00:00,0.64,-0.32,-0.14,0.52,-0.12,-0.79,-0.64,-0.24,-0.13,0,0,-8.00
2004-04-14T04:00:00,0.65,-0.37,-0.06,0.52,-0.3,-0.65,-0.63,-0.27,-0.14,0,0,-5.00
2004-04-14T05:00:00,0.66,-0.05,-0.08,0.67,-0.03,-1.0,-0.57,-0.32,-0.12,0,0,-3.00
2004-04-14T06:00:00,0.67,0.25,-0.02,0.63,-0.2,-0.76,-0.6,0.0,-0.08,0,0,-2.00
2004-04-14T07:00:00,0.77,0.03,0.08,0.69,-0.36,-0.92,-0.61,-0.01,-0.1,0,0,-2.00
2004-04-14T08:00:00,0.67,0.09,0.24,0.71,-0.56,-0.91,-0.64,-0.12,-0.11,0,0,-4.00
2004-04-14T09:00:00,0.72,-0.11,0.34,0.56,-0.43,-1.61,-0.7,0.01,-0.12,0,0,-4.00
2004-04-14T10:00:00,0.65,-0.37,0.3,0.69,-0.69,-1.3,-0.63,-0.23,-0.14,0,0,0.00
2004-04-14T11:00:00,0.59,-0.45,0.24,0.75,-0.86,-0.96,-0.61,-0.27,-0.14,0,0,0.00
2004-04-14T12:00:00,0.18,-0.69,-0.02,0.82,-1.03,-1.06,-0.55,-0.44,-0.15,0,0,3.00
2004-04-14T13:00:00,0.25,-0.66,-0.03,0.85,-0.72,-0.89,-0.56,-0.36,-0.14,0,0,3.00
2004-04-14T14:00:00,0.38,-0.69,-0.04,0.82,-0.2,-0.82,-0.63,-0.28,-0.15,0,0,0.00
2004-04-14T15:00:00,0.43,-0.64,-0.03,0.86,-0.22,-1.12,-0.62,-0.24,-0.13,0,0,-1.00
2004-04-14T16:00:00,0.48,-0.43,-0.19,0.88,-0.26,-1.5,-0.64,-0.28,-0.13,0,0,-3.00
2004-04-14T17:00:00,0.33,-0.71,0.07,0.83,0.08,-1.28,-0.68,-0.39,-0.16,0,0,-4.00
2004-04-14T18:00:00,0.76,-1.12,0.22,1.23,1.3,0.38,-0.5,-0.19,-0.16,0,0,-5.00
2004-04-14T19:00:00,0.76,-1.11,0.24,1.26,1.86,0.53,-0.54,-0.23,-0.17,0,0,-8.00
2004-04-14T20:00:00,0.76,-1.1,0.19,1.25,1.45,0.49,-0.5,-0.29,-0.17,0,0,-9.00
2004-04-14T21:00:00,0.54,-0.22,-0.04,1.17,0.24,-0.83,-0.34,-0.35,-0.07,0,0,-9.00
2004-04-14T22:00:00,0.5,-0.4,0.17,1.09,0.11,-1.05,-0.52,-0.35,-0.12,0,0,-5.00
2004-04-14T23:00:00,0.36,-0.33,0.02,1.08,0.11,-1.45,-0.48,-0.42,-0.08,0,0,-4.00
2004-04-15T00:00:00,0.46,-0.35,0.02,1.2,-0.35,-1.11,-0.28,-0.43,-0.09,0,0,-1.00
2004-04-15T01:00:00,0.61,-0.2,-0.12,1.28,-0.4,-1.34,-0.16,-0.47,-0.12,0,0,-1.00
2004-04-15T02:00:00,0.52,-0.11,-0.33,1.23,-0.37,-1.69,-0.16,-0.5,-0.14,0,0,0.00
2004-04-15T03:00:00,0.65,-0.27,0.07,1.28,-0.56,-1.2,-0.13,-0.44,-0.11,0,0,1.00
2004-04-15T04:00:00,0.49,-0.57,0.28,1.19,-0.74,-0.76,-0.01,-0.47,-0.13,0,0,1.00
2004-04-15T05:00:00,0.6,-0.5,0.16,1.21,-0.7,-0.98,0.1,-0.45,-0.11,0,0,4.00
2004-04-15T06:00:00,0.55,-0.48,0.21,1.19,-0.83,-1.22,0.08,-0.54,-0.15,0,0,7.00
2004-04-15T07:00:00,0.37,-0.4,0.3,1.15,-1.03,-1.09,0.62,-0.54,-0.09,0,0,9.00
2004-04-15T08:00:00,0.37,-0.6,0.44,1.08,-1.08,-0.98,0.35,-0.51,-0.14,0,0,12.00
2004-04-15T09:00:00,0.39,-0.34,0.52,1.06,-1.05,-1.05,0.54,-0.47,-0.09,0,0,11.00
2004-04-15T10:00:00,0.58,-0.75,0.09,1.02,-1.27,-1.2,0.79,-0.45,-0.11,0,0,13.00
2004-04-15T11:00:00,0.63,-0.93,-0.01,0.9,-1.04,-1.15,0.41,-0.46,-0.15,0,0,14.00
2004-04-15T12:00:00,0.79,-1.05,-0.02,0.78,-0.51,-0.89,0.26,-0.42,-0.16,0,0,6.00
2004-04-15T13:00:00,0.75,-1.0,-0.1,0.75,-0.34,-0.92,0.27,-0.38,-0.15,0,0,1.00
