2004-05-19T11:00:00,-0.88,0.43,-0.11,1.49,-0.11,0.88,0.98,-0.34,-0.07,1,0,15.00
2004-05-19T12:00:00,-0.91,1.2,0.34,1.47,-0.47,0.47,0.76,-0.41,-0.16,1,0,17.00
2004-05-19T13:00:00,-0.64,0.51,-0.79,1.39,-0.37,0.71,0.65,-0.47,-0.16,1,0,15.00
2004-05-19T14:00:00,-0.5,0.52,-1.2,1.35,-0.5,0.79,0.71,-0.49,-0.17,1,0,15.00
2004-05-19T15:00:00,-0.81,0.51,-1.13,1.41,-0.63,0.81,0.73,-0.51,-0.18,1,0,18.00
2004-05-19T16:00:00,-1.8,-0.81,0.24,1.41,-0.07,-0.56,1.46,-0.48,-0.17,1,0,11.00
2004-05-19T17:00:00,-2.16,0.29,-0.02,1.53,-0.94,-0.1,1.18,-0.48,-0.18,1,0,5.00
2004-05-19T18:00:00,-1.89,0.7,0.05,1.53,-1.1,-0.08,1.37,-0.46,-0.17,1,0,6.00
2004-05-19T19:00:00,-1.72,0.38,0.96,1.44,-1.44,-1.17,1.44,-0.41,-0.16,1,0,1.00
2004-05-19T20:00:00,-1.07,-0.29,1.26,1.32,-0.42,-1.05,1.77,-0.32,-0.13,1,0,1.00
2004-05-19T21:00:00,-1.56,1.11,0.74,1.24,-1.43,0.35,1.43,-0.31,-0.15,1,0,5.00
2004-05-19T22:00:00,-0.9,-0.28,1.2,1.14,-0.91,-0.73,1.55,-0.27,-0.12,1,0,6.00
2004-05-19T23:00:00,0.47,-1.7,0.98,0.9,-0.29,-0.53,1.67,-0.09,-0.12,1,0,3.00
2004-05-20T00:00:00,0.42,-1.17,1.56,0.9,-0.7,-0.62,1.08,-0.06,-0.14,1,0,8.00
2004-05-20T01:00:00,0.94,-1.22,0.87,0.72,-0.6,0.04,1.03,0.02,-0.1,1,0,11.00
2004-05-20T02:00:00,0.27,-1.11,0.94,0.83,-0.37,0.46,0.55,0.31,-0.06,1,0,12.00
2004-05-20T03:00:00,0.29,-0.92,1.29,0.78,-0.34,0.19,0.54,0.08,-0.11,1,0,16.00
2004-05-20T04:00:00,0.1,0.07,0.23,0.58,-0.15,0.72,0.56,0.04,4.06,1,0,15.00
2004-05-20T05:00:00,-0.97,0.76,0.03,0.23,0.75,0.95,-0.04,0.99,0.02,1,0,18.00
2004-05-20T06:00:00,-0.97,0.42,1.35,-0.03,1.58,-0.39,-0.16,1.38,-0.09,1,0,15.00
2004-05-20T07:00:00,-1.21,1.24,0.28,0.23,0.69,0.12,0.22,0.46,-0.1,1,0,1.00
2004-05-20T08:00:00,-0.7,0.96,-0.6,0.12,1.31,0.75,0.45,0.53,-0.02,1,0,-2.00
2004-05-20T09:00:00,-0.35,1.32,-0.82,0.01,0.84,1.13,0.53,0.55,-0.07,1,0,7.00
2004-05-20T10:00:00,-0.92,1.48,0.82,0.11,0.8,-0.05,0.67,0.62,-0.08,1,0,5.00
2004-05-20T11:00:00,-0.88,1.27,1.04,0.13,0.75,0.09,0.58,0.65,-0.08,1,0,0.00
2004-05-20T12:00:00,-1.02,1.07,1.29,0.18,1.12,-0.19,0.52,0.58,-0.1,1,0,-9.00
2004-05-20T13:00:00,-0.85,0.95,1.66,0.1,1.28,-0.65,0.38,0.59,-0.12,1,0,-1.00
2004-05-20T14:00:00,-1.01,0.95,1.27,0.03,1.12,-0.62,0.4,0.74,-0.09,1,0,2.00
2004-05-20T15:00:00,-1.09,1.06,0.55,-0.11,1.05,-0.27,0.32,0.49,-0.07,1,0,5.00
2004-05-20T16:00:00,-1.08,0.75,0.45,-0.24,0.66,-0.16,0.22,0.38,-0.06,1,0,4.00
2004-05-20T17:00:00,-0.89,0.8,0.05,-0.37,0.59,0.29,0.3,0.32,-0.01,1,0,2.00
2004-05-20T18:00:00,-0.45,0.51,-0.49,-0.55,1.08,1.01,0.32,0.42,0.13,1,0,1.00
2004-05-20T19:00:00,-0.55,0.11,-0.44,-0.58,1.18,0.26,0.55,0.57,0.39,1,0,4.00
2004-05-20T20:00:00,-0.67,0.34,0.2,-0.6,1.37,-0.12,0.24,0.77,0.43,1,0,4.00
2004-05-20T21:00:00,-0.71,0.53,0.05,-0.54,1.2,-0.02,0.08,0.66,0.18,1,0,-7.00
2004-05-20T22:00:00,0.19,0.68,0.34,-0.79,0.83,-0.42,-0.08,0.34,0.11,1,0,-13.00
2004-05-20T23:00:00,-0.35,0.59,0.14,-0.58,1.01,-0.1,-0.1,0.36,0.2,0,0,-10.00
2004-05-21T00:00:00,0.33,0.66,0.67,-0.76,0.65,-0.82,-0.09,0.35,-0.02,0,0,-5.00
2004-05-21T01:00:00,0.37,0.6,0.66,-0.68,0.75,-0.79,-0.09,0.32,-0.01,0,0,-6.00
2004-05-21T02:00:00,-0.34,0.37,0.23,-0.41,0.81,-0.1,-0.02,0.28,0.43,0,0,-1.00
2004-05-21T03:00:00,-0.11,0.75,0.42,-0.5,-0.1,-0.51,-0.13,0.05,-0.03,0,0,4.00
2004-05-21T04:00:00,-0.55,0.65,0.14,-0.3,-0.11,-0.07,-0.17,-0.03,-0.05,0,0,1.00
2004-05-21T05:00:00,-0.45,0.61,-0.17,-0.33,-0.29,0.33,-0.25,-0.05,-0.05,0,0,1.00
2004-05-21T06:00:00,-0.51,0.37,-0.15,-0.27,0.0,0.39,-0.23,-0.08,0.0,0,0,0.00
2004-05-21T07:00:00,-0.61,0.42,0.22,-0.23,-0.33,0.04,-0.21,-0.14,-0.05,0,0,-2.00
2004-05-21T08:00:00,-0.19,0.8,0.07,-0.32,-0.92,0.27,-0.24,-0.08,-0.07,0,0,-7.00
2004-05-21T09:00:00,-0.4,0.45,0.44,-0.22,-0.57,-0.35,-0.15,-0.07,-0.02,0,0,-5.00
2004-05-21T10:00:00,-0.53,0.23,0.39,-0.12,-0.49,-0.15,-0.15,-0.09,0.02,0,0,-2.00
2004-05-21T11:00:00,0.54,0.58,-0.32,-0.36,-1.16,0.73,-0.24,-0.24,-0.11,0,0,2.00
2004-05-21T12:00:00,0.42,0.77,-0.21,-0.26,-1.3,0.53,-0.18,-0.23,-0.11,0,0,3.00
2004-05-21T13:00:00,0.67,0.65,0.31,-0.29,-1.33,-0.48,-0.1,-0.19,-0.1,0,0,2.00
2004-05-21T14:00:00,0.55,0.68,0.01,-0.21,-1.27,0.07,-0.08,-0.19,-0.08,0,0,-1.00
2004-05-21T15:00:00,-0.18,0.26,0.75,0.02,-0.87,-1.1,-0.14,-0.12,-0.07,0,0,1.00
2004-05-21T16:00:00,-0.35,0.35,0.8,0.11,-1.05,-1.14,-0.21,-0.15,-0.11,0,0,2.00
2004-05-21T17:00:00,-0.57,0.56,0.5,0.2,-1.43,-0.82,-0.18,-0.11,-0.09,0,0,4.00
2004-05-21T18:00:00,-0.51,0.54,0.55,0.04,-0.88,-1.12,-0.45,-0.02,-0.11,0,0,7.00
2004-05-21T19:00:00,-0.74,0.3,0.92,-0.14,0.22,-1.08,-0.55,-0.11,-0.16,0,0,10.00
2004-05-21T20:00:00,-0.85,0.82,0.59,-0.21,0.27,-0.41,-0.64,-0.35,-0.18,0,0,8.00
2004-05-21T21:00:00,-0.83,0.87,0.43,-0.18,0.12,-0.07,-0.65,-0.35,-0.18,0,0,5.00
2004-05-21T22:00:00,-0.74,0.94,0.22,-0.17,-0.23,-0.24,-0.6,-0.25,-0.17,0,0,2.00
2004-05-21T23:00:00,-0.8,0.89,0.29,-0.21,-0.05,0.2,-0.0,-0.31,-0.15,0,0,4.00
2004-05-22T00:00:00,-0.87,0.78,0.4,-0.28,-0.15,-0.14,-0.53,-0.19,-0.16,0,0,7.00
2004-05-22T01:00:00,-0.98,0.41,0.32,-0.13,0.04,-0.38,-0.43,-0.02,-0.13,0,0,3.00
2004-05-22T02:00:00,-1.12,0.11,0.33,-0.03,0.32,-0.6,-0.42,-0.02,-0.13,0,0,4.00
2004-05-22T03:00:00,-0.73,0.57,-0.31,-0.2,-0.33,0.59,-0.45,-0.13,-0.14,0,0,4.00
2004-05-22T04:00:00,-0.98,0.5,0.34,-0.07,-0.13,-1.07,-0.5,-0.19,-0.15,0,0,6.00
2004-05-22T05:00:00,-1.06,0.26,0.13,-0.01,0.34,-0.47,-0.37,0.09,-0.11,0,0,5.00
2004-05-22T06:00:00,-0.43,-0.12,-0.46,-0.25,0.75,0.4,-0.18,-0.19,-0.06,0,0,-2.00
2004-05-22T07:00:00,-0.69,0.32,-0.25,-0.13,0.06,-0.14,-0.1,-0.08,-0.04,0,0,4.00
2004-05-22T08:00:00,-0.6,0.8,0.12,-0.21,-0.37,-0.37,-0.23,-0.08,-0.1,0,0,4.00
2004-05-22T09:00:00,-0.58,0.83,-0.15,-0.14,-0.39,-0.07,-0.27,-0.11,-0.12,0,0,-1.00
2004-05-22T10:00:00,-0.61,0.81,0.11,-0.13,-0.55,-0.34,-0.29,-0.11,-0.12,0,0,2.00
2004-05-22T11:00:00,-0.65,0.66,-0.13,-0.04,-0.24,-0.02,-0.22,-0.1,-0.1,0,0,3.00
2004-05-22T12:00:00,-0.61,0.79,0.05,-0.07,-0.42,-0.36,-0.29,-0.12,-0.11,0,0,4.00
2004-05-22T13:00:00,-0.54,0.87,0.1,-0.14,-0.45,-0.42,-0.36,-0.08,-0.12,0,0,3.00
2004-05-22T14:00:00,-0.72,0.7,0.21,-0.07,-0.02,-0.7,-0.33,-0.08,-0.12,0,0,4.00
2004-05-22T15:00:00,-0.35,0.91,0.22,-0.27,-0.22,-0.75,-0.37,0.0,-0.11,0,0,4.00
2004-05-22T16:00:00,-0.5,0.78,0.35,-0.2,-0.08,-0.77,-0.36,-0.04,-0.11,0,0,1.00
2004-05-22T17:00:00,-0.85,0.21,0.28,-0.15,0.74,-0.58,-0.32,-0.05,-0.09,0,0,2.00
2004-05-22T18:00:00,-0.82,0.32,0.03,-0.1,0.43,0.04,-0.3,-0.06,-0.08,0,0,5.00
2004-05-22T19:00:00,-0.7,0.62,0.39,-0.05,-0.1,-0.57,-0.33,-0.19,-0.13,0,0,5.00
2004-05-22T20:00:00,-0.92,0.29,0.26,0.07,0.31,-0.33,-0.17,-0.15,-0.1,0,0,7.00
2004-05-22T21:00:00,-0.96,0.26,0.25,0.05,0.15,-0.23,-0.15,-0.19,-0.11,0,0,9.00
2004-05-22T22:00:00,-0.77,0.4,0.28,0.08,-0.27,-0.3,-0.2,-0.16,-0.09,0,0,11.00
2004-05-22T23:00:00,-0.27,0.16,-0.31,0.05,-0.31,0.45,-0.09,-0.22,0.07,0,0,10.00
2004-05-23T00:00:00,-0.23,0.19,-0.07,0.0,-0.39,0.09,0.05,-0.16,0.68,0,0,11.00
2004-05-23T01:00:00,-0.69,-0.05,0.3,0.19,0.06,-0.47,0.17,-0.19,0.01,0,0,13.00
2004-05-23T02:00:00,-0.09,0.22,-0.26,-0.02,-0.39,0.47,0.08,-0.04,0.43,0,0,9.00
2004-05-23T03:00:00,0.0,0.26,-0.32,-0.05,-0.39,0.64,0.03,-0.08,0.22,0,0,12.00
2004-05-23T04:00:00,-0.13,0.1,-0.54,-0.01,-0.08,1.03,0.05,-0.01,0.06,0,0,5.00
2004-05-23T05:00:00,-0.36,0.68,0.56,0.01,-0.48,-0.5,-0.19,-0.01,-0.08,0,0,0.00
2004-05-23T06:00:00,-0.5,0.9,0.22,0.06,-0.73,0.01,-0.23,-0.03,-0.1,0,0,-4.00
2004-05-23T07:00:00,-0.26,0.73,0.33,-0.0,-1.07,0.09,-0.18,0.1,-0.02,0,0,-5.00
2004-05-23T08:00:00,-0.24,0.42,0.32,-0.09,0.09,-0.35,-0.19,0.27,0.26,0,0,-1.00
2004-05-23T09:00:00,0.22,0.92,0.5,-0.3,-0.68,-0.77,-0.26,0.11,-0.09,0,0,3.00
2004-05-23T10:00:00,-0.42,0.79,0.24,-0.01,-0.43,-0.08,-0.24,0.09,-0.06,0,0,3.00
2004-05-23T11:00:00,-0.69,0.16,-0.04,0.13,0.36,0.3,-0.21,0.06,0.04,0,0,7.00
2004-05-23T12:00:00,-0.32,0.85,0.03,-0.08,-0.62,-0.09,-0.22,0.16,-0.04,0,0,8.00
2004-05-23T13:00:00,-0.26,0.87,0.03,-0.16,-0.29,-0.07,-0.18,0.1,-0.04,0,0,8.00
2004-05-23T14:00:00,-0.87,0.79,-0.12,0.04,-0.31,0.18,-0.19,-0.13,-0.13,0,0,9.00
2004-05-23T15:00:00,-0.8,0.43,-0.42,0.14,-0.09,0.78,-0.22,-0.12,-0.12,0,0,10.00
2004-05-23T16:00:00,-0.43,0.75,-0.32,-0.02,-0.42,0.47,-0.24,-0.13,-0.11,0,0,5.00
2004-05-23T17:00:00,-0.39,0.49,-0.1,-0.07,-0.19,0.35,-0.23,-0.09,0.01,0,0,3.00
2004-05-23T18:00:00,-0.87,0.49,0.21,0.16,-0.38,0.34,-0.27,-0.19,-0.12,0,0,2.00
2004-05-23T19:00:00,-0.8,0.42,-0.1,0.1,-0.22,0.74,-0.21,-0.13,-0.09,0,0,-3.00
2004-05-23T20:00:00,-0.33,0.34,0.61,-0.11,-0.09,-0.53,-0.3,-0.21,-0.09,0,0,-3.00
2004-05-23T21:00:00,-0.18,0.48,0.66,-0.18,-0.28,-0.63,-0.25,-0.15,-0.09,0,0,4.00
2004-05-23T22:00:00,-0.74,0.23,0.39,0.07,0.11,-0.06,-0.2,-0.14,-0.08,0,0,2.00
2004-05-23T23:00:00,-0.55,0.24,0.72,0.03,-0.04,-0.93,-0.31,-0.22,-0.13,0,0,1.00
2004-05-24T00:00:00,-0.76,0.12,0.28,0.14,0.26,0.08,-0.24,-0.2,-0.08,0,0,-2.00
2004-05-24T01:00:00,-0.54,-0.13,-0.44,-0.04,0.54,1.15,-0.24,-0.16,-0.07,0,0,2.00
2004-05-24T02:00:00,-0.65,0.19,0.19,0.02,0.15,0.01,-0.22,-0.14,-0.02,0,0,-2.00
2004-05-24T03:00:00,-0.62,0.44,-0.08,0.06,-0.29,0.79,-0.25,-0.15,-0.07,0,0,0.00
2004-05-24T04:00:00,-0.65,0.11,0.43,0.06,0.26,-0.31,-0.27,-0.16,-0.07,0,0,3.00
2004-05-24T05:00:00,-0.58,-0.09,-0.52,-0.05,0.45,1.21,-0.4,-0.26,-0.13,0,0,3.00
2004-05-24T06:00:00,-0.75,-0.03,-0.53,0.06,0.41,1.48,-0.31,-0.19,-0.13,0,0,4.00
2004-05-24T07:00:00,-0.92,-0.08,-0.4,0.13,0.51,0.97,-0.29,-0.21,-0.13,0,0,3.00
2004-05-24T08:00:00,-1.08,0.02,0.16,0.26,0.11,-0.18,-0.23,-0.29,-0.14,0,0,-6.00
2004-05-24T09:00:00,-0.73,0.34,0.39,0.1,-0.23,-0.6,-0.29,-0.21,-0.11,0,0,-11.00
2004-05-24T10:00:00,-0.78,0.03,-0.41,0.04,0.22,0.81,-0.24,-0.07,-0.09,0,0,-14.00
2004-05-24T11:00:00,-0.8,-0.08,0.14,-0.03,0.27,-0.28,-0.13,0.02,-0.0,0,0,-5.00
2004-05-24T12:00:00,-0.53,0.54,0.54,-0.13,-0.35,-0.72,-0.27,0.21,-0.05,0,0,-4.00
2004-05-24T13:00:00,-0.51,0.66,0.32,-0.16,-0.5,-0.54,-0.36,0.19,-0.05,0,0,-9.00
2004-05-24T14:00:00,-0.52,0.09,0.16,-0.16,0.5,-0.34,-0.41,0.33,0.23,0,0,-9.00
2004-05-24T15:00:00,-0.81,0.25,0.34,0.04,0.13,-0.62,-0.4,0.18,-0.06,0,0,-8.00
2004-05-24T16:00:00,-0.52,0.19,0.39,-0.13,0.39,-0.25,-0.39,0.63,0.17,0,0,-7.00
2004-05-24T17:00:00,-0.76,0.24,0.3,-0.18,0.39,-0.38,-0.38,0.28,-0.02,0,0,-5.00
2004-05-24T18:00:00,-0.39,0.51,0.54,-0.46,0.48,-0.88,-0.46,0.53,-0.01,0,0,-3.00
2004-05-24T19:00:00,-0.52,0.62,0.46,-0.32,0.38,-0.25,-0.48,0.54,-0.04,0,0,-3.00
2004-05-24T20:00:00,-0.57,0.66,0.42,-0.3,0.33,-0.03,-0.5,0.35,-0.08,0,0,-3.00
2004-05-24T21:00:00,-0.77,0.45,0.15,-0.22,0.85,0.6,-0.47,0.19,-0.08,0,0,-1.00
2004-05-24T22:00:00,-0.58,0.44,0.14,-0.28,0.75,0.45,-0.47,0.24,-0.01,0,0,0.00
2004-05-24T23:00:00,-0.69,0.34,0.46,-0.25,0.94,-0.18,-0.52,-0.01,-0.11,0,0,2.00
2004-05-25T00:00:00,-0.37,0.84,0.13,-0.4,-0.09,0.58,-0.54,0.14,-0.11,0,0,3.00
2004-05-25T01:00:00,-0.71,0.47,-0.05,-0.18,0.44,1.07,-0.54,0.11,-0.09,0,0,2.00
2004-05-25T02:00:00,-0.59,0.47,0.27,-0.17,0.2,-0.14,-0.58,0.11,-0.09,0,0,1.00
2004-05-25T03:00:00,0.02,0.69,0.29,-0.5,-0.28,-0.27,-0.6,0.12,-0.08,0,0,1.00
2004-05-25T04:00:00,-0.49,0.63,-0.03,-0.21,-0.0,0.46,-0.59,-0.0,-0.11,0,0,2.00
2004-05-25T05:00:00,-0.75,0.39,-0.19,-0.07,0.3,0.9,-0.63,-0.21,-0.15,0,0,2.00
2004-05-25T06:00:00,-0.61,0.56,0.14,-0.13,0.01,-0.05,-0.6,-0.14,-0.13,0,0,-1.00
2004-05-25T07:00:00,0.09,0.56,-0.08,-0.39,-0.46,0.47,-0.6,-0.12,-0.07,0,0,-3.00
2004-05-25T08:00:00,-0.29,0.32,-0.0,-0.13,0.04,-0.02,-0.58,-0.17,0.01,0,0,-3.00
2004-05-25T09:00:00,-0.63,0.06,0.27,0.08,0.53,-0.85,-0.54,-0.08,-0.07,0,0,0.00
2004-05-25T10:00:00,-0.6,0.19,0.04,0.12,0.1,-0.14,-0.57,-0.11,-0.07,0,0,0.00
2004-05-25T11:00:00,-0.74,-0.01,-0.07,0.27,0.74,0.3,-0.58,-0.26,-0.13,0,0,2.00
2004-05-25T12:00:00,-0.58,0.24,-0.08,0.22,0.12,0.16,-0.63,-0.26,-0.12,0,0,2.00
2004-05-25T13:00:00,-0.59,0.34,-0.1,0.21,-0.18,0.24,-0.62,-0.2,-0.12,0,0,-1.00
2004-05-25T14:00:00,-0.52,0.42,0.13,0.16,-0.32,-0.55,-0.6,-0.12,-0.1,0,0,-4.00
2004-05-25T15:00:00,-0.39,0.59,0.1,0.1,-0.67,-0.43,-0.63,-0.09,-0.11,0,0,-4.00
2004-05-25T16:00:00,-0.3,0.53,0.05,0.06,-0.44,-0.24,-0.62,-0.2,-0.1,0,0,-4.00
2004-05-25T17:00:00,-0.61,0.07,0.16,0.26,0.47,-0.58,-0.57,-0.24,-0.09,0,0,-3.00
2004-05-25T18:00:00,-0.58,0.06,0.34,0.21,0.39,-0.96,-0.56,-0.19,-0.09,0,0,-1.00
2004-05-25T19:00:00,-0.62,-0.05,0.28,0.25,0.58,-0.85,-0.53,-0.2,-0.09,0,0,-2.00
2004-05-25T20:00:00,-0.75,-0.12,0.06,0.36,0.73,-0.17,-0.58,-0.37,-0.15,0,0,-3.00
2004-05-25T21:00:00,-0.77,-0.08,0.16,0.41,0.55,-0.48,-0.61,-0.41,-0.16,0,0,-2.00
2004-05-25T22:00:00,-0.76,-0.08,0.04,0.45,0.55,-0.17,-0.63,-0.41,-0.16,0,0,1.00
2004-05-25T23:00:00,-0.76,-0.09,0.1,0.47,0.58,-0.33,-0.62,-0.41,-0.16,0,0,2.00
2004-05-26T00:00:00,-0.74,-0.06,0.09,0.49,0.48,-0.28,-0.64,-0.43,-0.16,0,0,3.00
2004-05-26T01:00:00,-0.79,0.04,0.12,0.52,0.34,-0.34,-0.64,-0.47,-0.17,0,0,4.00
2004-05-26T02:00:00,-0.69,0.34,0.1,0.5,-0.36,-0.39,-0.64,-0.43,-0.16,0,0,5.00
2004-05-26T03:00:00,-0.56,0.48,0.06,0.47,-0.55,-0.4,-0.63,-0.39,-0.16,0,0,5.00
2004-05-26T04:00:00,-0.2,0.52,-0.17,0.39,-0.5,0.07,-0.58,-0.41,-0.14,0,0,5.00
2004-05-26T05:00:00,0.08,0.66,-0.17,0.34,-0.63,-0.03,-0.52,-0.46,-0.16,0,0,5.00
2004-05-26T06:00:00,0.42,0.6,0.09,0.23,-0.83,-0.55,-0.49,-0.45,-0.15,0,0,6.00
2004-05-26T07:00:00,-0.01,0.69,0.08,0.48,-0.75,-0.51,-0.55,-0.47,-0.16,0,0,5.00
2004-05-26T08:00:00,-0.01,0.69,0.05,0.48,-0.76,-0.56,-0.53,-0.44,-0.15,0,0,6.00
2004-05-26T09:00:00,0.01,0.72,0.02,0.43,-0.82,-0.33,-0.5,-0.47,-0.16,0,0,7.00
2004-05-26T10:00:00,-0.27,0.62,-0.2,0.55,-0.58,0.28,-0.47,-0.45,-0.15,0,0,8.00
2004-05-26T11:00:00,-0.15,0.74,-0.05,0.47,-0.71,-0.04,-0.51,-0.42,-0.15,0,0,7.00
2004-05-26T12:00:00,0.06,0.77,0.24,0.45,-0.71,-0.61,-0.47,-0.44,-0.16,0,0,6.00
2004-05-26T13:00:00,0.17,0.63,0.38,0.39,-0.61,-0.72,-0.44,-0.44,-0.15,0,0,7.00
2004-05-26T14:00:00,0.04,0.65,0.31,0.49,-0.7,-0.56,-0.38,-0.41,-0.13,0,0,10.00
2004-05-26T15:00:00,0.13,0.59,0.33,0.49,-0.55,-0.4,-0.34,-0.4,-0.12,0,0,13.00
2004-05-26T16:00:00,0.05,0.55,0.29,0.51,-0.38,-0.35,-0.38,-0.33,-0.09,0,0,12.00
2004-05-26T17:00:00,0.02,0.68,0.26,0.58,-0.55,-0.25,-0.36,-0.36,-0.12,0,0,12.00
2004-05-26T18:00:00,-0.1,0.68,0.21,0.66,-0.53,-0.32,-0.36,-0.35,-0.12,0,0,12.00
2004-05-26T19:00:00,0.13,0.66,0.14,0.59,-0.39,-0.21,-0.34,-0.43,-0.13,0,0,12.00
2004-05-26T20:00:00,0.42,0.77,0.29,0.41,-0.4,-0.08,-0.14,-0.38,-0.14,0,0,10.00
2004-05-26T21:00:00,0.28,0.81,0.42,0.39,-0.52,-0.42,-0.19,-0.42,-0.15,0,0,11.00
2004-05-26T22:00:00,0.11,0.86,0.21,0.45,-0.72,-0.1,-0.2,-0.42,-0.15,0,0,15.00
2004-05-26T23:00:00,0.31,0.81,0.31,0.37,-0.77,-0.33,-0.19,-0.43,-0.15,0,0,16.00
2004-05-27T00:00:00,-0.06,0.82,0.2,0.5,-0.72,-0.12,-0.23,-0.37,-0.13,0,0,16.00
2004-05-27T01:00:00,-0.54,0.7,-0.1,0.64,-0.57,0.2,-0.11,-0.27,-0.11,0,0,15.00
2004-05-27T02:00:00,-0.13,0.56,0.66,0.54,-0.58,-1.0,-0.22,-0.42,-0.15,0,0,13.00
2004-05-27T03:00:00,0.63,0.46,0.47,0.48,-0.7,-0.56,-0.31,-0.46,-0.16,0,0,11.00
2004-05-27T04:00:00,0.21,0.72,0.36,0.61,-0.8,-0.28,-0.2,-0.45,-0.15,0,0,10.00
2004-05-27T05:00:00,-0.01,0.78,-0.05,0.7,-0.76,0.07,-0.33,-0.49,-0.16,0,0,12.00
2004-05-27T06:00:00,-0.4,0.86,-0.12,0.83,-0.85,0.08,-0.38,-0.46,-0.17,0,0,12.00
2004-05-27T07:00:00,-0.38,0.59,-0.33,0.85,-0.61,0.1,-0.32,-0.41,-0.15,0,0,9.00
2004-05-27T08:00:00,0.09,0.8,0.11,0.76,-1.15,-0.14,-0.4,-0.51,-0.17,0,0,8.00
2004-05-27T09:00:00,-0.35,0.68,0.07,0.99,-0.84,0.0,-0.31,-0.47,-0.15,0,0,7.00
2004-05-27T10:00:00,-0.47,0.66,0.05,1.07,-0.96,0.18,-0.29,-0.46,-0.15,0,0,10.00
2004-05-27T11:00:00,-0.36,0.7,0.17,1.05,-0.89,-0.08,-0.3,-0.49,-0.16,0,0,9.00
2004-05-27T12:00:00,-0.7,-0.1,0.21,1.1,0.1,-0.19,-0.14,-0.44,-0.12,0,0,8.00
2004-05-27T13:00:00,-0.73,0.09,0.13,1.08,-0.2,-0.02,-0.13,-0.45,-0.13,0,0,7.00
2004-05-27T14:00:00,-0.64,0.36,-0.16,1.1,-0.42,0.38,-0.01,-0.45,-0.13,0,0,8.00
2004-05-27T15:00:00,-0.56,0.36,-0.2,1.11,-0.44,0.5,-0.02,-0.5,-0.14,0,0,8.00
2004-05-27T16:00:00,-0.76,0.4,0.01,1.19,-0.63,0.16,-0.01,-0.5,-0.15,0,0,11.00
2004-05-27T17:00:00,-0.79,0.44,0.22,1.2,-0.59,-0.25,-0.02,-0.47,-0.15,0,0,11.00
2004-05-27T18:00:00,-0.7,0.37,0.31,1.21,-0.42,-0.38,-0.02,-0.46,-0.14,0,0,12.00
2004-05-27T19:00:00,-0.44,0.57,0.47,1.13,-0.69,-0.64,-0.05,-0.49,-0.15,0,0,13.00
2004-05-27T20:00:00,-0.73,0.34,0.21,1.27,-0.54,-0.2,0.04,-0.42,-0.12,0,0,12.00
2004-05-27T21:00:00,-0.89,-0.18,0.26,1.34,0.23,-0.43,-0.07,-0.49,-0.16,0,0,14.00
2004-05-27T22:00:00,-0.95,0.22,0.16,1.36,-0.42,-0.32,-0.08,-0.5,-0.16,0,0,16.00
2004-05-27T23:00:00,-0.8,0.36,-0.17,1.34,-0.62,0.32,-0.07,-0.49,-0.16,0,0,18.00
2004-05-28T00:00:00,-0.64,0.46,0.0,1.32,-0.7,-0.17,-0.07,-0.48,-0.14,1,0,16.00
2004-05-28T01:00:00,-0.84,0.16,0.33,1.4,-0.29,-0.87,-0.23,-0.53,-0.17,1,0,15.00
2004-05-28T02:00:00,-0.53,0.28,0.74,1.18,-0.41,-1.43,-0.14,-0.53,-0.17,1,0,11.00
2004-05-28T03:00:00,-0.71,0.33,0.64,1.08,-0.62,-0.79,-0.26,-0.52,-0.17,1,0,10.00
2004-05-28T04:00:00,-0.61,0.67,0.49,0.96,-1.05,-0.27,-0.28,-0.52,-0.18,1,0,11.00
2004-05-28T05:00:00,-0.71,0.84,0.17,0.94,-1.15,0.18,-0.23,-0.54,-0.18,1,0,13.00
2004-05-28T06:00:00,-0.61,1.0,0.01,0.95,-1.41,0.71,-0.13,-0.54,-0.18,1,0,14.00
2004-05-28T07:00:00,-0.75,1.02,-0.13,0.97,-1.48,0.81,0.08,-0.53,-0.18,1,0,15.00
2004-05-28T08:00:00,-0.86,1.02,-0.27,1.0,-1.57,1.02,0.26,-0.49,-0.17,1,0,15.00
2004-05-28T09:00:00,-0.77,1.09,-0.36,0.96,-1.59,1.11,0.27,-0.5,-0.17,1,0,15.00
2004-05-28T10:00:00,-0.76,1.12,-0.35,0.97,-1.66,1.24,0.22,-0.49,-0.17,1,0,15.00
2004-05-28T11:00:00,-0.62,1.05,-0.26,0.98,-1.28,1.0,0.85,-0.5,-0.16,1,0,10.00
2004-05-28T12:00:00,-0.51,1.05,-0.33,0.92,-1.02,0.93,1.2,-0.54,-0.16,1,0,10.00
2004-05-28T13:00:00,-0.65,1.03,-0.45,0.94,-1.11,0.95,0.94,-0.54,-0.17,1,0,16.00
2004-05-28T14:00:00,-0.85,0.87,-0.53,1.04,-1.19,0.77,0.86,-0.57,-0.18,1,0,17.00
2004-05-28T15:00:00,-0.66,0.61,-0.83,1.02,-1.2,0.92,0.88,-0.58,-0.18,1,0,17.00
2004-05-28T16:00:00,-0.02,-0.1,-0.88,0.81,-0.48,0.54,0.06,-0.32,-0.13,1,0,16.00
2004-05-28T17:00:00,0.76,-0.61,-0.93,0.72,-0.12,1.83,-0.61,-0.15,-0.17,1,0,13.00
2004-05-28T18:00:00,0.64,-0.53,-0.95,0.61,0.05,1.35,-0.59,-0.15,-0.17,1,0,10.00
2004-05-28T19:00:00,0.73,-0.43,-0.85,0.63,-0.02,1.08,-0.5,-0.23,-0.17,1,0,-1.00
2004-05-28T20:00:00,0.73,-0.44,-0.79,0.64,-0.01,0.78,-0.54,-0.24,-0.17,1,0,-10.00
2004-05-28T21:00:00,0.64,-0.59,-0.64,0.79,-0.37,0.87,-0.47,-0.22,-0.16,1,0,-18.00
2004-05-28T22:00:00,0.43,-0.45,-0.47,0.96,-0.91,-0.29,0.04,-0.33,-0.1,1,0,-25.00
2004-05-28T23:00:00,0.1,-0.24,-0.42,0.9,-0.68,-1.07,0.13,-0.24,0.05,1,0,-29.00
2004-05-29T00:00:00,0.13,-0.13,-0.59,0.77,-0.55,-1.28,0.06,-0.3,-0.07,1,0,-27.00
2004-05-29T01:00:00,0.46,-0.21,-0.67,0.68,-0.35,-1.21,-0.08,-0.38,-0.14,1,0,-25.00
2004-05-29T02:00:00,0.78,-0.4,-0.36,0.73,-0.54,-0.74,-0.18,-0.4,-0.15,1,0,-21.00
2004-05-29T03:00:00,0.91,-0.48,0.06,0.6,-0.41,-0.13,-0.43,-0.34,-0.15,1,0,-16.00
2004-05-29T04:00:00,0.96,-0.58,0.07,0.53,-0.57,-0.1,-0.53,-0.3,-0.16,1,0,-19.00
2004-05-29T05:00:00,1.05,-0.46,-0.04,0.6,-0.35,-0.59,-0.56,-0.37,-0.17,1,0,-25.00
2004-05-29T06:00:00,1.06,-0.48,-0.11,0.58,-0.36,-0.75,-0.5,-0.28,-0.16,1,0,-23.00
2004-05-29T07:00:00,0.97,-0.6,0.21,0.52,-0.54,-0.06,-0.43,-0.27,-0.16,1,0,-15.00
2004-05-29T08:00:00,0.88,-0.45,-0.43,0.48,-0.28,-1.02,-0.32,-0.33,-0.16,1,0,-9.00
2004-05-29T09:00:00,0.86,-0.48,-0.06,0.48,-0.2,-0.51,-0.25,-0.24,-0.12,1,0,-11.00
2004-05-29T10:00:00,0.79,-0.63,0.17,0.51,-0.19,0.28,0.02,-0.32,-0.12,1,0,-1.00
2004-05-29T11:00:00,1.15,-0.42,0.21,0.65,0.11,0.09,0.13,-0.25,-0.13,1,0,-6.00
2004-05-29T12:00:00,0.52,-0.48,0.4,0.41,-0.52,0.63,0.14,0.07,0.08,1,0,-14.00
2004-05-29T13:00:00,1.0,-0.75,0.33,0.66,-0.38,0.04,0.21,-0.15,-0.11,1,0,-12.00
2004-05-29T14:00:00,0.79,-0.78,-0.17,0.61,-0.28,-0.45,0.38,-0.35,-0.12,1,0,-7.00
2004-05-29T15:00:00,0.9,-0.95,0.32,0.57,-0.34,-0.0,0.35,-0.27,-0.13,1,0,-5.00
2004-05-29T16:00:00,0.85,-1.13,0.08,0.56,-0.42,-0.27,0.4,-0.28,-0.14,1,0,-3.00
2004-05-29T17:00:00,0.98,-0.92,-0.04,0.62,-0.24,-0.42,0.64,-0.23,-0.11,1,0,-5.00
2004-05-29T18:00:00,0.73,-0.2,-0.45,0.58,0.3,-0.75,0.91,-0.2,0.0,1,0,0.00
2004-05-29T19:00:00,-0.05,0.64,-0.76,0.48,0.76,-1.03,1.03,-0.29,-0.08,1,0,2.00
2004-05-29T20:00:00,0.92,-0.25,-0.53,0.66,0.47,-1.04,0.89,-0.25,-0.08,1,0,3.00
2004-05-29T21:00:00,1.08,-1.22,-0.24,0.73,0.0,-0.89,0.55,-0.33,-0.15,1,0,2.00
2004-05-29T22:00:00,1.18,-0.94,-0.35,0.79,-0.12,-1.15,0.48,-0.33,-0.15,1,0,-1.00
2004-05-29T23:00:00,1.01,-0.5,-0.36,0.71,0.33,-1.0,0.7,-0.25,-0.1,1,0,-6.00
2004-05-30T00:00:00,1.21,-0.76,0.07,0.77,-0.11,-0.46,0.92,-0.13,-0.08,1,0,0.00
2004-05-30T01:00:00,1.23,-0.54,0.03,0.8,-0.03,-0.88,0.93,-0.09,-0.06,1,0,0.00
2004-05-30T02:00:00,0.92,-0.42,0.35,0.71,0.07,-0.66,1.01,-0.08,0.03,1,0,-1.00
2004-05-30T03:00:00,1.07,-1.03,0.12,0.74,-0.87,-0.93,0.87,-0.1,-0.09,1,0,-1.00
2004-05-30T04:00:00,0.78,-1.13,0.33,0.63,-0.68,-0.61,0.95,-0.12,-0.08,1,0,0.00
2004-05-30T05:00:00,0.65,-0.54,0.65,0.59,-0.28,-0.45,0.99,0.01,0.05,1,0,2.00
2004-05-30T06:00:00,0.38,-0.92,0.38,0.51,-0.58,-0.73,0.89,-0.11,0.0,1,0,5.00
2004-05-30T07:00:00,0.51,-1.25,0.37,0.45,-0.69,-0.63,0.83,-0.21,-0.11,1,0,6.00
2004-05-30T08:00:00,0.8,-1.03,-0.39,0.49,-0.63,-1.21,0.97,-0.12,-0.08,1,0,10.00
2004-05-30T09:00:00,0.5,-1.16,-0.66,0.43,-0.57,-1.48,0.91,-0.18,-0.11,1,0,14.00
2004-05-30T10:00:00,0.89,-0.99,-0.23,0.55,-0.63,-1.37,0.85,-0.13,-0.08,1,0,13.00
2004-05-30T11:00:00,0.64,-0.22,0.82,0.45,0.07,-0.13,0.89,-0.04,0.0,1,0,10.00
2004-05-30T12:00:00,0.77,-0.59,0.53,0.48,-0.29,-0.44,1.1,-0.04,0.03,1,0,3.00
2004-05-30T13:00:00,0.66,-0.75,0.62,0.46,-0.49,-0.37,1.01,-0.09,-0.02,1,0,3.00
2004-05-30T14:00:00,0.96,-0.67,0.7,0.54,-0.5,-0.45,0.81,-0.17,-0.09,1,0,6.00
2004-05-30T15:00:00,1.02,-0.96,0.07,0.48,-0.57,-1.21,0.79,-0.12,-0.09,1,0,8.00
2004-05-30T16:00:00,0.78,-1.21,-0.21,0.35,-0.35,-1.48,0.64,-0.07,-0.1,1,0,8.00
2004-05-30T17:00:00,1.51,0.09,-0.55,0.3,1.11,-1.39,0.58,0.02,-0.11,1,0,6.00
2004-05-30T18:00:00,1.35,-0.82,-0.58,0.09,0.62,-0.76,0.41,0.0,-0.13,1,0,2.00
2004-05-30T19:00:00,1.0,-1.21,-0.62,0.07,-0.14,-0.76,0.54,0.01,-0.12,1,0,0.00
2004-05-30T20:00:00,0.72,-1.18,-0.16,0.01,-0.19,0.14,0.52,0.12,-0.06,1,0,-4.00
2004-05-30T21:00:00,0.8,-0.67,-0.59,-0.2,0.48,0.34,0.69,0.3,0.01,1,0,-8.00
2004-05-30T22:00:00,0.08,-1.17,0.25,-0.3,0.34,0.68,0.58,0.28,0.03,1,0,-11.00
2004-05-30T23:00:00,0.13,-1.07,0.07,-0.26,0.35,0.59,0.46,0.21,0.04,1,0,-11.00
2004-05-31T00:00:00,0.49,-0.51,-0.35,-0.25,0.51,0.19,0.33,0.04,0.07,1,0,-6.00
2004-05-31T01:00:00,-0.06,-1.09,-0.09,-0.43,-0.06,0.0,0.3,0.04,-0.04,1,0,0.00
2004-05-31T02:00:00,0.32,-0.96,0.27,-0.28,0.01,0.18,0.23,-0.02,-0.03,1,0,0.00
2004-05-31T03:00:00,-0.3,-0.69,0.44,-0.61,0.15,0.74,0.04,-0.08,-0.02,1,0,1.00
2004-05-31T04:00:00,0.53,-0.95,0.16,-0.44,0.23,0.4,-0.11,0.11,-0.07,1,0,0.00
2004-05-31T05:00:00,0.65,-0.55,-0.11,-0.4,0.57,-0.16,-0.01,0.25,0.07,1,0,0.00
2004-05-31T06:00:00,0.76,-0.37,0.1,-0.37,0.55,0.17,0.01,0.12,0.05,1,0,-2.00
2004-05-31T07:00:00,0.84,-0.28,-0.22,-0.34,0.53,-0.26,-0.01,0.01,-0.03,1,0,-2.00
2004-05-31T08:00:00,0.23,-0.29,0.26,-0.47,0.45,0.41,-0.12,-0.14,0.35,1,0,-1.00
2004-05-31T09:00:00,0.44,-0.51,0.26,-0.32,-0.2,0.3,0.05,-0.14,0.05,1,0,1.00
2004-05-31T10:00:00,0.33,-0.68,-0.17,-0.3,-0.52,-0.41,0.02,-0.16,-0.02,1,0,-1.00
2004-05-31T11:00:00,0.43,-0.63,-0.15,-0.26,-0.44,-0.34,-0.02,-0.14,-0.02,0,0,2.00
2004-05-31T12:00:00,0.78,-0.31,-0.06,-0.18,-0.03,-0.03,0.1,-0.13,-0.02,0,0,-1.00
2004-05-31T13:00:00,0.84,0.01,-0.17,-0.13,0.21,-0.13,0.1,-0.12,-0.03,0,0,-2.00
2004-05-31T14:00:00,0.76,0.12,-0.19,-0.18,0.25,-0.25,0.09,-0.0,0.03,0,0,-5.00
2004-05-31T15:00:00,-0.36,-0.09,0.49,-0.53,0.1,0.86,-0.03,-0.11,0.09,0,0,-3.00
2004-05-31T16:00:00,0.03,-0.47,0.18,-0.42,-0.41,0.53,-0.06,-0.14,0.25,0,0,-1.00
2004-05-31T17:00:00,0.19,-0.5,-0.2,-0.33,-0.45,0.04,-0.01,-0.08,0.13,0,0,1.00
2004-05-31T18:00:00,0.58,-0.64,-0.24,-0.26,-0.77,-0.04,0.08,-0.0,-0.02,0,0,3.00
2004-05-31T19:00:00,0.09,-0.5,0.21,-0.31,-0.97,0.31,0.18,0.05,0.46,0,0,2.00
2004-05-31T20:00:00,0.68,-0.99,-0.14,-0.26,-1.15,-0.1,-0.19,-0.07,-0.12,0,0,0.00
2004-05-31T21:00:00,0.34,-0.84,0.2,-0.59,-0.38,0.6,-0.16,0.26,0.01,0,0,-2.00
2004-05-31T22:00:00,0.78,-0.36,0.01,-0.45,-0.31,0.49,-0.12,0.3,0.06,0,0,-2.00
2004-05-31T23:00:00,0.85,-0.35,0.07,-0.47,-0.5,0.78,-0.15,0.19,-0.0,0,0,0.00
2004-06-01T00:00:00,0.6,-0.27,-0.33,-0.7,-0.04,0.48,-0.3,0.25,0.02,0,0,---
2004-06-01T01:00:00,0.4,-0.61,-0.45,-0.79,-0.1,0.32,-0.24,0.27,-0.03,0,0,3.00
2004-06-01T02:00:00,0.56,-0.46,-0.15,-0.7,0.06,0.69,-0.24,0.21,0.06,0,0,-2.00
2004-06-01T03:00:00,0.41,-0.83,0.4,-0.79,-0.27,1.4,-0.22,0.22,-0.04,0,0,-6.00
2004-06-01T04:00:00,0.63,-0.47,-0.28,-0.73,0.14,-0.11,-0.32,0.12,-0.04,0,0,-10.00
2004-06-01T05:00:00,0.6,-0.48,0.07,-0.75,0.35,0.67,-0.23,0.18,0.05,0,0,-7.00
2004-06-01T06:00:00,0.7,-0.44,0.0,-0.69,0.42,0.23,-0.24,0.15,0.0,0,0,-1.00
2004-06-01T07:00:00,0.77,-0.12,0.26,-0.65,0.92,0.64,-0.2,0.17,0.03,0,0,3.00
2004-06-01T08:00:00,0.59,0.02,0.57,-0.78,1.09,1.05,-0.2,0.19,0.01,0,0,1.00
2004-06-01T09:00:00,0.76,-0.47,0.49,-0.7,0.37,0.74,-0.16,0.14,-0.05,0,0,-1.00
2004-06-01T10:00:00,0.8,-0.54,0.11,-0.67,0.12,0.1,-0.17,0.05,-0.05,0,0,10.00
2004-06-01T11:00:00,0.49,-0.37,-0.56,-0.83,-0.48,-0.98,0.04,0.1,-0.01,0,0,13.00
2004-06-01T12:00:00,0.0,-0.37,0.86,-0.96,0.19,1.59,-0.19,0.15,-0.06,0,0,11.00
2004-06-01T13:00:00,0.51,-0.35,-0.14,-0.76,0.21,-0.36,-0.19,0.13,0.12,0,0,6.00
2004-06-01T14:00:00,0.25,-0.44,-0.18,-0.83,0.01,-0.27,-0.19,0.17,0.23,0,0,1.00
2004-06-01T15:00:00,0.28,-0.5,-0.09,-0.8,-0.12,-0.27,-0.21,0.12,0.18,0,0,5.00
2004-06-01T16:00:00,0.11,-0.62,0.08,-0.83,-0.28,-0.19,-0.2,0.08,0.13,0,0,3.00
2004-06-01T17:00:00,0.36,-0.5,0.41,-0.69,-0.03,0.69,-0.22,0.04,0.03,0,0,-2.00
2004-06-01T18:00:00,0.37,-0.49,-0.04,-0.73,0.06,0.05,-0.25,0.11,0.14,0,0,-3.00
2004-06-01T19:00:00,0.48,-0.34,-0.08,-0.71,0.14,0.07,-0.17,0.33,0.29,0,0,-2.00
2004-06-01T20:00:00,0.36,-0.31,0.12,-0.79,0.22,0.45,-0.21,0.1,0.4,0,0,-1.00
2004-06-01T21:00:00,0.27,0.01,0.12,-0.86,0.7,0.34,-0.27,0.15,1.58,0,0,-4.00
2004-06-01T22:00:00,0.45,-0.17,-0.39,-0.76,0.34,-0.8,-0.3,0.06,0.01,0,0,-8.00
2004-06-01T23:00:00,0.48,-0.43,-0.3,-0.77,-0.03,-0.49,-0.26,0.07,0.01,0,0,-10.00
2004-06-02T00:00:00,0.52,-0.56,0.27,-0.72,-0.26,0.88,-0.23,0.02,-0.01,0,0,1.00
2004-06-02T01:00:00,0.72,-0.24,0.29,-0.63,0.18,0.73,-0.2,-0.1,-0.04,0,0,2.00
2004-06-02T02:00:00,0.71,0.43,0.04,-0.63,0.96,0.33,-0.21,0.04,-0.02,0,0,2.00
2004-06-02T03:00:00,0.78,0.25,-0.03,-0.58,0.8,0.03,-0.16,-0.11,-0.05,0,0,5.00
2004-06-02T04:00:00,0.69,-0.22,0.32,-0.6,0.21,0.63,-0.13,-0.06,-0.01,0,0,2.00
2004-06-02T05:00:00,0.65,-0.12,0.32,-0.62,0.38,0.62,-0.12,-0.04,0.03,0,0,-4.00
2004-06-02T06:00:00,0.7,-0.27,-0.0,-0.56,0.24,0.09,-0.11,-0.12,-0.01,0,0,-7.00
2004-06-02T07:00:00,0.08,-0.92,-0.21,-0.76,-0.52,-0.24,-0.22,-0.08,-0.09,0,0,-5.00
2004-06-02T08:00:00,0.68,-0.36,0.1,-0.44,-0.02,0.53,-0.26,-0.15,-0.05,0,0,1.00
2004-06-02T09:00:00,1.0,-0.45,0.05,-0.21,-0.08,0.4,-0.35,-0.35,-0.16,0,0,4.00
2004-06-02T10:00:00,0.76,-0.7,-0.24,-0.17,-0.53,-0.12,-0.42,-0.22,-0.15,0,0,3.00
2004-06-02T11:00:00,0.53,-0.95,-0.01,-0.28,-0.67,0.23,-0.38,-0.11,-0.13,0,0,3.00
2004-06-02T12:00:00,0.62,-0.8,-0.11,-0.23,-0.47,0.06,-0.4,-0.15,-0.13,0,0,-2.00
2004-06-02T13:00:00,0.44,-0.83,-0.02,-0.37,-0.2,0.18,-0.37,-0.09,-0.1,0,0,-6.00
2004-06-02T14:00:00,0.19,-0.68,-0.19,-0.53,-0.18,-0.12,-0.33,-0.01,-0.03,0,0,-6.00
2004-06-02T15:00:00,0.76,-0.27,-0.08,-0.22,0.55,0.2,-0.28,-0.1,-0.06,0,0,4.00
2004-06-02T16:00:00,0.5,-0.7,-0.25,-0.33,-0.27,-0.36,-0.38,-0.1,-0.11,0,0,-3.00
2004-06-02T17:00:00,0.58,-0.45,-0.42,-0.31,0.15,-0.75,-0.33,-0.13,-0.11,0,0,0.00
2004-06-02T18:00:00,0.63,-0.28,-0.32,-0.31,0.33,-0.47,-0.29,-0.11,-0.07,0,0,3.00
2004-06-02T19:00:00,0.48,-0.7,-0.02,-0.37,-0.21,0.2,-0.27,-0.02,-0.05,0,0,1.00
2004-06-02T20:00:00,0.38,-0.46,-0.29,-0.39,0.13,-0.09,-0.3,-0.06,-0.02,0,0,-3.00
2004-06-02T21:00:00,0.59,-0.08,0.17,-0.27,0.69,0.6,-0.26,-0.06,0.08,0,0,-3.00
2004-06-02T22:00:00,0.46,-0.56,-0.14,-0.28,0.0,0.05,-0.34,-0.06,-0.04,0,0,0.00
2004-06-02T23:00:00,0.61,-0.55,-0.11,-0.16,-0.08,0.18,-0.39,-0.19,-0.11,0,0,3.00
2004-06-03T00:00:00,0.11,-0.57,-0.33,-0.4,-0.17,-0.41,-0.39,-0.03,-0.04,0,0,5.00
2004-06-03T01:00:00,0.44,-0.28,-0.32,-0.28,0.3,-0.28,-0.33,-0.03,0.0,0,0,6.00
2004-06-03T02:00:00,0.18,-0.79,-0.14,-0.36,-0.49,-0.06,-0.36,-0.03,-0.07,0,0,1.00
2004-06-03T03:00:00,0.08,-0.68,0.07,-0.38,-0.29,0.22,-0.37,-0.03,-0.01,0,0,-5.00
2004-06-03T04:00:00,0.3,-0.45,0.18,-0.33,0.04,0.19,-0.35,-0.06,0.08,0,0,-6.00
2004-06-03T05:00:00,0.18,-0.56,-0.16,-0.37,-0.27,-0.63,-0.36,-0.04,0.01,0,0,-6.00
2004-06-03T06:00:00,0.31,-0.28,0.16,-0.29,-0.11,0.13,-0.34,-0.0,0.33,0,0,-6.00
2004-06-03T07:00:00,0.37,-0.4,0.11,-0.25,-0.05,-0.25,-0.33,0.0,0.14,0,0,-2.00
2004-06-03T08:00:00,0.41,-0.31,0.05,-0.24,0.03,-0.34,-0.33,-0.05,0.15,0,0,0.00
2004-06-03T09:00:00,0.27,-0.44,0.31,-0.28,-0.1,0.09,-0.33,-0.11,0.04,0,0,5.00
2004-06-03T10:00:00,-0.22,-0.55,0.1,-0.5,-0.44,-0.25,-0.39,-0.17,-0.0,0,0,6.00
2004-06-03T11:00:00,0.06,-0.52,0.12,-0.36,-0.36,-0.12,-0.33,-0.15,0.08,0,0,7.00
2004-06-03T12:00:00,0.37,-0.31,0.18,-0.21,-0.18,-0.06,-0.33,-0.13,0.12,0,0,6.00
2004-06-03T13:00:00,0.51,-0.36,0.01,-0.15,-0.35,-0.13,-0.24,-0.15,0.03,0,0,4.00
2004-06-03T14:00:00,0.14,-0.65,0.31,-0.26,-0.8,0.36,-0.34,-0.21,-0.07,0,0,3.00
2004-06-03T15:00:00,0.05,-0.56,0.14,-0.3,-0.65,0.05,-0.29,-0.13,0.06,0,0,4.00
2004-06-03T16:00:00,0.36,-0.15,0.41,-0.16,0.03,0.41,-0.19,-0.07,0.13,0,0,3.00
2004-06-03T17:00:00,-0.01,-0.53,0.36,-0.3,-0.59,0.42,-0.23,-0.13,0.03,0,0,4.00
2004-06-03T18:00:00,0.32,-0.24,0.06,-0.16,-0.12,-0.11,-0.14,-0.1,0.5,0,0,7.00
2004-06-03T19:00:00,0.51,0.06,0.22,-0.08,0.19,-0.0,-0.18,-0.1,0.15,0,0,9.00
2004-06-03T20:00:00,0.37,0.34,-0.28,-0.13,0.59,-0.74,-0.21,-0.12,0.01,0,0,7.00
2004-06-03T21:00:00,0.61,-0.14,-0.12,-0.02,0.02,-0.45,-0.08,-0.14,0.05,0,0,7.00
2004-06-03T22:00:00,-0.05,-0.6,-0.38,-0.29,-0.44,-0.86,-0.19,-0.19,-0.07,0,0,4.00
2004-06-03T23:00:00,0.17,-0.25,-0.46,-0.17,0.03,-0.92,-0.16,-0.14,-0.01,0,0,4.00
2004-06-04T00:00:00,0.11,-0.6,-0.17,-0.22,-0.45,-0.29,-0.1,-0.02,0.08,0,0,4.00
2004-06-04T01:00:00,0.42,0.1,-0.48,-0.09,0.32,-0.77,-0.11,-0.09,-0.02,0,0,5.00
2004-06-04T02:00:00,0.64,0.55,0.02,0.03,0.69,-0.14,-0.17,-0.09,-0.06,0,0,8.00
2004-06-04T03:00:00,0.58,0.63,0.15,0.05,0.71,0.12,-0.19,-0.11,-0.07,0,0,3.00
2004-06-04T04:00:00,0.65,0.34,0.24,0.06,0.31,0.32,-0.12,-0.06,-0.0,0,0,0.00
2004-06-04T05:00:00,0.64,0.34,0.3,0.07,0.52,0.21,-0.13,-0.03,-0.0,0,0,-2.00
2004-06-04T06:00:00,0.36,-0.41,0.2,0.01,-0.36,0.13,-0.13,-0.16,0.1,0,0,2.00
2004-06-04T07:00:00,-0.0,-0.88,-0.14,-0.08,-0.56,-0.33,-0.24,-0.35,-0.13,0,0,6.00
2004-06-04T08:00:00,0.28,-0.57,-0.25,0.05,-0.32,-0.39,-0.16,-0.3,-0.08,0,0,8.00
2004-06-04T09:00:00,-0.02,-0.55,-0.25,-0.14,-0.32,-0.44,-0.2,-0.25,-0.04,0,0,10.00
2004-06-04T10:00:00,-0.09,-0.82,-0.29,-0.14,-0.64,-0.55,-0.15,-0.27,-0.11,0,0,9.00
2004-06-04T11:00:00,0.41,-0.2,-0.36,0.05,0.23,-0.58,-0.02,-0.18,0.02,0,0,8.00
2004-06-04T12:00:00,0.11,-0.74,-0.14,-0.07,-0.46,-0.22,-0.08,-0.26,-0.07,0,0,3.00
2004-06-04T13:00:00,0.01,-0.89,0.07,-0.09,-0.73,0.23,-0.07,-0.23,-0.09,0,0,1.00
2004-06-04T14:00:00,0.71,0.07,0.01,0.15,0.44,0.1,0.08,-0.17,0.03,0,0,1.00
2004-06-04T15:00:00,0.69,0.45,0.15,0.17,0.85,0.38,0.03,-0.19,-0.04,0,0,5.00
2004-06-04T16:00:00,0.69,-0.08,-0.09,0.21,0.1,-0.09,0.07,-0.24,-0.0,0,0,4.00
2004-06-04T17:00:00,0.51,-0.18,0.3,0.14,-0.01,0.61,0.02,-0.18,0.1,0,0,5.00
2004-06-04T18:00:00,0.8,0.17,-0.25,0.25,0.36,-0.24,0.04,-0.23,-0.08,0,0,10.00
2004-06-04T19:00:00,0.91,-0.07,-0.16,0.35,0.16,-0.09,0.0,-0.32,-0.11,0,0,12.00
2004-06-04T20:00:00,0.73,-0.46,-0.01,0.3,-0.48,0.19,0.02,-0.27,-0.08,0,0,9.00
2004-06-04T21:00:00,0.35,-0.82,-0.1,0.16,-0.82,-0.08,-0.05,-0.3,-0.11,0,0,5.00
2004-06-04T22:00:00,0.55,-0.67,-0.11,0.23,-0.59,-0.07,0.04,-0.29,-0.09,0,0,4.00
2004-06-04T23:00:00,0.72,-0.56,0.26,0.31,-0.34,0.71,0.09,-0.28,-0.09,0,0,3.00
2004-06-05T00:00:00,0.81,-0.39,0.09,0.34,-0.22,0.42,0.19,-0.21,-0.05,0,0,5.00
2004-06-05T01:00:00,0.73,-0.47,-0.26,0.34,-0.37,-0.23,0.02,-0.33,-0.11,0,0,3.00
2004-06-05T02:00:00,0.3,-0.6,0.49,0.18,-0.46,1.07,0.09,-0.22,-0.05,0,0,0.00
2004-06-05T03:00:00,0.29,-0.53,0.69,0.19,-0.33,1.39,0.08,-0.24,-0.09,0,0,1.00
2004-06-05T04:00:00,0.51,-0.36,0.69,0.26,-0.23,1.13,0.1,-0.27,-0.1,0,0,2.00
2004-06-05T05:00:00,0.65,-0.09,0.83,0.35,-0.05,1.26,0.07,-0.29,-0.13,0,0,4.00
2004-06-05T06:00:00,0.48,-0.23,0.45,0.23,-0.27,0.42,0.1,-0.22,0.02,0,0,7.00
2004-06-05T07:00:00,0.68,-0.12,0.71,0.29,-0.21,0.91,0.17,-0.19,-0.08,0,0,8.00
2004-06-05T08:00:00,0.67,-0.62,0.31,0.24,-0.69,0.42,0.19,-0.18,-0.06,0,0,12.00
2004-06-05T09:00:00,0.34,-0.25,0.32,0.11,-0.17,0.31,0.24,-0.11,0.36,0,0,15.00
2004-06-05T10:00:00,0.24,-0.34,0.58,0.07,-0.3,0.44,0.33,-0.0,0.15,0,0,18.00
2004-06-05T11:00:00,0.28,-0.66,-0.07,0.08,-0.59,-0.44,0.28,-0.03,0.13,0,0,17.00
2004-06-05T12:00:00,0.11,-0.81,-0.24,-0.02,-0.79,-0.5,0.26,-0.02,0.02,0,0,11.00
2004-06-05T13:00:00,0.18,-0.53,0.4,0.01,-0.36,0.46,0.15,-0.09,0.11,0,0,12.00
2004-06-05T14:00:00,0.23,-1.07,-0.25,-0.06,-0.65,-0.64,-0.02,-0.2,-0.12,0,0,10.00
2004-06-05T15:00:00,0.71,-0.88,-0.16,0.2,-0.56,-0.53,0.02,-0.19,-0.12,0,0,6.00
2004-06-05T16:00:00,0.77,-0.66,-0.19,0.18,-0.2,-0.39,0.01,-0.23,-0.11,0,0,6.00
2004-06-05T17:00:00,0.61,-0.71,-0.42,0.1,-0.3,-0.75,0.02,-0.19,-0.11,0,0,4.00
2004-06-05T18:00:00,0.29,-0.86,-0.39,-0.06,-0.44,-0.58,-0.08,-0.22,-0.12,0,0,4.00
2004-06-05T19:00:00,0.44,-0.68,-0.45,-0.0,-0.19,-0.66,-0.03,-0.18,-0.1,0,0,5.00
2004-06-05T20:00:00,0.54,-0.45,-0.57,-0.01,0.12,-0.84,0.01,-0.14,-0.09,0,0,8.00
2004-06-05T21:00:00,0.57,-0.53,-0.29,0.01,-0.09,-0.33,-0.04,-0.18,-0.07,0,0,6.00
2004-06-05T22:00:00,0.8,-0.48,-0.33,0.12,-0.14,-0.58,-0.05,-0.23,-0.11,0,0,-2.00
2004-06-05T23:00:00,0.67,-0.62,-0.13,-0.02,-0.27,0.01,-0.02,-0.17,-0.07,0,0,-9.00
2004-06-06T00:00:00,0.42,-1.0,-0.06,-0.14,-0.46,0.07,-0.03,-0.23,-0.12,0,0,-8.00
2004-06-06T01:00:00,0.51,-0.52,-0.65,-0.08,0.05,-0.63,-0.12,-0.27,-0.13,0,0,-5.00
2004-06-06T02:00:00,0.71,0.28,0.02,-0.09,0.9,0.07,0.17,-0.05,0.07,0,0,-6.00
2004-06-06T03:00:00,0.21,0.48,-0.25,-0.27,1.14,-0.43,0.02,-0.03,0.12,0,0,-7.00
2004-06-06T04:00:00,0.31,-0.71,0.0,-0.24,-0.19,-0.05,-0.0,0.02,0.05,0,0,-7.00
2004-06-06T05:00:00,0.49,0.31,-0.45,-0.18,0.88,-0.79,0.03,-0.02,-0.0,0,0,-3.00
2004-06-06T06:00:00,0.3,-0.31,0.16,-0.24,0.25,0.16,-0.03,0.03,0.58,0,0,-5.00
2004-06-06T07:00:00,0.64,0.08,0.15,-0.08,0.7,-0.04,-0.05,-0.02,0.12,0,0,-6.00
2004-06-06T08:00:00,0.24,-0.66,-0.33,-0.23,-0.03,-0.84,-0.23,-0.11,-0.06,0,0,-1.00
2004-06-06T09:00:00,0.49,-0.54,-0.37,-0.15,0.08,-0.68,-0.15,-0.11,-0.07,0,0,4.00
2004-06-06T10:00:00,0.21,-0.56,0.1,-0.25,-0.06,-0.17,-0.26,-0.07,0.07,0,0,8.00
2004-06-06T11:00:00,0.58,0.22,0.04,-0.13,1.1,-0.22,-0.2,0.14,0.16,0,0,6.00
2004-06-06T12:00:00,0.52,0.16,-0.16,-0.16,0.89,-0.56,-0.22,-0.01,0.1,0,0,2.00
2004-06-06T13:00:00,0.24,-0.17,0.56,-0.26,0.47,0.65,-0.26,0.06,0.08,0,0,3.00
2004-06-06T14:00:00,0.22,-0.65,0.3,-0.25,-0.02,0.34,-0.18,0.06,0.04,0,0,3.00
2004-06-06T15:00:00,0.16,-0.81,0.13,-0.31,-0.07,0.24,-0.01,0.1,0.04,0,0,4.00
2004-06-06T16:00:00,0.19,-0.89,0.07,-0.32,-0.32,0.18,-0.08,0.07,-0.02,0,0,11.00
2004-06-06T17:00:00,0.78,-0.34,0.36,-0.0,0.87,1.11,-0.07,-0.13,-0.06,0,0,9.00
2004-06-06T18:00:00,0.45,-0.63,0.04,-0.14,-0.28,0.23,-0.21,-0.17,-0.05,0,0,8.00
2004-06-06T19:00:00,0.47,-0.68,0.22,-0.08,-0.39,0.52,-0.17,-0.05,-0.04,0,0,4.00
2004-06-06T20:00:00,0.55,-0.58,0.34,-0.0,-0.3,0.81,-0.26,-0.1,-0.07,0,0,6.00
2004-06-06T21:00:00,0.59,-0.63,0.08,0.07,-0.49,0.29,-0.31,-0.15,-0.09,0,0,5.00
2004-06-06T22:00:00,0.51,-0.64,0.08,0.05,-0.64,0.15,-0.3,-0.17,-0.08,0,0,3.00
2004-06-06T23:00:00,-0.21,-0.33,-0.4,-0.17,-0.37,-0.6,-0.38,-0.27,-0.08,0,0,1.00
2004-06-07T00:00:00,-0.14,-0.4,-0.35,-0.1,-0.51,-0.39,-0.35,-0.28,-0.07,0,0,0.00
2004-06-07T01:00:00,0.31,-0.32,-0.08,0.04,-0.53,-0.14,-0.36,-0.23,0.07,0,0,0.00
2004-06-07T02:00:00,0.83,0.01,0.31,0.15,-0.2,0.39,-0.36,-0.18,-0.11,0,0,-2.00
2004-06-07T03:00:00,0.78,-0.24,0.15,0.26,-0.56,0.15,-0.23,-0.18,-0.07,0,0,0.00
2004-06-07T04:00:00,0.9,-0.54,0.29,0.17,-0.8,0.92,0.05,-0.13,-0.09,0,0,-4.00
2004-06-07T05:00:00,0.64,-0.8,-0.07,0.16,-1.23,0.37,-0.04,-0.16,-0.1,0,0,1.00
2004-06-07T06:00:00,0.65,-0.63,0.35,0.13,-1.18,0.74,-0.04,-0.24,-0.1,0,0,8.00
2004-06-07T07:00:00,0.61,-0.53,0.43,0.12,-0.93,0.48,0.04,-0.28,-0.09,0,0,7.00
2004-06-07T08:00:00,0.35,-0.31,-0.43,0.11,-0.69,-0.71,0.04,-0.28,-0.05,0,0,8.00
2004-06-07T09:00:00,0.48,-0.7,0.1,0.22,-1.2,0.07,-0.01,-0.31,-0.09,0,0,11.00
2004-06-07T10:00:00,0.44,-0.73,-0.16,0.31,-1.41,-0.28,-0.14,-0.4,-0.13,0,0,15.00
2004-06-07T11:00:00,0.48,-0.73,0.31,0.37,-1.4,0.52,-0.29,-0.35,-0.14,0,0,8.00
2004-06-07T12:00:00,0.6,-0.71,-0.1,0.46,-1.35,-0.41,-0.3,-0.34,-0.14,0,0,2.00
2004-06-07T13:00:00,0.42,-0.72,-0.21,0.41,-1.29,-0.74,-0.34,-0.37,-0.14,0,0,-3.00
2004-06-07T14:00:00,0.47,-0.63,-0.24,0.48,-1.29,-0.87,-0.36,-0.39,-0.14,0,0,-1.00
2004-06-07T15:00:00,0.66,-0.51,-0.24,0.54,-1.13,-0.77,-0.41,-0.4,-0.15,0,0,1.00
2004-06-07T16:00:00,0.37,-0.74,-0.42,0.42,-1.18,-0.83,-0.5,-0.43,-0.17,0,0,1.00
2004-06-07T17:00:00,0.5,-0.56,-0.42,0.49,-0.85,-0.99,-0.47,-0.44,-0.17,0,0,-2.00
2004-06-07T18:00:00,0.24,-0.62,-0.56,0.37,-1.02,-1.07,-0.39,-0.44,-0.16,0,0,-1.00
2004-06-07T19:00:00,0.09,-0.44,-0.75,0.36,-0.65,-1.44,-0.4,-0.47,-0.17,0,0,1.00
2004-06-07T20:00:00,0.3,-0.21,-0.73,0.35,-0.13,-1.67,-0.53,-0.49,-0.18,0,0,-1.00
2004-06-07T21:00:00,0.21,-0.06,-0.72,0.27,0.27,-1.32,-0.54,-0.48,-0.17,0,0,-6.00
2004-06-07T22:00:00,0.71,-0.25,-0.39,0.52,-0.27,-0.61,-0.55,-0.46,-0.17,0,0,-13.00
2004-06-07T23:00:00,1.0,-0.32,-0.01,0.69,-0.39,0.16,-0.52,-0.47,-0.17,0,0,-22.00
2004-06-08T00:00:00,1.08,-0.16,-0.12,0.73,-0.06,-0.18,-0.5,-0.48,-0.18,0,0,-29.00
2004-06-08T01:00:00,1.07,-0.3,-0.0,0.71,-0.32,-0.17,-0.41,-0.48,-0.17,0,0,-28.00
2004-06-08T02:00:00,0.96,-0.47,-0.1,0.69,-0.49,-0.47,-0.36,-0.48,-0.17,0,0,-21.00
2004-06-08T03:00:00,0.62,-0.38,0.0,0.5,-0.52,-0.04,-0.26,-0.41,-0.12,0,0,-16.00
2004-06-08T04:00:00,0.6,-0.57,0.11,0.46,-0.49,-0.03,-0.07,-0.34,-0.1,0,0,-16.00
2004-06-08T05:00:00,0.87,-0.42,-0.11,0.48,-0.09,-0.21,-0.2,-0.38,-0.14,0,0,-14.00
2004-06-08T06:00:00,0.91,-0.08,-0.17,0.54,0.02,-0.36,-0.16,-0.39,-0.14,0,0,-11.00
2004-06-08T07:00:00,0.63,-0.15,-0.19,0.37,-0.35,-0.52,-0.3,-0.46,-0.14,0,0,-8.00
2004-06-08T08:00:00,0.73,-0.2,-0.5,0.46,-0.24,-1.04,-0.3,-0.46,-0.16,0,0,-4.00
2004-06-08T09:00:00,0.81,-0.71,-0.12,0.51,-1.0,-0.22,-0.29,-0.49,-0.17,0,0,-2.00
2004-06-08T10:00:00,0.87,-0.58,-0.09,0.57,-0.92,-0.29,-0.28,-0.5,-0.17,0,0,0.00
2004-06-08T11:00:00,1.04,-0.34,-0.18,0.69,-0.56,-0.56,-0.26,-0.51,-0.17,0,0,-4.00
2004-06-08T12:00:00,0.99,-0.53,0.27,0.67,-0.73,0.34,-0.19,-0.52,-0.17,0,0,-6.00
2004-06-08T13:00:00,1.05,-0.44,0.25,0.68,-0.61,0.23,-0.17,-0.52,-0.17,0,0,-2.00
2004-06-08T14:00:00,1.06,-0.74,0.09,0.64,-1.03,0.12,-0.17,-0.53,-0.18,0,0,-2.00
2004-06-08T15:00:00,0.96,-0.59,-0.36,0.62,-0.96,-0.81,-0.18,-0.53,-0.18,0,0,-2.00
2004-06-08T16:00:00,0.83,-0.82,-0.25,0.6,-1.33,-0.65,-0.18,-0.52,-0.18,0,0,-3.00
2004-06-08T17:00:00,0.71,-1.02,-0.17,0.55,-1.43,-0.54,-0.17,-0.51,-0.18,0,0,-4.00
2004-06-08T18:00:00,1.08,-0.55,0.35,0.73,-0.69,0.39,-0.12,-0.51,-0.18,0,0,-2.00
2004-06-08T19:00:00,0.69,-0.72,0.5,0.42,-0.5,0.83,-0.14,-0.19,-0.12,0,0,-4.00
2004-06-08T20:00:00,0.53,-0.3,0.41,0.3,0.16,0.56,-0.06,0.34,0.2,0,0,-7.00
2004-06-08T21:00:00,0.74,-0.62,0.16,0.39,-0.33,0.45,-0.18,0.12,-0.04,0,0,0.00
2004-06-08T22:00:00,0.63,-0.75,-0.26,0.36,-0.26,-0.16,-0.27,0.09,-0.08,0,0,5.00
2004-06-08T23:00:00,0.07,-0.83,-0.46,0.1,0.08,-0.63,-0.23,0.41,-0.03,0,0,7.00
2004-06-09T00:00:00,0.57,-0.91,0.14,0.28,-0.19,0.17,-0.25,0.38,-0.04,0,0,4.00
2004-06-09T01:00:00,0.59,-0.31,0.6,0.32,0.54,0.6,-0.35,0.52,0.01,0,0,0.00
2004-06-09T02:00:00,0.79,-0.28,0.25,0.34,0.94,0.45,-0.43,0.54,0.01,0,0,-5.00
2004-06-09T03:00:00,0.46,-0.37,-0.4,0.17,1.06,-0.96,-0.39,0.62,0.07,0,0,-7.00
2004-06-09T04:00:00,0.28,-0.57,-0.4,0.08,0.71,-0.88,-0.4,0.65,0.05,0,0,-3.00
2004-06-09T05:00:00,0.63,-0.58,-0.17,0.21,0.51,-0.81,-0.37,0.52,0.01,0,0,0.00
2004-06-09T06:00:00,0.63,-0.5,-0.36,0.23,0.58,-0.84,-0.34,0.11,-0.07,0,0,-1.00
