2004-09-18T13:00:00,0.72,0.54,0.94,0.36,0.18,-0.11,0.19,-0.52,-0.18,0,1,-20.00
2004-09-18T14:00:00,0.72,0.25,1.04,0.42,0.1,0.3,-0.06,-0.54,-0.18,0,1,-10.00
2004-09-18T15:00:00,0.63,-0.5,0.94,0.48,-0.15,0.33,-0.15,-0.54,-0.18,0,1,-11.00
2004-09-18T16:00:00,0.56,-0.49,0.8,0.5,-0.13,0.35,-0.13,-0.53,-0.18,0,1,-12.00
2004-09-18T17:00:00,0.61,0.05,1.0,0.45,-0.13,0.35,-0.21,-0.57,-0.18,0,1,-14.00
2004-09-18T18:00:00,0.63,-0.15,1.02,0.51,-0.15,0.33,-0.2,-0.58,-0.19,0,1,-16.00
2004-09-18T19:00:00,0.63,-0.46,0.86,0.52,-0.34,0.55,-0.03,-0.57,-0.18,0,1,-16.00
2004-09-18T20:00:00,0.56,-0.56,0.77,0.54,-0.39,0.34,-0.09,-0.57,-0.18,0,1,-11.00
2004-09-18T21:00:00,0.53,-0.4,0.8,0.61,-0.35,0.34,-0.19,-0.58,-0.18,0,1,-5.00
2004-09-18T22:00:00,0.62,-0.38,0.73,0.66,-0.66,0.23,-0.31,-0.58,-0.18,0,1,-2.00
2004-09-18T23:00:00,0.51,-0.56,0.65,0.64,-0.84,0.0,-0.39,-0.56,-0.18,0,1,1.00
2004-09-19T00:00:00,0.56,-0.44,0.72,0.65,-0.57,-0.04,-0.39,-0.57,-0.18,0,1,2.00
2004-09-19T01:00:00,0.58,-0.39,0.71,0.66,-0.72,-0.16,-0.39,-0.55,-0.18,0,1,2.00
2004-09-19T02:00:00,0.63,-0.31,0.72,0.7,-0.63,-0.22,-0.46,-0.5,-0.18,0,1,-1.00
2004-09-19T03:00:00,0.38,-0.73,0.61,0.75,-0.33,-0.2,-0.57,-0.55,-0.18,0,1,-1.00
2004-09-19T04:00:00,0.38,-0.65,0.69,0.76,-0.4,-0.18,-0.57,-0.57,-0.19,0,1,-3.00
2004-09-19T05:00:00,0.5,-0.47,0.71,0.79,-0.27,-0.14,-0.56,-0.56,-0.18,0,1,-5.00
2004-09-19T06:00:00,0.38,-0.17,0.58,0.77,-0.18,-0.21,-0.38,-0.52,-0.16,0,1,-5.00
2004-09-19T07:00:00,-0.23,0.93,0.24,0.82,-0.19,0.15,-0.2,-0.56,-0.18,0,0,-5.00
2004-09-19T08:00:00,-0.2,0.95,0.13,0.83,-0.24,0.17,-0.15,-0.57,-0.18,0,0,-4.00
2004-09-19T09:00:00,-0.26,0.94,0.09,0.86,-0.32,0.23,-0.18,-0.58,-0.18,0,0,-5.00
2004-09-19T10:00:00,-0.19,0.84,0.32,0.85,-0.19,-0.12,-0.04,-0.55,-0.17,0,0,-5.00
2004-09-19T11:00:00,-0.04,0.82,0.29,0.81,-0.2,-0.11,0.04,-0.55,-0.17,0,0,-7.00
2004-09-19T12:00:00,-0.18,0.82,0.16,0.89,-0.21,0.09,0.08,-0.56,-0.17,0,0,-5.00
2004-09-19T13:00:00,-0.33,0.82,0.06,0.94,-0.23,0.26,0.02,-0.57,-0.17,0,0,-4.00
2004-09-19T14:00:00,-0.23,0.88,0.15,0.91,-0.29,0.19,0.0,-0.57,-0.18,0,0,-4.00
2004-09-19T15:00:00,-0.29,0.69,0.14,0.95,-0.25,0.22,0.14,-0.58,-0.16,0,0,-3.00
2004-09-19T16:00:00,-0.57,0.35,-0.39,0.98,-0.13,0.3,0.42,-0.55,-0.15,0,0,-2.00
2004-09-19T17:00:00,-0.61,0.36,-0.3,0.94,0.1,0.0,0.7,-0.49,-0.11,0,0,-1.00
2004-09-19T18:00:00,-0.68,0.42,-0.22,0.95,0.03,0.06,0.79,-0.47,-0.11,0,0,-5.00
2004-09-19T19:00:00,-0.61,0.45,-0.36,0.9,0.03,0.31,0.7,-0.45,-0.11,0,0,-9.00
2004-09-19T20:00:00,-0.41,0.64,-0.08,0.85,-0.2,0.07,0.68,-0.44,-0.08,0,0,-9.00
2004-09-19T21:00:00,-0.44,0.7,-0.67,0.82,-0.06,0.45,0.24,-0.54,-0.17,0,0,-8.00
2004-09-19T22:00:00,-0.49,0.73,-0.3,0.83,-0.04,0.1,0.57,-0.48,-0.14,0,0,-8.00
2004-09-19T23:00:00,-0.08,0.8,-0.45,0.71,-0.18,0.26,0.7,-0.47,-0.13,0,0,-7.00
2004-09-20T00:00:00,-0.97,0.61,0.18,0.98,-0.31,-0.18,0.24,-0.49,-0.16,0,0,-7.00
2004-09-20T01:00:00,-0.92,0.03,0.57,0.91,-0.14,-0.06,0.51,-0.47,-0.15,0,0,-7.00
2004-09-20T02:00:00,-0.57,-0.6,0.77,0.79,0.39,-0.28,0.82,-0.48,-0.14,0,0,-5.00
2004-09-20T03:00:00,-0.6,-0.39,0.61,0.82,0.46,-0.55,0.99,-0.43,-0.09,0,0,-1.00
2004-09-20T04:00:00,-0.63,1.17,0.42,0.87,-0.57,-0.37,1.16,-0.45,-0.15,0,0,0.00
2004-09-20T05:00:00,-0.64,1.28,0.41,0.84,-0.56,-0.25,1.19,-0.44,-0.15,0,0,2.00
2004-09-20T06:00:00,-0.12,0.77,-0.75,0.73,-0.14,0.96,1.55,-0.42,-0.12,0,0,4.00
2004-09-20T07:00:00,-0.01,0.9,-0.6,0.68,0.11,0.83,1.71,-0.4,-0.1,0,0,5.00
2004-09-20T08:00:00,0.17,0.12,-0.38,0.7,0.43,0.13,3.7,-0.41,0.52,0,0,4.00
2004-09-20T09:00:00,0.36,-0.16,-0.42,0.66,0.53,0.08,4.21,-0.41,0.33,0,0,-10.00
2004-09-20T10:00:00,0.14,-0.2,-0.29,0.69,0.49,0.49,3.04,-0.38,0.75,0,0,-8.00
2004-09-20T11:00:00,0.08,0.11,0.01,0.67,0.58,0.53,3.26,-0.42,7.21,0,0,-6.00
2004-09-20T12:00:00,-0.24,-0.24,-0.24,0.64,0.51,0.23,1.83,-0.34,0.54,0,0,-2.00
2004-09-20T13:00:00,-0.18,0.11,0.25,0.71,0.48,0.36,1.31,-0.29,1.57,0,0,0.00
2004-09-20T14:00:00,-0.02,-0.5,0.76,0.74,0.31,1.05,0.84,-0.39,-0.09,0,0,-6.00
2004-09-20T15:00:00,0.1,-0.75,0.67,0.84,0.09,1.06,0.41,-0.42,-0.13,0,0,-7.00
2004-09-20T16:00:00,0.09,-0.6,0.61,0.78,-0.03,0.92,0.35,-0.43,-0.11,0,0,-9.00
2004-09-20T17:00:00,-0.16,-0.76,0.51,0.89,-0.4,1.05,0.07,-0.45,-0.14,0,0,-9.00
2004-09-20T18:00:00,-0.05,-0.71,0.61,0.97,-0.69,1.36,0.0,-0.47,-0.15,0,0,-8.00
2004-09-20T19:00:00,0.13,-0.78,0.49,0.99,-0.65,0.98,-0.06,-0.46,-0.15,0,0,-7.00
2004-09-20T20:00:00,0.0,-0.8,0.33,0.9,-0.6,0.59,0.09,-0.45,-0.13,0,0,-4.00
2004-09-20T21:00:00,0.61,0.14,-0.34,1.03,-0.22,-0.25,0.39,-0.38,-0.07,0,0,-1.00
2004-09-20T22:00:00,1.43,-0.2,0.24,1.04,-0.47,0.27,0.58,-0.4,-0.15,0,0,4.00
2004-09-20T23:00:00,0.93,-0.89,0.07,1.05,-1.03,-0.1,0.87,-0.41,-0.13,0,0,6.00
2004-09-21T00:00:00,0.83,-1.03,-0.14,0.99,-1.15,-0.35,0.73,-0.4,-0.14,0,0,10.00
2004-09-21T01:00:00,0.63,-1.29,0.1,0.9,-1.43,-0.34,0.93,-0.46,-0.15,0,0,9.00
2004-09-21T02:00:00,0.41,-0.81,-0.7,0.88,-1.35,-0.55,0.87,-0.41,-0.14,0,0,4.00
2004-09-21T03:00:00,0.41,-1.05,-0.37,0.84,-0.94,-0.78,0.65,-0.3,-0.11,0,0,-1.00
2004-09-21T04:00:00,-0.04,-1.16,-0.01,0.69,-0.88,-1.09,0.77,-0.17,-0.06,0,0,-8.00
2004-09-21T05:00:00,0.24,-1.09,0.32,0.75,-0.87,-0.74,0.76,-0.17,-0.06,0,0,-18.00
2004-09-21T06:00:00,0.37,-0.56,-0.41,0.78,-0.72,-1.51,0.85,-0.03,0.13,0,0,-19.00
2004-09-21T07:00:00,0.62,-0.58,-0.33,0.81,-0.8,-1.32,0.58,-0.01,0.04,0,0,-11.00
2004-09-21T08:00:00,0.18,-1.17,0.47,0.72,-1.09,-0.49,0.44,-0.01,-0.07,0,0,-6.00
2004-09-21T09:00:00,0.39,-0.8,0.88,0.77,-0.73,-0.06,0.42,0.06,-0.07,0,0,-8.00
2004-09-21T10:00:00,-0.01,-0.88,0.8,0.65,-0.63,-0.07,0.38,0.02,-0.06,0,0,-10.00
2004-09-21T11:00:00,0.32,-1.14,0.53,0.69,-0.67,-0.39,0.34,-0.05,-0.09,0,0,-6.00
2004-09-21T12:00:00,0.92,-1.09,0.21,0.83,-0.61,-0.62,0.3,-0.07,-0.11,0,0,-2.00
2004-09-21T13:00:00,0.29,-0.55,0.85,0.62,0.07,0.12,0.32,-0.01,-0.05,0,0,-1.00
2004-09-21T14:00:00,0.81,-1.15,0.32,0.73,-0.61,-0.61,0.3,-0.07,-0.11,0,0,-2.00
2004-09-21T15:00:00,0.98,-1.11,0.7,0.69,-0.3,-0.33,-0.06,-0.09,-0.15,0,0,-1.00
2004-09-21T16:00:00,1.02,-1.17,0.69,0.67,-0.25,-0.47,-0.18,-0.08,-0.16,0,0,-1.00
2004-09-21T17:00:00,0.79,-0.91,0.92,0.66,0.34,0.74,-0.04,0.03,-0.13,0,0,-5.00
2004-09-21T18:00:00,0.69,-0.95,0.94,0.4,0.67,0.48,-0.12,0.01,-0.14,0,0,-5.00
2004-09-21T19:00:00,0.74,-1.46,-0.03,0.39,0.13,-1.0,-0.15,-0.05,-0.15,0,0,-6.00
2004-09-21T20:00:00,0.59,-0.74,0.94,0.41,0.59,0.32,-0.0,0.12,-0.11,0,0,-4.00
2004-09-21T21:00:00,0.84,-0.53,0.49,0.55,0.45,-0.13,0.05,0.26,-0.02,0,0,-5.00
2004-09-21T22:00:00,0.52,-0.34,0.55,0.36,0.81,0.02,0.01,0.24,0.09,0,0,-3.00
2004-09-21T23:00:00,0.67,-0.91,0.51,0.37,0.07,0.23,-0.11,0.02,-0.11,0,0,0.00
2004-09-22T00:00:00,0.9,-0.92,0.44,0.4,-0.07,0.26,-0.27,-0.2,-0.15,0,0,4.00
2004-09-22T01:00:00,1.02,-0.98,0.13,0.45,-0.25,-0.31,-0.34,-0.27,-0.16,0,0,3.00
2004-09-22T02:00:00,0.83,-1.0,0.26,0.35,-0.42,-0.0,-0.38,-0.2,-0.16,0,0,-2.00
2004-09-22T03:00:00,1.08,-0.67,0.28,0.48,-0.09,0.11,-0.36,-0.28,-0.16,0,0,-5.00
2004-09-22T04:00:00,1.05,0.0,0.49,0.44,0.97,0.75,-0.31,-0.26,-0.15,0,0,-7.00
2004-09-22T05:00:00,0.95,-0.52,0.49,0.32,0.09,0.65,-0.19,-0.08,-0.12,0,0,-5.00
2004-09-22T06:00:00,0.72,-1.34,0.1,-0.39,-0.72,0.17,0.62,1.2,0.08,0,0,-1.00
2004-09-22T07:00:00,0.88,-0.38,1.06,-0.31,0.92,1.19,0.64,1.23,0.1,0,0,3.00
2004-09-22T08:00:00,1.22,0.42,0.44,-0.1,1.72,0.43,0.55,1.25,0.15,0,0,5.00
2004-09-22T09:00:00,0.67,-0.42,0.82,-0.22,0.92,1.21,0.54,1.16,0.23,0,0,4.00
2004-09-22T10:00:00,0.76,0.27,-0.19,-0.18,1.61,-0.13,0.68,1.45,0.85,0,0,5.00
2004-09-22T11:00:00,0.64,0.33,-0.45,-0.17,1.47,-0.4,0.62,1.22,0.53,0,0,5.00
2004-09-22T12:00:00,0.4,-0.15,-0.69,-0.2,1.11,-0.28,0.57,1.05,0.38,0,0,6.00
2004-09-22T13:00:00,0.78,-0.38,-0.41,0.05,0.75,-0.01,0.46,1.13,0.34,0,0,0.00
2004-09-22T14:00:00,1.16,0.01,-0.12,0.24,1.25,0.3,0.31,0.8,0.11,0,0,-7.00
2004-09-22T15:00:00,0.88,0.12,-0.02,0.15,1.36,0.3,0.41,1.17,0.51,0,0,-18.00
2004-09-22T16:00:00,0.55,0.18,-0.19,0.03,1.4,0.07,0.21,0.62,0.59,0,0,-19.00
2004-09-22T17:00:00,0.74,0.29,0.06,0.1,1.51,0.58,0.12,0.49,0.24,0,0,-21.00
2004-09-22T18:00:00,0.05,0.37,-0.54,-0.12,1.62,-0.71,-0.04,0.38,0.12,0,0,-26.00
2004-09-22T19:00:00,-0.63,0.67,-0.36,-0.41,2.24,-0.5,-0.14,0.19,-0.06,0,0,-32.00
2004-09-22T20:00:00,-0.63,0.82,-0.06,-0.36,2.41,0.13,-0.15,0.16,-0.07,0,0,-33.00
2004-09-22T21:00:00,0.48,-0.02,-0.48,0.11,0.98,-0.89,-0.08,0.24,0.07,0,0,-26.00
2004-09-22T22:00:00,0.42,0.04,-0.68,0.15,0.94,-1.14,-0.21,0.06,-0.07,0,0,-26.00
2004-09-22T23:00:00,0.48,0.05,-0.58,0.21,0.87,-0.88,-0.23,-0.01,-0.07,0,0,-29.00
2004-09-23T00:00:00,0.58,-0.04,-0.52,0.27,0.71,-0.95,-0.25,-0.06,-0.07,0,0,-31.00
2004-09-23T01:00:00,0.35,0.14,-0.58,0.2,0.83,-1.0,-0.31,-0.18,-0.1,0,0,-37.00
2004-09-23T02:00:00,0.61,-0.01,-0.44,0.31,0.58,-0.94,-0.26,-0.1,-0.07,0,0,-38.00
2004-09-23T03:00:00,0.04,0.39,-0.47,0.05,0.89,-0.78,-0.22,-0.19,-0.06,0,0,-31.00
2004-09-23T04:00:00,0.24,-0.52,-0.38,0.15,-0.19,-0.74,-0.29,-0.27,-0.1,0,0,-32.00
2004-09-23T05:00:00,0.42,-0.6,0.38,0.23,-0.29,0.42,-0.28,-0.29,-0.11,0,0,-30.00
2004-09-23T06:00:00,0.47,-0.52,0.22,0.29,-0.24,-0.04,-0.26,-0.22,-0.06,0,0,-29.00
2004-09-23T07:00:00,0.6,-0.47,0.19,0.34,-0.23,-0.18,-0.27,-0.18,-0.06,0,0,-22.00
2004-09-23T08:00:00,0.38,-0.33,0.18,0.3,-0.14,-0.27,-0.32,-0.28,0.01,0,0,-17.00
2004-09-23T09:00:00,0.58,-0.1,0.25,0.39,0.11,-0.14,-0.33,-0.25,-0.04,0,0,-13.00
2004-09-23T10:00:00,0.7,-0.11,0.12,0.47,0.0,-0.31,-0.39,-0.31,-0.1,0,0,-13.00
2004-09-23T11:00:00,0.3,-0.66,0.13,0.28,-0.79,-0.22,-0.4,-0.39,-0.13,0,0,-13.00
2004-09-23T12:00:00,0.4,-0.55,0.2,0.31,-0.67,-0.01,-0.43,-0.4,-0.13,0,0,-12.00
2004-09-23T13:00:00,0.54,-0.37,0.18,0.39,-0.29,-0.06,-0.4,-0.4,-0.12,0,0,-12.00
2004-09-23T14:00:00,0.27,-0.44,0.35,0.24,-0.33,0.36,-0.42,-0.44,-0.12,0,0,-8.00
2004-09-23T15:00:00,0.08,-0.71,0.14,0.18,-0.63,-0.07,-0.38,-0.43,-0.14,0,0,-7.00
2004-09-23T16:00:00,0.16,0.14,0.5,0.2,0.54,0.64,-0.35,-0.42,-0.09,0,0,-8.00
2004-09-23T17:00:00,0.3,-0.19,0.52,0.28,0.14,0.73,-0.33,-0.42,-0.11,0,0,-7.00
2004-09-23T18:00:00,0.2,-0.43,0.53,0.27,-0.21,0.74,-0.38,-0.43,-0.14,0,0,-8.00
2004-09-23T19:00:00,0.59,-0.63,0.14,0.41,-0.55,0.17,-0.33,-0.41,-0.15,0,0,-9.00
2004-09-23T20:00:00,0.48,-0.56,-0.07,0.4,-0.54,-0.24,-0.31,-0.38,-0.12,0,0,-11.00
2004-09-23T21:00:00,0.44,-0.32,-0.31,0.39,-0.23,-0.68,-0.38,-0.39,-0.12,0,0,-12.00
2004-09-23T22:00:00,0.41,-0.25,-0.26,0.41,-0.22,-0.64,-0.4,-0.41,-0.11,0,0,-12.00
2004-09-23T23:00:00,0.05,-0.7,0.36,0.3,-0.6,0.35,-0.4,-0.44,-0.15,0,0,-13.00
2004-09-24T00:00:00,0.31,-0.33,-0.42,0.36,-0.07,-1.08,-0.42,-0.44,-0.14,0,0,-17.00
2004-09-24T01:00:00,0.29,-0.26,-0.42,0.41,-0.01,-1.18,-0.37,-0.41,-0.13,0,0,-16.00
2004-09-24T02:00:00,0.2,-0.52,0.01,0.43,-0.25,-0.42,-0.32,-0.34,-0.04,0,0,-18.00
2004-09-24T03:00:00,0.18,-0.71,0.27,0.44,-0.46,0.07,-0.32,-0.38,-0.12,0,0,-24.00
2004-09-24T04:00:00,-0.04,-0.72,0.28,0.36,-0.6,0.14,-0.37,-0.4,-0.13,0,0,-24.00
2004-09-24T05:00:00,0.33,-0.59,0.3,0.38,-0.28,0.39,-0.34,-0.27,-0.09,0,0,-20.00
2004-09-24T06:00:00,0.36,-0.5,0.24,0.45,-0.28,0.07,-0.35,-0.3,-0.07,0,0,-14.00
2004-09-24T07:00:00,0.36,-0.54,0.22,0.35,-0.38,0.28,-0.32,-0.24,-0.06,0,0,-13.00
2004-09-24T08:00:00,0.77,-0.15,0.02,0.39,0.04,0.15,-0.26,-0.12,-0.05,0,0,-13.00
2004-09-24T09:00:00,0.45,-0.24,-0.07,0.38,-0.18,-0.28,-0.27,-0.19,0.08,0,0,-13.00
2004-09-24T10:00:00,0.34,-0.31,0.11,0.36,-0.38,-0.08,-0.24,-0.2,0.16,0,0,-13.00
2004-09-24T11:00:00,0.35,-0.33,0.31,0.49,-0.57,0.17,-0.26,-0.27,0.01,0,0,-15.00
2004-09-24T12:00:00,0.29,-0.57,0.58,0.58,-0.69,0.35,-0.3,-0.49,-0.16,0,0,-13.00
2004-09-24T13:00:00,0.04,-0.42,0.7,0.48,-0.61,0.4,-0.31,-0.49,-0.16,0,0,-9.00
2004-09-24T14:00:00,0.41,-0.49,0.22,0.58,-0.66,-0.26,-0.19,-0.45,-0.11,0,0,-5.00
2004-09-24T15:00:00,0.62,-0.28,-0.3,0.66,-0.35,-0.97,-0.2,-0.42,-0.13,0,0,-3.00
2004-09-24T16:00:00,0.46,-0.35,0.39,0.62,-0.34,0.22,0.19,-0.42,-0.07,0,0,-3.00
2004-09-24T17:00:00,0.54,-0.33,-0.14,0.66,-0.19,-0.84,-0.11,-0.41,-0.09,0,0,-6.00
2004-09-24T18:00:00,0.27,-0.45,0.19,0.65,-0.16,-0.54,-0.22,-0.42,-0.06,0,0,-4.00
2004-09-24T19:00:00,0.54,-0.27,0.07,0.73,0.05,-0.59,-0.19,-0.39,-0.06,0,0,-8.00
2004-09-24T20:00:00,0.48,-0.11,0.25,0.77,0.17,0.01,-0.17,-0.39,-0.03,0,0,-9.00
2004-09-24T21:00:00,0.58,0.0,0.05,0.81,0.46,-0.07,-0.1,-0.41,-0.05,0,0,-9.00
2004-09-24T22:00:00,0.46,-0.37,0.1,0.79,-0.03,0.06,-0.22,-0.42,-0.08,0,0,-6.00
2004-09-24T23:00:00,0.45,-0.35,0.24,0.78,-0.03,0.19,-0.23,-0.43,-0.09,0,0,-5.00
2004-09-25T00:00:00,0.33,-0.19,0.43,0.75,-0.05,0.44,-0.24,-0.45,-0.09,0,0,-6.00
2004-09-25T01:00:00,0.34,-0.16,0.46,0.74,-0.03,0.43,-0.24,-0.48,-0.11,0,0,-5.00
2004-09-25T02:00:00,0.39,-0.26,0.36,0.78,-0.2,0.34,-0.2,-0.46,-0.1,0,0,-2.00
2004-09-25T03:00:00,0.17,-0.58,0.16,0.71,-0.47,0.12,-0.27,-0.47,-0.12,0,0,0.00
2004-09-25T04:00:00,0.38,-0.13,0.32,0.78,-0.01,0.26,-0.2,-0.42,-0.03,0,0,0.00
2004-09-25T05:00:00,0.17,-0.27,0.52,0.73,-0.21,0.24,-0.2,-0.48,-0.12,0,0,0.00
2004-09-25T06:00:00,0.02,-0.52,0.29,0.69,-0.4,0.04,-0.15,-0.48,-0.1,0,0,-1.00
2004-09-25T07:00:00,0.12,-0.41,0.44,0.76,-0.29,0.26,-0.15,-0.49,-0.11,0,0,0.00
2004-09-25T08:00:00,0.25,-0.16,0.48,0.8,-0.12,0.39,-0.13,-0.44,-0.07,0,0,0.00
2004-09-25T09:00:00,0.64,-0.31,0.06,0.94,-0.21,-0.11,-0.12,-0.4,-0.1,0,0,0.00
2004-09-25T10:00:00,0.75,-0.08,-0.05,0.99,-0.03,-0.3,-0.23,-0.47,-0.14,0,0,0.00
2004-09-25T11:00:00,0.58,-0.31,-0.23,0.92,-0.19,-0.47,-0.22,-0.47,-0.14,0,0,0.00
2004-09-25T12:00:00,0.43,-0.27,-0.42,0.88,-0.22,-0.75,-0.28,-0.5,-0.15,0,0,-2.00
2004-09-25T13:00:00,0.37,-0.36,-0.35,0.88,-0.23,-0.58,-0.2,-0.5,-0.14,0,0,-3.00
2004-09-25T14:00:00,0.39,-0.49,-0.19,0.9,-0.37,-0.14,-0.15,-0.49,-0.13,0,0,-4.00
2004-09-25T15:00:00,0.43,-0.57,-0.03,0.96,-0.38,-0.1,-0.15,-0.5,-0.14,0,0,-5.00
2004-09-25T16:00:00,0.43,-0.42,-0.17,0.98,-0.32,-0.31,-0.27,-0.5,-0.14,0,0,-4.00
2004-09-25T17:00:00,0.24,-0.6,-0.05,0.91,-0.31,-0.33,-0.3,-0.5,-0.14,0,0,-4.00
2004-09-25T18:00:00,0.11,-0.61,-0.01,0.91,-0.3,-0.24,-0.3,-0.51,-0.14,0,0,-8.00
2004-09-25T19:00:00,0.3,-0.61,-0.03,0.97,-0.32,-0.26,-0.28,-0.5,-0.15,0,0,-10.00
2004-09-25T20:00:00,0.37,-0.49,0.04,0.99,-0.12,-0.11,-0.17,-0.47,-0.11,0,0,-12.00
2004-09-25T21:00:00,0.34,-0.19,0.42,1.0,0.07,0.23,-0.17,-0.46,-0.09,0,0,-11.00
2004-09-25T22:00:00,0.26,-0.37,0.05,0.98,-0.12,-0.12,-0.16,-0.45,-0.01,0,0,-7.00
2004-09-25T23:00:00,0.16,-0.41,0.35,0.97,-0.21,0.23,-0.25,-0.5,-0.11,0,0,-1.00
2004-09-26T00:00:00,0.26,-0.36,0.47,1.03,-0.13,0.19,-0.21,-0.5,-0.13,0,0,1.00
2004-09-26T01:00:00,0.32,-0.42,0.38,1.05,-0.19,0.12,-0.22,-0.49,-0.13,0,0,1.00
2004-09-26T02:00:00,0.56,-0.25,0.08,1.09,-0.1,-0.05,-0.1,-0.43,-0.07,0,0,2.00
2004-09-26T03:00:00,0.54,-0.25,-0.12,1.06,0.03,-0.13,-0.15,-0.37,-0.06,0,0,3.00
2004-09-26T04:00:00,0.51,-0.27,-0.12,1.05,-0.07,-0.12,-0.22,-0.35,-0.06,0,0,2.00
2004-09-26T05:00:00,0.43,-0.14,0.07,1.04,0.04,0.07,-0.21,-0.34,0.08,0,0,-2.00
2004-09-26T06:00:00,-0.11,0.18,0.49,1.05,-0.01,0.22,-0.16,-0.55,-0.14,0,0,-2.00
2004-09-26T07:00:00,-0.29,0.07,0.5,1.01,-0.14,0.34,-0.15,-0.57,-0.15,0,0,1.00
2004-09-26T08:00:00,-0.33,-0.01,0.5,1.02,-0.17,0.42,-0.12,-0.58,-0.16,0,0,3.00
2004-09-26T09:00:00,-0.23,0.09,0.48,1.05,-0.06,0.38,0.41,-0.57,-0.12,0,0,4.00
2004-09-26T10:00:00,-0.16,-0.14,0.47,1.08,-0.15,0.38,-0.06,-0.53,-0.11,0,0,5.00
2004-09-26T11:00:00,-0.16,-0.45,0.38,1.08,-0.4,0.36,-0.08,-0.53,-0.13,0,0,6.00
2004-09-26T12:00:00,-0.19,-0.06,0.48,1.07,-0.05,0.59,-0.09,-0.52,-0.11,0,0,8.00
2004-09-26T13:00:00,0.11,-0.34,0.41,1.14,-0.33,0.58,-0.05,-0.5,-0.09,0,0,8.00
2004-09-26T14:00:00,0.03,-0.08,0.52,1.12,0.03,0.57,-0.04,-0.53,-0.11,0,0,9.00
2004-09-26T15:00:00,0.0,0.02,0.49,1.12,0.21,0.49,-0.04,-0.54,-0.11,0,0,10.00
2004-09-26T16:00:00,0.55,0.05,0.28,1.2,0.11,0.36,0.13,-0.51,-0.1,0,0,11.00
2004-09-26T17:00:00,0.8,-0.33,-0.01,1.23,-0.34,0.29,0.24,-0.52,-0.15,0,0,10.00
2004-09-26T18:00:00,0.62,-0.43,0.09,1.22,-0.53,0.47,0.29,-0.49,-0.11,0,0,6.00
2004-09-26T19:00:00,0.81,-0.32,0.09,1.27,-0.37,0.47,0.12,-0.5,-0.15,0,0,4.00
2004-09-26T20:00:00,0.77,-0.24,-0.22,1.3,-0.34,0.12,0.03,-0.5,-0.15,0,0,-1.00
2004-09-26T21:00:00,0.57,-0.45,-0.29,1.3,-0.59,0.07,0.05,-0.5,-0.14,0,0,0.00
2004-09-26T22:00:00,0.49,-0.56,-0.15,1.26,-0.64,0.32,0.12,-0.51,-0.14,0,0,0.00
2004-09-26T23:00:00,0.47,-0.57,0.02,1.25,-0.64,0.42,0.23,-0.52,-0.13,0,0,1.00
2004-09-27T00:00:00,0.47,-0.61,-0.15,1.29,-0.73,0.32,0.22,-0.55,-0.15,0,0,2.00
2004-09-27T01:00:00,0.39,-0.27,0.2,1.32,-0.71,0.49,0.66,-0.55,-0.06,1,0,2.00
2004-09-27T02:00:00,0.61,-0.27,-0.01,1.4,-0.73,0.5,0.8,-0.55,-0.11,1,0,4.00
2004-09-27T03:00:00,0.61,-0.17,0.04,1.42,-0.7,0.73,0.87,-0.57,-0.11,1,0,6.00
2004-09-27T04:00:00,0.52,-0.06,0.35,1.42,-0.8,0.99,1.01,-0.58,-0.11,1,0,7.00
2004-09-27T05:00:00,0.51,-0.12,0.36,1.42,-0.8,1.07,1.27,-0.58,-0.11,1,0,7.00
2004-09-27T06:00:00,0.45,0.15,0.58,1.42,-0.76,1.11,1.06,-0.58,-0.15,1,0,8.00
2004-09-27T07:00:00,0.76,-0.54,0.46,1.36,-0.67,1.03,0.27,-0.51,-0.16,1,0,10.00
2004-09-27T08:00:00,0.65,-0.29,0.5,1.31,-0.59,0.95,0.3,-0.4,-0.1,1,0,11.00
2004-09-27T09:00:00,0.39,-0.81,-0.19,1.25,-0.7,0.43,0.31,-0.35,-0.1,1,0,8.00
2004-09-27T10:00:00,0.42,-0.77,-0.52,1.21,-0.55,0.13,0.35,-0.42,-0.14,1,0,8.00
2004-09-27T11:00:00,0.43,-0.77,0.03,1.18,-0.59,0.38,0.43,-0.37,-0.08,1,0,6.00
2004-09-27T12:00:00,0.58,-0.7,-0.29,1.21,-0.69,-0.04,0.52,-0.28,-0.07,1,0,-4.00
2004-09-27T13:00:00,0.53,-0.32,0.32,1.18,-0.46,0.5,0.53,-0.29,0.06,1,0,-9.00
2004-09-27T14:00:00,0.23,0.43,0.91,1.06,-0.13,0.64,0.54,-0.42,-0.13,1,0,-4.00
2004-09-27T15:00:00,0.28,-0.04,0.51,1.04,-0.36,0.67,0.65,-0.31,0.14,1,0,-1.00
2004-09-27T16:00:00,0.59,-0.6,-0.04,1.07,-0.3,0.74,0.81,-0.26,0.02,1,0,6.00
2004-09-27T17:00:00,0.8,-1.07,-0.2,1.12,-0.6,0.29,0.69,-0.31,-0.13,1,0,5.00
2004-09-27T18:00:00,0.93,-0.72,0.54,1.11,-0.38,0.6,0.64,-0.28,-0.12,1,0,-5.00
2004-09-27T19:00:00,0.8,-0.35,0.98,1.07,-0.13,0.84,0.57,-0.3,-0.13,1,0,-10.00
2004-09-27T20:00:00,1.06,-0.7,0.57,1.0,-0.11,0.8,0.45,-0.21,-0.12,1,0,-9.00
2004-09-27T21:00:00,1.02,-0.69,0.75,1.01,-0.0,0.99,0.48,-0.21,-0.13,1,0,-3.00
2004-09-27T22:00:00,1.04,-0.76,0.54,1.19,1.86,1.7,0.72,-0.32,-0.13,1,0,-1.00
2004-09-27T23:00:00,0.9,-0.87,0.4,0.96,-0.31,0.57,0.8,-0.01,-0.05,1,0,0.00
2004-09-28T00:00:00,0.97,-0.53,-0.1,1.03,0.05,-0.06,0.66,-0.15,-0.05,1,0,2.00
2004-09-28T01:00:00,0.82,-0.16,-0.3,1.0,0.4,-0.39,0.69,-0.05,0.06,1,0,2.00
2004-09-28T02:00:00,0.63,-0.85,0.11,0.95,-0.4,0.04,0.75,-0.11,-0.01,1,0,2.00
2004-09-28T03:00:00,0.38,-0.83,-0.0,0.86,-0.42,-0.2,0.85,-0.02,0.11,1,0,1.00
2004-09-28T04:00:00,0.46,-0.57,0.8,0.88,-0.11,0.55,0.85,-0.0,0.01,1,0,-2.00
2004-09-28T05:00:00,1.15,-0.35,0.13,1.01,-0.21,-0.03,0.89,-0.01,-0.01,1,0,-2.00
2004-09-28T06:00:00,0.76,-0.27,-0.4,0.95,-0.06,-0.89,0.95,-0.01,0.09,1,0,-1.00
2004-09-28T07:00:00,0.34,-1.07,0.53,0.83,-0.68,0.25,0.86,-0.1,-0.05,1,0,4.00
2004-09-28T08:00:00,0.43,-0.1,0.91,0.75,0.04,0.25,0.67,-0.07,-0.02,1,0,-4.00
2004-09-28T09:00:00,0.71,-0.8,0.98,0.81,-0.5,0.54,0.32,-0.16,-0.13,1,0,-8.00
2004-09-28T10:00:00,0.6,-0.67,1.16,0.79,-0.37,0.53,0.2,-0.19,-0.14,1,0,-5.00
2004-09-28T11:00:00,0.92,-0.73,0.89,0.83,-0.47,0.35,0.29,-0.24,-0.14,1,0,-4.00
2004-09-28T12:00:00,0.45,-0.67,1.1,0.77,-0.36,0.72,0.25,-0.17,-0.13,1,0,-2.00
2004-09-28T13:00:00,0.57,-0.84,0.93,0.75,-0.71,0.41,0.29,-0.25,-0.14,1,0,0.00
2004-09-28T14:00:00,0.47,-0.91,0.86,0.73,-0.71,0.31,0.32,-0.23,-0.13,1,0,3.00
2004-09-28T15:00:00,0.38,-1.01,0.66,0.67,-0.8,0.22,0.33,-0.23,-0.12,1,0,6.00
2004-09-28T16:00:00,0.42,-1.0,0.63,0.69,-0.71,0.22,0.35,-0.19,-0.11,1,0,9.00
2004-09-28T17:00:00,0.58,-0.92,0.68,0.75,-0.53,0.37,0.26,-0.25,-0.13,1,0,9.00
2004-09-28T18:00:00,0.83,-0.85,0.3,0.83,-0.51,-0.06,0.3,-0.2,-0.11,1,0,8.00
2004-09-28T19:00:00,0.84,-0.53,0.7,0.87,-0.28,0.26,0.28,-0.27,-0.12,1,0,6.00
2004-09-28T20:00:00,0.86,-0.22,-0.04,0.79,0.21,-0.76,0.26,-0.1,-0.0,1,0,4.00
2004-09-28T21:00:00,1.01,-0.04,0.07,0.83,0.62,-0.53,0.25,-0.09,-0.04,1,0,5.00
2004-09-28T22:00:00,0.76,0.36,-0.32,0.79,0.7,-0.69,0.28,-0.12,-0.03,1,0,0.00
2004-09-28T23:00:00,0.57,-0.29,0.64,0.76,0.33,0.54,0.22,-0.23,-0.06,1,0,2.00
2004-09-29T00:00:00,0.79,-0.51,0.44,0.87,0.07,0.25,0.15,-0.22,-0.09,1,0,2.00
2004-09-29T01:00:00,0.2,-0.7,0.84,0.66,-0.05,0.65,0.05,-0.31,-0.14,1,0,4.00
2004-09-29T02:00:00,0.13,-0.66,0.72,0.62,0.13,0.46,0.13,-0.32,-0.12,1,0,6.00
2004-09-29T03:00:00,-0.01,-0.85,0.72,0.59,-0.16,0.49,0.09,-0.35,-0.14,1,0,8.00
2004-09-29T04:00:00,0.3,-0.7,0.76,0.73,0.0,0.53,0.1,-0.35,-0.14,1,0,8.00
2004-09-29T05:00:00,0.01,-0.35,0.94,0.64,0.42,0.82,0.1,-0.38,-0.14,1,0,8.00
2004-09-29T06:00:00,0.37,0.05,0.29,0.74,0.92,-0.33,0.29,-0.21,0.38,1,0,9.00
2004-09-29T07:00:00,0.16,-0.5,0.68,0.71,0.28,0.35,0.15,-0.3,-0.08,1,0,12.00
2004-09-29T08:00:00,0.72,-0.37,0.14,0.84,0.39,-0.34,0.3,-0.13,0.04,0,0,10.00
2004-09-29T09:00:00,0.84,0.06,0.06,0.83,0.86,-0.31,0.28,-0.12,0.01,0,0,8.00
2004-09-29T10:00:00,0.64,-0.09,0.37,0.83,0.7,0.02,0.29,-0.08,0.1,0,0,6.00
2004-09-29T11:00:00,0.57,0.0,0.68,0.82,0.67,0.32,0.32,-0.24,-0.05,0,0,5.00
2004-09-29T12:00:00,0.75,-0.64,0.1,0.89,0.16,-0.01,0.36,-0.2,-0.06,0,0,7.00
2004-09-29T13:00:00,0.7,-0.69,0.11,0.91,0.04,-0.04,0.25,-0.24,-0.07,0,0,6.00
2004-09-29T14:00:00,0.46,-0.68,0.44,0.84,0.08,0.28,0.19,-0.27,-0.08,0,0,5.00
2004-09-29T15:00:00,0.48,-0.57,0.31,0.83,0.2,0.27,0.28,-0.22,-0.0,0,0,6.00
2004-09-29T16:00:00,0.75,-0.46,-0.1,0.89,0.25,-0.26,0.27,-0.25,-0.05,0,0,8.00
2004-09-29T17:00:00,0.77,-0.4,-0.11,0.89,0.41,-0.24,0.17,-0.2,-0.05,0,0,10.00
2004-09-29T18:00:00,0.69,-0.08,-0.19,0.77,0.89,-0.51,0.09,-0.12,0.03,0,0,11.00
2004-09-29T19:00:00,0.67,-0.34,0.24,0.79,0.43,0.55,0.05,-0.19,-0.01,0,0,7.00
2004-09-29T20:00:00,0.74,-0.36,-0.07,0.83,0.44,-0.03,0.02,-0.23,-0.06,0,0,7.00
2004-09-29T21:00:00,0.72,0.01,-0.15,0.82,0.92,-0.17,-0.01,-0.22,-0.03,0,0,4.00
2004-09-29T22:00:00,0.73,-0.04,0.05,0.85,0.87,0.06,0.02,-0.22,-0.01,0,0,3.00
2004-09-29T23:00:00,0.63,-0.25,0.1,0.86,0.7,0.19,0.01,-0.23,0.01,0,0,4.00
2004-09-30T00:00:00,0.11,-0.72,0.37,0.72,0.05,0.5,-0.07,-0.35,-0.1,0,0,5.00
2004-09-30T01:00:00,0.33,-0.69,0.3,0.8,0.03,0.37,-0.12,-0.36,-0.11,0,0,8.00
2004-09-30T02:00:00,0.59,-0.55,0.2,0.88,0.1,0.2,-0.07,-0.34,-0.1,0,0,11.00
2004-09-30T03:00:00,0.53,-0.56,0.07,0.86,0.16,-0.01,0.0,-0.31,-0.07,0,0,11.00
2004-09-30T04:00:00,0.4,-0.45,0.27,0.88,0.24,0.14,0.09,-0.28,0.02,0,0,11.00
2004-09-30T05:00:00,0.26,-0.55,0.27,0.87,0.13,0.18,0.06,-0.37,-0.04,0,0,11.00
2004-09-30T06:00:00,0.22,-0.37,0.4,0.88,0.22,0.31,0.04,-0.4,-0.03,0,0,12.00
2004-09-30T07:00:00,-0.03,-0.17,0.23,0.92,0.28,0.02,0.06,-0.38,0.75,0,0,13.00
2004-09-30T08:00:00,-0.21,-0.1,0.68,0.91,0.01,0.22,0.05,-0.5,-0.14,0,0,14.00
2004-09-30T09:00:00,-0.17,-0.13,0.58,0.88,0.09,0.26,0.18,-0.47,-0.09,0,0,13.00
2004-09-30T10:00:00,0.58,-0.36,0.27,1.0,0.18,-0.01,0.21,-0.26,0.01,0,0,14.00
2004-09-30T11:00:00,-0.05,-0.13,0.42,0.94,0.21,0.1,0.15,-0.4,0.13,0,0,15.00
2004-09-30T12:00:00,0.13,-0.03,0.44,0.96,0.21,-0.08,0.11,-0.37,0.11,0,0,14.00
2004-09-30T13:00:00,-0.24,-0.29,0.53,0.96,0.07,0.04,0.13,-0.4,-0.06,0,0,14.00
2004-09-30T14:00:00,0.19,-0.52,0.37,1.04,-0.13,0.07,0.11,-0.39,-0.04,0,0,14.00
2004-09-30T15:00:00,0.25,-0.58,0.28,1.04,-0.23,0.14,0.14,-0.39,-0.05,0,0,14.00
2004-09-30T16:00:00,0.42,-0.54,0.09,1.05,-0.34,0.11,0.18,-0.35,-0.03,0,0,12.00
2004-09-30T17:00:00,0.28,-0.68,0.12,1.04,-0.36,0.25,0.11,-0.4,-0.08,0,0,12.00
2004-09-30T18:00:00,0.36,-0.68,0.05,1.07,-0.3,0.29,0.11,-0.38,-0.08,0,0,12.00
2004-09-30T19:00:00,0.03,-0.68,0.14,1.06,-0.23,0.36,0.11,-0.43,-0.08,0,0,11.00
2004-09-30T20:00:00,-0.47,-0.32,0.16,1.04,0.06,0.3,0.24,-0.38,0.02,0,0,10.00
2004-09-30T21:00:00,-0.08,-0.5,0.17,1.1,-0.01,0.3,0.09,-0.37,0.05,0,0,11.00
2004-09-30T22:00:00,0.0,-0.43,0.2,1.11,-0.03,0.27,0.07,-0.35,0.14,0,0,12.00
2004-09-30T23:00:00,0.11,-0.44,0.2,1.13,-0.09,0.22,0.06,-0.35,0.12,0,0,14.00
2004-10-01T00:00:00,0.28,-0.42,0.1,1.17,-0.17,-0.08,0.07,-0.34,0.09,0,0,---
2004-10-01T01:00:00,0.47,-0.22,0.1,1.21,-0.03,-0.26,0.09,-0.35,0.08,0,0,18.00
2004-10-01T02:00:00,0.42,-0.24,0.29,1.22,-0.02,-0.18,0.1,-0.37,0.04,0,0,18.00
2004-10-01T03:00:00,0.56,-0.25,0.06,1.25,-0.1,-0.25,0.14,-0.33,0.03,0,0,17.00
2004-10-01T04:00:00,0.35,-0.47,-0.08,1.2,-0.34,-0.24,0.09,-0.39,-0.03,0,0,16.00
2004-10-01T05:00:00,0.51,-0.37,0.03,1.29,-0.31,-0.13,0.13,-0.33,0.01,0,0,13.00
2004-10-01T06:00:00,0.43,-0.45,-0.01,1.28,-0.46,-0.06,0.16,-0.39,-0.03,0,0,11.00
2004-10-01T07:00:00,0.47,-0.37,0.13,1.34,-0.59,-0.06,0.25,-0.42,-0.02,0,0,10.00
2004-10-01T08:00:00,0.69,-0.07,-0.02,1.39,-0.3,-0.16,0.34,-0.42,-0.06,0,0,10.00
2004-10-01T09:00:00,0.14,-0.13,0.23,1.29,-0.41,0.13,0.42,-0.36,1.07,0,0,11.00
2004-10-01T10:00:00,-0.31,-0.31,0.37,1.24,-0.66,0.3,0.45,-0.46,-0.01,0,0,10.00
2004-10-01T11:00:00,0.08,-0.39,0.4,1.33,-0.66,0.4,0.5,-0.48,-0.01,0,0,14.00
2004-10-01T12:00:00,0.11,-0.3,0.43,1.34,-0.5,0.4,0.66,-0.47,0.03,0,0,14.00
2004-10-01T13:00:00,0.07,-0.36,0.45,1.33,-0.48,0.51,0.6,-0.49,-0.03,0,0,13.00
2004-10-01T14:00:00,0.48,-0.48,0.27,1.42,-0.55,0.35,0.58,-0.48,-0.08,0,0,14.00
2004-10-01T15:00:00,0.41,-0.37,-0.04,1.33,-0.21,0.27,1.37,-0.54,-0.02,0,0,16.00
2004-10-01T16:00:00,-0.06,0.05,0.05,1.34,-0.2,0.2,1.5,-0.56,4.59,0,0,19.00
2004-10-01T17:00:00,-0.22,0.4,-0.06,1.34,-0.22,-0.0,1.63,-0.56,-0.02,0,0,23.00
2004-10-01T18:00:00,-0.04,0.32,-0.04,1.36,-0.3,0.02,1.7,-0.56,0.16,0,0,21.00
2004-10-01T19:00:00,-0.26,0.15,0.09,1.35,-0.26,0.28,2.74,-0.55,0.56,0,0,20.00
2004-10-01T20:00:00,-0.32,-0.32,0.19,1.39,-0.23,-0.04,1.48,-0.53,0.08,0,0,15.00
2004-10-01T21:00:00,-0.33,-0.62,0.21,1.37,-0.13,-0.08,1.39,-0.53,-0.07,0,0,16.00
2004-10-01T22:00:00,-0.66,-0.04,0.39,1.44,-0.16,-0.31,1.87,-0.5,-0.05,0,0,17.00
2004-10-01T23:00:00,-0.64,0.12,-0.03,1.44,-0.3,0.02,1.86,-0.49,0.02,0,0,21.00
2004-10-02T00:00:00,-0.5,-0.48,-0.19,1.4,-0.08,0.16,1.38,-0.48,-0.04,0,0,23.00
2004-10-02T01:00:00,-0.63,0.21,-0.44,1.42,-0.22,0.29,1.19,-0.46,-0.09,0,0,22.00
2004-10-02T02:00:00,-0.63,1.07,-0.15,1.25,-0.39,-0.02,1.03,-0.42,-0.14,0,0,17.00
2004-10-02T03:00:00,0.07,1.53,0.19,0.89,-0.02,-0.84,1.6,-0.36,-0.13,0,0,14.00
2004-10-02T04:00:00,0.53,1.42,-0.44,0.8,-0.21,-0.03,1.53,-0.31,-0.13,0,0,15.00
2004-10-02T05:00:00,-0.24,0.49,0.64,0.88,0.81,-0.85,2.01,-0.24,0.14,0,0,14.00
2004-10-02T06:00:00,-0.47,1.01,0.65,1.0,0.53,-1.01,1.89,-0.12,-0.01,0,0,7.00
2004-10-02T07:00:00,0.39,1.05,0.29,0.88,-0.02,-0.14,1.82,-0.12,0.04,0,0,2.00
2004-10-02T08:00:00,0.15,1.03,-0.31,0.95,-0.01,0.02,1.51,-0.14,0.0,0,0,7.00
2004-10-02T09:00:00,0.73,0.39,-0.74,0.85,0.4,0.7,1.36,-0.2,-0.05,0,0,9.00
2004-10-02T10:00:00,0.93,0.77,-0.06,0.8,0.07,-0.13,1.02,-0.23,-0.07,0,0,6.00
2004-10-02T11:00:00,0.29,0.87,0.03,1.05,-0.02,-0.56,0.89,-0.17,0.02,0,0,-3.00
2004-10-02T12:00:00,0.14,0.35,-0.09,1.13,0.79,-0.38,1.09,-0.04,1.16,0,0,-11.00
2004-10-02T13:00:00,0.21,-0.29,-0.69,1.14,1.39,-0.08,0.83,0.0,0.08,0,0,-10.00
2004-10-02T14:00:00,0.6,-0.1,-0.27,0.99,1.18,0.26,0.86,0.04,0.33,0,0,-2.00
2004-10-02T15:00:00,0.41,0.36,-0.29,1.0,0.66,0.52,0.41,-0.07,0.16,0,0,1.00
2004-10-02T16:00:00,0.18,0.56,-0.44,1.06,0.38,0.98,0.2,-0.06,0.01,0,0,-3.00
2004-10-02T17:00:00,0.88,0.2,0.0,0.69,0.7,0.29,0.16,-0.28,-0.08,0,0,-7.00
2004-10-02T18:00:00,0.92,-0.13,-0.2,0.71,1.02,0.85,0.12,-0.31,-0.11,0,0,-8.00
2004-10-02T19:00:00,-0.58,0.58,0.26,1.26,0.02,0.11,0.28,-0.22,-0.04,0,0,-7.00
2004-10-02T20:00:00,0.33,0.37,0.03,1.0,0.15,0.57,0.07,-0.29,0.12,0,0,-5.00
2004-10-02T21:00:00,-0.07,0.72,0.03,1.14,-0.25,0.5,0.2,-0.26,-0.02,0,0,-6.00
2004-10-02T22:00:00,-0.39,0.65,0.41,1.18,-0.24,-0.03,0.32,-0.32,-0.07,0,0,-5.00
2004-10-02T23:00:00,-0.25,0.72,0.39,1.13,-0.54,-0.04,0.5,-0.3,-0.05,0,0,-2.00
2004-10-03T00:00:00,-0.46,0.69,0.47,1.18,-0.6,-0.28,0.67,-0.31,-0.07,0,0,2.00
2004-10-03T01:00:00,0.01,0.79,0.26,1.11,-0.72,-0.22,0.68,-0.33,-0.03,0,0,4.00
2004-10-03T02:00:00,0.05,0.96,0.23,1.14,-0.78,-0.27,0.66,-0.35,-0.09,0,0,6.00
2004-10-03T03:00:00,0.35,0.76,-0.07,1.08,-0.7,0.03,0.66,-0.37,-0.07,0,0,6.00
2004-10-03T04:00:00,0.89,0.53,-0.25,0.88,-0.55,0.38,0.7,-0.44,-0.13,0,0,5.00
2004-10-03T05:00:00,1.06,0.43,-0.28,0.9,-0.6,0.59,0.79,-0.44,-0.14,0,0,3.00
2004-10-03T06:00:00,1.13,0.26,-0.41,0.91,-0.61,0.73,0.74,-0.4,-0.14,0,0,1.00
2004-10-03T07:00:00,1.0,-0.01,-0.46,0.91,-0.54,0.85,1.32,-0.34,-0.08,0,0,-1.00
2004-10-03T08:00:00,0.54,-0.56,-0.4,0.9,-0.45,0.88,1.98,-0.39,-0.01,0,0,-4.00
2004-10-03T09:00:00,0.89,0.44,-0.43,0.91,-0.43,0.76,2.02,-0.42,-0.08,0,0,-7.00
2004-10-03T10:00:00,0.97,0.67,-0.2,0.94,-0.52,0.77,2.3,-0.42,-0.08,0,0,-11.00
2004-10-03T11:00:00,0.39,-0.25,-0.81,0.99,-0.32,1.12,1.37,-0.43,-0.11,0,0,-10.00
2004-10-03T12:00:00,0.21,-0.2,-1.09,1.02,-0.68,1.24,1.13,-0.47,-0.15,0,0,-2.00
2004-10-03T13:00:00,-0.21,0.23,-0.67,1.0,-0.18,0.74,1.23,-0.39,-0.06,0,0,-7.00
2004-10-03T14:00:00,0.03,1.04,-0.61,0.95,-0.05,0.59,0.68,-0.26,-0.12,0,0,-7.00
2004-10-03T15:00:00,-0.05,1.11,-0.8,0.99,0.0,0.31,0.41,-0.17,-0.13,0,0,-12.00
2004-10-03T16:00:00,0.06,1.04,-0.74,0.92,0.28,0.38,0.32,-0.21,-0.13,0,0,-16.00
2004-10-03T17:00:00,0.3,1.14,-0.31,0.86,0.07,0.06,0.5,-0.05,-0.08,0,0,-19.00
2004-10-03T18:00:00,-0.52,0.92,0.13,1.08,0.12,-0.19,0.56,-0.08,-0.03,0,0,-23.00
2004-10-03T19:00:00,-0.26,0.87,-0.65,1.03,0.21,0.78,0.55,-0.05,-0.07,0,0,-24.00
2004-10-03T20:00:00,-0.14,1.0,-0.4,0.98,-0.06,0.57,0.6,-0.21,-0.09,0,0,-26.00
2004-10-03T21:00:00,-0.22,1.06,-0.06,0.96,-0.14,0.54,0.79,-0.26,-0.08,0,0,-25.00
2004-10-03T22:00:00,-0.29,0.76,-0.72,1.01,0.03,1.0,0.93,-0.28,-0.1,0,0,-25.00
2004-10-03T23:00:00,-0.29,-0.42,-0.33,1.0,0.15,0.62,1.02,-0.35,0.07,0,0,-23.00
2004-10-04T00:00:00,-0.45,-0.9,0.31,1.01,0.32,0.2,1.15,-0.31,-0.05,0,0,-23.00
2004-10-04T01:00:00,-0.09,-0.47,-0.17,0.97,0.11,0.43,1.19,-0.18,0.52,0,0,-30.00
2004-10-04T02:00:00,-0.96,0.47,-0.2,1.08,-0.2,0.45,1.33,-0.02,0.06,0,0,-28.00
2004-10-04T03:00:00,-0.71,-0.95,0.03,1.05,0.5,0.33,1.24,-0.07,0.0,0,0,-21.00
2004-10-04T04:00:00,-0.36,-0.48,-0.06,1.03,0.45,0.37,0.89,-0.11,0.39,0,0,-20.00
2004-10-04T05:00:00,-0.73,-0.91,0.16,1.08,0.8,0.03,0.82,-0.09,-0.03,0,0,-23.00
2004-10-04T06:00:00,-0.72,-0.15,0.01,1.08,0.57,0.15,0.77,0.08,0.31,0,0,-19.00
2004-10-04T07:00:00,-0.79,0.26,0.6,1.08,0.16,-0.43,0.66,-0.04,0.0,0,0,-12.00
2004-10-04T08:00:00,0.36,0.7,0.87,0.84,-0.14,-0.78,0.65,-0.06,-0.06,0,0,-8.00
2004-10-04T09:00:00,-0.36,1.07,0.12,0.94,-0.03,-0.17,0.52,-0.14,-0.07,0,0,-6.00
2004-10-04T10:00:00,-0.32,1.02,-0.21,0.9,0.11,0.02,0.43,-0.1,-0.07,0,0,-2.00
2004-10-04T11:00:00,-0.45,1.08,-0.15,0.91,-0.03,0.02,0.36,-0.1,-0.09,0,0,-3.00
2004-10-04T12:00:00,-0.48,0.9,0.06,0.88,0.14,-0.46,0.29,-0.06,-0.05,0,0,-6.00
2004-10-04T13:00:00,-0.11,0.82,-0.55,0.78,0.16,0.46,0.32,-0.06,-0.06,0,0,-6.00
2004-10-04T14:00:00,-0.12,0.9,-0.41,0.8,0.07,0.43,0.23,-0.14,-0.08,0,0,-6.00
2004-10-04T15:00:00,0.35,0.93,0.12,0.58,-0.24,-0.43,0.27,-0.14,-0.06,0,0,-4.00
2004-10-04T16:00:00,0.42,0.79,-0.33,0.58,-0.06,0.22,0.32,-0.19,-0.07,0,0,-10.00
2004-10-04T17:00:00,0.42,0.69,-0.47,0.59,-0.14,0.58,0.14,-0.22,-0.1,0,0,-11.00
2004-10-04T18:00:00,-0.45,0.42,-0.37,0.87,0.18,0.31,0.29,-0.18,-0.0,0,0,-10.00
2004-10-04T19:00:00,-0.47,0.62,-0.22,0.87,-0.01,0.13,0.26,-0.18,-0.03,0,0,-16.00
2004-10-04T20:00:00,-0.11,0.79,-0.27,0.78,-0.25,0.15,0.21,-0.27,-0.08,0,0,-17.00
2004-10-04T21:00:00,0.16,0.86,-0.18,0.72,-0.37,0.09,0.17,-0.28,-0.09,0,0,-19.00
2004-10-04T22:00:00,0.25,0.89,-0.05,0.69,-0.39,-0.07,0.17,-0.33,-0.11,0,0,-18.00
2004-10-04T23:00:00,-0.28,0.65,-0.07,0.87,-0.27,0.1,0.18,-0.29,-0.03,0,0,-16.00
2004-10-05T00:00:00,-0.93,0.01,-0.09,1.1,0.47,-0.01,0.24,-0.28,-0.08,0,0,-13.00
2004-10-05T01:00:00,-0.9,-0.15,-0.17,1.06,0.62,0.05,0.15,-0.31,-0.1,0,0,-13.00
2004-10-05T02:00:00,-0.67,0.45,-0.31,1.01,-0.21,0.31,0.1,-0.27,-0.09,0,0,-14.00
2004-10-05T03:00:00,-0.89,0.09,-0.08,1.1,0.18,-0.15,0.14,-0.29,-0.09,0,0,-14.00
2004-10-05T04:00:00,-0.94,-0.14,-0.03,1.09,0.49,-0.21,0.17,-0.28,-0.09,0,0,-14.00
2004-10-05T05:00:00,-0.89,0.14,-0.15,1.07,-0.11,0.06,0.12,-0.33,-0.11,0,0,-15.00
2004-10-05T06:00:00,-0.82,0.2,-0.1,1.09,-0.1,-0.01,0.17,-0.27,-0.07,0,0,-14.00
2004-10-05T07:00:00,-0.45,0.55,-0.1,0.99,-0.51,-0.25,0.17,-0.31,-0.05,0,0,-11.00
2004-10-05T08:00:00,-1.09,-0.03,0.09,1.14,0.04,-0.68,0.21,-0.39,-0.14,0,0,-8.00
2004-10-05T09:00:00,-1.08,0.04,0.1,1.15,-0.03,-0.7,0.24,-0.37,-0.13,0,0,-6.00
2004-10-05T10:00:00,-1.02,0.19,0.05,1.16,-0.24,-0.65,0.21,-0.37,-0.13,0,0,-2.00
2004-10-05T11:00:00,-1.0,0.26,-0.04,1.17,-0.32,-0.44,0.16,-0.39,-0.13,0,0,-1.00
2004-10-05T12:00:00,-0.93,0.38,-0.21,1.17,-0.45,-0.15,0.14,-0.41,-0.14,0,0,-2.00
2004-10-05T13:00:00,-0.91,0.25,-0.09,1.19,-0.29,-0.2,0.1,-0.38,-0.13,0,0,-2.00
2004-10-05T14:00:00,-0.9,0.23,-0.0,1.26,-0.24,-0.36,0.08,-0.41,-0.13,0,0,-3.00
2004-10-05T15:00:00,-0.35,0.48,-0.03,1.28,-0.05,-0.48,0.14,-0.32,0.01,0,0,-2.00
2004-10-05T16:00:00,0.11,0.63,-0.1,1.22,-0.04,-0.36,0.05,-0.4,-0.08,0,0,-2.00
2004-10-05T17:00:00,-0.14,0.67,-0.01,1.24,-0.03,-0.08,0.18,-0.38,-0.06,0,0,-1.00
2004-10-05T18:00:00,0.22,1.0,0.09,1.18,-0.29,-0.3,-0.08,-0.5,-0.17,0,0,-2.00
2004-10-05T19:00:00,0.15,1.04,-0.2,1.22,-0.21,-0.05,-0.07,-0.49,-0.17,0,0,-1.00
2004-10-05T20:00:00,-0.35,0.57,-0.47,1.28,-0.26,0.2,-0.13,-0.44,-0.15,0,0,-1.00
2004-10-05T21:00:00,-0.38,0.48,-0.18,1.24,-0.23,0.01,-0.02,-0.35,-0.06,0,0,0.00
2004-10-05T22:00:00,-0.01,0.78,-0.11,1.2,-0.29,0.16,-0.1,-0.48,-0.15,0,0,-4.00
2004-10-05T23:00:00,-0.18,0.74,-0.16,1.28,-0.21,0.26,-0.14,-0.48,-0.15,0,0,-9.00
2004-10-06T00:00:00,-0.35,0.64,-0.12,1.34,-0.1,0.09,-0.12,-0.42,-0.12,0,0,-10.00
2004-10-06T01:00:00,-0.41,0.56,-0.18,1.37,-0.27,-0.03,-0.13,-0.38,-0.11,0,0,-12.00
2004-10-06T02:00:00,-0.32,0.62,-0.16,1.34,-0.34,-0.04,-0.17,-0.43,-0.13,0,0,-11.00
2004-10-06T03:00:00,-0.34,0.53,-0.28,1.35,-0.1,0.05,-0.22,-0.45,-0.14,0,0,-10.00
2004-10-06T04:00:00,-0.25,0.49,-0.35,1.33,0.03,0.15,-0.27,-0.48,-0.15,0,0,-11.00
2004-10-06T05:00:00,-0.23,0.41,-0.39,1.35,0.07,0.23,-0.25,-0.46,-0.14,0,0,-10.00
2004-10-06T06:00:00,-0.52,0.34,-0.17,1.35,-0.06,-0.07,-0.16,-0.36,-0.09,0,0,-11.00
2004-10-06T07:00:00,-0.28,0.57,-0.0,1.34,-0.12,-0.05,-0.24,-0.44,-0.12,0,0,-10.00
2004-10-06T08:00:00,-0.15,0.47,-0.36,1.33,-0.05,0.24,-0.28,-0.5,-0.15,0,0,-7.00
2004-10-06T09:00:00,-0.1,0.47,-0.31,1.39,-0.32,0.17,-0.17,-0.49,-0.13,0,0,-3.00
2004-10-06T10:00:00,-0.03,0.47,-0.39,1.39,-0.39,0.23,-0.17,-0.52,-0.15,0,0,0.00
2004-10-06T11:00:00,0.06,0.59,-0.26,1.41,-0.47,0.27,-0.13,-0.54,-0.16,0,0,-1.00
2004-10-06T12:00:00,0.13,0.59,-0.15,1.43,-0.45,0.24,-0.03,-0.54,-0.15,0,0,-4.00
2004-10-06T13:00:00,0.09,0.61,-0.07,1.43,-0.48,0.22,0.05,-0.53,-0.13,0,0,-8.00
2004-10-06T14:00:00,0.06,0.69,-0.15,1.42,-0.49,0.14,-0.03,-0.55,-0.16,0,0,-8.00
2004-10-06T15:00:00,0.12,0.69,-0.18,1.39,-0.46,0.15,-0.03,-0.55,-0.16,0,0,-5.00
2004-10-06T16:00:00,-0.04,0.68,-0.21,1.44,-0.5,0.1,0.01,-0.56,-0.16,0,0,-3.00
2004-10-06T17:00:00,-0.06,0.7,-0.16,1.45,-0.53,0.08,0.07,-0.56,-0.16,0,0,-3.00
2004-10-06T18:00:00,-0.01,0.71,-0.16,1.47,-0.54,0.05,0.07,-0.56,-0.16,0,0,-4.00
2004-10-06T19:00:00,-0.04,0.64,-0.18,1.46,-0.53,0.03,0.19,-0.56,-0.15,0,0,-3.00
2004-10-06T20:00:00,0.11,0.62,-0.15,1.46,-0.46,-0.11,0.36,-0.58,-0.16,0,0,-3.00
2004-10-06T21:00:00,0.32,0.34,-0.21,1.5,-0.56,-0.03,0.4,-0.57,-0.13,0,0,-3.00
2004-10-06T22:00:00,0.37,0.26,-0.23,1.54,-0.56,-0.12,0.44,-0.56,-0.12,0,0,-2.00
2004-10-06T23:00:00,0.32,0.38,-0.14,1.57,-0.61,-0.23,0.5,-0.56,-0.11,0,0,-2.00
2004-10-07T00:00:00,0.23,0.37,-0.17,1.56,-0.6,-0.21,0.59,-0.57,-0.11,0,0,-2.00
2004-10-07T01:00:00,0.1,0.39,-0.09,1.6,-0.67,-0.28,0.53,-0.57,-0.08,0,0,-2.00
2004-10-07T02:00:00,0.18,0.24,-0.32,1.59,-0.57,0.06,0.45,-0.58,-0.13,0,0,-1.00
2004-10-07T03:00:00,0.09,0.09,-0.36,1.63,-0.48,0.15,0.59,-0.58,-0.12,0,0,0.00
2004-10-07T04:00:00,0.19,0.24,-0.27,1.64,-0.58,0.12,0.61,-0.58,-0.12,0,0,2.00
2004-10-07T05:00:00,0.08,0.21,-0.15,1.69,-0.46,0.05,0.7,-0.58,-0.02,0,0,3.00
2004-10-07T06:00:00,0.16,0.4,-0.04,1.68,-0.57,-0.0,0.72,-0.58,-0.1,0,0,3.00
2004-10-07T07:00:00,0.37,0.15,-0.21,1.69,-0.52,0.1,0.84,-0.59,-0.11,0,0,2.00
2004-10-07T08:00:00,0.34,0.25,-0.14,1.69,-0.61,0.09,1.11,-0.59,-0.09,0,0,4.00
2004-10-07T09:00:00,0.25,0.38,-0.15,1.71,-0.61,0.1,0.84,-0.58,-0.12,0,0,7.00
2004-10-07T10:00:00,0.24,0.38,-0.12,1.69,-0.57,0.08,0.76,-0.58,-0.11,0,0,8.00
2004-10-07T11:00:00,0.27,0.35,-0.09,1.7,-0.5,0.14,0.87,-0.58,-0.1,0,0,5.00
2004-10-07T12:00:00,0.09,0.49,-0.0,1.73,-0.55,0.08,0.85,-0.58,-0.1,0,0,0.00
2004-10-07T13:00:00,0.13,0.55,-0.02,1.73,-0.57,0.02,0.8,-0.57,-0.11,0,0,-2.00
2004-10-07T14:00:00,0.17,0.38,0.07,1.71,-0.66,-0.06,1.24,-0.59,-0.06,0,0,0.00
2004-10-07T15:00:00,0.14,0.6,0.08,1.73,-0.66,-0.07,0.93,-0.57,-0.12,0,0,3.00
2004-10-07T16:00:00,0.08,0.36,0.16,1.74,-0.59,-0.11,1.35,-0.58,0.0,0,0,5.00
2004-10-07T17:00:00,-0.03,0.31,0.09,1.79,-0.56,0.0,1.35,-0.58,0.08,0,0,4.00
2004-10-07T18:00:00,-0.15,0.26,0.02,1.83,-0.58,0.06,1.54,-0.59,0.04,0,0,3.00
2004-10-07T19:00:00,-0.14,0.11,-0.03,1.84,-0.6,0.12,1.66,-0.59,0.32,0,0,3.00
2004-10-07T20:00:00,0.02,0.08,0.04,1.84,-0.5,0.06,1.74,-0.59,2.4,0,0,4.00
2004-10-07T21:00:00,0.04,0.13,0.1,1.82,-0.53,0.1,1.77,-0.59,1.03,0,0,6.00
2004-10-07T22:00:00,-0.21,0.12,-0.07,1.78,-0.53,0.02,1.95,-0.6,0.1,1,0,8.00
2004-10-07T23:00:00,-0.25,0.19,-0.09,1.76,-0.54,0.06,2.48,-0.59,0.06,1,0,9.00
2004-10-08T00:00:00,-0.18,0.45,0.02,1.76,-0.6,-0.07,2.37,-0.58,-0.04,1,0,11.00
2004-10-08T01:00:00,-0.14,0.38,0.0,1.74,-0.56,-0.17,2.84,-0.58,0.05,1,0,14.00
2004-10-08T02:00:00,-0.08,0.44,-0.07,1.69,-0.64,-0.3,3.52,-0.58,0.04,1,0,13.00
2004-10-08T03:00:00,0.03,0.46,-0.28,1.67,-0.67,-0.25,3.99,-0.57,-0.0,1,0,14.00
2004-10-08T04:00:00,0.08,0.46,-0.32,1.64,-0.75,-0.19,4.34,-0.56,0.03,1,0,17.00
2004-10-08T05:00:00,0.13,-0.04,-0.25,1.61,-0.74,-0.28,5.18,-0.56,0.53,1,0,18.00
2004-10-08T06:00:00,0.23,-1.07,0.56,1.55,-0.77,-0.06,3.67,-0.53,-0.12,1,0,17.00
2004-10-08T07:00:00,-0.84,0.7,0.57,1.49,-0.56,0.17,3.42,-0.53,-0.12,1,0,19.00
2004-10-08T08:00:00,-0.71,0.16,1.04,1.49,-0.61,0.28,3.3,-0.51,-0.13,1,0,20.00
2004-10-08T09:00:00,0.53,-1.4,0.37,1.43,-0.22,0.26,2.27,-0.46,-0.14,1,0,22.00
2004-10-08T10:00:00,0.65,-0.8,0.36,1.42,-0.27,0.31,2.81,-0.36,0.01,1,0,22.00
2004-10-08T11:00:00,0.58,-0.67,0.76,1.39,-0.23,0.47,2.05,-0.34,-0.06,1,0,16.00
2004-10-08T12:00:00,0.77,-0.3,0.45,1.34,0.26,0.14,1.53,0.01,0.22,1,0,13.00
2004-10-08T13:00:00,0.66,-0.85,-0.87,1.28,0.23,-0.47,1.25,-0.19,-0.1,1,0,10.00
2004-10-08T14:00:00,0.5,-1.08,0.25,1.19,0.47,-0.15,0.88,-0.21,-0.07,1,0,11.00
2004-10-08T15:00:00,0.32,0.12,1.07,1.1,0.93,-0.4,1.02,-0.06,-0.03,1,0,10.00
2004-10-08T16:00:00,0.67,0.06,1.2,1.16,1.16,-0.09,0.98,-0.09,-0.09,1,0,2.00
2004-10-08T17:00:00,1.06,-0.5,1.03,1.27,0.97,0.18,1.17,-0.11,-0.1,1,0,6.00
2004-10-08T18:00:00,1.35,-0.71,0.43,1.35,0.74,-0.47,0.99,-0.2,-0.11,1,0,9.00
2004-10-08T19:00:00,0.97,-1.09,-0.46,1.26,0.42,-0.86,1.17,-0.21,-0.11,1,0,9.00
2004-10-08T20:00:00,0.23,-0.38,0.72,1.08,1.04,0.13,0.7,-0.23,-0.0,1,0,8.00
2004-10-08T21:00:00,0.64,-1.19,0.03,1.11,0.37,-0.31,0.71,-0.21,-0.1,1,0,6.00
2004-10-08T22:00:00,0.64,-0.78,-0.31,1.11,0.68,-0.82,0.73,-0.19,-0.05,1,0,-1.00
2004-10-08T23:00:00,0.39,-0.83,-0.0,1.02,0.59,-0.47,0.72,-0.16,0.02,1,0,1.00
2004-10-09T00:00:00,0.47,-0.54,0.09,1.04,0.69,-0.48,0.58,-0.18,0.13,1,0,1.00
2004-10-09T01:00:00,0.67,-0.48,-0.14,1.07,0.54,-0.87,0.5,-0.16,0.03,1,0,1.00
2004-10-09T02:00:00,0.51,-0.55,0.33,1.04,0.31,-0.15,0.36,-0.19,0.02,1,0,1.00
2004-10-09T03:00:00,0.7,-0.61,0.22,1.11,0.13,-0.31,0.24,-0.3,-0.09,1,0,-1.00
2004-10-09T04:00:00,0.68,-0.67,0.18,1.11,-0.09,-0.33,0.23,-0.32,-0.1,1,0,-1.00
2004-10-09T05:00:00,0.88,-0.45,0.21,1.2,-0.07,-0.35,0.17,-0.35,-0.12,1,0,0.00
2004-10-09T06:00:00,0.48,-0.52,0.49,1.09,-0.09,0.24,0.1,-0.39,-0.11,1,0,0.00
2004-10-09T07:00:00,0.27,-0.72,-0.18,1.0,-0.18,-0.94,0.14,-0.38,-0.09,1,0,1.00
2004-10-09T08:00:00,0.43,-0.73,0.22,1.05,-0.34,-0.29,0.16,-0.32,-0.08,0,0,4.00
